48 	 # Number of sensors 
# x z 
0.00 -24.70 
5.00 -24.30 
10.00 -24.10 
15.00 -23.80 
20.00 -23.70 
24.90 -23.20 
29.90 -22.60 
34.90 -22.20 
39.90 -21.70 
44.80 -20.80 
49.70 -20.10 
54.40 -18.30 
59.10 -16.50 
63.90 -15.40 
68.80 -14.30 
73.70 -13.10 
78.40 -11.60 
83.20 -10.10 
88.00 -8.60 
92.80 -7.20 
97.50 -5.60 
102.30 -4.10 
107.10 -2.60 
111.90 -1.20 
116.70 0.00 
121.50 1.40 
126.20 3.10 
130.80 5.00 
135.50 6.90 
140.20 8.60 
145.00 10.00 
149.70 11.50 
154.50 12.90 
159.20 14.60 
164.00 16.10 
168.60 18.00 
173.30 19.90 
178.00 21.60 
182.70 23.30 
187.20 25.30 
191.80 27.30 
196.40 29.30 
200.40 32.30 
204.70 34.90 
209.20 37.00 
213.80 38.90 
218.20 41.40 
222.30 44.20 
359 	 # Number of measurements 
# a b m n rhoa err
1 46 16 31 16682.60 0.040 
1 43 15 29 14807.37 0.040 
1 40 14 27 13752.73 0.040 
1 37 13 25 13577.35 0.040 
1 34 12 23 13865.82 0.040 
1 31 11 21 14128.68 0.040 
1 28 10 19 14235.80 0.040 
1 25 9 17 13793.91 0.040 
1 22 8 15 12967.19 0.040 
1 19 7 13 12840.14 0.040 
1 16 6 11 8627.89 0.040 
1 13 5 9 947.38 0.040 
1 10 4 7 700.46 0.040 
1 7 3 5 413.39 0.040 
1 4 2 3 316.28 0.040 
2 47 17 32 17820.61 0.040 
2 44 16 30 15469.40 0.040 
2 41 15 28 14052.92 0.040 
2 38 14 26 13422.18 0.040 
2 35 13 24 13698.60 0.040 
2 32 12 22 13432.79 0.040 
2 29 11 20 13705.77 0.040 
2 26 10 18 14403.23 0.040 
2 23 9 16 13513.92 0.040 
2 20 8 14 13411.74 0.040 
2 17 7 12 14906.54 0.040 
2 14 6 10 2066.38 0.040 
2 11 5 8 806.92 0.040 
2 8 4 6 547.63 0.040 
2 5 3 4 266.14 0.040 
3 48 18 33 19011.12 0.040 
3 45 17 31 15918.07 0.040 
3 42 16 29 14287.55 0.040 
3 39 15 27 13322.43 0.040 
3 36 14 25 13797.64 0.040 
3 33 13 23 13248.74 0.040 
3 30 12 21 12895.70 0.040 
3 27 11 19 13578.29 0.040 
3 24 10 17 14282.97 0.040 
3 21 9 15 13507.05 0.040 
3 18 8 13 14458.31 0.040 
3 15 7 11 11419.01 0.040 
3 12 6 9 935.60 0.040 
3 9 5 7 800.96 0.040 
3 6 4 5 258.63 0.040 
4 46 18 32 17001.16 0.040 
4 43 17 30 14756.21 0.040 
4 40 16 28 13432.95 0.040 
4 37 15 26 13161.65 0.040 
4 34 14 24 13095.79 0.040 
4 31 13 22 12723.45 0.040 
4 28 12 20 12326.47 0.040 
4 25 11 18 13337.17 0.040 
4 22 10 16 13821.16 0.040 
4 19 9 14 14280.59 0.040 
4 16 8 12 18773.40 0.040 
4 13 7 10 2454.26 0.040 
4 10 6 8 1082.01 0.040 
4 7 5 6 690.77 0.040 
5 47 19 33 18367.01 0.040 
5 44 18 31 15268.69 0.040 
5 41 17 29 13734.54 0.040 
5 38 16 27 12905.45 0.040 
5 35 15 25 13334.99 0.040 
5 32 14 23 12587.73 0.040 
5 29 13 21 12149.54 0.040 
5 26 12 19 12061.99 0.040 
5 23 11 17 13137.18 0.040 
5 20 10 15 13947.21 0.040 
5 17 9 13 16747.54 0.040 
5 14 8 11 13322.60 0.040 
5 11 7 9 1358.02 0.040 
5 8 6 7 1357.46 0.040 
6 48 20 34 20347.85 0.040 
6 45 19 32 16242.03 0.040 
6 42 18 30 14284.91 0.040 
6 39 17 28 12963.74 0.040 
6 36 16 26 13134.27 0.040 
6 33 15 24 12305.23 0.040 
6 30 14 22 11864.86 0.040 
6 27 13 20 11445.75 0.040 
6 24 12 18 11875.22 0.040 
6 21 11 16 12694.60 0.040 
6 18 10 14 15226.25 0.040 
6 15 9 12 23450.56 0.040 
6 12 8 10 3048.40 0.040 
6 9 7 8 2122.57 0.040 
7 46 20 33 17450.89 0.040 
7 43 19 31 14712.66 0.040 
7 40 18 29 13176.24 0.040 
7 37 17 27 12313.92 0.040 
7 34 16 25 12446.42 0.040 
7 31 15 23 11757.75 0.040 
7 28 14 21 11228.73 0.040 
7 25 13 19 11476.69 0.040 
7 22 12 17 10489.97 0.040 
7 19 11 15 12702.51 0.040 
7 16 10 13 20184.73 0.040 
7 13 9 11 16626.88 0.040 
7 10 8 9 5563.48 0.040 
8 47 21 34 19882.45 0.040 
8 44 20 32 15736.58 0.040 
8 41 19 30 13829.65 0.040 
8 38 18 28 12499.91 0.040 
8 35 17 26 12332.42 0.040 
8 32 16 24 11351.16 0.040 
8 29 15 22 10952.67 0.040 
8 26 14 20 10496.23 0.040 
8 23 13 18 10508.63 0.040 
8 20 12 16 10467.05 0.040 
8 17 11 14 14215.16 0.040 
8 14 10 12 26573.69 0.040 
8 11 9 10 11964.23 0.040 
9 48 22 35 22247.97 0.040 
9 45 21 33 16691.88 0.040 
9 42 20 31 14319.56 0.040 
9 39 19 29 12712.77 0.040 
9 36 18 27 12380.55 0.040 
9 33 17 25 11555.41 0.040 
9 30 16 23 10765.43 0.040 
9 27 15 21 10227.09 0.040 
9 24 14 19 10038.82 0.040 
9 21 13 17 9762.77 0.040 
9 18 12 15 9583.28 0.040 
9 15 11 13 18941.71 0.040 
9 12 10 11 20202.86 0.040 
10 46 22 34 19049.41 0.040 
10 43 21 32 15381.77 0.040 
10 40 20 30 13384.50 0.040 
10 37 19 28 12440.71 0.040 
10 34 18 26 11829.14 0.040 
10 31 17 24 10682.14 0.040 
10 28 16 22 10294.37 0.040 
10 25 15 20 10034.34 0.040 
10 22 14 18 10220.65 0.040 
10 19 13 16 9891.30 0.040 
10 16 12 14 12000.88 0.040 
10 13 11 12 26206.87 0.040 
11 47 23 35 23294.67 0.040 
11 44 22 33 18155.34 0.040 
11 41 21 31 15963.95 0.040 
11 38 20 29 14817.18 0.040 
11 35 19 27 14706.05 0.040 
11 32 18 25 13847.09 0.040 
11 29 17 23 14008.20 0.040 
11 26 16 21 15065.68 0.040 
11 23 15 19 16928.12 0.040 
11 20 14 17 18529.93 0.040 
11 17 13 15 17711.19 0.040 
11 14 12 13 18256.75 0.040 
12 48 24 36 29934.42 0.040 
12 45 23 34 22314.28 0.040 
12 42 22 32 19477.88 0.040 
12 39 21 30 18155.55 0.040 
12 36 20 28 18279.08 0.040 
12 33 19 26 17749.30 0.040 
12 30 18 24 17082.41 0.040 
12 27 17 22 18697.54 0.040 
12 24 16 20 21603.69 0.040 
12 21 15 18 25397.73 0.040 
12 18 14 16 22526.59 0.040 
12 15 13 14 16917.48 0.040 
13 46 24 35 25877.14 0.040 
13 43 23 33 21231.09 0.040 
13 40 22 31 19100.88 0.040 
13 37 21 29 18668.78 0.040 
13 34 20 27 18438.73 0.040 
13 31 19 25 17607.20 0.040 
13 28 18 23 17536.53 0.040 
13 25 17 21 18631.74 0.040 
13 22 16 19 20399.41 0.040 
13 19 15 17 20579.28 0.040 
13 16 14 15 12301.58 0.040 
14 47 25 36 30805.56 0.040 
14 44 24 34 23503.37 0.040 
14 41 23 32 20448.40 0.040 
14 38 22 30 19245.72 0.040 
14 35 21 28 19002.15 0.040 
14 32 20 26 17441.61 0.040 
14 29 19 24 16641.95 0.040 
14 26 18 22 16084.95 0.040 
14 23 17 20 16084.95 0.040 
14 20 16 18 17108.88 0.040 
14 17 15 16 12744.95 0.040 
15 48 26 37 38836.07 0.040 
15 45 25 35 25750.41 0.040 
15 42 24 33 21901.73 0.040 
15 39 23 31 19632.54 0.040 
15 36 22 29 19208.60 0.040 
15 33 21 27 17442.12 0.040 
15 30 20 25 16584.69 0.040 
15 27 19 23 14979.11 0.040 
15 24 18 21 13571.68 0.040 
15 21 17 19 13124.32 0.040 
15 18 16 17 10359.72 0.040 
16 46 26 36 30527.09 0.040 
16 43 25 34 23411.15 0.040 
16 40 24 32 20883.02 0.040 
16 37 23 30 19334.62 0.040 
16 34 22 28 18141.73 0.040 
16 31 21 26 16134.90 0.040 
16 28 20 24 14526.72 0.040 
16 25 19 22 12698.32 0.040 
16 22 18 20 10283.48 0.040 
16 19 17 18 8865.79 0.040 
17 47 27 37 38399.24 0.040 
17 44 26 35 26385.10 0.040 
17 41 25 33 21362.83 0.040 
17 38 24 31 19758.20 0.040 
17 35 23 29 18518.72 0.040 
17 32 22 27 15995.94 0.040 
17 29 21 25 14281.31 0.040 
17 26 20 23 12550.16 0.040 
17 23 19 21 10015.02 0.040 
17 20 18 19 7451.12 0.040 
18 48 28 38 43710.03 0.040 
18 45 27 36 29649.24 0.040 
18 42 26 34 23416.78 0.040 
18 39 25 32 19746.54 0.040 
18 36 24 30 19100.88 0.040 
18 33 23 28 16231.56 0.040 
18 30 22 26 13756.87 0.040 
18 27 21 24 11202.55 0.040 
18 24 20 22 9426.35 0.040 
18 21 19 20 6290.58 0.040 
19 46 28 37 37306.19 0.040 
19 43 27 35 25217.94 0.040 
19 40 26 33 20513.34 0.040 
19 37 25 31 18227.52 0.040 
19 34 24 29 16416.84 0.040 
19 31 23 27 13296.79 0.040 
19 28 22 25 10816.95 0.040 
19 25 21 23 8071.85 0.040 
19 22 20 21 6173.88 0.040 
20 47 29 38 43683.85 0.040 
20 44 28 36 29016.89 0.040 
20 41 27 34 21796.29 0.040 
20 38 26 32 18718.04 0.040 
20 35 25 30 16559.05 0.040 
20 32 24 28 13503.82 0.040 
20 29 23 26 10253.07 0.040 
20 26 22 24 7262.12 0.040 
20 23 21 22 5285.39 0.040 
21 48 30 39 47456.70 0.040 
21 45 29 37 35973.02 0.040 
21 42 28 35 23736.25 0.040 
21 39 27 33 18825.23 0.040 
21 36 26 31 17166.14 0.040 
21 33 25 29 13418.85 0.040 
21 30 24 27 10447.37 0.040 
21 27 23 25 7572.40 0.040 
21 24 22 23 5354.99 0.040 
22 46 30 38 40049.36 0.040 
22 43 29 36 27151.74 0.040 
22 40 28 34 20443.69 0.040 
22 37 27 32 16787.25 0.040 
22 34 26 30 14042.92 0.040 
22 31 25 28 10167.34 0.040 
22 28 24 26 7344.35 0.040 
22 25 23 24 4044.02 0.040 
23 47 31 39 47468.10 0.040 
23 44 30 37 33375.40 0.040 
23 41 29 35 21793.18 0.040 
23 38 28 33 17151.60 0.040 
23 35 27 31 14417.49 0.040 
23 32 26 29 10486.63 0.040 
23 29 25 27 6761.78 0.040 
23 26 24 25 4931.04 0.040 
24 48 32 40 50673.04 0.040 
24 45 31 38 37781.51 0.040 
24 42 30 36 25120.35 0.040 
24 39 29 34 18221.24 0.040 
24 36 28 32 14935.44 0.040 
24 33 27 30 11127.59 0.040 
24 30 26 28 7359.90 0.040 
24 27 25 26 3624.99 0.040 
25 46 32 39 42685.38 0.040 
25 43 31 37 31547.57 0.040 
25 40 30 35 19325.04 0.040 
25 37 29 33 15195.64 0.040 
25 34 28 31 11387.89 0.040 
25 31 27 29 7712.16 0.040 
25 28 26 27 4442.05 0.040 
26 47 33 40 48426.82 0.040 
26 44 32 38 35851.85 0.040 
26 41 31 36 23107.62 0.040 
26 38 30 34 15760.07 0.040 
26 35 29 32 12409.29 0.040 
26 32 28 30 8114.06 0.040 
26 29 27 28 5744.95 0.040 
27 48 34 41 51670.04 0.040 
27 45 33 39 39916.17 0.040 
27 42 32 37 29825.08 0.040 
27 39 31 35 17780.08 0.040 
27 36 30 33 13266.50 0.040 
27 33 29 31 8426.32 0.040 
27 30 28 29 6612.13 0.040 
28 46 34 40 43879.64 0.040 
28 43 33 38 33030.05 0.040 
28 40 32 36 20917.62 0.040 
28 37 31 34 14353.94 0.040 
28 34 30 32 9366.78 0.040 
28 31 29 30 7521.17 0.040 
29 47 35 41 29340.31 0.040 
29 44 34 39 36861.35 0.040 
29 41 33 37 27441.81 0.040 
29 38 32 35 15906.59 0.040 
29 35 31 33 10733.03 0.040 
29 32 30 31 7038.38 0.040 
30 48 36 42 51444.00 0.040 
30 45 35 40 39907.47 0.040 
30 42 34 38 31136.67 0.040 
30 39 33 36 18915.78 0.040 
30 36 32 34 12621.81 0.040 
30 33 31 32 7385.04 0.040 
31 46 36 41 41778.43 0.040 
31 43 35 39 32919.23 0.040 
31 40 34 37 24476.70 0.040 
31 37 33 35 13282.88 0.040 
31 34 32 33 6962.45 0.040 
32 47 37 42 46621.24 0.040 
32 44 36 40 34884.24 0.040 
32 41 35 38 27039.45 0.040 
32 38 34 36 16466.00 0.040 
32 35 33 34 8786.18 0.040 
33 48 38 43 45224.43 0.040 
33 45 37 41 33600.19 0.040 
33 42 36 39 28693.21 0.040 
33 39 35 37 22429.97 0.040 
33 36 34 35 10251.87 0.040 
34 46 38 42 36015.21 0.040 
34 43 37 40 26981.04 0.040 
34 40 36 38 23532.95 0.040 
34 37 35 36 13697.34 0.040 
35 47 39 43 39240.59 0.040 
35 44 38 41 28268.62 0.040 
35 41 37 39 20930.86 0.040 
35 38 36 37 19100.88 0.040 
36 48 40 44 42048.62 0.040 
36 45 39 42 30168.05 0.040 
36 42 38 40 22540.93 0.040 
36 39 37 38 16388.64 0.040 
37 46 40 43 33534.26 0.040 
37 43 39 41 24199.93 0.040 
37 40 38 39 16872.20 0.040 
38 47 41 44 38670.59 0.040 
38 44 40 42 23849.93 0.040 
38 41 39 40 16431.61 0.040 
39 48 42 45 41162.71 0.040 
39 45 41 43 24199.24 0.040 
39 42 40 41 13144.20 0.040 
40 46 42 44 26581.36 0.040 
40 43 41 42 14013.41 0.040 
41 47 43 45 32024.91 0.040 
41 44 42 43 13801.55 0.040 
42 48 44 46 29087.84 0.040 
43 46 44 45 670.12 0.040 
44 47 45 46 15503.76 0.040 
45 48 46 47 18874.93 0.040 
