96 	 # Number of sensors 
# x z 
0.00 0.00 
5.00 -0.90 
10.00 -1.80 
15.00 -2.70 
20.00 -3.60 
25.00 -4.60 
30.00 -5.40 
35.00 -6.10 
40.00 -6.90 
45.00 -7.80 
50.00 -8.80 
55.00 -9.20 
60.00 -9.70 
65.00 -11.00 
70.00 -12.10 
75.00 -13.10 
80.00 -13.30 
85.00 -14.20 
90.00 -14.80 
95.00 -15.30 
100.00 -16.10 
105.00 -16.50 
110.00 -17.70 
115.00 -18.20 
120.00 -18.40 
125.00 -19.10 
130.00 -19.80 
135.00 -20.00 
140.00 -20.30 
145.00 -20.30 
150.00 -20.80 
155.00 -20.60 
160.00 -21.70 
165.00 -23.10 
170.00 -23.60 
175.00 -24.30 
180.00 -25.50 
185.00 -25.90 
190.00 -26.20 
195.00 -27.60 
200.00 -27.80 
205.00 -28.40 
210.00 -28.80 
215.00 -30.10 
220.00 -31.60 
225.00 -33.30 
230.00 -35.20 
235.00 -36.80 
240.00 -38.90 
245.00 -41.00 
250.00 -43.10 
255.00 -45.20 
260.00 -47.30 
265.00 -49.40 
270.00 -51.60 
275.00 -53.70 
280.00 -53.90 
285.00 -54.20 
290.00 -54.20 
295.00 -54.20 
300.00 -54.20 
305.00 -54.20 
310.00 -54.10 
315.00 -54.00 
320.00 -53.80 
325.00 -53.50 
330.00 -53.20 
335.00 -53.00 
340.00 -52.70 
345.00 -52.40 
350.00 -52.10 
355.00 -51.70 
360.00 -51.20 
365.00 -50.70 
370.00 -50.30 
375.00 -50.30 
380.00 -50.30 
385.00 -50.40 
390.00 -50.40 
395.00 -51.10 
400.00 -51.90 
405.00 -52.90 
410.00 -53.70 
415.00 -54.50 
420.00 -55.60 
425.00 -56.50 
430.00 -57.10 
435.00 -57.60 
440.00 -58.10 
445.00 -58.40 
450.00 -58.80 
455.00 -59.20 
460.00 -59.70 
465.00 -60.10 
470.00 -60.50 
475.00 -61.00 
885 	 # Number of measurements 
# a b m n rhoa err
1 4 2 3 1070.00 0.040 
2 5 3 4 1104.50 0.040 
3 6 4 5 1435.00 0.040 
4 7 5 6 1541.50 0.040 
5 8 6 7 1648.20 0.040 
6 9 7 8 1705.90 0.040 
7 10 8 9 1425.90 0.040 
8 11 9 10 1504.60 0.040 
9 12 10 11 1547.20 0.040 
10 13 11 12 10462.00 0.040 
11 14 12 13 13565.00 0.040 
12 15 13 14 22653.00 0.040 
13 16 14 15 15274.00 0.040 
14 17 15 16 18445.00 0.040 
15 18 16 17 35495.00 0.040 
16 19 17 18 19555.00 0.040 
18 21 19 20 29544.00 0.040 
21 24 22 23 29782.00 0.040 
22 25 23 24 32587.00 0.040 
23 26 24 25 24824.00 0.040 
24 27 25 26 23560.00 0.040 
25 28 26 27 35207.00 0.040 
26 29 27 28 22382.00 0.040 
27 30 28 29 28942.00 0.040 
28 31 29 30 9262.70 0.040 
29 32 30 31 19483.00 0.040 
30 33 31 32 20500.00 0.040 
31 34 32 33 15075.00 0.040 
32 35 33 34 23752.00 0.040 
33 36 34 35 19150.00 0.040 
34 37 35 36 6031.90 0.040 
35 38 36 37 14252.00 0.040 
36 39 37 38 6949.30 0.040 
38 41 39 40 30247.00 0.040 
40 43 41 42 17810.00 0.040 
41 44 42 43 12906.00 0.040 
43 46 44 45 13950.00 0.040 
45 48 46 47 10405.00 0.040 
46 49 47 48 11305.00 0.040 
47 50 48 49 6128.00 0.040 
48 51 49 50 13257.00 0.040 
49 52 50 51 12773.00 0.040 
50 53 51 52 14103.00 0.040 
51 54 52 53 19582.00 0.040 
52 55 53 54 20622.00 0.040 
53 56 54 55 28965.00 0.040 
54 57 55 56 17861.00 0.040 
55 58 56 57 11381.00 0.040 
56 59 57 58 1047.50 0.040 
57 60 58 59 804.79 0.040 
58 61 59 60 700.38 0.040 
59 62 60 61 537.09 0.040 
60 63 61 62 500.26 0.040 
61 64 62 63 490.19 0.040 
62 65 63 64 540.59 0.040 
63 66 64 65 402.71 0.040 
64 67 65 66 535.39 0.040 
65 68 66 67 503.29 0.040 
66 69 67 68 540.52 0.040 
67 70 68 69 540.04 0.040 
68 71 69 70 556.22 0.040 
69 72 70 71 605.53 0.040 
70 73 71 72 606.17 0.040 
71 74 72 73 660.59 0.040 
72 75 73 74 720.91 0.040 
73 76 74 75 907.49 0.040 
74 77 75 76 924.33 0.040 
75 78 76 77 1054.20 0.040 
76 79 77 78 913.73 0.040 
77 80 78 79 994.21 0.040 
78 81 79 80 985.61 0.040 
79 82 80 81 1138.00 0.040 
80 83 81 82 1159.00 0.040 
81 84 82 83 1041.90 0.040 
82 85 83 84 997.19 0.040 
83 86 84 85 852.55 0.040 
84 87 85 86 667.49 0.040 
85 88 86 87 542.19 0.040 
86 89 87 88 571.57 0.040 
87 90 88 89 474.97 0.040 
88 91 89 90 525.24 0.040 
89 92 90 91 487.31 0.040 
90 93 91 92 526.34 0.040 
91 94 92 93 469.89 0.040 
92 95 93 94 430.25 0.040 
93 96 94 95 411.69 0.040 
1 7 3 5 1653.30 0.040 
2 8 4 6 1577.50 0.040 
3 9 5 7 1529.90 0.040 
4 10 6 8 1799.80 0.040 
5 11 7 9 2029.90 0.040 
6 12 8 10 1822.60 0.040 
7 13 9 11 1734.20 0.040 
8 14 10 12 10912.00 0.040 
9 15 11 13 23819.00 0.040 
10 16 12 14 30895.00 0.040 
11 17 13 15 21153.00 0.040 
12 18 14 16 25244.00 0.040 
13 19 15 17 53402.00 0.040 
14 20 16 18 57479.00 0.040 
15 21 17 19 37411.00 0.040 
16 22 18 20 45305.00 0.040 
17 23 19 21 58048.00 0.040 
18 24 20 22 49199.00 0.040 
19 25 21 23 49020.00 0.040 
20 26 22 24 63392.00 0.040 
21 27 23 25 49916.00 0.040 
23 29 25 27 48079.00 0.040 
24 30 26 28 61121.00 0.040 
25 31 27 29 43341.00 0.040 
26 32 28 30 30719.00 0.040 
27 33 29 31 27797.00 0.040 
28 34 30 32 37752.00 0.040 
29 35 31 33 32360.00 0.040 
30 36 32 34 38088.00 0.040 
31 37 33 35 33084.00 0.040 
32 38 34 36 20112.00 0.040 
34 40 36 38 18063.00 0.040 
35 41 37 39 11887.00 0.040 
36 42 38 40 41900.00 0.040 
37 43 39 41 43760.00 0.040 
38 44 40 42 19652.00 0.040 
40 46 42 44 23958.00 0.040 
41 47 43 45 26124.00 0.040 
42 48 44 46 26342.00 0.040 
43 49 45 47 25797.00 0.040 
44 50 46 48 21654.00 0.040 
45 51 47 49 14834.00 0.040 
46 52 48 50 16610.00 0.040 
47 53 49 51 25399.00 0.040 
48 54 50 52 27252.00 0.040 
49 55 51 53 17640.00 0.040 
50 56 52 54 14611.00 0.040 
51 57 53 55 21917.00 0.040 
52 58 54 56 26685.00 0.040 
53 59 55 57 13865.00 0.040 
54 60 56 58 5657.70 0.040 
55 61 57 59 863.26 0.040 
56 62 58 60 1041.90 0.040 
57 63 59 61 1052.70 0.040 
58 64 60 62 864.55 0.040 
59 65 61 63 822.01 0.040 
60 66 62 64 837.83 0.040 
61 67 63 65 668.74 0.040 
62 68 64 66 572.99 0.040 
63 69 65 67 620.73 0.040 
64 70 66 68 727.03 0.040 
65 71 67 69 691.03 0.040 
66 72 68 70 725.20 0.040 
67 73 69 71 721.23 0.040 
68 74 70 72 752.48 0.040 
69 75 71 73 788.84 0.040 
70 76 72 74 877.75 0.040 
71 77 73 75 993.93 0.040 
72 78 74 76 1158.20 0.040 
73 79 75 77 1252.90 0.040 
74 80 76 78 1249.50 0.040 
75 81 77 79 1235.60 0.040 
76 82 78 80 1270.00 0.040 
77 83 79 81 1356.50 0.040 
78 84 80 82 1390.40 0.040 
79 85 81 83 1278.10 0.040 
80 86 82 84 1169.60 0.040 
81 87 83 85 1180.80 0.040 
82 88 84 86 950.53 0.040 
83 89 85 87 693.55 0.040 
84 90 86 88 658.84 0.040 
85 91 87 89 679.81 0.040 
86 92 88 90 598.57 0.040 
87 93 89 91 578.93 0.040 
88 94 90 92 661.74 0.040 
89 95 91 93 700.99 0.040 
90 96 92 94 612.37 0.040 
1 10 4 7 1985.90 0.040 
2 11 5 8 2171.30 0.040 
3 12 6 9 2117.60 0.040 
4 13 7 10 2086.40 0.040 
5 14 8 11 2252.10 0.040 
6 15 9 12 12870.00 0.040 
7 16 10 13 31367.00 0.040 
8 17 11 14 34023.00 0.040 
9 18 12 15 35245.00 0.040 
10 19 13 16 36097.00 0.040 
11 20 14 17 60726.00 0.040 
12 21 15 18 57491.00 0.040 
13 22 16 19 70217.00 0.040 
14 23 17 20 59719.00 0.040 
15 24 18 21 58738.00 0.040 
16 25 19 22 63743.00 0.040 
17 26 20 23 74248.00 0.040 
18 27 21 24 76506.00 0.040 
19 28 22 25 66923.00 0.040 
20 29 23 26 58405.00 0.040 
21 30 24 27 65702.00 0.040 
22 31 25 28 62350.00 0.040 
23 32 26 29 74512.00 0.040 
24 33 27 30 44734.00 0.040 
25 34 28 31 40855.00 0.040 
26 35 29 32 34008.00 0.040 
27 36 30 33 53582.00 0.040 
28 37 31 34 51544.00 0.040 
29 38 32 35 55536.00 0.040 
30 39 33 36 42563.00 0.040 
31 40 34 37 24534.00 0.040 
32 41 35 38 18226.00 0.040 
33 42 36 39 21544.00 0.040 
34 43 37 40 55694.00 0.040 
35 44 38 41 55293.00 0.040 
36 45 39 42 55733.00 0.040 
38 47 41 44 26251.00 0.040 
40 49 43 46 41772.00 0.040 
41 50 44 47 39319.00 0.040 
42 51 45 48 34487.00 0.040 
44 53 47 50 23902.00 0.040 
45 54 48 51 26129.00 0.040 
46 55 49 52 21191.00 0.040 
48 57 51 54 15899.00 0.040 
49 58 52 55 20597.00 0.040 
50 59 53 56 25077.00 0.040 
51 60 54 57 28167.00 0.040 
52 61 55 58 12284.00 0.040 
53 62 56 59 5635.00 0.040 
54 63 57 60 744.19 0.040 
55 64 58 61 759.61 0.040 
56 65 59 62 971.73 0.040 
57 66 60 63 1098.80 0.040 
58 67 61 64 1072.60 0.040 
59 68 62 65 926.84 0.040 
60 69 63 66 821.14 0.040 
61 70 64 67 708.95 0.040 
62 71 65 68 716.61 0.040 
63 72 66 69 729.84 0.040 
64 73 67 70 776.50 0.040 
65 74 68 71 803.68 0.040 
66 75 69 72 823.16 0.040 
67 76 70 73 849.58 0.040 
68 77 71 74 865.66 0.040 
69 78 72 75 1037.20 0.040 
70 79 73 76 1224.30 0.040 
72 81 75 78 1339.70 0.040 
73 82 76 79 1216.20 0.040 
74 83 77 80 1101.30 0.040 
75 84 78 81 1174.00 0.040 
76 85 79 82 1247.50 0.040 
77 86 80 83 1353.80 0.040 
78 87 81 84 1356.10 0.040 
79 88 82 85 1247.90 0.040 
80 89 83 86 1101.80 0.040 
81 90 84 87 948.04 0.040 
82 91 85 88 803.73 0.040 
83 92 86 89 720.89 0.040 
84 93 87 90 726.89 0.040 
85 94 88 91 707.76 0.040 
86 95 89 92 719.37 0.040 
87 96 90 93 693.42 0.040 
1 13 5 9 2471.60 0.040 
2 14 6 10 2529.40 0.040 
3 15 7 11 2806.20 0.040 
4 16 8 12 15942.00 0.040 
5 17 9 13 27946.00 0.040 
6 18 10 14 38143.00 0.040 
7 19 11 15 45119.00 0.040 
8 20 12 16 49189.00 0.040 
9 21 13 17 67841.00 0.040 
10 22 14 18 65902.00 0.040 
11 23 15 19 70744.00 0.040 
12 24 16 20 78230.00 0.040 
13 25 17 21 68015.00 0.040 
14 26 18 22 80418.00 0.040 
15 27 19 23 73464.00 0.040 
16 28 20 24 81381.00 0.040 
17 29 21 25 82502.00 0.040 
18 30 22 26 78763.00 0.040 
19 31 23 27 84488.00 0.040 
20 32 24 28 73818.00 0.040 
21 33 25 29 80690.00 0.040 
22 34 26 30 77985.00 0.040 
23 35 27 31 58402.00 0.040 
24 36 28 32 61089.00 0.040 
25 37 29 33 48782.00 0.040 
26 38 30 34 65484.00 0.040 
27 39 31 35 71425.00 0.040 
28 40 32 36 55300.00 0.040 
29 41 33 37 50673.00 0.040 
30 42 34 38 30113.00 0.040 
31 43 35 39 24198.00 0.040 
32 44 36 40 61082.00 0.040 
33 45 37 41 59405.00 0.040 
34 46 38 42 67031.00 0.040 
35 47 39 43 67601.00 0.040 
36 48 40 44 37242.00 0.040 
37 49 41 45 40011.00 0.040 
38 50 42 46 39242.00 0.040 
39 51 43 47 40621.00 0.040 
40 52 44 48 48319.00 0.040 
41 53 45 49 36668.00 0.040 
42 54 46 50 31567.00 0.040 
43 55 47 51 20522.00 0.040 
44 56 48 52 15715.00 0.040 
45 57 49 53 15406.00 0.040 
46 58 50 54 17004.00 0.040 
47 59 51 55 23681.00 0.040 
48 60 52 56 26388.00 0.040 
49 61 53 57 26168.00 0.040 
50 62 54 58 25427.00 0.040 
51 63 55 59 11152.00 0.040 
52 64 56 60 5352.80 0.040 
53 65 57 61 713.54 0.040 
54 66 58 62 672.62 0.040 
55 67 59 63 798.00 0.040 
56 68 60 64 1022.10 0.040 
57 69 61 65 1126.70 0.040 
58 70 62 66 1057.60 0.040 
59 71 63 67 920.44 0.040 
60 72 64 68 843.37 0.040 
61 73 65 69 842.55 0.040 
62 74 66 70 765.92 0.040 
63 75 67 71 877.54 0.040 
64 76 68 72 894.01 0.040 
65 77 69 73 864.91 0.040 
66 78 70 74 941.03 0.040 
67 79 71 75 1080.60 0.040 
68 80 72 76 1254.50 0.040 
69 81 73 77 1355.50 0.040 
70 82 74 78 1248.60 0.040 
72 84 76 80 1006.80 0.040 
73 85 77 81 921.13 0.040 
74 86 78 82 1013.70 0.040 
75 87 79 83 1157.70 0.040 
76 88 80 84 1316.70 0.040 
77 89 81 85 1402.60 0.040 
78 90 82 86 1223.90 0.040 
79 91 83 87 1088.00 0.040 
80 92 84 88 947.47 0.040 
81 93 85 89 818.58 0.040 
82 94 86 90 810.48 0.040 
83 95 87 91 803.95 0.040 
84 96 88 92 786.53 0.040 
1 16 6 11 3438.60 0.040 
2 17 7 12 14086.00 0.040 
3 18 8 13 29107.00 0.040 
4 19 9 14 40892.00 0.040 
5 20 10 15 46318.00 0.040 
6 21 11 16 53901.00 0.040 
7 22 12 17 78947.00 0.040 
8 23 13 18 74885.00 0.040 
9 24 14 19 73116.00 0.040 
10 25 15 20 82893.00 0.040 
11 26 16 21 88569.00 0.040 
12 27 17 22 76341.00 0.040 
13 28 18 23 79843.00 0.040 
14 29 19 24 87270.00 0.040 
15 30 20 25 86248.00 0.040 
16 31 21 26 82111.00 0.040 
17 32 22 27 97004.00 0.040 
18 33 23 28 91215.00 0.040 
19 34 24 29 79422.00 0.040 
20 35 25 30 76915.00 0.040 
21 36 26 31 78069.00 0.040 
22 37 27 32 71555.00 0.040 
23 38 28 33 74551.00 0.040 
24 39 29 34 77779.00 0.040 
25 40 30 35 70000.00 0.040 
26 41 31 36 62838.00 0.040 
27 42 32 37 62182.00 0.040 
28 43 33 38 53535.00 0.040 
29 44 34 39 38293.00 0.040 
30 45 35 40 63029.00 0.040 
31 46 36 41 68265.00 0.040 
32 47 37 42 67104.00 0.040 
33 48 38 43 73985.00 0.040 
34 49 39 44 75765.00 0.040 
35 50 40 45 52607.00 0.040 
37 52 42 47 50605.00 0.040 
38 53 43 48 48272.00 0.040 
39 54 44 49 39179.00 0.040 
40 55 45 50 33944.00 0.040 
42 57 47 52 16819.00 0.040 
43 58 48 53 15265.00 0.040 
44 59 49 54 18410.00 0.040 
45 60 50 55 22568.00 0.040 
46 61 51 56 24269.00 0.040 
47 62 52 57 27677.00 0.040 
48 63 53 58 28147.00 0.040 
49 64 54 59 23226.00 0.040 
50 65 55 60 9997.00 0.040 
51 66 56 61 5104.30 0.040 
52 67 57 62 777.00 0.040 
53 68 58 63 724.96 0.040 
54 69 59 64 757.64 0.040 
55 70 60 65 834.10 0.040 
56 71 61 66 1019.60 0.040 
57 72 62 67 1134.00 0.040 
58 73 63 68 1040.90 0.040 
59 74 64 69 952.23 0.040 
60 75 65 70 971.08 0.040 
61 76 66 71 951.14 0.040 
62 77 67 72 925.31 0.040 
63 78 68 73 950.84 0.040 
64 79 69 74 1019.70 0.040 
65 80 70 75 1149.80 0.040 
66 81 71 76 1235.00 0.040 
67 82 72 77 1228.80 0.040 
68 83 73 78 1130.20 0.040 
69 84 74 79 1034.20 0.040 
70 85 75 80 938.40 0.040 
71 86 76 81 940.67 0.040 
72 87 77 82 965.29 0.040 
73 88 78 83 1011.00 0.040 
74 89 79 84 1104.40 0.040 
75 90 80 85 1259.10 0.040 
76 91 81 86 1300.30 0.040 
77 92 82 87 1208.00 0.040 
78 93 83 88 1093.20 0.040 
79 94 84 89 979.14 0.040 
80 95 85 90 877.74 0.040 
81 96 86 91 857.19 0.040 
1 19 7 13 30560.00 0.040 
2 20 8 14 40075.00 0.040 
3 21 9 15 47364.00 0.040 
4 22 10 16 56560.00 0.040 
5 23 11 17 83881.00 0.040 
6 24 12 18 81846.00 0.040 
7 25 13 19 86368.00 0.040 
8 26 14 20 95333.00 0.040 
9 27 15 21 88770.00 0.040 
10 28 16 22 93337.00 0.040 
11 29 17 23 72257.00 0.040 
12 30 18 24 92127.00 0.040 
13 31 19 25 95274.00 0.040 
14 32 20 26 86950.00 0.040 
15 33 21 27 91782.00 0.040 
16 34 22 28 83367.00 0.040 
17 35 23 29 93292.00 0.040 
18 36 24 30 80221.00 0.040 
19 37 25 31 82170.00 0.040 
20 38 26 32 95309.00 0.040 
21 39 27 33 86262.00 0.040 
22 40 28 34 77203.00 0.040 
23 41 29 35 69000.00 0.040 
24 42 30 36 75675.00 0.040 
25 43 31 37 72378.00 0.040 
26 44 32 38 60933.00 0.040 
27 45 33 39 56865.00 0.040 
28 46 34 40 76428.00 0.040 
29 47 35 41 72257.00 0.040 
30 48 36 42 78139.00 0.040 
31 49 37 43 71429.00 0.040 
32 50 38 44 87862.00 0.040 
33 51 39 45 97064.00 0.040 
34 52 40 46 66211.00 0.040 
35 53 41 47 65586.00 0.040 
36 54 42 48 54803.00 0.040 
37 55 43 49 43875.00 0.040 
38 56 44 50 32421.00 0.040 
39 57 45 51 23410.00 0.040 
40 58 46 52 23369.00 0.040 
41 59 47 53 19049.00 0.040 
42 60 48 54 18949.00 0.040 
43 61 49 55 24547.00 0.040 
44 62 50 56 24859.00 0.040 
45 63 51 57 25065.00 0.040 
46 64 52 58 25199.00 0.040 
47 65 53 59 26653.00 0.040 
48 66 54 60 24289.00 0.040 
49 67 55 61 9193.50 0.040 
50 68 56 62 4821.40 0.040 
51 69 57 63 866.27 0.040 
52 70 58 64 833.20 0.040 
53 71 59 65 785.07 0.040 
54 72 60 66 803.51 0.040 
55 73 61 67 915.61 0.040 
56 74 62 68 1084.50 0.040 
57 75 63 69 1126.80 0.040 
58 76 64 70 1039.80 0.040 
59 77 65 71 1037.80 0.040 
60 78 66 72 1047.70 0.040 
61 79 67 73 1044.40 0.040 
62 80 68 74 1075.60 0.040 
63 81 69 75 1157.60 0.040 
64 82 70 76 1183.90 0.040 
65 83 71 77 1147.70 0.040 
66 84 72 78 1042.00 0.040 
67 85 73 79 966.13 0.040 
69 87 75 81 983.11 0.040 
70 88 76 82 1006.50 0.040 
72 90 78 84 1061.70 0.040 
73 91 79 85 1120.10 0.040 
74 92 80 86 1150.20 0.040 
75 93 81 87 1174.10 0.040 
76 94 82 88 1158.60 0.040 
77 95 83 89 1108.50 0.040 
78 96 84 90 992.31 0.040 
1 22 8 15 48125.00 0.040 
2 23 9 16 56033.00 0.040 
3 24 10 17 81012.00 0.040 
4 25 11 18 89796.00 0.040 
5 26 12 19 100851.00 0.040 
6 27 13 20 97763.00 0.040 
7 28 14 21 95134.00 0.040 
8 29 15 22 96625.00 0.040 
9 30 16 23 97630.00 0.040 
12 33 19 26 88743.00 0.040 
13 34 20 27 84970.00 0.040 
14 35 21 28 84446.00 0.040 
15 36 22 29 89338.00 0.040 
16 37 23 30 82408.00 0.040 
17 38 24 31 86478.00 0.040 
18 39 25 32 91936.00 0.040 
19 40 26 33 86101.00 0.040 
20 41 27 34 82956.00 0.040 
21 42 28 35 77690.00 0.040 
22 43 29 36 69864.00 0.040 
23 44 30 37 76075.00 0.040 
24 45 31 38 74597.00 0.040 
25 46 32 39 66792.00 0.040 
26 47 33 40 88750.00 0.040 
27 48 34 41 81488.00 0.040 
28 49 35 42 85684.00 0.040 
29 50 36 43 93449.00 0.040 
30 51 37 44 92363.00 0.040 
31 52 38 45 101993.00 0.040 
32 53 39 46 109822.00 0.040 
33 54 40 47 74446.00 0.040 
34 55 41 48 63102.00 0.040 
35 56 42 49 51918.00 0.040 
36 57 43 50 43911.00 0.040 
37 58 44 51 36013.00 0.040 
38 59 45 52 26941.00 0.040 
39 60 46 53 20055.00 0.040 
40 61 47 54 23269.00 0.040 
41 62 48 55 25433.00 0.040 
42 63 49 56 27750.00 0.040 
43 64 50 57 26790.00 0.040 
44 65 51 58 24907.00 0.040 
45 66 52 59 23909.00 0.040 
46 67 53 60 24156.00 0.040 
47 68 54 61 22401.00 0.040 
48 69 55 62 9514.30 0.040 
49 70 56 63 4617.00 0.040 
50 71 57 64 960.52 0.040 
51 72 58 65 897.83 0.040 
52 73 59 66 872.00 0.040 
53 74 60 67 866.82 0.040 
54 75 61 68 893.68 0.040 
55 76 62 69 997.76 0.040 
56 77 63 70 1087.60 0.040 
57 78 64 71 1136.80 0.040 
58 79 65 72 1151.60 0.040 
59 80 66 73 1142.70 0.040 
60 81 67 74 1150.60 0.040 
61 82 68 75 1143.10 0.040 
62 83 69 76 1135.10 0.040 
63 84 70 77 1107.70 0.040 
64 85 71 78 1027.10 0.040 
65 86 72 79 990.98 0.040 
66 87 73 80 996.44 0.040 
67 88 74 81 1031.50 0.040 
68 89 75 82 1028.10 0.040 
69 90 76 83 1066.30 0.040 
70 91 77 84 1062.30 0.040 
71 92 78 85 1105.90 0.040 
72 93 79 86 1105.80 0.040 
73 94 80 87 1121.70 0.040 
74 95 81 88 1128.20 0.040 
75 96 82 89 1096.80 0.040 
1 25 9 17 87041.00 0.040 
2 26 10 18 95153.00 0.040 
3 27 11 19 97380.00 0.040 
4 28 12 20 105290.00 0.040 
5 29 13 21 100635.00 0.040 
6 30 14 22 108991.00 0.040 
7 31 15 23 110637.00 0.040 
8 32 16 24 118520.00 0.040 
9 33 17 25 99840.00 0.040 
10 34 18 26 84518.00 0.040 
11 35 19 27 79497.00 0.040 
12 36 20 28 84658.00 0.040 
13 37 21 29 91252.00 0.040 
14 38 22 30 88881.00 0.040 
15 39 23 31 88034.00 0.040 
16 40 24 32 64597.00 0.040 
17 41 25 33 79263.00 0.040 
18 42 26 34 85644.00 0.040 
19 43 27 35 79945.00 0.040 
20 44 28 36 76434.00 0.040 
21 45 29 37 66350.00 0.040 
22 46 30 38 71415.00 0.040 
23 47 31 39 68562.00 0.040 
24 48 32 40 100363.00 0.040 
25 49 33 41 98330.00 0.040 
26 50 34 42 89473.00 0.040 
27 51 35 43 92979.00 0.040 
28 52 36 44 102833.00 0.040 
29 53 37 45 110487.00 0.040 
30 54 38 46 114961.00 0.040 
31 55 39 47 117077.00 0.040 
32 56 40 48 71974.00 0.040 
33 57 41 49 64321.00 0.040 
34 58 42 50 56510.00 0.040 
35 59 43 51 51367.00 0.040 
36 60 44 52 40948.00 0.040 
37 61 45 53 31449.00 0.040 
38 62 46 54 24382.00 0.040 
39 63 47 55 25509.00 0.040 
40 64 48 56 28905.00 0.040 
41 65 49 57 30117.00 0.040 
42 66 50 58 27684.00 0.040 
43 67 51 59 24964.00 0.040 
44 68 52 60 23634.00 0.040 
45 69 53 61 22750.00 0.040 
46 70 54 62 20263.00 0.040 
47 71 55 63 8940.90 0.040 
48 72 56 64 4867.70 0.040 
49 73 57 65 1021.50 0.040 
50 74 58 66 1024.00 0.040 
51 75 59 67 958.21 0.040 
52 76 60 68 934.44 0.040 
53 77 61 69 925.41 0.040 
54 78 62 70 970.50 0.040 
55 79 63 71 1090.00 0.040 
56 80 64 72 1168.80 0.040 
57 81 65 73 1223.90 0.040 
58 82 66 74 1186.90 0.040 
59 83 67 75 1171.80 0.040 
60 84 68 76 1156.00 0.040 
61 85 69 77 1116.20 0.040 
62 86 70 78 1068.70 0.040 
63 87 71 79 1050.70 0.040 
64 88 72 80 1051.60 0.040 
65 89 73 81 1086.80 0.040 
66 90 74 82 1136.70 0.040 
67 91 75 83 1157.40 0.040 
68 92 76 84 989.92 0.040 
69 93 77 85 1106.90 0.040 
70 94 78 86 1128.60 0.040 
71 95 79 87 1129.60 0.040 
72 96 80 88 1144.20 0.040 
1 28 10 19 101045.00 0.040 
2 29 11 20 105221.00 0.040 
3 30 12 21 112451.00 0.040 
4 31 13 22 119346.00 0.040 
5 32 14 23 114692.00 0.040 
6 33 15 24 123046.00 0.040 
7 34 16 25 111280.00 0.040 
8 35 17 26 90114.00 0.040 
9 36 18 27 94470.00 0.040 
10 37 19 28 90639.00 0.040 
11 38 20 29 89782.00 0.040 
12 39 21 30 88186.00 0.040 
13 40 22 31 66608.00 0.040 
14 41 23 32 65548.00 0.040 
15 42 24 33 57016.00 0.040 
16 43 25 34 64030.00 0.040 
17 44 26 35 81726.00 0.040 
18 45 27 36 69671.00 0.040 
19 46 28 37 66627.00 0.040 
20 47 29 38 63759.00 0.040 
21 48 30 39 68372.00 0.040 
25 52 34 43 97806.00 0.040 
26 53 35 44 99537.00 0.040 
27 54 36 45 98334.00 0.040 
28 55 37 46 114533.00 0.040 
29 56 38 47 120076.00 0.040 
30 57 39 48 92384.00 0.040 
31 58 40 49 76027.00 0.040 
32 59 41 50 68369.00 0.040 
33 60 42 51 61052.00 0.040 
34 61 43 52 57114.00 0.040 
35 62 44 53 46803.00 0.040 
36 63 45 54 36982.00 0.040 
37 64 46 55 33078.00 0.040 
38 65 47 56 29007.00 0.040 
39 66 48 57 28319.00 0.040 
40 67 49 58 31619.00 0.040 
41 68 50 59 28179.00 0.040 
42 69 51 60 25643.00 0.040 
43 70 52 61 23697.00 0.040 
44 71 53 62 22288.00 0.040 
45 72 54 63 18930.00 0.040 
49 76 58 67 1150.30 0.040 
50 77 59 68 1012.50 0.040 
51 78 60 69 1014.10 0.040 
52 79 61 70 1023.00 0.040 
53 80 62 71 1048.40 0.040 
54 81 63 72 1067.80 0.040 
55 82 64 73 1112.30 0.040 
56 83 65 74 1180.10 0.040 
57 84 66 75 1221.20 0.040 
58 85 67 76 1194.50 0.040 
59 86 68 77 1188.20 0.040 
60 87 69 78 1165.00 0.040 
61 88 70 79 1124.80 0.040 
62 89 71 80 1104.70 0.040 
63 90 72 81 1132.40 0.040 
64 91 73 82 1186.90 0.040 
65 92 74 83 1190.50 0.040 
66 93 75 84 1177.10 0.040 
67 94 76 85 1171.30 0.040 
68 95 77 86 917.74 0.040 
69 96 78 87 1126.20 0.040 
1 31 11 21 120386.00 0.040 
2 32 12 22 124644.00 0.040 
3 33 13 23 121410.00 0.040 
4 34 14 24 119847.00 0.040 
5 35 15 25 114612.00 0.040 
6 36 16 26 111085.00 0.040 
7 37 17 27 104329.00 0.040 
8 38 18 28 103086.00 0.040 
9 39 19 29 103574.00 0.040 
10 40 20 30 64260.00 0.040 
11 41 21 31 55770.00 0.040 
12 42 22 32 52879.00 0.040 
13 43 23 33 53359.00 0.040 
14 44 24 34 51313.00 0.040 
15 45 25 35 51741.00 0.040 
16 46 26 36 53158.00 0.040 
17 47 27 37 61954.00 0.040 
18 48 28 38 60309.00 0.040 
25 55 35 45 106971.00 0.040 
26 56 36 46 113961.00 0.040 
27 57 37 47 116467.00 0.040 
28 58 38 48 123590.00 0.040 
29 59 39 49 129175.00 0.040 
30 60 40 50 79819.00 0.040 
32 62 42 52 64734.00 0.040 
33 63 43 53 60027.00 0.040 
34 64 44 54 52644.00 0.040 
35 65 45 55 46744.00 0.040 
36 66 46 56 37083.00 0.040 
37 67 47 57 33332.00 0.040 
38 68 48 58 29610.00 0.040 
39 69 49 59 29097.00 0.040 
40 70 50 60 29392.00 0.040 
41 71 51 61 25904.00 0.040 
42 72 52 62 24190.00 0.040 
49 79 59 69 1099.80 0.040 
50 80 60 70 1100.80 0.040 
51 81 61 71 1104.30 0.040 
52 82 62 72 1081.30 0.040 
53 83 63 73 1047.40 0.040 
54 84 64 74 1046.10 0.040 
55 85 65 75 1144.00 0.040 
56 86 66 76 1222.00 0.040 
57 87 67 77 1283.20 0.040 
58 88 68 78 1240.90 0.040 
59 89 69 79 1209.80 0.040 
60 90 70 80 1197.90 0.040 
61 91 71 81 1198.00 0.040 
62 92 72 82 1211.50 0.040 
63 93 73 83 1226.50 0.040 
64 94 74 84 1246.60 0.040 
65 95 75 85 1238.00 0.040 
66 96 76 86 1185.10 0.040 
1 34 12 23 119776.00 0.040 
2 35 13 24 124847.00 0.040 
3 36 14 25 126654.00 0.040 
4 37 15 26 119415.00 0.040 
5 38 16 27 123402.00 0.040 
6 39 17 28 114428.00 0.040 
7 40 18 29 77556.00 0.040 
8 41 19 30 66738.00 0.040 
9 42 20 31 55619.00 0.040 
10 43 21 32 49072.00 0.040 
11 44 22 33 38666.00 0.040 
12 45 23 34 36562.00 0.040 
13 46 24 35 37049.00 0.040 
14 47 25 36 39112.00 0.040 
15 48 26 37 43284.00 0.040 
25 58 36 47 119367.00 0.040 
26 59 37 48 116558.00 0.040 
27 60 38 49 124993.00 0.040 
28 61 39 50 133036.00 0.040 
29 62 40 51 86983.00 0.040 
30 63 41 52 79545.00 0.040 
31 64 42 53 73118.00 0.040 
32 65 43 54 65189.00 0.040 
33 66 44 55 60179.00 0.040 
34 67 45 56 51219.00 0.040 
36 69 47 58 35243.00 0.040 
37 70 48 59 31976.00 0.040 
38 71 49 60 30471.00 0.040 
49 82 60 71 1141.20 0.040 
50 83 61 72 1126.80 0.040 
51 84 62 73 1111.10 0.040 
52 85 63 74 1080.20 0.040 
53 86 64 75 1078.40 0.040 
54 87 65 76 1129.70 0.040 
55 88 66 77 1255.50 0.040 
56 89 67 78 1295.80 0.040 
57 90 68 79 1295.30 0.040 
58 91 69 80 1281.50 0.040 
59 92 70 81 1274.70 0.040 
60 93 71 82 1292.50 0.040 
61 94 72 83 1287.30 0.040 
62 95 73 84 1048.80 0.040 
63 96 74 85 1431.00 0.040 
1 37 13 25 132762.00 0.040 
2 38 14 26 129453.00 0.040 
3 39 15 27 134715.00 0.040 
4 40 16 28 89253.00 0.040 
5 41 17 29 78032.00 0.040 
6 42 18 30 64870.00 0.040 
7 43 19 31 58049.00 0.040 
8 44 20 32 45962.00 0.040 
9 45 21 33 34901.00 0.040 
10 46 22 34 26998.00 0.040 
11 47 23 35 22357.00 0.040 
12 48 24 36 23140.00 0.040 
25 61 37 49 122047.00 0.040 
26 62 38 50 125276.00 0.040 
27 63 39 51 136119.00 0.040 
28 64 40 52 90666.00 0.040 
29 65 41 53 85488.00 0.040 
30 66 42 54 75220.00 0.040 
31 67 43 55 75368.00 0.040 
32 68 44 56 64906.00 0.040 
33 69 45 57 54233.00 0.040 
35 71 47 59 37875.00 0.040 
36 72 48 60 33474.00 0.040 
49 85 61 73 1155.80 0.040 
50 86 62 74 1159.50 0.040 
51 87 63 75 1170.90 0.040 
52 88 64 76 1162.40 0.040 
53 89 65 77 1186.40 0.040 
54 90 66 78 1183.90 0.040 
55 91 67 79 1265.20 0.040 
56 92 68 80 1317.40 0.040 
57 93 69 81 1351.10 0.040 
58 94 70 82 1385.90 0.040 
59 95 71 83 1358.20 0.040 
60 96 72 84 1354.40 0.040 
1 40 14 27 96878.00 0.040 
2 41 15 28 88791.00 0.040 
3 42 16 29 79123.00 0.040 
4 43 17 30 64742.00 0.040 
5 44 18 31 53685.00 0.040 
6 45 19 32 41787.00 0.040 
7 46 20 33 30718.00 0.040 
8 47 21 34 26467.00 0.040 
9 48 22 35 22860.00 0.040 
25 64 38 51 131739.00 0.040 
26 65 39 52 134428.00 0.040 
27 66 40 53 90703.00 0.040 
28 67 41 54 87647.00 0.040 
29 68 42 55 85525.00 0.040 
30 69 43 56 79034.00 0.040 
31 70 44 57 70507.00 0.040 
32 71 45 58 56582.00 0.040 
49 88 62 75 1234.80 0.040 
50 89 63 76 1241.60 0.040 
51 90 64 77 1239.60 0.040 
52 91 65 78 1219.80 0.040 
53 92 66 79 1193.50 0.040 
54 93 67 80 1195.70 0.040 
55 94 68 81 1297.70 0.040 
56 95 69 82 1423.80 0.040 
57 96 70 83 1428.70 0.040 
1 43 15 29 77303.00 0.040 
2 44 16 30 62351.00 0.040 
3 45 17 31 47516.00 0.040 
4 46 18 32 36289.00 0.040 
5 47 19 33 29697.00 0.040 
6 48 20 34 25894.00 0.040 
25 67 39 53 139707.00 0.040 
26 68 40 54 90842.00 0.040 
27 69 41 55 95262.00 0.040 
28 70 42 56 87458.00 0.040 
29 71 43 57 86499.00 0.040 
30 72 44 58 70262.00 0.040 
49 91 63 77 1307.30 0.040 
50 92 64 78 1265.90 0.040 
51 93 65 79 1256.50 0.040 
52 94 66 80 1243.70 0.040 
53 95 67 81 1257.00 0.040 
54 96 68 82 1288.90 0.040 
1 46 16 31 42766.00 0.040 
2 47 17 32 33899.00 0.040 
3 48 18 33 29341.00 0.040 
25 70 40 55 99612.00 0.040 
26 71 41 56 93533.00 0.040 
27 72 42 57 89598.00 0.040 
49 94 64 79 1297.90 0.040 
50 95 65 80 1300.90 0.040 
51 96 66 81 1312.40 0.040 
