73 	 # Number of sensors 
# x z 
0.00 0.00 
5.00 -0.02 
10.00 0.31 
15.00 0.65 
20.00 0.96 
25.00 1.04 
30.00 1.31 
35.00 1.52 
40.00 1.70 
45.00 1.89 
50.00 2.12 
55.00 2.47 
60.00 2.85 
65.00 3.42 
70.00 3.83 
75.00 4.58 
80.00 4.38 
85.00 4.54 
90.00 5.00 
95.00 4.88 
100.00 4.57 
105.00 4.73 
110.00 4.67 
115.00 4.94 
120.00 5.27 
125.00 5.54 
130.00 5.81 
135.00 6.08 
140.00 6.42 
145.00 6.77 
150.00 7.10 
155.00 7.39 
160.00 7.68 
165.00 8.04 
170.00 8.35 
175.00 8.75 
180.00 9.02 
185.00 9.33 
190.00 9.68 
195.00 9.91 
200.00 10.31 
205.00 10.57 
210.00 10.76 
215.00 11.14 
220.00 11.66 
225.00 12.19 
230.00 12.54 
235.00 13.00 
240.00 13.27 
245.00 13.56 
250.00 13.88 
255.00 13.98 
260.00 14.18 
265.00 14.63 
270.00 15.11 
275.00 15.36 
280.00 15.42 
285.00 15.71 
290.00 16.11 
295.00 16.59 
300.00 16.82 
305.00 16.94 
310.00 17.23 
315.00 17.56 
320.00 17.90 
325.00 18.06 
330.00 18.23 
335.00 18.37 
340.00 18.49 
345.00 18.64 
350.00 18.72 
355.00 18.91 
360.00 18.97 
632 	 # Number of measurements 
# a b m n rhoa err
1 4 2 3 14170.00 0.040 
2 5 3 4 13035.00 0.040 
3 6 4 5 13165.00 0.040 
4 7 5 6 9697.30 0.040 
5 8 6 7 19441.00 0.040 
6 9 7 8 7534.10 0.040 
7 10 8 9 13652.00 0.040 
8 11 9 10 18568.00 0.040 
9 12 10 11 16225.00 0.040 
10 13 11 12 16178.00 0.040 
11 14 12 13 20018.00 0.040 
12 15 13 14 20660.00 0.040 
13 16 14 15 21927.00 0.040 
14 17 15 16 29706.00 0.040 
15 18 16 17 15407.00 0.040 
16 19 17 18 28439.00 0.040 
17 20 18 19 19075.00 0.040 
18 21 19 20 31258.00 0.040 
19 22 20 21 18627.00 0.040 
20 23 21 22 24087.00 0.040 
21 24 22 23 11717.00 0.040 
22 25 23 24 12274.00 0.040 
23 26 24 25 23107.00 0.040 
24 27 25 26 15051.00 0.040 
25 28 26 27 20249.00 0.040 
26 29 27 28 22594.00 0.040 
27 30 28 29 29856.00 0.040 
28 31 29 30 27772.00 0.040 
29 32 30 31 33331.00 0.040 
30 33 31 32 30717.00 0.040 
31 34 32 33 29877.00 0.040 
32 35 33 34 32203.00 0.040 
33 36 34 35 52765.00 0.040 
34 37 35 36 43070.00 0.040 
35 38 36 37 36308.00 0.040 
36 39 37 38 35481.00 0.040 
37 40 38 39 33859.00 0.040 
39 42 40 41 27164.00 0.040 
40 43 41 42 28279.00 0.040 
41 44 42 43 16464.00 0.040 
43 46 44 45 13639.00 0.040 
44 47 45 46 11753.00 0.040 
45 48 46 47 14481.00 0.040 
46 49 47 48 14088.00 0.040 
47 50 48 49 18132.00 0.040 
48 51 49 50 23565.00 0.040 
49 52 50 51 24250.00 0.040 
50 53 51 52 27242.00 0.040 
51 54 52 53 27130.00 0.040 
52 55 53 54 14091.00 0.040 
53 56 54 55 21280.00 0.040 
54 57 55 56 23367.00 0.040 
55 58 56 57 36716.00 0.040 
56 59 57 58 24838.00 0.040 
57 60 58 59 32694.00 0.040 
58 61 59 60 38455.00 0.040 
59 62 60 61 31530.00 0.040 
60 63 61 62 38561.00 0.040 
61 64 62 63 35591.00 0.040 
62 65 63 64 31016.00 0.040 
63 66 64 65 34153.00 0.040 
64 67 65 66 36544.00 0.040 
65 68 66 67 32200.00 0.040 
66 69 67 68 24038.00 0.040 
67 70 68 69 30594.00 0.040 
68 71 69 70 27178.00 0.040 
69 72 70 71 23118.00 0.040 
1 7 3 5 25797.00 0.040 
2 8 4 6 25929.00 0.040 
3 9 5 7 34543.00 0.040 
4 10 6 8 29219.00 0.040 
5 11 7 9 21128.00 0.040 
6 12 8 10 34976.00 0.040 
7 13 9 11 39739.00 0.040 
8 14 10 12 32717.00 0.040 
9 15 11 13 35234.00 0.040 
10 16 12 14 38634.00 0.040 
11 17 13 15 44056.00 0.040 
12 18 14 16 53012.00 0.040 
13 19 15 17 46020.00 0.040 
14 20 16 18 38141.00 0.040 
15 21 17 19 43139.00 0.040 
16 22 18 20 48358.00 0.040 
17 23 19 21 48118.00 0.040 
18 24 20 22 46261.00 0.040 
19 25 21 23 35172.00 0.040 
20 26 22 24 23948.00 0.040 
21 27 23 25 39173.00 0.040 
22 28 24 26 44541.00 0.040 
23 29 25 27 34888.00 0.040 
24 30 26 28 40836.00 0.040 
25 31 27 29 51556.00 0.040 
26 32 28 30 55367.00 0.040 
27 33 29 31 58909.00 0.040 
28 34 30 32 67712.00 0.040 
29 35 31 33 52988.00 0.040 
30 36 32 34 57127.00 0.040 
31 37 33 35 82552.00 0.040 
32 38 34 36 94321.00 0.040 
33 39 35 37 72416.00 0.040 
34 40 36 38 60995.00 0.040 
35 41 37 39 65061.00 0.040 
36 42 38 40 76180.00 0.040 
37 43 39 41 70321.00 0.040 
38 44 40 42 51250.00 0.040 
39 45 41 43 43376.00 0.040 
40 46 42 44 45798.00 0.040 
41 47 43 45 42817.00 0.040 
42 48 44 46 28769.00 0.040 
43 49 45 47 27451.00 0.040 
44 50 46 48 30798.00 0.040 
45 51 47 49 33709.00 0.040 
46 52 48 50 37719.00 0.040 
47 53 49 51 40214.00 0.040 
48 54 50 52 51382.00 0.040 
49 55 51 53 55191.00 0.040 
50 56 52 54 40396.00 0.040 
51 57 53 55 30225.00 0.040 
52 58 54 56 44248.00 0.040 
53 59 55 57 65821.00 0.040 
54 60 56 58 58881.00 0.040 
55 61 57 59 51276.00 0.040 
56 62 58 60 58834.00 0.040 
57 63 59 61 60381.00 0.040 
58 64 60 62 61809.00 0.040 
59 65 61 63 69661.00 0.040 
60 66 62 64 61309.00 0.040 
61 67 63 65 54542.00 0.040 
62 68 64 66 67230.00 0.040 
63 69 65 67 65434.00 0.040 
64 70 66 68 50739.00 0.040 
65 71 67 69 48176.00 0.040 
66 72 68 70 52482.00 0.040 
1 10 4 7 49723.00 0.040 
2 11 5 8 42428.00 0.040 
3 12 6 9 46430.00 0.040 
4 13 7 10 44699.00 0.040 
5 14 8 11 52890.00 0.040 
6 15 9 12 54011.00 0.040 
7 16 10 13 52734.00 0.040 
8 17 11 14 53832.00 0.040 
9 18 12 15 60948.00 0.040 
10 19 13 16 74075.00 0.040 
11 20 14 17 63849.00 0.040 
12 21 15 18 64403.00 0.040 
13 22 16 19 51994.00 0.040 
14 23 17 20 68392.00 0.040 
15 24 18 21 70179.00 0.040 
16 25 19 22 79304.00 0.040 
17 26 20 23 55908.00 0.040 
18 27 21 24 50890.00 0.040 
19 28 22 25 51687.00 0.040 
20 29 23 26 57684.00 0.040 
21 30 24 27 63662.00 0.040 
22 31 25 28 58502.00 0.040 
23 32 26 29 68770.00 0.040 
24 33 27 30 77354.00 0.040 
25 34 28 31 95485.00 0.040 
26 35 29 32 84513.00 0.040 
27 36 30 33 79878.00 0.040 
28 37 31 34 78380.00 0.040 
29 38 32 35 105434.00 0.040 
30 39 33 36 121663.00 0.040 
31 40 34 37 120455.00 0.040 
32 41 35 38 96269.00 0.040 
33 42 36 39 84801.00 0.040 
34 43 37 40 97580.00 0.040 
35 44 38 41 102693.00 0.040 
36 45 39 42 103227.00 0.040 
37 46 40 43 76518.00 0.040 
38 47 41 44 72925.00 0.040 
39 48 42 45 63534.00 0.040 
40 49 43 46 62247.00 0.040 
41 50 44 47 45693.00 0.040 
42 51 45 48 43997.00 0.040 
43 52 46 49 46247.00 0.040 
44 53 47 50 51193.00 0.040 
45 54 48 51 62255.00 0.040 
46 55 49 52 75807.00 0.040 
47 56 50 53 80115.00 0.040 
48 57 51 54 64762.00 0.040 
49 58 52 55 53403.00 0.040 
50 59 53 56 54089.00 0.040 
51 60 54 57 79038.00 0.040 
52 61 55 58 85528.00 0.040 
53 62 56 59 83272.00 0.040 
54 63 57 60 71398.00 0.040 
55 64 58 61 75455.00 0.040 
56 65 59 62 84701.00 0.040 
57 66 60 63 86877.00 0.040 
58 67 61 64 83266.00 0.040 
59 68 62 65 82622.00 0.040 
60 69 63 66 85399.00 0.040 
61 70 64 67 84675.00 0.040 
62 71 65 68 77433.00 0.040 
63 72 66 69 67611.00 0.040 
1 13 5 9 60933.00 0.040 
2 14 6 10 70529.00 0.040 
3 15 7 11 63910.00 0.040 
4 16 8 12 67407.00 0.040 
5 17 9 13 75325.00 0.040 
6 18 10 14 72587.00 0.040 
7 19 11 15 79644.00 0.040 
8 20 12 16 87294.00 0.040 
9 21 13 17 77479.00 0.040 
10 22 14 18 79977.00 0.040 
11 23 15 19 81365.00 0.040 
12 24 16 20 84937.00 0.040 
13 25 17 21 90403.00 0.040 
14 26 18 22 92090.00 0.040 
15 27 19 23 88615.00 0.040 
16 28 20 24 73877.00 0.040 
17 29 21 25 78496.00 0.040 
18 30 22 26 66930.00 0.040 
19 31 23 27 73239.00 0.040 
20 32 24 28 85603.00 0.040 
21 33 25 29 90470.00 0.040 
22 34 26 30 101337.00 0.040 
23 35 27 31 103745.00 0.040 
24 36 28 32 107109.00 0.040 
25 37 29 33 102860.00 0.040 
26 38 30 34 105853.00 0.040 
27 39 31 35 126721.00 0.040 
28 40 32 36 131430.00 0.040 
29 41 33 37 138064.00 0.040 
30 42 34 38 136890.00 0.040 
31 43 35 39 122918.00 0.040 
32 44 36 40 125507.00 0.040 
33 45 37 41 120206.00 0.040 
34 46 38 42 125096.00 0.040 
35 47 39 43 122137.00 0.040 
37 49 41 45 95735.00 0.040 
38 50 42 46 77771.00 0.040 
39 51 43 47 75275.00 0.040 
40 52 44 48 60577.00 0.040 
41 53 45 49 58016.00 0.040 
42 54 46 50 68047.00 0.040 
43 55 47 51 78961.00 0.040 
44 56 48 52 98392.00 0.040 
45 57 49 53 102552.00 0.040 
46 58 50 54 88659.00 0.040 
47 59 51 55 83639.00 0.040 
48 60 52 56 74935.00 0.040 
49 61 53 57 87124.00 0.040 
50 62 54 58 90046.00 0.040 
51 63 55 59 98370.00 0.040 
52 64 56 60 107380.00 0.040 
53 65 57 61 93750.00 0.040 
54 66 58 62 97400.00 0.040 
55 67 59 63 99633.00 0.040 
56 68 60 64 99783.00 0.040 
57 69 61 65 106990.00 0.040 
58 70 62 66 106543.00 0.040 
59 71 63 67 99088.00 0.040 
60 72 64 68 92538.00 0.040 
1 16 6 11 87949.00 0.040 
2 17 7 12 79069.00 0.040 
3 18 8 13 90946.00 0.040 
4 19 9 14 94159.00 0.040 
5 20 10 15 90247.00 0.040 
6 21 11 16 99062.00 0.040 
7 22 12 17 96860.00 0.040 
8 23 13 18 98978.00 0.040 
9 24 14 19 101798.00 0.040 
10 25 15 20 111856.00 0.040 
11 26 16 21 104466.00 0.040 
12 27 17 22 115105.00 0.040 
13 28 18 23 106869.00 0.040 
14 29 19 24 99736.00 0.040 
15 30 20 25 99079.00 0.040 
16 31 21 26 93060.00 0.040 
17 32 22 27 85508.00 0.040 
18 33 23 28 97466.00 0.040 
19 34 24 29 120486.00 0.040 
20 35 25 30 112019.00 0.040 
21 36 26 31 120347.00 0.040 
22 37 27 32 125843.00 0.040 
23 38 28 33 122106.00 0.040 
24 39 29 34 125492.00 0.040 
25 40 30 35 144142.00 0.040 
26 41 31 36 147200.00 0.040 
27 42 32 37 147752.00 0.040 
28 43 33 38 154840.00 0.040 
29 44 34 39 158517.00 0.040 
30 45 35 40 156438.00 0.040 
31 46 36 41 152116.00 0.040 
32 47 37 42 153726.00 0.040 
33 48 38 43 147847.00 0.040 
34 49 39 44 155952.00 0.040 
35 50 40 45 128609.00 0.040 
36 51 41 46 110558.00 0.040 
37 52 42 47 91932.00 0.040 
38 53 43 48 86142.00 0.040 
39 54 44 49 75874.00 0.040 
40 55 45 50 84307.00 0.040 
41 56 46 51 97204.00 0.040 
42 57 47 52 110449.00 0.040 
43 58 48 53 118533.00 0.040 
44 59 49 54 113216.00 0.040 
45 60 50 55 106963.00 0.040 
46 61 51 56 103216.00 0.040 
47 62 52 57 104278.00 0.040 
48 63 53 58 96744.00 0.040 
49 64 54 59 108692.00 0.040 
50 65 55 60 120232.00 0.040 
51 66 56 61 119926.00 0.040 
52 67 57 62 113659.00 0.040 
53 68 58 63 124363.00 0.040 
54 69 59 64 118568.00 0.040 
55 70 60 65 113031.00 0.040 
56 71 61 66 121958.00 0.040 
57 72 62 67 119082.00 0.040 
1 19 7 13 104464.00 0.040 
2 20 8 14 106620.00 0.040 
3 21 9 15 112798.00 0.040 
4 22 10 16 115845.00 0.040 
5 23 11 17 113111.00 0.040 
6 24 12 18 123388.00 0.040 
7 25 13 19 122577.00 0.040 
8 26 14 20 134092.00 0.040 
9 27 15 21 135099.00 0.040 
10 28 16 22 132264.00 0.040 
11 29 17 23 131027.00 0.040 
12 30 18 24 119198.00 0.040 
13 31 19 25 129732.00 0.040 
14 32 20 26 110051.00 0.040 
15 33 21 27 110431.00 0.040 
16 34 22 28 111288.00 0.040 
17 35 23 29 118919.00 0.040 
18 36 24 30 130602.00 0.040 
19 37 25 31 130657.00 0.040 
20 38 26 32 140492.00 0.040 
21 39 27 33 140137.00 0.040 
22 40 28 34 146178.00 0.040 
23 41 29 35 158175.00 0.040 
24 42 30 36 163214.00 0.040 
25 43 31 37 172104.00 0.040 
26 44 32 38 165960.00 0.040 
27 45 33 39 178369.00 0.040 
28 46 34 40 196805.00 0.040 
29 47 35 41 187063.00 0.040 
30 48 36 42 183218.00 0.040 
31 49 37 43 173494.00 0.040 
32 50 38 44 177141.00 0.040 
33 51 39 45 161164.00 0.040 
34 52 40 46 128910.00 0.040 
35 53 41 47 115873.00 0.040 
36 54 42 48 106506.00 0.040 
37 55 43 49 106589.00 0.040 
38 56 44 50 99933.00 0.040 
39 57 45 51 99227.00 0.040 
40 58 46 52 126518.00 0.040 
41 59 47 53 133465.00 0.040 
42 60 48 54 130132.00 0.040 
43 61 49 55 128406.00 0.040 
44 62 50 56 129457.00 0.040 
45 63 51 57 136310.00 0.040 
46 64 52 58 120751.00 0.040 
47 65 53 59 118004.00 0.040 
48 66 54 60 129137.00 0.040 
49 67 55 61 130737.00 0.040 
50 68 56 62 139612.00 0.040 
51 69 57 63 132498.00 0.040 
52 70 58 64 138921.00 0.040 
53 71 59 65 138556.00 0.040 
54 72 60 66 134843.00 0.040 
1 22 8 15 128243.00 0.040 
2 23 9 16 144183.00 0.040 
3 24 10 17 137787.00 0.040 
4 25 11 18 141006.00 0.040 
5 26 12 19 146591.00 0.040 
6 27 13 20 160559.00 0.040 
7 28 14 21 163225.00 0.040 
8 29 15 22 159343.00 0.040 
9 30 16 23 141953.00 0.040 
10 31 17 24 139359.00 0.040 
11 32 18 25 144306.00 0.040 
12 33 19 26 145007.00 0.040 
13 34 20 27 131767.00 0.040 
14 35 21 28 125341.00 0.040 
15 36 22 29 126522.00 0.040 
16 37 23 30 138430.00 0.040 
17 38 24 31 150983.00 0.040 
18 39 25 32 150497.00 0.040 
19 40 26 33 146496.00 0.040 
20 41 27 34 156793.00 0.040 
21 42 28 35 180337.00 0.040 
22 43 29 36 190700.00 0.040 
23 44 30 37 186004.00 0.040 
24 45 31 38 186096.00 0.040 
25 46 32 39 198870.00 0.040 
26 47 33 40 223075.00 0.040 
27 48 34 41 231897.00 0.040 
28 49 35 42 215597.00 0.040 
29 50 36 43 198800.00 0.040 
30 51 37 44 197733.00 0.040 
31 52 38 45 186121.00 0.040 
32 53 39 46 164898.00 0.040 
33 54 40 47 137213.00 0.040 
34 55 41 48 124855.00 0.040 
35 56 42 49 118828.00 0.040 
36 57 43 50 122539.00 0.040 
37 58 44 51 116956.00 0.040 
38 59 45 52 132932.00 0.040 
39 60 46 53 145510.00 0.040 
40 61 47 54 146681.00 0.040 
41 62 48 55 139604.00 0.040 
42 63 49 56 148427.00 0.040 
43 64 50 57 158252.00 0.040 
44 65 51 58 157142.00 0.040 
45 66 52 59 141448.00 0.040 
46 67 53 60 137108.00 0.040 
47 68 54 61 146038.00 0.040 
48 69 55 62 153282.00 0.040 
49 70 56 63 156618.00 0.040 
50 71 57 64 144534.00 0.040 
51 72 58 65 148665.00 0.040 
1 25 9 17 165426.00 0.040 
2 26 10 18 167359.00 0.040 
3 27 11 19 169512.00 0.040 
4 28 12 20 186234.00 0.040 
5 29 13 21 185531.00 0.040 
6 30 14 22 185575.00 0.040 
7 31 15 23 178314.00 0.040 
8 32 16 24 152870.00 0.040 
9 33 17 25 167841.00 0.040 
10 34 18 26 164303.00 0.040 
11 35 19 27 157094.00 0.040 
12 36 20 28 137045.00 0.040 
13 37 21 29 142156.00 0.040 
14 38 22 30 143170.00 0.040 
15 39 23 31 156972.00 0.040 
16 40 24 32 161771.00 0.040 
17 41 25 33 152571.00 0.040 
18 42 26 34 159887.00 0.040 
19 43 27 35 192525.00 0.040 
20 44 28 36 208843.00 0.040 
21 45 29 37 213916.00 0.040 
22 46 30 38 218379.00 0.040 
23 47 31 39 221799.00 0.040 
24 48 32 40 241555.00 0.040 
25 49 33 41 257308.00 0.040 
26 50 34 42 257743.00 0.040 
27 51 35 43 228402.00 0.040 
28 52 36 44 215136.00 0.040 
29 53 37 45 199885.00 0.040 
30 54 38 46 190367.00 0.040 
31 55 39 47 180341.00 0.040 
32 56 40 48 152911.00 0.040 
33 57 41 49 135349.00 0.040 
34 58 42 50 127701.00 0.040 
35 59 43 51 140669.00 0.040 
36 60 44 52 146039.00 0.040 
37 61 45 53 151927.00 0.040 
38 62 46 54 148042.00 0.040 
39 63 47 55 148413.00 0.040 
40 64 48 56 164011.00 0.040 
41 65 49 57 179353.00 0.040 
42 66 50 58 175976.00 0.040 
43 67 51 59 172141.00 0.040 
44 68 52 60 167221.00 0.040 
45 69 53 61 158369.00 0.040 
46 70 54 62 167785.00 0.040 
47 71 55 63 173556.00 0.040 
48 72 56 64 170777.00 0.040 
1 28 10 19 193312.00 0.040 
2 29 11 20 208429.00 0.040 
3 30 12 21 213310.00 0.040 
4 31 13 22 210900.00 0.040 
5 32 14 23 199308.00 0.040 
6 33 15 24 192521.00 0.040 
7 34 16 25 188590.00 0.040 
8 35 17 26 177224.00 0.040 
9 36 18 27 165815.00 0.040 
10 37 19 28 167790.00 0.040 
11 38 20 29 158551.00 0.040 
12 39 21 30 161273.00 0.040 
13 40 22 31 151890.00 0.040 
14 41 23 32 161202.00 0.040 
15 42 24 33 165176.00 0.040 
16 43 25 34 172662.00 0.040 
17 44 26 35 198271.00 0.040 
18 45 27 36 219737.00 0.040 
19 46 28 37 234563.00 0.040 
20 47 29 38 243389.00 0.040 
21 48 30 39 260207.00 0.040 
25 52 34 43 269365.00 0.040 
26 53 35 44 245581.00 0.040 
27 54 36 45 223644.00 0.040 
28 55 37 46 210078.00 0.040 
29 56 38 47 201467.00 0.040 
30 57 39 48 183840.00 0.040 
31 58 40 49 160777.00 0.040 
32 59 41 50 149893.00 0.040 
33 60 42 51 146644.00 0.040 
34 61 43 52 166940.00 0.040 
35 62 44 53 155376.00 0.040 
36 63 45 54 156556.00 0.040 
37 64 46 55 155729.00 0.040 
38 65 47 56 169568.00 0.040 
39 66 48 57 183589.00 0.040 
40 67 49 58 195941.00 0.040 
41 68 50 59 196370.00 0.040 
42 69 51 60 195594.00 0.040 
43 70 52 61 183887.00 0.040 
44 71 53 62 180735.00 0.040 
45 72 54 63 188596.00 0.040 
1 31 11 21 234537.00 0.040 
2 32 12 22 237221.00 0.040 
3 33 13 23 229444.00 0.040 
4 34 14 24 214861.00 0.040 
5 35 15 25 213868.00 0.040 
6 36 16 26 195669.00 0.040 
7 37 17 27 189849.00 0.040 
8 38 18 28 181219.00 0.040 
9 39 19 29 185371.00 0.040 
10 40 20 30 170335.00 0.040 
11 41 21 31 166729.00 0.040 
12 42 22 32 163655.00 0.040 
13 43 23 33 173876.00 0.040 
14 44 24 34 181828.00 0.040 
15 45 25 35 209055.00 0.040 
16 46 26 36 235990.00 0.040 
17 47 27 37 251956.00 0.040 
18 48 28 38 270191.00 0.040 
25 55 35 45 263622.00 0.040 
26 56 36 46 238780.00 0.040 
27 57 37 47 217844.00 0.040 
28 58 38 48 205054.00 0.040 
29 59 39 49 199805.00 0.040 
30 60 40 50 171578.00 0.040 
31 61 41 51 170274.00 0.040 
32 62 42 52 166201.00 0.040 
33 63 43 53 166999.00 0.040 
34 64 44 54 158406.00 0.040 
35 65 45 55 159165.00 0.040 
36 66 46 56 168511.00 0.040 
37 67 47 57 190082.00 0.040 
38 68 48 58 197616.00 0.040 
39 69 49 59 206133.00 0.040 
40 70 50 60 217772.00 0.040 
41 71 51 61 213391.00 0.040 
42 72 52 62 201804.00 0.040 
1 34 12 23 252408.00 0.040 
2 35 13 24 234605.00 0.040 
3 36 14 25 238979.00 0.040 
4 37 15 26 222550.00 0.040 
5 38 16 27 203587.00 0.040 
6 39 17 28 208881.00 0.040 
7 40 18 29 200097.00 0.040 
8 41 19 30 193793.00 0.040 
9 42 20 31 181909.00 0.040 
10 43 21 32 182749.00 0.040 
11 44 22 33 176420.00 0.040 
12 45 23 34 188963.00 0.040 
13 46 24 35 231332.00 0.040 
14 47 25 36 248325.00 0.040 
15 48 26 37 270390.00 0.040 
25 58 36 47 243781.00 0.040 
26 59 37 48 222027.00 0.040 
27 60 38 49 212739.00 0.040 
28 61 39 50 201944.00 0.040 
29 62 40 51 188446.00 0.040 
30 63 41 52 180736.00 0.040 
31 64 42 53 181216.00 0.040 
32 65 43 54 173163.00 0.040 
33 66 44 55 156800.00 0.040 
34 67 45 56 163803.00 0.040 
35 68 46 57 190937.00 0.040 
36 69 47 58 201778.00 0.040 
37 70 48 59 212196.00 0.040 
38 71 49 60 222965.00 0.040 
39 72 50 61 226041.00 0.040 
1 37 13 25 263554.00 0.040 
2 38 14 26 247130.00 0.040 
3 39 15 27 236600.00 0.040 
4 40 16 28 217707.00 0.040 
5 41 17 29 216947.00 0.040 
6 42 18 30 211685.00 0.040 
7 43 19 31 216252.00 0.040 
8 44 20 32 198625.00 0.040 
9 45 21 33 194587.00 0.040 
10 46 22 34 199371.00 0.040 
11 47 23 35 243382.00 0.040 
12 48 24 36 266457.00 0.040 
25 61 37 49 240671.00 0.040 
26 62 38 50 227481.00 0.040 
27 63 39 51 216929.00 0.040 
28 64 40 52 203270.00 0.040 
29 65 41 53 194987.00 0.040 
30 66 42 54 177890.00 0.040 
31 67 43 55 175504.00 0.040 
32 68 44 56 170694.00 0.040 
33 69 45 57 185040.00 0.040 
34 70 46 58 198758.00 0.040 
35 71 47 59 212254.00 0.040 
36 72 48 60 231339.00 0.040 
1 40 14 27 265272.00 0.040 
2 41 15 28 242687.00 0.040 
3 42 16 29 231470.00 0.040 
4 43 17 30 236555.00 0.040 
5 44 18 31 229314.00 0.040 
6 45 19 32 233487.00 0.040 
7 46 20 33 220220.00 0.040 
8 47 21 34 222549.00 0.040 
9 48 22 35 255322.00 0.040 
25 64 38 51 241397.00 0.040 
26 65 39 52 237699.00 0.040 
27 66 40 53 212230.00 0.040 
28 67 41 54 192517.00 0.040 
29 68 42 55 183097.00 0.040 
30 69 43 56 187158.00 0.040 
31 70 44 57 190613.00 0.040 
32 71 45 58 193608.00 0.040 
33 72 46 59 203423.00 0.040 
1 43 15 29 263954.00 0.040 
2 44 16 30 248905.00 0.040 
3 45 17 31 256603.00 0.040 
4 46 18 32 256407.00 0.040 
5 47 19 33 254583.00 0.040 
6 48 20 34 252778.00 0.040 
25 67 39 53 246488.00 0.040 
27 69 41 55 200009.00 0.040 
28 70 42 56 194727.00 0.040 
29 71 43 57 205879.00 0.040 
30 72 44 58 196538.00 0.040 
1 46 16 31 279284.00 0.040 
2 47 17 32 289074.00 0.040 
3 48 18 33 285036.00 0.040 
25 70 40 55 224265.00 0.040 
26 71 41 56 214666.00 0.040 
27 72 42 57 212239.00 0.040 
