72 	 # Number of sensors 
# x z 
0	-31.56
5	-31.32
10	-30.74
15	-30.04
20	-29.38
25	-29.04
30	-28.71
35	-28.9
40	-29.09
45	-29.35
50	-29.53
55	-30.03
60	-30.79
65	-31.79
70	-32.86
75	-33.67
80	-34.12
85	-34.37
90	-34
95	-33.31
100	-32.41
105	-31.49
110	-30.53
115	-29.73
120	-28.74
125	-27.95
130	-27.24
135	-26.74
140	-26.62
145	-26.79
150	-27.06
155	-27.18
160	-27.55
165	-27.78
170	-28.1
175	-28.31
180	-28.45
185	-28.7
190	-28.51
195	-28.84
200	-28.58
205	-28.03
210	-27.1
215	-25.08
220	-24.06
225	-23.01
230	-21.95
235	-20.6
240	-16.72
245	-15.3
250	-14
255	-13.64
260	-12.89
265	-12.75
270	-11.71
275	-10.42
280	-9.81
285	-9.75
290	-6.98
295	-5.8
300	-6.05
305	-5.51
310	-5.26
315	-5.3
320	-5.2
325	-4.97
330	-4.46
335	-3.36
340	-2.42
345	-1.36
350	-0.01
355	0
564 	 # Number of measurements 
# a b m n rhoa err
1 4 2 3 721.47 0.040 
2 5 3 4 700.24 0.040 
3 6 4 5 657.58 0.040 
4 7 5 6 808.20 0.040 
5 8 6 7 682.20 0.040 
6 9 7 8 774.55 0.040 
7 10 8 9 706.16 0.040 
8 11 9 10 798.50 0.040 
9 12 10 11 749.64 0.040 
10 13 11 12 799.93 0.040 
11 14 12 13 776.75 0.040 
12 15 13 14 721.12 0.040 
13 16 14 15 748.87 0.040 
14 17 15 16 817.75 0.040 
15 18 16 17 736.61 0.040 
16 19 17 18 809.31 0.040 
17 20 18 19 789.27 0.040 
18 21 19 20 915.35 0.040 
19 22 20 21 883.21 0.040 
20 23 21 22 962.56 0.040 
21 24 22 23 795.09 0.040 
22 25 23 24 600.44 0.040 
23 26 24 25 933.66 0.040 
24 27 25 26 754.85 0.040 
25 28 26 27 878.25 0.040 
26 29 27 28 879.96 0.040 
27 30 28 29 1131.30 0.040 
28 31 29 30 908.58 0.040 
29 32 30 31 1471.40 0.040 
30 33 31 32 986.10 0.040 
31 34 32 33 1161.00 0.040 
32 35 33 34 1043.00 0.040 
33 36 34 35 713.62 0.040 
34 37 35 36 1011.20 0.040 
35 38 36 37 897.62 0.040 
36 39 37 38 1120.80 0.040 
37 40 38 39 974.77 0.040 
38 41 39 40 1077.90 0.040 
39 42 40 41 823.08 0.040 
40 43 41 42 1016.70 0.040 
41 44 42 43 2663.10 0.040 
42 45 43 44 5786.70 0.040 
43 46 44 45 2647.00 0.040 
44 47 45 46 13179.00 0.040 
45 48 46 47 5596.50 0.040 
46 49 47 48 8157.10 0.040 
47 50 48 49 8824.00 0.040 
48 51 49 50 10478.00 0.040 
49 52 50 51 12773.00 0.040 
50 53 51 52 7651.10 0.040 
51 54 52 53 12380.00 0.040 
52 55 53 54 16401.00 0.040 
54 57 55 56 13561.00 0.040 
57 60 58 59 60297.00 0.040 
59 62 60 61 22320.00 0.040 
61 64 62 63 20114.00 0.040 
64 67 65 66 17724.00 0.040 
65 68 66 67 43094.00 0.040 
66 69 67 68 69887.00 0.040 
68 71 69 70 78917.00 0.040 
1 7 3 5 769.32 0.040 
2 8 4 6 706.80 0.040 
3 9 5 7 801.15 0.040 
4 10 6 8 861.11 0.040 
5 11 7 9 928.43 0.040 
6 12 8 10 966.66 0.040 
7 13 9 11 881.71 0.040 
8 14 10 12 876.58 0.040 
9 15 11 13 878.26 0.040 
10 16 12 14 826.05 0.040 
11 17 13 15 864.49 0.040 
12 18 14 16 1013.50 0.040 
13 19 15 17 993.51 0.040 
14 20 16 18 926.80 0.040 
15 21 17 19 1020.00 0.040 
16 22 18 20 1101.40 0.040 
17 23 19 21 1119.60 0.040 
18 24 20 22 1180.60 0.040 
19 25 21 23 1069.50 0.040 
20 26 22 24 1013.90 0.040 
21 27 23 25 1167.20 0.040 
22 28 24 26 1287.60 0.040 
23 29 25 27 1132.70 0.040 
24 30 26 28 1178.00 0.040 
25 31 27 29 1122.90 0.040 
26 32 28 30 1060.10 0.040 
27 33 29 31 1211.40 0.040 
28 34 30 32 1220.30 0.040 
29 35 31 33 1253.50 0.040 
30 36 32 34 1207.40 0.040 
31 37 33 35 1031.50 0.040 
32 38 34 36 973.55 0.040 
33 39 35 37 1177.60 0.040 
34 40 36 38 1129.10 0.040 
35 41 37 39 1144.70 0.040 
36 42 38 40 1302.40 0.040 
37 43 39 41 1352.40 0.040 
38 44 40 42 1317.60 0.040 
39 45 41 43 4271.60 0.040 
40 46 42 44 7592.80 0.040 
41 47 43 45 7005.10 0.040 
42 48 44 46 12864.00 0.040 
43 49 45 47 12835.00 0.040 
44 50 46 48 9562.30 0.040 
45 51 47 49 10831.00 0.040 
46 52 48 50 22101.00 0.040 
48 54 50 52 18922.00 0.040 
49 55 51 53 14356.00 0.040 
51 57 53 55 52912.00 0.040 
53 59 55 57 27083.00 0.040 
54 60 56 58 29770.00 0.040 
55 61 57 59 94152.00 0.040 
56 62 58 60 85940.00 0.040 
57 63 59 61 40100.00 0.040 
59 65 61 63 99027.00 0.040 
60 66 62 64 41791.00 0.040 
61 67 63 65 25402.00 0.040 
62 68 64 66 32172.00 0.040 
63 69 65 67 62330.00 0.040 
64 70 66 68 112820.00 0.040 
65 71 67 69 115313.00 0.040 
1 10 4 7 810.57 0.040 
2 11 5 8 891.22 0.040 
3 12 6 9 1006.80 0.040 
4 13 7 10 1071.20 0.040 
5 14 8 11 1015.20 0.040 
6 15 9 12 951.23 0.040 
7 16 10 13 833.16 0.040 
8 17 11 14 809.13 0.040 
9 18 12 15 893.87 0.040 
10 19 13 16 1039.20 0.040 
11 20 14 17 1134.30 0.040 
12 21 15 18 1190.60 0.040 
13 22 16 19 1157.90 0.040 
14 23 17 20 1210.80 0.040 
15 24 18 21 1252.90 0.040 
16 25 19 22 1256.70 0.040 
17 26 20 23 1132.50 0.040 
18 27 21 24 1109.20 0.040 
19 28 22 25 1202.30 0.040 
20 29 23 26 1316.40 0.040 
21 30 24 27 1462.80 0.040 
22 31 25 28 1321.10 0.040 
23 32 26 29 1293.30 0.040 
24 33 27 30 1120.70 0.040 
25 34 28 31 1267.00 0.040 
26 35 29 32 1339.60 0.040 
27 36 30 33 1526.30 0.040 
28 37 31 34 1361.20 0.040 
29 38 32 35 1214.10 0.040 
30 39 33 36 1107.70 0.040 
31 40 34 37 1089.50 0.040 
32 41 35 38 1320.40 0.040 
33 42 36 39 1564.60 0.040 
34 43 37 40 1747.40 0.040 
35 44 38 41 1635.50 0.040 
36 45 39 42 1969.20 0.040 
37 46 40 43 4002.10 0.040 
38 47 41 44 9253.90 0.040 
39 48 42 45 10406.00 0.040 
40 49 43 46 18722.00 0.040 
41 50 44 47 16098.00 0.040 
42 51 45 48 15196.00 0.040 
43 52 46 49 15348.00 0.040 
44 53 47 50 24647.00 0.040 
45 54 48 51 31682.00 0.040 
46 55 49 52 28762.00 0.040 
47 56 50 53 27368.00 0.040 
48 57 51 54 32850.00 0.040 
50 59 53 56 58690.00 0.040 
51 60 54 57 58460.00 0.040 
52 61 55 58 42317.00 0.040 
54 63 57 60 96310.00 0.040 
55 64 58 61 114724.00 0.040 
56 65 59 62 107679.00 0.040 
59 68 62 65 57316.00 0.040 
60 69 63 66 40904.00 0.040 
61 70 64 67 69145.00 0.040 
1 13 5 9 1046.00 0.040 
2 14 6 10 1086.70 0.040 
3 15 7 11 1084.70 0.040 
4 16 8 12 1012.60 0.040 
5 17 9 13 913.32 0.040 
6 18 10 14 841.05 0.040 
7 19 11 15 890.56 0.040 
8 20 12 16 1003.20 0.040 
9 21 13 17 1122.20 0.040 
10 22 14 18 1273.60 0.040 
11 23 15 19 1369.70 0.040 
12 24 16 20 1431.40 0.040 
13 25 17 21 1325.90 0.040 
14 26 18 22 1348.60 0.040 
15 27 19 23 1223.80 0.040 
16 28 20 24 1172.20 0.040 
17 29 21 25 1219.10 0.040 
18 30 22 26 1273.90 0.040 
19 31 23 27 1321.10 0.040 
20 32 24 28 1412.80 0.040 
21 33 25 29 1325.00 0.040 
22 34 26 30 1264.00 0.040 
23 35 27 31 1411.50 0.040 
24 36 28 32 1394.20 0.040 
25 37 29 33 1496.30 0.040 
26 38 30 34 1573.90 0.040 
27 39 31 35 1345.20 0.040 
28 40 32 36 1329.30 0.040 
29 41 33 37 1324.20 0.040 
30 42 34 38 1401.40 0.040 
31 43 35 39 1865.10 0.040 
32 44 36 40 1889.70 0.040 
33 45 37 41 2166.20 0.040 
34 46 38 42 2157.10 0.040 
35 47 39 43 4605.60 0.040 
36 48 40 44 10619.00 0.040 
37 49 41 45 11971.00 0.040 
38 50 42 46 21171.00 0.040 
39 51 43 47 21007.00 0.040 
42 54 46 50 26287.00 0.040 
43 55 47 51 30510.00 0.040 
44 56 48 52 32753.00 0.040 
45 57 49 53 33645.00 0.040 
46 58 50 54 50108.00 0.040 
47 59 51 55 62107.00 0.040 
48 60 52 56 63479.00 0.040 
49 61 53 57 73872.00 0.040 
50 62 54 58 65055.00 0.040 
51 63 55 59 103721.00 0.040 
52 64 56 60 117695.00 0.040 
54 66 58 62 182543.00 0.040 
55 67 59 63 147639.00 0.040 
57 69 61 65 100198.00 0.040 
59 71 63 67 76900.00 0.040 
1 16 6 11 1079.70 0.040 
2 17 7 12 1033.60 0.040 
3 18 8 13 1002.70 0.040 
4 19 9 14 928.82 0.040 
5 20 10 15 919.79 0.040 
6 21 11 16 1028.60 0.040 
7 22 12 17 1101.40 0.040 
8 23 13 18 1250.20 0.040 
9 24 14 19 1463.10 0.040 
10 25 15 20 1547.40 0.040 
11 26 16 21 1523.90 0.040 
12 27 17 22 1503.00 0.040 
13 28 18 23 1385.20 0.040 
14 29 19 24 1233.60 0.040 
15 30 20 25 1281.30 0.040 
16 31 21 26 1242.20 0.040 
17 32 22 27 1224.30 0.040 
18 33 23 28 1238.80 0.040 
19 34 24 29 1264.60 0.040 
20 35 25 30 1332.30 0.040 
21 36 26 31 1493.60 0.040 
22 37 27 32 1513.60 0.040 
23 38 28 33 1560.20 0.040 
24 39 29 34 1505.80 0.040 
25 40 30 35 1519.00 0.040 
26 41 31 36 1524.80 0.040 
27 42 32 37 1658.60 0.040 
28 43 33 38 1760.00 0.040 
29 44 34 39 1824.40 0.040 
30 45 35 40 2200.70 0.040 
31 46 36 41 2194.60 0.040 
32 47 37 42 2500.50 0.040 
33 48 38 43 5294.50 0.040 
34 49 39 44 11532.00 0.040 
36 51 41 46 21270.00 0.040 
37 52 42 47 24560.00 0.040 
39 54 44 49 26754.00 0.040 
40 55 45 50 30722.00 0.040 
42 57 47 52 33382.00 0.040 
43 58 48 53 41783.00 0.040 
45 60 50 55 70953.00 0.040 
46 61 51 56 74250.00 0.040 
47 62 52 57 74091.00 0.040 
48 63 53 58 75453.00 0.040 
49 64 54 59 138263.00 0.040 
50 65 55 60 142082.00 0.040 
51 66 56 61 154416.00 0.040 
52 67 57 62 203479.00 0.040 
55 70 60 65 120387.00 0.040 
56 71 61 66 108146.00 0.040 
1 19 7 13 1050.90 0.040 
2 20 8 14 973.24 0.040 
3 21 9 15 1002.30 0.040 
4 22 10 16 1060.90 0.040 
5 23 11 17 1158.10 0.040 
6 24 12 18 1312.80 0.040 
7 25 13 19 1395.20 0.040 
8 26 14 20 1576.30 0.040 
9 27 15 21 1625.00 0.040 
10 28 16 22 1615.30 0.040 
11 29 17 23 1500.30 0.040 
12 30 18 24 1436.20 0.040 
13 31 19 25 1358.40 0.040 
14 32 20 26 1265.10 0.040 
15 33 21 27 1209.20 0.040 
16 34 22 28 1172.10 0.040 
17 35 23 29 1283.40 0.040 
18 36 24 30 1304.40 0.040 
19 37 25 31 1425.20 0.040 
20 38 26 32 1516.30 0.040 
21 39 27 33 1583.30 0.040 
22 40 28 34 1611.70 0.040 
23 41 29 35 1588.30 0.040 
24 42 30 36 1751.90 0.040 
25 43 31 37 1870.30 0.040 
26 44 32 38 1953.30 0.040 
27 45 33 39 2240.40 0.040 
28 46 34 40 2122.10 0.040 
29 47 35 41 2430.80 0.040 
30 48 36 42 2797.10 0.040 
32 50 38 44 11600.00 0.040 
36 54 42 48 27813.00 0.040 
37 55 43 49 28192.00 0.040 
38 56 44 50 35224.00 0.040 
39 57 45 51 43296.00 0.040 
40 58 46 52 42142.00 0.040 
41 59 47 53 36121.00 0.040 
42 60 48 54 47438.00 0.040 
43 61 49 55 78080.00 0.040 
44 62 50 56 55013.00 0.040 
45 63 51 57 75754.00 0.040 
46 64 52 58 87964.00 0.040 
47 65 53 59 161766.00 0.040 
48 66 54 60 179646.00 0.040 
50 68 56 62 210070.00 0.040 
51 69 57 63 208185.00 0.040 
52 70 58 64 187875.00 0.040 
53 71 59 65 134046.00 0.040 
1 22 8 15 1053.10 0.040 
2 23 9 16 1115.40 0.040 
3 24 10 17 1264.00 0.040 
4 25 11 18 1310.80 0.040 
5 26 12 19 1421.10 0.040 
6 27 13 20 1546.90 0.040 
7 28 14 21 1646.40 0.040 
8 29 15 22 1679.20 0.040 
9 30 16 23 1622.00 0.040 
10 31 17 24 1510.20 0.040 
11 32 18 25 1470.80 0.040 
12 33 19 26 1372.20 0.040 
13 34 20 27 1312.60 0.040 
14 35 21 28 1272.90 0.040 
15 36 22 29 1240.20 0.040 
16 37 23 30 1248.90 0.040 
17 38 24 31 1431.10 0.040 
18 39 25 32 1408.80 0.040 
19 40 26 33 1562.70 0.040 
20 41 27 34 1683.50 0.040 
21 42 28 35 1761.70 0.040 
22 43 29 36 1929.30 0.040 
23 44 30 37 2035.30 0.040 
24 45 31 38 2167.40 0.040 
25 46 32 39 2237.40 0.040 
26 47 33 40 2381.60 0.040 
27 48 34 41 2568.10 0.040 
28 49 35 42 3039.40 0.040 
29 50 36 43 5726.50 0.040 
30 51 37 44 11422.00 0.040 
31 52 38 45 13659.00 0.040 
32 53 39 46 24773.00 0.040 
34 55 41 48 26669.00 0.040 
35 56 42 49 31366.00 0.040 
36 57 43 50 39808.00 0.040 
37 58 44 51 51618.00 0.040 
38 59 45 52 41005.00 0.040 
39 60 46 53 39747.00 0.040 
40 61 47 54 53009.00 0.040 
41 62 48 55 74220.00 0.040 
42 63 49 56 76327.00 0.040 
43 64 50 57 87427.00 0.040 
45 66 52 59 180313.00 0.040 
46 67 53 60 200536.00 0.040 
47 68 54 61 187931.00 0.040 
48 69 55 62 217233.00 0.040 
49 70 56 63 219710.00 0.040 
1 25 9 17 1249.00 0.040 
2 26 10 18 1333.60 0.040 
3 27 11 19 1465.20 0.040 
4 28 12 20 1578.90 0.040 
6 30 14 22 1733.50 0.040 
7 31 15 23 1648.10 0.040 
8 32 16 24 1547.50 0.040 
9 33 17 25 1526.70 0.040 
10 34 18 26 1514.70 0.040 
11 35 19 27 1464.70 0.040 
12 36 20 28 1397.00 0.040 
13 37 21 29 1343.90 0.040 
14 38 22 30 1254.80 0.040 
15 39 23 31 1318.70 0.040 
16 40 24 32 1425.60 0.040 
17 41 25 33 1554.00 0.040 
18 42 26 34 1731.20 0.040 
19 43 27 35 1808.20 0.040 
20 44 28 36 1947.10 0.040 
21 45 29 37 2174.30 0.040 
22 46 30 38 2275.30 0.040 
23 47 31 39 2319.80 0.040 
24 48 32 40 2614.30 0.040 
25 49 33 41 2752.20 0.040 
26 50 34 42 3018.00 0.040 
27 51 35 43 5616.20 0.040 
28 52 36 44 12086.00 0.040 
29 53 37 45 14326.00 0.040 
30 54 38 46 24837.00 0.040 
31 55 39 47 25146.00 0.040 
32 56 40 48 28122.00 0.040 
34 58 42 50 45184.00 0.040 
35 59 43 51 45656.00 0.040 
37 61 45 53 48872.00 0.040 
38 62 46 54 52095.00 0.040 
39 63 47 55 79023.00 0.040 
40 64 48 56 86845.00 0.040 
41 65 49 57 93890.00 0.040 
42 66 50 58 106759.00 0.040 
43 67 51 59 185288.00 0.040 
44 68 52 60 199276.00 0.040 
45 69 53 61 196097.00 0.040 
46 70 54 62 249452.00 0.040 
47 71 55 63 223156.00 0.040 
1 28 10 19 1489.40 0.040 
2 29 11 20 1580.30 0.040 
3 30 12 21 1677.70 0.040 
4 31 13 22 1687.40 0.040 
5 32 14 23 1641.80 0.040 
6 33 15 24 1593.70 0.040 
7 34 16 25 1667.80 0.040 
8 35 17 26 1590.10 0.040 
9 36 18 27 1567.90 0.040 
10 37 19 28 1508.90 0.040 
11 38 20 29 1448.10 0.040 
12 39 21 30 1372.60 0.040 
13 40 22 31 1417.30 0.040 
14 41 23 32 1493.30 0.040 
15 42 24 33 1649.70 0.040 
16 43 25 34 1788.20 0.040 
17 44 26 35 1763.00 0.040 
18 45 27 36 2018.80 0.040 
19 46 28 37 2078.40 0.040 
20 47 29 38 2307.10 0.040 
21 48 30 39 2596.80 0.040 
25 52 34 43 5776.50 0.040 
26 53 35 44 12535.00 0.040 
27 54 36 45 14253.00 0.040 
29 56 38 47 26479.00 0.040 
30 57 39 48 28593.00 0.040 
31 58 40 49 35881.00 0.040 
32 59 41 50 39097.00 0.040 
33 60 42 51 47234.00 0.040 
35 62 44 53 46246.00 0.040 
36 63 45 54 58339.00 0.040 
37 64 46 55 87918.00 0.040 
38 65 47 56 97053.00 0.040 
39 66 48 57 115350.00 0.040 
40 67 49 58 117271.00 0.040 
42 69 51 60 195763.00 0.040 
43 70 52 61 202001.00 0.040 
44 71 53 62 240897.00 0.040 
1 31 11 21 1645.50 0.040 
2 32 12 22 1671.70 0.040 
3 33 13 23 1649.60 0.040 
4 34 14 24 1731.70 0.040 
5 35 15 25 1696.70 0.040 
6 36 16 26 1658.70 0.040 
7 37 17 27 1625.40 0.040 
8 38 18 28 1587.00 0.040 
9 39 19 29 1565.30 0.040 
10 40 20 30 1492.80 0.040 
11 41 21 31 1584.50 0.040 
12 42 22 32 1637.80 0.040 
13 43 23 33 1769.80 0.040 
14 44 24 34 1765.60 0.040 
15 45 25 35 1862.10 0.040 
16 46 26 36 1911.20 0.040 
17 47 27 37 2079.70 0.040 
18 48 28 38 2330.20 0.040 
25 55 35 45 13254.00 0.040 
26 56 36 46 24093.00 0.040 
27 57 37 47 27053.00 0.040 
29 59 39 49 30446.00 0.040 
30 60 40 50 39184.00 0.040 
31 61 41 51 48339.00 0.040 
32 62 42 52 46597.00 0.040 
33 63 43 53 49681.00 0.040 
34 64 44 54 64214.00 0.040 
35 65 45 55 99178.00 0.040 
36 66 46 56 106331.00 0.040 
37 67 47 57 118525.00 0.040 
38 68 48 58 121146.00 0.040 
40 70 50 60 206410.00 0.040 
1 34 12 23 1748.90 0.040 
2 35 13 24 1673.50 0.040 
3 36 14 25 1748.90 0.040 
4 37 15 26 1744.40 0.040 
5 38 16 27 1700.60 0.040 
6 39 17 28 1654.10 0.040 
7 40 18 29 1651.30 0.040 
8 41 19 30 1637.90 0.040 
9 42 20 31 1744.30 0.040 
10 43 21 32 1808.40 0.040 
11 44 22 33 1832.80 0.040 
12 45 23 34 2124.10 0.040 
13 46 24 35 1862.90 0.040 
14 47 25 36 1951.50 0.040 
15 48 26 37 2130.80 0.040 
25 58 36 47 28538.00 0.040 
26 59 37 48 26808.00 0.040 
27 60 38 49 30956.00 0.040 
29 62 40 51 46241.00 0.040 
30 63 41 52 47326.00 0.040 
31 64 42 53 53993.00 0.040 
32 65 43 54 70691.00 0.040 
33 66 44 55 107336.00 0.040 
35 68 46 57 119560.00 0.040 
36 69 47 58 122161.00 0.040 
37 70 48 59 195605.00 0.040 
38 71 49 60 203267.00 0.040 
1 37 13 25 1736.90 0.040 
2 38 14 26 1775.20 0.040 
4 40 16 28 1774.80 0.040 
5 41 17 29 1796.20 0.040 
6 42 18 30 1798.40 0.040 
7 43 19 31 1898.80 0.040 
9 45 21 33 2012.60 0.040 
10 46 22 34 1979.30 0.040 
11 47 23 35 1963.60 0.040 
12 48 24 36 2096.30 0.040 
25 61 37 49 31735.00 0.040 
27 63 39 51 46643.00 0.040 
29 65 41 53 57747.00 0.040 
30 66 42 54 76211.00 0.040 
31 67 43 55 112803.00 0.040 
33 69 45 57 124851.00 0.040 
35 71 47 59 193785.00 0.040 
2 41 15 28 1891.00 0.040 
3 42 16 29 1947.20 0.040 
4 43 17 30 1949.30 0.040 
5 44 18 31 1977.80 0.040 
6 45 19 32 2054.80 0.040 
7 46 20 33 2008.40 0.040 
8 47 21 34 2031.10 0.040 
9 48 22 35 2051.00 0.040 
25 64 38 51 49535.00 0.040 
26 65 39 52 52767.00 0.040 
27 66 40 53 60778.00 0.040 
28 67 41 54 78371.00 0.040 
29 68 42 55 111045.00 0.040 
30 69 43 56 117030.00 0.040 
31 70 44 57 126062.00 0.040 
32 71 45 58 126595.00 0.040 
1 43 15 29 2070.70 0.040 
2 44 16 30 2011.60 0.040 
3 45 17 31 2124.10 0.040 
4 46 18 32 2076.80 0.040 
5 47 19 33 2131.30 0.040 
6 48 20 34 2128.70 0.040 
25 67 39 53 61534.00 0.040 
26 68 40 54 76681.00 0.040 
27 69 41 55 112123.00 0.040 
1 46 16 31 2139.10 0.040 
2 47 17 32 2169.90 0.040 
3 48 18 33 2262.10 0.040 
26 71 41 56 114638.00 0.040 
