2.382159682911871641e+03
2.752663939564109114e+03
6.340932841274302518e+02
5.443645287210102879e+02
3.050058632049815515e+02
1.445765064515431504e+03
8.174146862330163685e+02
1.451432619006348659e+03
1.763590751614440023e+03
2.637414564174467159e+03
6.287997484292212675e+02
5.555140206474852675e+02
6.129779638778493336e+02
8.353054637159917775e+02
1.099326162888628915e+03
8.662269416016632704e+02
7.809755632504131881e+02
1.703238697144380467e+03
1.202850361582546611e+03
1.183468941110348624e+03
1.417633387864284487e+03
1.683559314897316881e+03
1.791977128084057767e+03
2.931853490757524014e+03
1.853846285684778650e+03
1.449898193280417672e+03
1.588468424687205015e+03
3.155516934011357989e+03
1.486784989723760418e+03
1.010205101769163889e+03
7.112708805682177626e+02
1.324659595407703591e+03
1.644935085424536283e+03
3.367098299303457679e+03
3.120469601437418532e+03
1.561622070596579988e+03
2.060520664288632361e+03
1.308446189857926583e+03
1.073192180815032316e+03
8.220318583795288987e+02
1.354245862902387444e+03
8.153172311420349843e+02
2.065346332359496955e+03
1.612749589767435282e+03
1.836582238158292512e+03
2.001724726779488947e+03
8.703145566494621335e+02
8.436866317932007178e+02
4.220753805569451288e+03
8.209664383315598570e+02
8.295115848097726712e+02
8.118113573432741532e+02
7.915628252053126062e+02
3.615724905540452255e+03
1.212208096361574690e+03
1.053478625958917974e+03
1.562730693243953283e+03
6.666366191750782946e+02
1.411898525174869292e+03
1.606419645960065282e+03
1.589168479206502298e+03
1.744904785468747832e+03
1.375813760992282369e+03
7.737176096735855708e+02
1.498222786013954419e+03
6.403348985957658215e+02
1.086519209680174527e+03
1.611514482574857539e+03
8.679183700706081481e+02
3.208599782566339854e+03
1.588041669142944784e+03
8.509879818746029514e+02
1.326154901655105050e+03
1.027670790472669523e+03
1.887207595770134276e+03
1.723319584289655495e+03
9.559422007767608420e+02
3.295829024338497220e+03
1.360536846269966645e+03
5.288222659196218274e+02
1.093523290023170375e+03
1.469755468964620377e+03
1.819443846453263404e+03
4.940150814218413871e+02
2.918557791371689291e+03
1.145273668173580518e+03
1.436980232809034987e+03
1.201172876496117169e+03
1.228505137261360005e+03
8.612990854309774704e+02
1.496449860067334839e+03
1.598671605526855728e+03
2.197609300144875306e+03
1.775145145321044538e+03
1.445379212137715058e+03
1.468431864932751068e+03
2.164061353257858627e+03
1.875437393832435646e+03
1.326594138768589573e+03
9.143382982049878365e+02
8.197137035423261295e+02
2.589744146410959729e+03
4.411418607265493961e+02
1.025539326790756604e+03
5.222082851406014470e+02
5.974819149249550492e+02
1.169668363672784380e+03
2.280689072661879436e+03
5.100677080018501783e+02
3.343284002809748927e+03
2.657896473661500295e+03
5.114032885268082964e+02
6.466541258643552510e+02
2.221663606435221936e+03
3.436713075221438203e+02
5.965599424797756001e+02
1.311200879710729168e+03
1.323801935394123120e+03
1.158336802230565127e+03
1.808811533273105169e+03
1.848052342281408983e+03
1.768793857378241000e+03
1.292651565982128886e+03
2.061024420196243227e+03
4.158401389284555080e+03
1.131268649765402870e+03
1.424231065647466039e+03
1.893686374802948194e+03
1.300662110952848252e+03
1.408574126836355617e+03
1.178208776676439129e+03
1.309441893580052010e+03
1.803656364873966822e+03
1.631945815924449562e+03
1.283531756488153405e+03
2.147334593888213931e+03
1.032276100637549689e+03
1.419207065733032778e+03
7.569029302337376066e+02
9.723052145322791375e+02
1.630090799354571345e+03
2.723835640168009832e+03
2.077946595151877773e+03
2.384638459966560276e+03
1.031988483411058269e+03
1.612680799726888154e+03
2.548071068060162361e+03
8.930855427666410833e+02
1.073246396034836835e+03
5.602743710360408613e+02
4.707251585898420672e+02
7.200170322098771294e+02
2.266281369974869449e+03
1.835044146480857535e+03
1.310507274560089172e+03
7.772580979693722156e+02
1.473354628185850061e+03
2.071140627999759090e+03
1.028117622116659504e+03
1.786823004899641091e+03
4.389121265060388168e+02
4.697663165304888935e+02
6.088164998625010185e+02
1.421535739793455832e+03
6.396336231130018177e+02
1.635642789544977802e+02
8.069623299081198411e+02
1.387309477041056425e+03
8.088602930700865272e+02
2.832836501513691474e+03
3.177718484140782493e+03
3.561545582392836877e+03
3.970956321810524514e+03
7.514984132761965157e+02
1.094304835091461882e+03
3.385469506017561343e+03
3.357635131702318745e+02
9.082598907192569868e+02
2.207207137409571260e+03
2.265130051125778209e+03
2.222980403569389637e+03
5.110288949840524424e+02
3.203561603735561675e+03
2.600795912945829059e+03
2.492690613389086593e+03
2.639955279592048100e+03
2.993044932608641830e+03
1.228616750155916861e+03
1.149631102769113568e+03
1.106899268272802146e+03
1.086365387488818214e+03
1.057461144874984484e+03
1.816557825749624953e+03
3.616797261034007079e+03
8.201292756453792663e+02
3.266943857725144085e+02
8.550538184168404996e+02
2.974338838041698637e+03
3.347530554798008325e+03
1.437627583124972034e+03
8.895607341368760217e+02
6.274167022874412396e+02
6.330850579013225570e+02
3.044652430191143139e+03
1.870694030798599215e+03
4.479839703865571323e+02
1.303568329200548760e+03
6.478503489279867154e+02
1.092238595927021152e+03
2.675206509075620943e+03
2.501305330445998607e+03
1.538301412095934438e+03
2.371845330504854701e+03
1.824187188694765382e+03
1.830720551410828193e+03
1.433944848611324232e+03
1.665323973112515205e+03
2.469672769201588380e+03
1.526277340004452299e+03
1.015695674141785275e+03
1.603053702145320358e+03
8.193211251621174824e+02
1.621200870098651649e+03
4.717567964480913929e+02
8.533115261059847398e+02
8.604078909005489777e+02
1.830645119188735634e+03
4.532989082738184834e+02
6.061721446937298197e+02
1.752443363462824664e+03
8.013513162016294018e+02
7.655491298227980224e+02
1.209960136454768417e+03
1.699137436987644605e+03
1.215747374641052374e+03
1.079696118428988939e+03
2.024993734241656739e+03
2.576083533789883859e+03
1.855775225482629367e+03
2.190582623993279867e+03
6.821937904318373285e+02
1.587876498349387475e+03
4.171534379892689799e+02
7.298697283659589630e+02
2.676156246530413227e+03
2.519413957145387030e+03
1.133527570633997584e+03
2.748952284984121434e+03
2.811787349198359152e+03
9.839429721972550169e+02
3.152035240310842255e+03
3.470431067615446864e+03
3.910861883300531645e+03
3.193641309643583554e+03
1.415763341496109433e+03
1.624477187247014399e+03
8.469654034409520591e+02
7.172667037959538447e+02
3.437648260685996775e+03
3.440230402812925149e+03
1.359472004769732621e+03
2.022848422708912949e+03
1.500676635623845186e+03
1.767715566060868468e+03
1.201528578594584587e+03
2.679785861646979811e+03
3.176897782817111420e+03
3.648148512080633736e+03
3.928504139143889006e+03
1.381786531622944040e+03
3.781726538562042606e+03
2.718500764589493883e+03
8.033659784717411867e+02
9.807721922279336013e+02
8.912816435379995710e+02
4.458408053889612006e+02
7.574940778101156411e+02
8.642860429517700140e+02
2.867710654919414083e+03
2.516859000475067660e+03
2.624260890792092596e+03
2.180837137627199809e+03
1.839029746012568012e+03
1.681178921167995213e+03
2.065497009257354421e+03
7.885402403234801341e+02
1.534528090352258232e+03
1.681638893487012410e+03
1.253288610757688048e+03
1.809581595578651559e+03
1.842790317447685311e+03
2.617052752827140012e+03
9.061797128351662423e+02
1.014648140228509646e+03
1.131946017648516772e+03
2.762347666023329111e+03
1.102263651219545409e+03
1.502234379468956149e+03
9.674364484147789653e+02
2.532833228909671561e+03
2.722807383594928524e+03
1.962969029154007330e+03
9.329536297109575571e+02
5.911302763919684367e+02
1.822612579391443205e+03
1.979812419483079339e+03
2.515408587708910090e+03
1.927908810850173950e+03
1.521380741642786688e+03
3.415001827294490226e+02
7.603901828718517208e+02
2.007421723849621230e+03
2.215314782411920078e+03
3.254283304256821339e+03
3.348472668534988316e+03
1.012146871768140272e+03
1.390845194557737386e+03
8.681768327850212472e+02
8.960063711718472632e+02
9.512045834792811547e+02
2.137231975949520347e+03
1.989500244263143259e+03
3.086518042639450869e+03
3.541563475598948571e+03
3.875337173542507117e+03
1.136997817814765767e+03
2.007772138331283486e+03
1.668802441148760408e+03
1.675193230568750096e+03
2.736368025996836423e+03
2.984880320139711330e+03
3.061517218244757714e+03
4.513212234072576393e+03
2.091660379153339818e+03
2.100348936350703298e+03
6.937925244687113491e+02
1.105276649757878431e+03
1.791429975412227350e+03
1.807467266799676963e+03
1.114723138093727130e+03
1.723951765984002805e+03
2.132908944644396342e+03
2.902700490835249184e+03
2.521695750853355094e+03
2.766044846506294107e+03
5.750858038915069983e+02
9.779295812727068551e+02
1.824343162833371707e+03
1.752286244631172167e+03
8.891786741823319744e+02
1.765912639943553359e+03
6.150621019831517060e+02
8.818164644537835102e+02
1.418140007114064474e+03
1.939869836906444561e+03
1.831173796632845551e+03
2.810469205456338386e+03
2.687861797413529985e+03
2.846569878726931165e+03
1.347915295758548382e+03
1.858041181155763979e+03
1.565104139822346269e+03
1.709171971452787375e+03
1.633628021490266519e+03
2.127637305857388128e+03
9.251072935209631396e+02
1.062379717615155641e+03
1.682269090765007377e+03
2.848978321995804890e+03
1.226610365539027043e+03
1.730596119278731521e+03
1.803980278946820590e+03
1.847324446485936051e+03
1.925878548985025418e+03
9.624529304399630973e+02
1.864628857697660351e+03
2.841343051430361356e+03
2.291726091820088641e+03
1.096055324266107618e+03
1.183844428361656583e+03
2.782943383768748390e+03
5.675066916308672944e+02
1.348689183427345370e+03
1.856253992912544845e+03
1.512202601842545391e+03
1.504956036079536489e+03
2.330908724496343893e+03
8.797149253388407715e+02
2.367852089140907992e+03
1.770065514229911514e+03
2.832571994239191554e+03
1.896848173048577337e+03
2.827193448649364200e+03
5.927235426674577639e+02
4.369506256363508214e+02
1.488837096219530622e+03
1.496882085563679084e+03
1.453610191852022808e+03
2.197126436393540189e+03
2.227364141327827838e+03
1.773329196498583769e+03
2.640601694701705128e+03
2.527996370620298876e+03
5.679180979096423698e+02
5.420456982034496605e+02
1.724184316715754676e+03
1.103301202536451910e+03
2.239754842449684929e+03
8.184639667270313339e+02
3.318804994800893382e+03
4.331454404637741391e+03
3.587581786023693894e+03
3.042784135947239974e+03
3.011385408587912480e+03
3.525819037493309224e+03
2.541236024032297792e+03
2.772497401307765813e+03
2.146169571871131666e+03
2.136275443845798236e+03
1.967813274358179115e+03
2.111492629298474185e+03
2.091262522321134838e+03
2.448322117667848033e+03
2.139263686611513094e+03
1.814856676283245861e+03
2.107993971563979358e+03
2.146736419671885869e+03
1.518623940870162642e+03
2.944768804726722465e+03
9.517344414308245177e+02
1.673377173661584948e+03
5.526799637098580433e+02
4.963772789637068854e+02
1.609809393749105993e+03
1.720058996263345307e+03
1.258860813675408963e+03
1.945976032093115009e+03
1.202675089659818013e+03
2.354712244904335421e+03
1.258558011226934241e+03
1.278066589258468866e+03
1.612657810453784123e+03
1.527650771350515697e+03
1.082291426784973737e+03
9.782734267886236239e+02
1.054050040325874079e+03
2.590685787931862706e+03
1.768699708109100129e+03
4.106536469209347160e+03
6.123627871309362263e+02
1.650419367770026838e+03
4.963503759502991102e+02
2.847568780800143031e+03
3.945041254221339386e+02
1.754438014618757052e+03
3.428793426250100310e+03
6.115049278913539865e+02
2.514003325317252347e+03
2.022667497222929114e+03
1.095952746297960857e+03
2.957228423088312866e+03
4.110490394374100447e+02
3.396792351650150863e+02
1.914465935769299222e+03
2.176066808912001761e+03
9.752290868691992500e+02
1.547080709735465007e+03
2.114574179338214890e+03
2.776827003677729863e+03
1.856593809034036894e+03
1.465026112851637436e+03
2.578762578212412791e+03
2.826720209005861307e+03
3.767308420513256351e+03
1.285822838624780388e+03
1.546219475059027900e+03
1.592576823295250051e+03
1.934213597014012976e+03
1.604117747919991643e+03
3.269287800520850851e+03
3.631255137684383953e+03
1.482570201474082069e+03
8.536819895803369036e+02
2.429248184880157169e+03
1.137705447377182963e+03
4.612777463682738244e+02
1.844956548685166581e+03
2.132494575733586316e+03
4.052237444449196460e+02
5.204700943771186985e+02
9.586463692821447466e+02
2.627805104629274865e+03
3.272954050740574530e+03
3.637042717066783553e+03
7.034335392339198734e+02
6.930499771027069755e+02
2.835164878685772692e+03
2.306294371440001214e+03
7.637442530703440298e+02
8.548246396562045675e+02
1.063942959952878482e+03
2.748899470238590766e+03
3.972034460639660210e+03
3.351441441276828300e+03
2.941658869681928081e+03
2.830498056176817954e+03
1.523777498599385126e+03
1.898553892847944780e+03
1.846610175574121968e+03
2.538450853541342894e+03
2.264830110483362205e+03
2.171674083714767676e+03
6.551402571700301678e+02
1.253717773065025995e+03
1.001638416140739423e+03
6.386714667528701739e+02
1.713660439931767769e+03
3.095710766734018762e+03
2.166195026726164542e+03
1.912059805881606962e+03
3.817313139935695858e+02
4.522288271270938935e+02
2.998981639370801531e+03
2.981258089714575817e+03
3.484849267847910141e+03
1.331511125770002309e+03
1.762525078140574351e+03
2.136367046859280890e+03
4.137319227294252073e+02
3.864657506207240203e+03
1.255015385961067523e+03
3.102217044133872605e+03
2.018597746003094926e+03
2.026629129057730097e+03
1.867125287800085289e+03
7.788727605405900931e+02
5.216184349424105449e+02
2.082004951904884365e+03
2.319956427347817680e+03
2.895730615136845245e+03
1.502828589636780407e+03
2.216985171902558250e+03
4.700735734251650229e+02
1.591698294058030115e+03
2.818280354066822838e+03
2.083662802317850492e+03
2.235975480395428804e+03
2.901799814311071259e+03
3.298365742236103870e+03
3.057301015190574162e+03
2.146275961058077542e+02
1.838068090690542931e+03
2.593323808816785913e+03
2.227997108119042423e+03
2.214024349590939892e+03
1.481201051308052001e+03
2.038562926305415431e+03
2.683535277364372632e+03
1.627273155567554340e+03
2.230033893028625698e+03
1.839978287909592837e+03
1.520546558865589986e+03
1.839397750009685524e+03
2.109237248007247217e+03
1.900592894093855648e+03
3.126142699099435731e+02
1.128780689629624476e+03
9.418427956426572791e+02
9.181370849642851226e+02
1.138658160005451919e+03
8.180982712750547989e+02
1.123719916351063603e+03
5.950916993493868858e+02
4.840450584174938626e+02
4.836263477815783745e+02
2.004254287184961925e+02
3.178272004254484727e+03
2.179526810682807536e+03
3.282637315847573973e+03
3.841109710696262596e+02
1.626794526610779712e+03
2.880580293232159192e+02
1.945587390896171200e+03
1.801678624241887519e+03
1.368384962113611209e+03
6.629713610370666856e+02
7.710930951116026790e+02
6.618248943719077033e+02
2.657245054393515602e+02
1.878849724902253683e+03
5.757919456237672193e+02
5.391839079146049016e+02
3.318216171263667320e+02
2.018856677883319662e+03
1.765502795978126187e+03
2.605686336483734635e+02
1.564888007235549026e+02
1.604268210902092733e+03
1.388212210080637306e+03
2.866306392471465756e+02
1.072380502161237246e+03
1.569052353336361421e+03
2.107273669319696126e+02
2.742800356707677111e+03
8.867329966656978968e+02
4.965853027292697561e+02
5.040961758765711238e+02
3.778897389925739958e+02
3.724704422252528389e+02
3.563676473621753303e+03
2.743729383824026172e+03
1.090484315418225833e+03
1.628446058878982967e+03
2.869744228774556632e+03
2.352766516504158517e+03
8.030166836494358904e+02
7.777020741383602171e+02
5.600563935333050267e+02
2.438176458331442689e+02
2.644031358301581918e+02
1.042271375461545404e+03
1.135944020780822484e+03
9.022217199447331950e+02
4.445479858790475305e+02
7.551262298932393833e+02
8.234843070447529954e+02
1.338643148486599330e+03
4.103569407418791570e+02
5.415373271691987611e+02
1.462636993524974685e+02
8.807218119332517290e+02
3.340850655491420298e+02
2.834267381200054956e+02
1.956451301262555376e+02
3.921191196704990034e+02
2.768784057632694385e+03
3.860967289966289400e+02
2.498063820979505465e+02
2.165955631471626077e+02
5.150674092163732212e+02
2.764316540369617314e+02
4.214211965828367852e+02
2.769738297206519064e+02
3.618881720767691377e+02
4.576927562926649102e+02
1.417688196935562814e+02
3.647104959338927301e+02
1.733833223720192791e+02
1.480753539056376894e+03
3.139522072389008258e+02
2.223391140674270616e+02
2.632426376159995129e+02
1.234906296435602968e+02
8.551044607858749487e+02
2.170091736680933536e+02
1.324024879981273273e+02
6.237817618109995692e+02
2.773397147378019781e+03
1.319782411431212495e+03
7.432702480596549321e+01
5.131139801304821049e+02
8.394157969111477087e+02
9.572634026569737671e+02
5.848651220173589991e+02
8.211374202944759304e+01
7.288490795779820530e+01
6.567879047250009705e+01
7.442081908443803684e+01
8.986705384995627810e+01
2.892584905886915294e+02
1.711656222809370433e+02
2.752507551723714414e+02
3.846493815294189176e+02
9.365385785036044126e+02
2.707096291460480643e+03
9.677766864054855205e+02
8.144212604981028107e+02
9.200311069535158026e+01
1.165154784000546613e+02
2.356113421674039728e+03
2.788340295466210819e+02
4.209594029649248910e+02
1.034220373912671675e+03
1.117578216815011132e+02
1.022233411089247141e+02
2.195426618202410282e+03
1.733142247208305378e+02
1.726265150736100225e+02
3.064514890079268525e+02
2.127989565764868985e+03
2.174202955162151284e+03
1.755184942912985207e+03
1.099786081581700955e+03
1.877884233986970230e+03
1.516861012258970277e+03
1.300216794726040007e+03
1.946250551772913468e+03
4.712181189971991557e+02
1.031846887714024206e+03
1.579622879496202358e+03
1.944726458446260722e+03
3.981768704827898659e+02
5.227347600867193478e+02
7.933447922802023413e+02
6.765101808053987043e+02
7.223799481297033935e+02
4.689269634742369703e+02
3.593300627961456826e+02
1.418706062558328540e+02
3.814408665108211949e+02
7.816645912927453992e+02
1.694349755786518585e+02
2.335730408830346505e+02
3.413482325270893512e+02
3.121423876237872150e+02
1.446662992081336654e+02
1.812427224341876411e+02
9.460811913343037816e+01
1.194326948053829796e+02
2.921382718963429284e+02
3.740108189705294421e+02
3.877034449501132372e+02
7.927378880842576336e+02
4.148634162337513089e+02
3.245064878855509960e+02
2.239391621590673367e+02
7.734319544015947656e+01
1.434918292355805249e+02
8.755028927899692803e+01
2.459433605203245179e+02
1.257613752602255062e+02
9.374472370245662489e+01
1.537518696309576001e+02
1.737635432478651012e+02
8.106370742401539076e+01
1.209296916458227571e+02
3.076900752853682093e+02
1.337484343445586887e+02
1.284066552674840409e+02
8.132815434545491939e+01
1.129554991864451097e+02
6.976868514322269732e+01
7.691135745160309511e+01
9.518437031729176567e+01
1.408699794269035692e+02
2.716748667116985416e+02
2.663676485894110328e+02
3.139090656373226125e+02
1.154017180150093793e+02
9.777197730301757872e+01
5.784387726871774049e+01
1.244939459326985656e+02
7.508745893445896513e+01
3.507378193058630700e+02
1.862947435584079017e+02
2.405263367044204017e+02
1.237863157726152394e+02
9.609373311369985515e+01
2.259931611572941961e+02
2.015804342122934258e+02
1.816759025772152540e+02
1.739181040366829052e+02
2.618391882547634282e+02
5.511875695523603014e+01
7.278460588133710019e+01
2.970478445335216975e+02
5.661347563713298570e+01
1.043790329137552106e+02
2.784085393967303617e+02
6.436347907469547636e+01
1.120975943708808558e+02
6.258748359920137005e+01
5.414676610708303173e+01
1.650538485066225860e+02
2.325624931655661953e+02
1.075149331406224604e+02
1.456923639686836793e+02
9.772725690078264904e+01
7.193605028342652474e+01
5.811263336888956843e+01
1.458197858473674557e+02
9.225214760983803330e+01
1.256807779384708113e+02
8.646767709228238630e+01
7.688657123621756284e+01
6.667335395754889760e+01
8.657338869771675149e+01
8.112670134269122002e+01
5.853450233041100148e+01
6.786767543493498067e+01
6.304372789655500497e+01
5.340760002014104657e+01
5.694017478761813322e+01
8.784154056065312943e+01
1.488629056318474113e+02
2.358176547689388372e+02
1.864272199065219695e+02
1.522225904778893266e+02
6.521080256186266411e+01
6.091337688248913906e+01
1.578169865090661972e+02
5.501187130951138471e+01
9.599384949000247502e+01
6.793995816099726426e+01
2.105061865333273090e+02
2.045397527872134162e+02
1.735824819885069417e+02
1.106181356732883927e+02
2.041020187844493705e+02
1.756593532066050898e+02
2.175222435330511246e+02
1.559207851964604572e+02
1.879636164499476365e+02
1.548225735602623843e+02
1.573072401041805790e+02
9.220225645457641406e+01
1.021092520515393289e+02
1.044852913198131574e+02
1.446301316038384641e+02
1.242256344867415550e+02
6.088864136853425890e+01
1.104720778506188879e+02
1.091311814300767367e+02
1.105618561872627055e+02
1.183213249642210059e+02
1.128648872553297622e+02
1.252902572524437517e+02
1.047143613418318324e+02
1.103236944500321073e+02
1.079318812780234396e+02
1.131384304706308228e+02
9.565345034847032935e+01
1.154855692187195757e+02
1.165534782216781622e+02
1.153264292836555427e+02
1.188123615714703476e+02
1.306165810745351052e+02
1.109366116028055842e+02
1.279626046311715157e+02
1.022026256903945978e+02
1.174323472084904694e+02
9.056963366105082969e+01
1.086613830805124365e+02
1.079033123567654258e+02
7.511344717377309621e+01
5.231376212308580165e+01
7.357229083793640712e+01
6.380934915006798747e+01
7.243457552124351650e+01
6.483270323681594505e+01
7.890446396289567588e+01
7.014102732473469359e+01
9.673483126298523871e+01
1.860770097639118035e+02
8.518173582798293353e+01
6.575540983485346658e+01
5.545411351029637359e+01
5.203949772813282948e+01
5.324471830597882160e+01
1.316322697562814312e+02
1.546598888787333976e+02
1.333753154741282856e+02
8.500419738531537917e+01
1.056640733542383543e+02
5.443764151965205400e+01
6.130472504900102138e+01
6.855765956117215865e+01
7.638005088401357057e+01
5.964207234095318455e+01
5.490518156694115248e+01
5.725503559257326458e+01
8.787144269385289874e+01
8.189834106773375311e+01
5.706026288372378730e+01
6.044860813372621777e+01
6.429393811029349592e+01
9.008220092473256102e+01
9.924625970688769883e+01
7.469100639919017226e+01
7.858801620801710897e+01
7.721922823137350633e+01
6.174953019280334843e+01
5.750903110182670730e+01
6.829330199506939891e+01
6.427644914064171644e+01
8.093475140148096614e+01
6.832702437904193005e+01
1.039668382894053877e+02
8.242148130360249070e+01
1.247006895662098742e+02
9.602802579664935934e+01
