1.139525589415807872e+03
1.501061775083648298e-01
1.199715168510177682e+04
8.746534699880277230e+02
1.163721030620740322e+02
1.057451334799501979e+02
5.565566312874763971e+05
1.338033069896898496e+03
6.749239885695965313e+02
1.067619764583576853e+03
2.915973672581763458e+04
1.421356751824589628e+04
9.745259930019834655e+02
2.506933203457681229e+05
4.507080252302715962e+03
2.091293249568098418e+03
7.098529964207233434e+02
5.089807081892835413e+04
3.899417579458468244e+05
1.045777293687051952e+03
1.381355047883098632e+04
7.005395248310045417e+02
7.395025665006041891e+02
8.976003372417351329e+02
9.243336198406453832e+02
2.254462390856278034e+03
3.150080113774143683e+03
3.805120141157458420e+03
1.761044340846663999e+03
2.602285984331863801e+03
7.671305542904603954e+02
1.601942321825596082e+03
9.762429413516149452e+02
1.529168440917371072e+03
3.575685001234846368e+03
6.383899690132291653e+03
2.140071737605957424e+03
2.407330191188713400e+02
4.068835580253311491e+03
1.010087900981174585e+03
8.694553998155921590e+02
5.394132846387540212e+02
1.828668353877736808e+04
6.813160936020267400e+02
1.494297882863701943e+03
7.597812933544455518e+02
1.515239346305125139e+02
2.655511163323670644e+03
8.518905612465296144e+02
5.179884692318018642e+04
2.072642371934632138e+03
1.972202632531804056e+03
1.022615521162348841e+03
1.201838237114385635e+02
1.543245751598170955e+03
2.220048869571347495e+03
3.794537375147702818e+01
3.451451786548975178e+03
3.903341529666700808e+03
2.345716753168231028e-01
3.188675537152373636e+03
6.386736817142515065e+03
4.017905525725833741e+03
4.768754244798211062e+02
4.008786585283040040e+03
3.228843755792169759e+03
1.536700256123966028e+03
1.157839138988552577e+03
1.344215916718127630e+02
5.579265888385362615e+01
2.149397020551401056e+03
2.060439206614339855e+04
6.624450459350789060e+03
9.774655848578171913e+01
8.586051068089329874e+02
1.180767303694199427e+03
5.425904497131356266e+02
3.082727294897382762e+03
1.392405479553639225e+02
1.208328250715998593e+03
1.228360102560066480e+03
3.735642135240434072e+03
1.225573078618588625e+03
2.470675751475455854e+03
1.104799618531942315e+03
9.348773969675760327e+02
6.223109162239072248e+03
9.879176173852655438e+02
9.827496977815990249e+02
1.984894333582333729e+03
1.886092290861978199e+03
4.739603763300264205e+01
3.641021702625059334e+03
5.289418234276196017e+03
5.908229160060348477e+03
4.022063860496121379e+03
1.062434129069469918e+03
9.954724775905298202e+02
9.816010773931367339e+02
4.684515968340738254e+03
1.207184688143043104e+03
8.267425207662707862e+02
9.973578778446039905e+02
1.351307438936748667e+03
1.146455716618555243e+03
2.637367610402490300e+03
9.603795589797354069e+02
1.044049950112488659e+03
2.230226688623743939e+03
1.545693299811949373e+03
1.155686417167893978e+03
8.032924056958116807e+02
4.047867531605727891e+03
8.687257926286271186e+02
1.674949747153443923e+03
1.015613466114689004e+03
7.059853667258199721e+02
6.116615317607574553e+01
1.272146777213913083e+03
8.090500579191585757e+02
6.715860094257199080e+02
1.301440365741449341e+03
1.004805019551045689e+03
2.935852188745022431e+03
1.068264255904714673e+03
1.103899830138054767e+03
3.445228036996878473e+03
1.087200699623416085e+03
1.126847950570018611e+03
3.573919330612330232e+05
1.844448329049967015e+03
1.181437068947856915e+03
9.263461604817022135e+02
1.268354880243094840e+02
1.179476680466071457e+03
3.299310938765360333e+03
9.195992474824855663e+02
1.074783723621615991e+03
2.072840466841463694e+03
7.479621331467001255e+02
9.977777272467128569e+02
6.468877155101589551e+02
1.551615371165843044e+03
2.848303434431089499e+03
5.244034150751905145e+03
2.561512853649084718e+03
9.798869672359193146e+02
8.090104206044419470e+02
8.608052737545058335e+02
1.443762693478807478e+03
7.675165028968806382e+02
2.075533045613199647e+03
2.078890217094266973e+03
1.664399360566731048e+03
1.086432165159928900e+03
8.361440340430225433e+02
1.113713002122758553e+03
1.588994746389358397e+03
6.024567984633091555e+02
1.537270388944915794e+03
4.630899682153497565e+02
1.677900542535373916e+03
1.485355590686410551e+03
9.361630039504316301e+02
1.317505374452223805e+03
1.243534945800886135e+03
1.637715676222159345e+04
1.173281719305232173e+03
8.957044529601300837e+02
2.619593633913731992e+03
5.418723039695785246e+02
1.011379722443603441e+03
1.318408294251255256e+03
8.180434942429563989e+02
3.729913038945239805e+03
2.102440842565762068e+03
2.298185985685078322e+03
7.722789851168807900e+02
8.103881137594481743e+02
1.020016723797657221e+02
1.108683963540976947e+03
1.205503669685425166e+03
9.723685396200093010e+02
1.684088936963286756e+02
1.174386745140335279e+03
8.154957400697428511e+02
1.092996080645610164e+03
1.233817276774323773e+03
7.694766623485681976e+02
1.572366471986113083e+03
2.107607319372837992e+03
3.832485509859970989e+03
2.168271517065756598e+03
2.744734938064322250e+03
1.948687943217521024e+03
3.976631104703799338e+03
3.702656416812560565e+03
1.161923873608425311e+04
4.684933781401651487e+01
4.257135353783270375e+02
2.352299290172084966e+03
2.943684592283463189e+03
1.821089500817835142e+04
1.919824304882942670e+03
3.079295598235578382e+03
1.538760716042211925e+03
5.638299349935784903e+02
3.838849530127306934e+03
3.360000788401913269e+03
1.714040809641916439e+03
1.822939473041433757e+03
8.551665030549953599e+02
1.326402205535423263e+03
1.349520393983109670e+03
1.514195348869713143e+03
1.356795663463815117e+03
1.827144417862818273e+03
1.749927800753048359e+03
4.506305296454252129e+03
1.190100110880432112e+03
1.223066847764174327e+03
1.611386948575045835e+03
9.937784554071599814e+02
9.852167185915632217e+02
9.678181120498874179e+02
9.654141772215456285e+02
1.472376176004177978e+03
1.091157295652280482e+03
2.826116036272573638e+03
2.899486186241015275e+03
1.008965637349819076e+03
1.192986987589444652e+03
1.087033364770298704e+03
1.276216888709737304e+03
1.888652245573998016e+03
5.075863174574357686e+02
1.312258556874582837e+03
1.618965218433717610e+03
1.692726337275972355e+03
2.475670728343566225e+03
1.332765866918927259e+03
1.619994120038445999e+03
2.329598254870837081e+03
1.050911011722702142e+03
9.017760532645365856e+02
1.069056540312184325e+03
1.067365078805091343e+03
3.924820589545729490e+03
9.793372408111672485e+02
9.864940695065013188e+02
1.469598030312091169e+03
1.223001614719858026e+02
1.971698558296888905e+03
2.749260476349763849e+03
4.206070660178154867e+03
2.883736976847288133e+03
4.491476724052304235e+02
1.505082727946693467e+03
1.468850273985176500e+03
1.972622599258073990e+02
2.073429203741285164e+03
1.540526462163158385e+03
3.945519350063047114e+03
1.266891759509874419e+03
1.741025010471093537e+03
2.485336176961262481e+03
2.860094613937837948e+03
9.581818345840025586e+02
1.642254599216767701e+03
1.158279823593316678e+03
1.353445265120345084e+03
9.827216001949497013e+02
8.936622166956321962e+02
1.083519822770935662e+03
9.608075851660247508e+02
1.090847761464722225e+03
1.528945021874281792e+03
3.929984509350957524e+03
1.023787235274454588e+03
3.615360712447140486e+03
1.066795319311084768e+03
3.897718491963134056e+03
1.076152522172112867e+03
8.622092195610021008e+02
1.008568425444937816e+03
2.662230993908764049e+03
3.669107155302313004e+03
1.106009976283731703e+03
1.155732665789465727e+03
5.181407719548505156e+03
4.136802388836095815e+03
2.973852066634426137e+03
2.293928497591928135e+02
2.880924104354637052e+02
8.270129270757814083e+03
5.429233779702426546e+02
2.470110749422420611e+02
1.512283601430560111e+03
2.866545918822169483e+02
4.243509004088358779e+03
3.560396057918858787e+03
2.341985056007014009e+03
4.948241665482081771e+03
2.612331163002461381e+03
5.453533144925992929e+03
1.268389341649956577e+03
4.582387336560299445e+03
1.360535488710499749e+03
1.270024368909847453e+03
1.125469181915772651e+03
1.062530419580120451e+03
1.885121447144432750e+03
1.069745658617517165e+03
9.171417998194444863e+02
3.983235346429411038e+03
1.148096241440233143e+03
7.790409797826577233e+03
2.665813307153179721e+03
2.197230871828545787e+03
1.294698719411626598e+03
2.757094266408160365e+03
2.168692551539591022e+03
1.636666116694436823e+03
2.072666542068517174e+03
1.855234031049458736e+03
1.727649781507749140e+03
9.711650454159272385e+02
2.188586513959456170e+03
2.915892434170989986e+02
1.184683349993133845e+02
2.224869796462874092e+02
1.078863964101989495e+03
6.802033806320530402e+02
3.542816518175194460e+02
2.559689107943214822e+03
1.117851602221072062e+04
1.402346820460071513e+03
9.711531325228714877e+02
3.575946212134060715e+03
2.032949703582261918e+03
2.203521708934250000e+03
1.832365050429333451e+03
3.977897236000640532e+03
1.322982723516541455e+03
3.440530397803947380e+03
2.063478106741477859e+03
1.566519510609479312e+03
8.563720192429806275e+02
1.287869008016167243e+02
4.051159301388771382e+03
3.438587423725413828e+03
2.805130974680399504e+03
4.817715166590576246e+02
2.839822851784161685e+03
1.211701075945287357e+03
1.780620258331763807e+03
3.846572347823588188e+03
3.057302547079676060e+03
4.204781267414839022e+03
2.695334702749064945e+03
1.577182704464813014e+03
3.560884614373817840e+03
4.210738960936593685e+03
1.677764469558542942e+03
2.763269051979957567e+03
6.530465784812438869e+03
2.238734745425813799e+03
2.414759606343280666e+03
3.416027384671711843e+03
3.913310604502917158e+03
2.887971557620641647e+02
2.638029425232844005e+03
1.027427785924589216e+03
1.271134828746248786e+03
2.090681275734119481e+03
8.971559989174569409e+02
1.808316697890367550e+03
3.479355959413474920e+03
1.676541193000924295e+03
1.509065949484981672e+02
1.911978411248196835e+03
7.468264401455490997e+02
3.712833867769944391e+03
2.674311092109663150e+03
8.729594184502940379e+02
1.991966897693921510e+03
1.525468376618412776e+03
3.473115038666841428e+03
3.523262549611577015e+03
3.470284133115590521e+03
2.141180345807703816e+03
2.909377580767046311e+03
2.305939611438558131e+03
3.691491032810179604e+03
4.917390082377596627e+03
2.575065222370244555e+03
2.241089102812446981e+03
2.532369612857688480e+03
2.610101122985094207e+03
3.849810685191699577e+03
4.265126735556638778e+03
4.139553551237179818e+03
3.792682047997504469e+03
1.766145712807634482e+03
2.752733678958425571e+03
8.040462123841133462e+02
1.048853914524077936e+03
8.109568517980055731e+03
2.204911981587020819e+03
1.721552679669053305e+03
1.536288552361804477e+03
4.937249832145298569e+03
4.706762157048213339e+03
4.938000137732063195e+03
3.415193025119534923e+03
1.534392706705640649e+03
5.705305141139002444e+03
6.903982547329220552e+02
2.001434063781499162e+03
1.519080022102639759e+03
6.918548339999376822e+02
6.314814053009708914e+02
4.674707277994924880e+03
1.237902843905438431e+03
5.073581655516857609e+03
4.091825617331684043e+03
2.716782909428837229e+03
4.085961070471705625e+03
4.631490409069166162e+03
4.507800181173082819e+03
5.325004314901633734e+03
4.531110707556947091e+03
5.696476842892946479e+03
5.223246410697671308e+03
5.552427343172452311e+03
4.625079964400461904e+03
4.736076845415189382e+03
4.198327123974830101e+03
1.707344679659134727e+03
3.327784033480912512e+03
4.318766975633751599e+02
3.377549165159286076e+03
4.652579169878961693e+03
4.328441875787946628e+03
4.319863416137030072e+03
4.400856821571365799e+03
1.393534448121336936e+03
3.611063245742122490e+03
4.494661967744566027e+03
4.151739817861408483e+03
3.922255279322582282e+03
3.874696016572027474e+03
4.200685836511433990e+03
1.290200632296870936e+03
2.722444488216146055e+03
9.525434687061518844e+02
3.529720031288855807e+03
1.220539902435864406e+03
1.568682802031930805e+03
1.024531153398306287e+03
3.932174926219694953e+03
4.203029141941698981e+03
2.075492672083354591e+03
5.105905391753408367e+03
3.844239273553200746e+03
1.338591099334042838e+03
4.120923654537910807e+03
2.341970649243085063e+03
3.982833196386546661e+03
4.030172794563696698e+03
3.778170714430597855e+03
1.400111546975240572e+03
4.734087339822380272e+03
5.933785287585374135e+03
1.335299839469712879e+03
1.653083961133031835e+03
1.880272845084424262e+03
2.088455257114953383e+03
5.106537585728347949e+03
4.900484764022271520e+03
1.382745415751561723e+03
3.448451491171307680e+03
2.163914628740667467e+03
3.149018952762914523e+03
3.377969853529159991e+03
3.928221275249740302e+03
3.139864191071784717e+03
5.753019524632846696e+03
3.677854463485131419e+03
2.960720536437308056e+03
4.626768863031683395e+03
6.404487247658013985e+03
7.708179695982664271e+03
6.072994003033973968e+03
7.399830144937884143e+03
2.214256830910215285e+03
2.801114920728037760e+03
5.050159544300733614e+03
3.344997205323011713e+03
2.183114048050790643e+03
1.220170617979436429e+03
1.009267147060456068e+03
1.244053174178687868e+03
4.308527083493657301e+03
1.212198087108158234e+03
1.701646367894133164e+03
6.139695449309913784e+03
2.047332329461021573e+03
4.203537224970418720e+03
1.043943194014107348e+03
1.571547409718605650e+03
1.951801627368394065e+03
2.544250307164099013e+03
2.084943861668545651e+03
2.050470367705705485e+03
1.120596570818462851e+03
5.047461169132274335e+03
6.135936730847410217e+03
9.981201282719101755e+02
4.838795786985975610e+03
2.543231884382894350e+03
1.771142472704498459e+03
2.965860400990619837e+03
2.422290405277766695e+03
4.952835429638033702e+02
1.270696162120300869e+03
1.563943228925846370e+03
1.558912996457050440e+03
1.884148197848035579e+03
3.377564865394652770e+03
3.323145932179126703e+03
1.916603850625052246e+03
9.514192681365959743e+02
3.951548059962366551e+03
1.428086762679868343e+03
1.736916249967479871e+03
1.245527219191830000e+03
3.276269984703338196e+03
4.152797297781344241e+03
2.402987886736654218e+03
2.035863601215082099e+03
3.384012123527954827e+03
9.701657598137858258e+02
5.669844070248579555e+03
4.068792101767414351e+03
1.616140195398582591e+03
2.127916126010910375e+03
3.137288983030670352e+03
3.650152937122498315e+03
3.144810026396654848e+03
1.257334062847344740e+03
1.171136341254768467e+03
2.493202524424703824e+03
1.140977864387232785e+03
4.665555603396051993e+03
3.117482421907104708e+03
4.371015741643464025e+03
1.497552023046120439e+03
2.114491589609433504e+03
8.136427783962452622e+02
5.722302688486547595e+03
1.918510186879376306e+03
4.666649174127294827e+03
7.549940702230169336e+02
1.616484861205274910e+03
1.542722832375210373e+03
2.453274055231512193e+03
2.700223388310644168e+03
1.253505672669744854e+03
2.714663617187819000e+03
5.518776762467387925e+03
1.694196799114839678e+03
2.647043031054270159e+03
9.240727983989931090e+03
1.439757599562550467e+03
1.577737836955702278e+03
3.782111223031782629e+03
7.811332521257156259e+03
2.122681419918691972e+03
3.328038790899135620e+03
3.689676530731965158e+03
7.656730874411196965e+03
5.595765414268963468e+03
3.736158558643352535e+03
1.656242497247727442e+03
1.426578477958040367e+03
3.400860090474364483e+02
4.235953580701359442e+02
2.460148987146658783e+03
1.507336871878396323e+03
1.057801152927753947e+03
7.129669024273697687e+03
3.484153937274993496e+03
1.326584050989273464e+03
2.559888315312402938e+03
1.640872707887042679e+03
2.521585899085397614e+03
8.873782274575432893e+03
7.442180969953172280e+03
3.235240942511794856e+03
3.546110225634803101e+03
3.649045846278415866e+03
3.474682522340050582e+03
2.305770291267207995e+03
1.480916147779540324e+03
3.625568824836749627e+03
3.289275459136445988e+03
1.801434347651148755e+03
1.802212161920222570e+03
6.631242117238920400e+03
1.667716942223341448e+03
6.400929244728569756e+03
2.060450854043386244e+03
1.819293508119487115e+03
5.922768418784717142e+03
6.213072417056798258e+03
2.432439274838453457e+03
4.437276854739219743e+03
3.131650338104956063e+03
2.022167761281210460e+03
4.813526198427921372e+03
8.576033343909339237e+03
2.317549555820222395e+03
3.703030571177107504e+03
3.316542056033827066e+03
1.040035044668744922e+04
5.164507427652853949e+03
2.593843288097792993e+03
6.375021825073314176e+03
3.930826246543507750e+03
2.472893185763871315e+03
1.715395285231359139e+03
6.904835421241722543e+03
8.998454118702426058e+03
9.765967383386660003e+03
4.345523040455786031e+03
4.977264832568399470e+03
1.836735451062892480e+03
2.695177307605332317e+03
3.906485917201497159e+03
3.190915609313320147e+03
3.950288667828227062e+03
4.224257538140121142e+03
5.319406843334548284e+03
5.169505131868145327e+03
3.105049259322687249e+03
1.044192883107830085e+03
6.349625568202914110e+03
5.870368572642546496e+03
7.434605074501719173e+03
1.212979417205583331e+03
4.416717292977382385e+03
7.393877688364053029e+03
2.153065093499399154e+03
2.743764330582065668e+03
6.638993011881071652e+03
4.005425473312035137e+03
5.024719396363136184e+03
5.213203758511133856e+03
1.130693526012333621e+02
2.357889254131972336e+02
1.631617424637933880e+02
8.286101085438820064e+02
7.924400975303569794e+02
3.504148053667384829e+03
1.324250859327988110e+03
6.973872609614011708e+03
3.258810287557970241e+03
3.839656654847717618e+03
8.402670874680772613e+03
7.348984862601913846e+03
2.129638640708702042e+03
7.569472489197455616e+03
3.108453157334400657e+03
1.544384672581953510e+03
5.055502344677395740e+03
1.194124073582136589e+03
1.175898733553212878e+04
2.325569633674098441e+03
3.779132347017689881e+03
1.164000568456050496e+04
5.437386103876248853e+03
3.939707460685297519e+03
1.063976462466612429e+04
9.463119640765929944e+03
3.534981738790482723e+03
1.476109038296389599e+03
9.309519624025284429e+03
7.566441353776650431e+03
4.614526412855185299e+03
1.144931075566031723e+04
7.948432921510026972e+03
4.002097863190356293e+03
8.216555293206984061e+03
1.290858406788773891e+03
5.852559365206285293e+03
2.073226356871032749e+03
4.730924678027592563e+03
3.168429799776318305e+03
2.942753243829123676e+03
3.741287358736436545e+03
6.705628924152392756e+03
3.514492897715032086e+03
3.465376242644517788e+03
1.742968192165741129e+03
6.721732161590459327e+03
2.557468563492343947e+03
6.096449158468245514e+03
1.469666314980251991e+04
5.843352307310286960e+03
3.628651974577487636e+03
1.305545339747596154e+04
1.543033416021389530e+04
1.495331414806650719e+04
6.025849019985392260e+03
8.236929381680876759e+03
3.672700689054423947e+03
1.141185127631085379e+04
1.494279145816150958e+04
9.254205227294311044e+03
1.215675287601581476e+04
5.922398544537778434e+03
3.636361113915750138e+03
4.758926620491319227e+03
4.750849021802384414e+03
7.711240651770647673e+03
1.204522239256432476e+04
9.314424803529500423e+03
1.851015726526818617e+04
6.407747879267038115e+03
5.850498507662619886e+03
1.283673885564530065e+04
8.148521735303806054e+03
6.730079344733855578e+03
4.417760190736090408e+03
9.632844601372820762e+03
6.468063105982545494e+03
7.395730169932735407e+03
1.066819962246990326e+04
1.104490049572093812e+04
1.406757161368437664e+04
1.380799100386428472e+04
8.921151988212044671e+03
1.299859578196954681e+04
1.418788092982625676e+04
1.420467105501914193e+04
1.114219007796123515e+04
6.135647977333453127e+03
9.170902933854971707e+03
1.723033306679505040e+04
1.344261130878639415e+04
1.440971351676154336e+04
1.045799641851036540e+04
1.179268531102381712e+04
1.446710157007608177e+04
1.310307911688175227e+04
1.066619796860214228e+04
1.242811050658183922e+04
8.765979540840009577e+03
1.090084817917006512e+04
1.395609257641447402e+04
1.403951790457372226e+04
1.607566530998172675e+04
1.493578969879310171e+04
1.395042983514345724e+04
9.918164512214561910e+03
8.753694436184714505e+03
9.367748880969527818e+03
1.246998415932505668e+04
1.849547484974531108e+04
1.724261655209778837e+04
1.551566217295642127e+04
1.760236321452484117e+04
1.048190409242804526e+04
1.332279629094379743e+04
1.471036903143659583e+04
1.079160679427504874e+04
1.295368705078478160e+04
1.421097435619041426e+04
9.695011129312788398e+03
9.445526112246367120e+03
1.196729210542864530e+04
1.425981921138971484e+04
1.055280717263602310e+04
1.132399835806384544e+04
1.226563539266045518e+04
9.944767727807322444e+03
1.395309625839171713e+04
7.999883091894658719e+03
1.013923363874561255e+04
7.969359139494322335e+03
1.152988512376134895e+04
1.078385646451724097e+04
1.344095573975995467e+04
1.228956967962245290e+04
1.366318039107689947e+04
1.892993688348062642e+04
1.170295684350218471e+04
8.513167437711743332e+03
1.351629509554860306e+04
7.359847710944091887e+03
1.613850559478943433e+04
1.675549334269690735e+04
1.536591923889719874e+04
1.517246250454414985e+04
1.680974098408031932e+04
1.805468488468314172e+04
1.641866934304754250e+04
1.642736924719860326e+04
1.698279210669155873e+04
1.810717636880690043e+04
1.750936583666059960e+04
1.740979694035684224e+04
1.628608362861707792e+04
1.803818492559337028e+04
1.845102037764543638e+04
1.796628487815425251e+04
1.884473837132378321e+04
1.875712870818307420e+04
1.891233747773831419e+04
1.851550053217849927e+04
1.657430607185103872e+04
1.697100075911982276e+04
1.073368193157679707e+04
1.086191087349076224e+04
1.216230351949816395e+04
1.754364961646337906e+04
1.817164140105519982e+04
1.595141501439001513e+04
1.284195818353984578e+04
1.902445859655646200e+04
1.297518084669698146e+04
1.417369869629252753e+04
1.912821292055179947e+04
1.876188516974880258e+04
1.450207229575361453e+04
1.297095616555953166e+04
1.157668726615069863e+04
1.038961654172403723e+04
1.834486156498270429e+04
7.754869954693626823e+03
1.183533977358078300e+04
1.553161685372237116e+04
1.480302376614898094e+04
1.158047249365713287e+04
1.242016431440103588e+04
1.410394280275071105e+04
1.239172521424434308e+04
1.274780139768809568e+04
1.362421708415165631e+04
1.386188383480892298e+04
1.312167460954545095e+04
1.354952098343839862e+04
1.343113800175636607e+04
