48 	 # Number of sensors 
# x z 
0.00 3207.31 
5.00 3205.40 
10.00 3203.33 
15.00 3200.62 
20.00 3199.24 
25.00 3198.59 
30.00 3196.93 
35.00 3196.96 
40.00 3196.36 
45.00 3195.09 
50.00 3195.11 
55.00 3192.48 
60.00 3191.67 
65.00 3191.83 
70.00 3191.58 
75.00 3189.69 
80.00 3190.47 
85.00 3188.35 
90.00 3186.83 
95.00 3187.77 
100.00 3188.17 
105.00 3188.28 
110.00 3188.64 
115.00 3187.55 
120.00 3187.17 
125.00 3186.61 
130.00 3185.82 
135.00 3184.27 
140.00 3181.52 
145.00 3183.81 
150.00 3184.42 
155.00 3183.80 
160.00 3182.57 
165.00 3181.14 
170.00 3179.24 
175.00 3178.76 
180.00 3177.53 
185.00 3177.69 
190.00 3176.65 
195.00 3175.63 
200.00 3175.36 
205.00 3176.01 
210.00 3176.20 
215.00 3174.65 
220.00 3173.84 
225.00 3170.59 
230.00 3168.97 
235.00 3167.49 
360 	 # Number of measurements 
# a b m n rhoa err
1 46 16 31 5654.87 0.040 
1 43 15 29 5656.07 0.040 
1 40 14 27 6093.15 0.040 
1 37 13 25 7035.12 0.040 
1 34 12 23 8273.36 0.040 
1 31 11 21 8127.24 0.040 
1 28 10 19 8275.68 0.040 
1 25 9 17 7640.35 0.040 
1 22 8 15 7442.36 0.040 
1 19 7 13 7577.52 0.040 
1 16 6 11 7392.69 0.040 
1 13 5 9 7897.59 0.040 
1 10 4 7 9404.34 0.040 
1 7 3 5 4597.20 0.040 
1 4 2 3 4744.52 0.040 
2 47 17 32 5315.86 0.040 
2 44 16 30 5572.83 0.040 
2 41 15 28 5533.71 0.040 
2 38 14 26 6514.93 0.040 
2 35 13 24 7896.76 0.040 
2 32 12 22 8262.39 0.040 
2 29 11 20 8245.98 0.040 
2 26 10 18 8245.76 0.040 
2 23 9 16 7561.87 0.040 
2 20 8 14 7605.38 0.040 
2 17 7 12 7505.34 0.040 
2 14 6 10 7725.59 0.040 
2 11 5 8 8540.00 0.040 
2 8 4 6 6624.27 0.040 
2 5 3 4 2869.75 0.040 
3 48 18 33 4802.15 0.040 
3 45 17 31 5365.22 0.040 
3 42 16 29 5342.73 0.040 
3 39 15 27 5998.72 0.040 
3 36 14 25 7634.33 0.040 
3 33 13 23 7971.39 0.040 
3 30 12 21 7792.73 0.040 
3 27 11 19 8258.17 0.040 
3 24 10 17 7728.97 0.040 
3 21 9 15 7706.30 0.040 
3 18 8 13 7442.33 0.040 
3 15 7 11 6943.56 0.040 
3 12 6 9 8015.31 0.040 
3 9 5 7 8116.27 0.040 
3 6 4 5 3935.45 0.040 
4 46 18 32 4947.00 0.040 
4 43 17 30 5230.02 0.040 
4 40 16 28 5663.14 0.040 
4 37 15 26 6762.78 0.040 
4 34 14 24 8084.49 0.040 
4 31 13 22 7835.56 0.040 
4 28 12 20 8038.64 0.040 
4 25 11 18 8194.37 0.040 
4 22 10 16 7451.78 0.040 
4 19 9 14 7608.78 0.040 
4 16 8 12 7507.63 0.040 
4 13 7 10 6876.04 0.040 
4 10 6 8 7510.65 0.040 
4 7 5 6 4885.54 0.040 
5 47 19 33 4744.69 0.040 
5 44 18 31 4987.98 0.040 
5 41 17 29 5309.20 0.040 
5 38 16 27 6289.74 0.040 
5 35 15 25 7893.84 0.040 
5 32 14 23 7945.69 0.040 
5 29 13 21 8047.22 0.040 
5 26 12 19 8131.75 0.040 
5 23 11 17 8027.40 0.040 
5 20 10 15 8566.62 0.040 
5 17 9 13 8298.97 0.040 
5 14 8 11 7755.51 0.040 
5 11 7 9 7753.17 0.040 
5 8 6 7 6349.29 0.040 
6 48 20 34 4629.06 0.040 
6 45 19 32 4938.47 0.040 
6 42 18 30 5181.05 0.040 
6 39 17 28 5897.18 0.040 
6 36 16 26 7853.98 0.040 
6 33 15 24 7334.19 0.040 
6 30 14 22 8604.81 0.040 
6 27 13 20 8286.10 0.040 
6 24 12 18 8758.31 0.040 
6 21 11 16 8936.74 0.040 
6 18 10 14 8646.39 0.040 
6 15 9 12 8559.78 0.040 
6 12 8 10 7926.48 0.040 
6 9 7 8 5167.78 0.040 
7 46 20 33 4971.02 0.040 
7 43 19 31 5233.17 0.040 
7 40 18 29 5879.58 0.040 
7 37 17 27 7427.78 0.040 
7 34 16 25 8696.22 0.040 
7 31 15 23 8356.23 0.040 
7 28 14 21 9392.58 0.040 
7 25 13 19 8665.43 0.040 
7 22 12 17 8714.28 0.040 
7 19 11 15 10264.82 0.040 
7 16 10 13 10228.19 0.040 
7 13 9 11 8375.46 0.040 
7 10 8 9 6898.89 0.040 
8 47 21 34 4717.52 0.040 
8 44 20 32 5144.02 0.040 
8 41 19 30 5444.46 0.040 
8 38 18 28 6565.36 0.040 
8 35 17 26 8565.89 0.040 
8 32 16 24 8469.26 0.040 
8 29 15 22 9482.58 0.040 
8 26 14 20 9260.54 0.040 
8 23 13 18 9332.38 0.040 
8 20 12 16 9399.16 0.040 
8 17 11 14 9920.45 0.040 
8 14 10 12 9646.00 0.040 
8 11 9 10 6332.60 0.040 
9 48 22 35 4595.10 0.040 
9 45 21 33 4917.38 0.040 
9 42 20 31 5364.64 0.040 
9 39 19 29 6310.60 0.040 
9 36 18 27 8159.17 0.040 
9 33 17 25 8860.25 0.040 
9 30 16 23 8727.24 0.040 
9 27 15 21 9519.99 0.040 
9 24 14 19 9729.03 0.040 
9 21 13 17 9076.27 0.040 
9 18 12 15 9274.11 0.040 
9 15 11 13 9804.15 0.040 
9 12 10 11 6915.61 0.040 
10 46 22 34 4808.69 0.040 
10 43 21 32 5047.19 0.040 
10 40 20 30 6128.45 0.040 
10 37 19 28 7534.84 0.040 
10 34 18 26 8548.71 0.040 
10 31 17 24 8621.78 0.040 
10 28 16 22 9927.99 0.040 
10 25 15 20 9191.58 0.040 
10 22 14 18 9831.60 0.040 
10 19 13 16 8594.90 0.040 
10 16 12 14 8234.22 0.040 
10 13 11 12 7713.69 0.040 
11 47 23 35 4824.99 0.040 
11 44 22 33 4935.58 0.040 
11 41 21 31 5186.48 0.040 
11 38 20 29 7070.92 0.040 
11 35 19 27 8609.22 0.040 
11 32 18 25 8346.69 0.040 
11 29 17 23 9293.49 0.040 
11 26 16 21 9513.46 0.040 
11 23 15 19 9307.37 0.040 
11 20 14 17 9689.01 0.040 
11 17 13 15 8323.21 0.040 
11 14 12 13 8069.54 0.040 
12 48 24 36 4986.24 0.040 
12 45 23 34 5119.63 0.040 
12 42 22 32 4985.42 0.040 
12 39 21 30 6463.76 0.040 
12 36 20 28 8510.97 0.040 
12 33 19 26 8764.28 0.040 
12 30 18 24 8356.64 0.040 
12 27 17 22 10223.33 0.040 
12 24 16 20 9590.07 0.040 
12 21 15 18 10627.25 0.040 
12 18 14 16 8579.09 0.040 
12 15 13 14 5877.99 0.040 
13 46 24 35 5393.98 0.040 
13 43 23 33 5201.22 0.040 
13 40 22 31 6023.41 0.040 
13 37 21 29 7884.75 0.040 
13 34 20 27 9217.72 0.040 
13 31 19 25 8656.25 0.040 
13 28 18 23 9328.21 0.040 
13 25 17 21 9859.97 0.040 
13 22 16 19 9571.52 0.040 
13 19 15 17 8418.36 0.040 
13 16 14 15 7913.04 0.040 
14 47 25 36 5367.60 0.040 
14 44 24 34 5384.04 0.040 
14 41 23 32 5677.83 0.040 
14 38 22 30 7053.61 0.040 
14 35 21 28 9050.36 0.040 
14 32 20 26 8747.34 0.040 
14 29 19 24 9299.81 0.040 
14 26 18 22 9617.28 0.040 
14 23 17 20 9567.88 0.040 
14 20 16 18 10876.61 0.040 
14 17 15 16 5831.94 0.040 
15 48 26 37 5526.60 0.040 
15 45 25 35 5719.76 0.040 
15 42 24 33 5528.41 0.040 
15 39 23 31 6997.35 0.040 
15 36 22 29 8786.90 0.040 
15 33 21 27 9088.12 0.040 
15 30 20 25 9112.14 0.040 
15 27 19 23 9674.85 0.040 
15 24 18 21 9142.03 0.040 
15 21 17 19 10353.70 0.040 
15 18 16 17 6644.31 0.040 
16 46 26 36 5971.86 0.040 
16 43 25 34 5561.07 0.040 
16 40 24 32 6723.01 0.040 
16 37 23 30 8576.55 0.040 
16 34 22 28 9027.62 0.040 
16 31 21 26 8588.30 0.040 
16 28 20 24 9857.76 0.040 
16 25 19 22 9766.37 0.040 
16 22 18 20 7648.49 0.040 
16 19 17 18 8540.46 0.040 
17 47 27 37 6051.55 0.040 
17 44 26 35 6063.42 0.040 
17 41 25 33 5868.37 0.040 
17 38 24 31 8065.36 0.040 
17 35 23 29 9747.91 0.040 
17 32 22 27 8569.19 0.040 
17 29 21 25 9616.58 0.040 
17 26 20 23 9931.10 0.040 
17 23 19 21 9036.94 0.040 
17 20 18 19 6678.19 0.040 
18 48 28 38 6262.63 0.040 
18 45 27 36 6647.87 0.040 
18 42 26 34 6188.66 0.040 
18 39 25 32 7814.08 0.040 
18 36 24 30 10437.94 0.040 
18 33 23 28 9892.88 0.040 
18 30 22 26 9048.68 0.040 
18 27 21 24 10799.89 0.040 
18 24 20 22 11700.83 0.040 
18 21 19 20 7482.88 0.040 
19 46 28 37 6958.02 0.040 
19 43 27 35 6510.11 0.040 
19 40 26 33 7542.47 0.040 
19 37 25 31 9627.12 0.040 
19 34 24 29 10701.10 0.040 
19 31 23 27 9516.67 0.040 
19 28 22 25 9642.52 0.040 
19 25 21 23 9636.24 0.040 
19 22 20 21 6883.40 0.040 
20 47 29 38 6946.41 0.040 
20 44 28 36 7069.95 0.040 
20 41 27 34 6889.91 0.040 
20 38 26 32 9137.47 0.040 
20 35 25 30 11098.68 0.040 
20 32 24 28 9803.98 0.040 
20 29 23 26 9983.89 0.040 
20 26 22 24 8107.64 0.040 
20 23 21 22 7764.18 0.040 
21 48 30 39 6532.01 0.040 
21 45 29 37 7473.34 0.040 
21 42 28 35 7074.22 0.040 
21 39 27 33 8633.23 0.040 
21 36 26 31 11185.30 0.040 
21 33 25 29 10442.65 0.040 
21 30 24 27 9727.63 0.040 
21 27 23 25 9123.79 0.040 
21 24 22 23 5135.01 0.040 
22 46 30 38 7695.25 0.040 
22 43 29 36 7473.88 0.040 
22 40 28 34 8673.14 0.040 
22 37 27 32 10896.42 0.040 
22 34 26 30 11974.11 0.040 
22 31 25 28 9457.63 0.040 
22 28 24 26 9906.95 0.040 
22 25 23 24 5800.01 0.040 
23 47 31 39 7398.45 0.040 
23 44 30 37 7317.41 0.040 
23 41 29 35 7413.02 0.040 
23 38 28 33 9661.37 0.040 
23 35 27 31 11572.98 0.040 
23 32 26 29 9789.09 0.040 
23 29 25 27 8883.93 0.040 
23 26 24 25 6382.38 0.040 
24 48 32 40 7150.08 0.040 
24 45 31 38 7914.15 0.040 
24 42 30 36 6913.41 0.040 
24 39 29 34 8821.88 0.040 
24 36 28 32 11618.99 0.040 
24 33 27 30 11100.35 0.040 
24 30 26 28 8590.01 0.040 
24 27 25 26 6245.64 0.040 
25 46 32 39 8452.46 0.040 
25 43 31 37 7547.04 0.040 
25 40 30 35 8402.70 0.040 
25 37 29 33 10570.23 0.040 
25 34 28 31 11928.14 0.040 
25 31 27 29 8995.10 0.040 
25 28 26 27 6810.19 0.040 
26 47 33 40 8457.49 0.040 
26 44 32 38 8472.02 0.040 
26 41 31 36 7627.90 0.040 
26 38 30 34 9267.17 0.040 
26 35 29 32 11579.45 0.040 
26 32 28 30 10836.34 0.040 
26 29 27 28 6855.79 0.040 
27 48 34 41 8730.25 0.040 
27 45 33 39 9558.79 0.040 
27 42 32 37 8085.42 0.040 
27 39 31 35 9210.93 0.040 
27 36 30 33 10428.84 0.040 
27 33 29 31 10484.97 0.040 
27 30 28 29 6863.40 0.040 
28 46 34 40 9960.42 0.040 
28 43 33 38 9394.20 0.040 
28 40 32 36 9549.44 0.040 
28 37 31 34 9888.54 0.040 
28 34 30 32 9764.86 0.040 
28 31 29 30 7920.68 0.040 
29 47 35 41 10351.45 0.040 
29 44 34 39 10644.71 0.040 
29 41 33 37 9428.99 0.040 
29 38 32 35 9864.05 0.040 
29 35 31 33 8983.65 0.040 
29 32 30 31 6137.25 0.040 
30 48 36 42 9143.03 0.040 
30 45 35 40 10988.66 0.040 
30 42 34 38 10536.47 0.040 
30 39 33 36 10799.72 0.040 
30 36 32 34 9497.13 0.040 
30 33 31 32 6776.01 0.040 
31 46 36 41 11340.23 0.040 
31 43 35 39 10896.40 0.040 
31 40 34 37 11623.13 0.040 
31 37 33 35 10342.27 0.040 
31 34 32 33 6090.66 0.040 
32 47 37 42 9681.12 0.040 
32 44 36 40 10928.41 0.040 
32 41 35 38 10788.26 0.040 
32 38 34 36 10599.29 0.040 
32 35 33 34 6077.95 0.040 
33 48 38 43 7467.83 0.040 
33 45 37 41 11110.15 0.040 
33 42 36 39 10265.93 0.040 
33 39 35 37 10141.29 0.040 
33 36 34 35 7041.08 0.040 
34 46 38 42 9537.34 0.040 
34 43 37 40 9685.36 0.040 
34 40 36 38 10511.69 0.040 
34 37 35 36 6752.67 0.040 
35 47 39 43 8104.96 0.040 
35 44 38 41 10232.52 0.040 
35 41 37 39 9168.19 0.040 
35 38 36 37 6614.89 0.040 
36 48 40 44 6841.69 0.040 
36 45 39 42 9244.75 0.040 
36 42 38 40 7530.53 0.040 
36 39 37 38 6942.68 0.040 
37 46 40 43 8320.55 0.040 
37 43 39 41 8278.91 0.040 
37 40 38 39 5977.58 0.040 
38 47 41 44 5553.70 0.040 
38 44 40 42 7983.48 0.040 
38 41 39 40 4670.01 0.040 
39 48 42 45 4315.34 0.040 
39 45 41 43 5381.06 0.040 
39 42 40 41 5891.57 0.040 
40 46 42 44 4731.47 0.040 
40 43 41 42 3282.96 0.040 
41 47 43 45 5310.26 0.040 
41 44 42 43 3684.01 0.040 
42 48 44 46 5200.74 0.040 
42 45 43 44 3696.56 0.040 
43 46 44 45 4315.34 0.040 
44 47 45 46 4964.46 0.040 
45 48 46 47 4627.96 0.040 
