7.314874892219632784e+03
3.497395656756618791e+03
5.529065057038113991e+03
7.233937308589072927e+03
5.700318724632067642e+03
7.100795806159526364e+03
4.848948286691821522e+03
4.746648005781885331e+03
8.778934458898793309e+03
3.909361164155201550e+03
8.360314163278122578e+03
3.869282262665770759e+03
4.081742458260359399e+03
4.902831987287390803e+03
1.086860063617699961e+04
3.927281549648690543e+03
3.720461178833887516e+03
6.082368763115876391e+03
5.791800814346348488e+03
3.615742459259288353e+03
5.077709211748880080e+03
9.088534790562933267e+03
1.585136236137738342e+04
5.108993236913978762e+03
4.490151967423030328e+03
6.104669335252392557e+03
6.025592240143244453e+03
6.564459926257310144e+03
2.974029079736577387e+03
6.802884486680924056e+03
2.219693629894444712e+03
7.334259679924561169e+03
6.971328333002889849e+03
5.530696990773618381e+03
2.276167296757175791e+03
3.099240672844766777e+03
7.501811790605718670e+03
3.742805605279571864e+03
3.188705155160002960e+03
9.073232697074563475e+03
4.152938639778791185e+03
3.423453947123571652e+03
4.500801270735280923e+03
6.192808529615798761e+03
6.946367113583408354e+03
6.517242908965789866e+03
4.514006256608940930e+03
4.153972933106984783e+03
4.184660110959506710e+03
9.390770614354139980e+03
6.348036173518087708e+03
4.353714336178869416e+03
5.140751143487723311e+03
1.052579679285125167e+04
3.604664019350774652e+03
1.310405508272910083e+04
8.008724186205803562e+03
3.855173302214659543e+03
8.113859099378295468e+03
4.354994173316015804e+03
1.668107657354382900e+04
2.505008545649335247e+03
2.105737844915540791e+03
1.133538468998024291e+04
4.407003483896293801e+03
3.678590992109954186e+03
8.659821832051227830e+03
1.026179891883568780e+04
3.128232371208811855e+03
4.596829914195769561e+03
3.856645056239605310e+03
8.352949273249731050e+03
1.189626889958850370e+04
6.281211833785019735e+03
8.593237130119567155e+03
3.935067390094710845e+03
6.786726186872451763e+03
4.187411292302050242e+03
6.842268064199872242e+03
6.537545673910261939e+03
7.030091483927044465e+03
8.720608191766823438e+03
9.451755866238430826e+03
4.780817092487330228e+03
3.729036076784930174e+03
1.024867909735343346e+04
4.160267525586793454e+03
9.286241721172185862e+03
4.273958828285664822e+03
2.885127367057103584e+03
8.105786794349451156e+03
6.082807853105337017e+03
2.639861262340906706e+03
5.270994681442650290e+03
6.955462585875382501e+03
2.794493529066860901e+03
1.282716929903767232e+04
1.025515727880289705e+04
4.303621924132437016e+03
8.470643591124324303e+03
4.103618334859966126e+03
1.562284845223265847e+03
2.011162244757214012e+03
3.180841975364310656e+03
4.684391997209848341e+03
1.311993853927535747e+04
1.245690791915410409e+04
9.892917679191472416e+03
2.552576754809007070e+03
3.029722966128907501e+03
1.256933533502947648e+04
7.443521542211798987e+03
9.657844164342239310e+03
6.520983212176452071e+03
2.637475609150746550e+03
4.938627843639276762e+03
5.919945006997865676e+03
5.387363023014034297e+03
4.705916481797393317e+03
3.654544541355421188e+03
9.416804236468968156e+03
5.652355005681954935e+03
9.495265245703461915e+03
4.195496330141111684e+03
4.072407411297465387e+03
1.669889251832384616e+04
4.351739425689556811e+03
3.539973709025303833e+03
2.718418427465016975e+03
2.229437671582680196e+03
2.867170961530229306e+03
3.524859362162020261e+03
8.291639813872336163e+03
7.272755943230463345e+03
3.515035976811567707e+03
2.410888241498664229e+03
5.968583461006835023e+03
4.481096237034592377e+03
1.752106368868493973e+03
2.828752400645164471e+03
5.336462205700197956e+03
2.022845291268304891e+03
4.308578628019619828e+03
4.488593437059448661e+03
1.105968255466535447e+04
9.805579417798131544e+03
4.544250669550623570e+03
5.085766428926903245e+03
8.088882910511941191e+03
6.139449927263638529e+03
7.313337303276607599e+03
5.804961519181964832e+03
7.392046162733149686e+03
4.389392116330445788e+03
4.555248024830945724e+03
5.263468220056783139e+03
4.821164640649476496e+03
5.833397095661852291e+03
4.907491382602186604e+03
4.144302608417528063e+03
6.803998477942737736e+03
4.391940631604968985e+03
1.585401008491596986e+04
5.319530224145827560e+03
4.337412789801793224e+03
5.878332222228043065e+03
2.282909062351979173e+03
2.785329645839726254e+03
1.194966104684364655e+04
3.982526858148067731e+03
1.500361714824136698e+03
9.817428165772715147e+03
9.231105371048821326e+03
9.409264467616103502e+03
6.195566390675289767e+03
5.171367613757563959e+03
5.090466972195143171e+03
1.503008574570604105e+04
1.154001140648338514e+04
4.557833313391162847e+03
4.450745460831698438e+03
4.306127938294063824e+03
5.497684210464994976e+03
3.833163552740064006e+03
2.848665488989357982e+03
4.520244570034709795e+03
5.342488847096495192e+03
3.987609600976774345e+03
2.829260767759215014e+03
6.665522752860959372e+03
4.638446273508124250e+03
3.017137010766901767e+03
9.608043218712673479e+03
6.495442781662844936e+03
6.323601711149178300e+03
8.169017251118959393e+03
1.223741938386226502e+04
7.557337411501841416e+03
9.459884669801554992e+03
5.520454771218405767e+03
1.301915734031119428e+04
8.191829101688333139e+03
5.904203457939906002e+03
5.400081410394898739e+03
5.464380240609576504e+03
6.454783214267738913e+03
7.275427166572988426e+03
1.096579861439142223e+04
6.531067094309468303e+03
6.481869377274791987e+03
2.412209084793454895e+04
7.678352272136424290e+03
5.706852942484474625e+03
3.551345872138374489e+03
3.433309326605596652e+03
3.685513869847955448e+03
9.756357477324620049e+03
5.122282212613613410e+03
6.037914021975057040e+03
9.029263511844543245e+03
4.166657517260023269e+03
3.609957819829601704e+03
3.699333494832383622e+03
5.606624539291270594e+03
1.018627906513470953e+04
9.912987160909171507e+03
1.525780262290228529e+04
4.210340423522375204e+03
1.009890175475167962e+04
9.369599438575985914e+03
5.426229749922189512e+03
4.366904920720593509e+03
3.470066407772960247e+03
5.665898921696816615e+03
8.809540307190982276e+03
1.189273743024747273e+04
3.765651440632531376e+03
4.147289322040606748e+03
7.978138788482309792e+03
4.600875253136790889e+03
5.718766847243938173e+03
6.469265108841715119e+03
4.576848153959612318e+03
7.954424085042885054e+03
4.746199888141330121e+03
9.964565915290824705e+03
2.652168758335176244e+04
1.006998690473552597e+04
2.520722612462078541e+04
8.197408126866052044e+03
4.691487608367661778e+03
6.582308363450649267e+03
4.196140462455286070e+03
4.639103472667261485e+03
1.046805468276346073e+04
7.315287034422955912e+03
4.713276189928522399e+03
6.581489198034393667e+03
1.307143796557011410e+04
8.871525529379166983e+03
1.522618666056448637e+04
6.406963951956191522e+03
9.252977599748210196e+03
9.785768113230235031e+03
1.024602725192533944e+04
9.414930670397836366e+03
1.096633862311832854e+04
1.320954349617999105e+04
5.100918429831671347e+03
1.520873582631193494e+04
5.995711323542875107e+03
1.759900185808842434e+04
1.143612785235012780e+04
2.202592466094077281e+03
3.839551367447047141e+03
1.602926942052819140e+04
3.802013741126147124e+03
4.491754022926009384e+03
6.756029056503274660e+03
2.648254124050150858e+04
2.419560636357950443e+03
6.740771134953608453e+03
3.777706820199288813e+03
5.915497185388762773e+03
8.354783855750354633e+03
6.466069248016685378e+03
4.333591598653714755e+03
1.627056717114828280e+04
4.240074934102603947e+03
6.988748686066044684e+03
3.632611645305491038e+03
6.677830868666515926e+03
1.512055513229232929e+04
8.854943250655715019e+03
1.387339266053786923e+04
1.156798965713777397e+04
1.458058610308342577e+04
1.016559874882071199e+04
1.433617850337492382e+04
1.340355848181513284e+04
6.885962108138809526e+03
5.966055012104043271e+03
5.262129874406818089e+03
7.124363527194574999e+03
5.726981800422356173e+03
1.975921998837654246e+04
6.961800698952801213e+03
7.649810476548059341e+03
6.654790747171631665e+03
6.397149632149500576e+03
8.606188699763701152e+03
1.253113403970636318e+04
6.489279490450042431e+03
5.763140213859908727e+03
3.318767857423146052e+04
1.334086863306592386e+04
1.462553313977504877e+04
1.074469956522942448e+04
1.087928430916515754e+04
1.546658167802288881e+04
1.091171360915185869e+04
1.248852876147530151e+04
8.260216418933609020e+03
5.354321343259142850e+03
1.204739720898306405e+04
1.036032704294382347e+04
5.688288994977336188e+03
1.096015043145979325e+04
3.267027577071981796e+03
1.063346863560097154e+04
4.391206397804940025e+03
9.524180256994428419e+03
1.092341445577564082e+04
7.582705705483523161e+03
7.126370424359763092e+03
7.756085945853632438e+03
9.220325958780129440e+03
1.001688801390149092e+04
7.894398749654011226e+03
6.457837459068026874e+03
2.812265036868425159e+04
9.114975325448049261e+03
1.359085960112123030e+04
9.962794633838238951e+03
1.492353114382853164e+04
1.513384476692057251e+04
4.634810893001354998e+03
3.102686092883597667e+03
1.643831219878692718e+04
8.170347666899358046e+03
7.851000824099980491e+03
1.614197100604790467e+04
5.305791562173279999e+03
2.500167472347552120e+03
8.182963610192983651e+03
1.333466391343183750e+04
5.928128868545594742e+03
6.895624946627327517e+03
7.515025479254078164e+03
8.130427165390568916e+03
6.173963646497213631e+03
4.751951212502575800e+03
8.958364888988995517e+03
9.364601756728394321e+03
1.416275706188667391e+04
1.252734855439662533e+04
1.389230786103561513e+04
1.139754835908320820e+04
1.385630487944096421e+04
1.473625642430490188e+04
6.000666001768140632e+03
1.472673174421814110e+04
1.550821781087070485e+04
7.792442368083147812e+03
9.059222907714842222e+03
8.901256520953013023e+03
1.093758153073936046e+04
8.081381407718357877e+03
1.391144253420667337e+04
1.598687440789277207e+04
9.751127972004551339e+03
1.104504095211774438e+04
3.964484017674175902e+03
4.337334913426507228e+03
1.316328768588674211e+04
1.055230430288516072e+04
1.238904220076279853e+04
1.347413852900622260e+04
9.635528142389377535e+03
8.554574461825683102e+03
4.203641528086222934e+03
4.147225406922626462e+03
1.260605450941236086e+04
1.182554919544688528e+04
1.404744194345508549e+04
7.630213538136742500e+03
4.649845460792115773e+03
7.887361190939541302e+03
4.864602741399843580e+03
4.378174971533393546e+03
5.740959929532872593e+03
4.133216816644794562e+03
1.151439826609709417e+04
4.858010536762581069e+03
5.865323529474097995e+03
1.043598164783583707e+04
6.355753074358895901e+03
1.605937048110012984e+04
8.518448080916152321e+03
1.319026323573831360e+04
1.485719474845233344e+04
1.099472371217272666e+04
1.671367380660216077e+04
1.681226920812315439e+04
1.879906701424784114e+04
1.278667080872550650e+04
6.968300442557086171e+03
8.088703095807517457e+03
1.464511320887284455e+04
9.089195953735332296e+03
2.875510389606972240e+04
3.861499952485190443e+04
7.830088083524380636e+03
9.218780561767247491e+03
1.565361434965962144e+04
5.913821845164835395e+03
4.772796084271230029e+03
1.198734882363504585e+04
1.248280346944379380e+04
1.044994165386948953e+04
1.264361613434680839e+04
1.199477268227023160e+04
1.551124573640999915e+04
1.270955393282023942e+04
1.665620680704143888e+04
8.802986360535234780e+03
1.407799146555568586e+04
1.393319167771215871e+04
1.462289184165531879e+04
8.353356963815436757e+03
7.005888002474229324e+03
1.060353327584586623e+04
1.250610511306380613e+04
5.722410812107230413e+03
1.052775815632848753e+04
5.541206083189942547e+03
5.095521628782055814e+03
1.145493779363605790e+04
1.316925564753900835e+04
1.333206960695376802e+04
1.825325775993303614e+04
1.303077383776419629e+04
1.253281704379195980e+04
1.501892357240842648e+04
9.666804997980074404e+03
1.159697743829630235e+04
1.212451411367354376e+04
6.893862261976989430e+03
3.339485312465591414e+04
1.118543556977078697e+04
9.283522624166189416e+03
1.202302383145404383e+04
3.025691679437101993e+04
5.708765468304254682e+03
7.762907876536161893e+03
1.431459538192791115e+04
6.615151076022281813e+03
7.124054995903155941e+03
7.585098606191520958e+03
7.145632523825128374e+03
6.859513773092971860e+03
7.698863872941571572e+03
6.984548483222449249e+03
6.254131052539353732e+03
8.292891478652943988e+03
5.563514464936602053e+03
1.174781441632563838e+04
1.080984287439921718e+04
8.536495111990168880e+03
4.008654066953955862e+03
7.944169084165948334e+03
8.512889380057138624e+03
9.441008359915958863e+03
8.051374722817485235e+03
1.273767174220557172e+04
1.208768216950957685e+04
4.990388842009288055e+03
1.409293181680601265e+04
1.584014860074410717e+04
4.655597012457406890e+03
5.600248370005581819e+03
4.686110055980186189e+03
5.257271847437714314e+03
5.672924278710833278e+03
5.371480027277149020e+03
5.666783212030445611e+03
5.482420604778488268e+03
4.881685861462205139e+03
5.199526760752441987e+03
4.703494126581316777e+03
4.877404549943384154e+03
5.267211704512172219e+03
5.767654315402992324e+03
4.922753715836228366e+03
1.072244727909020730e+04
1.103730149717461245e+04
1.078227510273068401e+04
3.231871265913149728e+03
1.090378219605701270e+04
9.307007403231655189e+03
1.168111919935293554e+04
1.341172626784514796e+04
4.136342939094712165e+03
4.930471318976867224e+03
7.987938902923136993e+03
3.896543481081346545e+04
5.546305406647441487e+03
5.080308745954407641e+03
2.929307008635523380e+04
1.347814099269814142e+04
9.330315377435113987e+03
4.041967762325972672e+03
4.675200707913964834e+03
3.475624655587188317e+04
1.415693703404891494e+04
1.364835190193198650e+04
5.558430951942574211e+03
1.040610201775383575e+04
1.627358383619973392e+04
1.012703654492697933e+04
1.157381723733221952e+04
5.306280006605308699e+03
7.121471489962372289e+03
5.778892360215644658e+03
6.233013884981602132e+03
3.429988359780950759e+03
9.787444950021314071e+03
1.071961632995362925e+04
7.837590676515632367e+03
8.720742036544716029e+03
9.431952126462963861e+03
1.490634628018468538e+04
1.315428496013960284e+04
1.227402039238842372e+04
6.565188469944121607e+03
1.346618669374892488e+04
5.430419589820879992e+03
1.063227067104630260e+04
6.123821075064412980e+03
1.541598326361258478e+04
1.366530201231285719e+04
1.648423698932572006e+04
1.627132319052224557e+04
6.689445932416267169e+03
8.353978958170291662e+03
6.110261517999368152e+03
5.001072421226327606e+03
5.940676512844936042e+03
7.039645640079724217e+03
5.459235973950774678e+03
6.321312897833786337e+03
7.475573682184201061e+03
8.073418723340801080e+03
5.296029286895771293e+03
5.477129471956733141e+03
5.962271020854340350e+03
1.385263189963391233e+04
7.305437297802485773e+03
4.085657855337845831e+04
3.529231713319665232e+03
3.957150623074671785e+03
6.317145089556666790e+03
9.522563706867129440e+03
6.120193756529133680e+03
5.572433087445077945e+03
3.293142120829532359e+04
6.415624615880278725e+03
9.907158084729218899e+03
6.700076059814926339e+03
8.443448627456373288e+03
9.109324221398775990e+03
5.893833931951890918e+03
5.333264361459549036e+03
1.016629111744809416e+04
7.245523763543632413e+03
4.316376654331395002e+03
5.146351890789670506e+03
1.193262913560728703e+04
5.078563813077484156e+03
4.045539527163480670e+03
1.864761171040369300e+04
7.919822369262537904e+03
8.382827032598395817e+03
5.871132578619579363e+03
5.435510802746252011e+03
1.227847481394110946e+04
3.177094234189747658e+04
9.186895565225320752e+03
3.201535775272367118e+03
1.060292909106700972e+04
4.035739210200997604e+03
9.504611528202583941e+03
1.268319601161134597e+04
6.058346959019179849e+03
5.722585387440231898e+03
6.287184797369775879e+03
5.781078050213289316e+03
6.546154047924364932e+03
8.968168610903625449e+03
5.908131298851501015e+03
6.755071662931904939e+03
6.490800539982091323e+03
6.221417503914301960e+03
6.027621250663113642e+03
6.862749233542396723e+03
6.652775538268402670e+03
1.604348593719021665e+04
3.185865477676834416e+03
2.945833287033402030e+03
8.280525273703669882e+03
6.835459437532684206e+03
9.288562683594254850e+03
8.726843751995287676e+03
1.841421905463447547e+04
6.867675418471910234e+03
8.255377677748578208e+03
9.934009877891996439e+03
7.820904777732954244e+03
5.006224889432451164e+03
2.424791435329860633e+03
4.755960369778708809e+03
4.283977127375588680e+03
7.240785318767437275e+03
5.939581049525215349e+03
8.753192228628431621e+03
5.805925309266270233e+03
4.880481067361216446e+03
2.538647540518176174e+04
6.675282371838531617e+03
6.267900050539000404e+03
1.728973310558689991e+04
1.584269358509889207e+04
7.449148207611903672e+03
7.736624717215157943e+03
7.979911429427974326e+03
2.596537460751285380e+03
1.732747131297046872e+04
8.213287411663526655e+03
6.557274149714546184e+03
1.397807289750580094e+04
5.240968735784240380e+03
6.965805006117779158e+03
1.121950846727270982e+04
2.852279315298477741e+03
1.647364941572057069e+04
7.027834763459914939e+03
4.786062187562527470e+03
3.211166769433036734e+03
7.095132124473053409e+03
7.822759651155334723e+03
4.219163973385923782e+03
4.514568306510087496e+03
2.854784271190078471e+03
3.406294035768478807e+03
8.514160558431913159e+03
8.265787742670685475e+03
7.048743524984590294e+03
6.527534960824375048e+03
1.995456535689065277e+04
5.026982420619750883e+03
1.201738827780851716e+04
2.801639935511132080e+03
3.722764797266954247e+03
8.162109239190480366e+03
7.099990483034408498e+03
7.195045792024443472e+03
3.135387384722794650e+03
4.596943871249123731e+03
2.863329558914895188e+03
2.672286780862672913e+03
2.152388446419839056e+03
3.083226647429064542e+03
3.356142451992353472e+03
2.865463337826810857e+03
5.199944079984038581e+03
7.848825220071061267e+03
2.222474959802779722e+03
2.458010507009166759e+03
8.469148843912251323e+03
8.023058218174241119e+03
7.902212248278899096e+03
8.714223299083119855e+03
2.438058765425708771e+03
3.553052593901899854e+03
2.653919571622333933e+03
5.429709332137036654e+03
2.488699580348001746e+03
1.927365909303166063e+03
2.097313624095619161e+03
2.082811893575186787e+03
2.940920201996023479e+03
9.400566924207778357e+03
2.281240717456763377e+03
4.330010759986708763e+03
4.394721073281093595e+03
2.379136140165871893e+03
2.451329993457138244e+03
2.352162064278828893e+03
3.440615482064454227e+03
2.417010296072474375e+03
2.282573126418224092e+03
1.912189721383525466e+03
2.315470944092822265e+03
5.330192979473928972e+03
4.757100367172351980e+03
8.791575995424209395e+03
2.578094567137027298e+03
1.919579575125937481e+03
7.346187503076716894e+03
8.658957688634529404e+03
3.456673143829907985e+03
4.603196472873652965e+03
8.517660569802810642e+03
9.138986852991503838e+03
3.026619676744583558e+03
9.412904342565321713e+03
2.658467646339083785e+03
2.294057659837671963e+03
1.944970482303168637e+03
2.344296744548929382e+03
2.187366320942725906e+03
2.104911973201612454e+03
2.130163765398608575e+03
2.123205494166626977e+03
2.069796285369094221e+03
1.970708853744436055e+03
2.166052030604071660e+03
2.910387779615681666e+03
8.152833163259625508e+03
5.647368193295010315e+03
2.101234395851247882e+03
1.901717401622723173e+03
1.945024682765546686e+03
1.923863054355649865e+03
2.037574729491114340e+03
2.110188557433366896e+03
3.089233491654143108e+03
2.331528792528890335e+03
1.910596805768586592e+03
1.918083463782454601e+03
2.021628969626026901e+03
2.361869543868045184e+03
2.006112456358823920e+03
2.044686563065185510e+03
2.141325744083203062e+03
1.988541321132835947e+03
1.968858716985747151e+03
7.852990069404582755e+03
3.839222040956386991e+03
8.900715112577119726e+03
2.235785982643855277e+03
2.216213995727689053e+03
8.497947969318380274e+03
6.332561591647414389e+03
8.589565683044533216e+03
7.636135524314599024e+03
2.709265872639148256e+03
2.583225001533528030e+03
