1.471015819724394169e+04
7.534667152775626164e+03
7.559345230390073266e+04
1.661733188295806758e+04
1.085424179766327870e+04
3.335813062824006920e+04
2.749792279262887678e+04
4.746132695427554427e+04
2.066723572006329050e+04
7.472577036013369798e+04
2.975591043501442618e+04
6.139206813826363941e+03
5.520006676535822265e+01
1.600863200173396339e-01
3.105573494244481481e+04
5.682660748317757389e+05
8.295279244959770040e+02
1.040172922051806198e-01
1.090224865227060491e+03
8.627517130332489614e+03
3.880597722323493144e+03
2.327387188938309555e+05
8.287739183657014337e+02
1.492429331296023338e+04
1.313802936718572482e+03
4.202704591968683962e+04
2.098063433795246601e+04
1.200679401658244569e+04
1.262445856312370154e+02
1.825804856286822178e+04
1.986474697805835240e+04
1.276391059797882690e+03
6.381733843443227233e+05
6.308592094306232866e+03
1.674039711650366080e+05
1.145855281210216526e+04
2.507245330841769464e+05
8.601148690370533586e+03
1.022084290109673566e+04
1.238965945991031913e+05
2.580290581224686466e+05
2.206909559613922102e+04
1.146853840629510705e+04
1.489948029156825796e+05
4.923598262340886322e+03
1.527346244937516349e+04
1.213122595149822882e+04
4.184116400420571881e+04
1.563800128441737252e+04
2.705534718187319231e+04
6.675608099309133650e+03
1.223032616104261251e+03
1.024907204325764178e+04
2.835640541861511792e+03
1.868656523873760307e+04
2.223289648102712090e+04
1.228567863885910992e+04
3.992162774372237618e+04
9.776342736275073548e+03
1.011336004757129558e+04
1.752134996328195848e+04
1.755652625173400520e+04
1.775533746843912013e+04
1.784782416363712931e+00
1.563382456680140422e+04
1.793627445919752790e+04
8.558317486110949176e+03
1.761264538297661420e+04
8.173091877023129200e+03
9.253912163166931350e+03
2.009875565612414221e+03
1.838485479107131323e+04
7.167059198062324867e+03
1.073853209269129002e+04
1.349836368914696322e+04
6.866026582539481751e+03
7.239470606733191744e+03
1.248510084209910929e+03
1.145399602004716871e+04
3.264928573462058557e+05
2.394013012215126219e+04
2.151393351544077450e+04
4.105155643238305493e+04
4.503054182171489811e+04
4.973344134313586437e+03
1.059774737826354612e+04
1.191372318331199131e+04
4.800611318962120095e+03
2.652084035051942919e+04
1.531406904200416175e+05
9.514931366176522715e+03
6.208505268712218822e+03
3.340875227307189107e+03
1.293855267947543689e+04
1.066938804485745277e+04
1.185994919228879735e+04
1.382006736258544879e+04
1.555323050219927063e+04
4.752001217190644820e+04
2.724998395213908516e+05
8.854951311360979162e+03
8.898081825826277054e+03
7.875475182093435251e+03
2.597777943391253211e+04
5.908571438458219745e+03
9.174294816380355769e+03
2.666753732728939576e+04
8.220798188405264227e+03
9.973896397664013421e+03
4.384827260660887259e+04
2.045937804032244458e+04
1.106309337055718970e+04
1.253257190357338914e+04
1.023674022206880545e+04
9.469753589715170165e+03
1.473243120915814143e+04
8.241028264819504329e+03
2.099480147423960716e+03
5.766977701510621955e+03
5.549601977512876329e+04
4.051239490058614319e+04
1.368358618385795126e+04
1.415542761665411490e+04
1.179368676931404116e+04
1.113652991472040776e+04
9.735170215499414553e+03
7.057706265917740893e+03
1.196448299799800225e+04
9.143523353720886007e+03
4.396844869447699602e+04
9.619963578719292855e+03
7.581911876893926092e+03
1.050621533238074881e+04
3.674160912470635958e+04
1.666332003856026063e+02
1.391164523459098018e+04
9.314788579244273933e+03
1.218190884281484796e+04
6.168038078185117229e+03
9.252016646792670144e+03
1.121909287147190662e+04
1.083129687938797179e+04
1.662424226535619891e+04
1.150793675422417436e+04
9.778765122707069168e+03
1.510742062006524247e+04
1.112628362249611928e+04
1.757547784175492998e+05
1.160072404598184039e+04
1.270794854914366624e+04
1.591756002783325857e+04
2.026594013292762611e+04
7.853081356915453398e+03
2.583717176920406200e+04
1.105884590784968532e+04
9.277639630537638368e+03
2.501277300603689946e+04
1.137468882472382938e+04
1.603677067033362619e+04
8.564660050618607784e+03
9.981423360483522629e+03
1.294700523684948348e+04
8.201187468509955579e+03
8.843349391064128213e+03
8.779412818308943315e+03
1.711086531619743255e+04
1.239681227449109429e+04
2.920545534903644511e+04
8.008203800962084642e+03
1.325961850815152866e+04
1.046915498226522141e+04
1.457836228516277879e+04
6.706508799645545878e+03
4.721169134278294223e+03
1.634911077226324123e+05
1.993374026866401618e+04
1.060534641782464132e+04
3.208273861797625432e+04
3.857953263234980404e+05
2.779241490050502034e+04
2.524005812398540365e+04
1.811592299374305367e+04
2.097398341685500418e+04
9.424361778061123914e+03
2.562006205218848845e+04
1.667119519245875927e+04
1.163288174526886178e+04
7.464511942427970098e+03
1.035117934605601477e+03
3.658444972988254449e+04
1.618937617139553549e+04
9.264036449488092330e+03
1.099460083756872154e+04
9.411773833564524466e+03
8.449821821029985585e+03
9.834646285813054419e+03
1.128890091868571835e+04
1.445063127923473985e+04
1.082466536723677200e+04
9.698738822296319995e+03
1.020773716039107421e+04
9.050933567796078933e+03
8.186993196506310596e+03
1.516949724142042396e+04
1.271874481889205890e+04
1.905948264466345427e+04
1.170544374891867665e+04
1.500360831452784259e+04
1.381562976242199693e+04
3.217444228133268189e+04
1.174609059234408960e+04
1.916586033755177414e+04
2.529350730645401927e+04
2.829309647735083490e+04
1.126874133626438743e+04
4.460829215966676711e+05
3.833605689340305398e+05
9.876258872134826561e+02
1.371364645597650224e+03
2.634641488519706181e+05
2.117175765620326565e+05
1.096637405317741468e+03
1.762915650629580568e+03
6.210003925184087166e+03
1.529588805052927346e+05
8.436173014810962911e+01
1.773149589824961731e+05
1.618546228992418492e+03
3.643190058314159614e+03
2.318175407827388553e+05
2.013850884719621536e+04
2.050240723967788654e+04
1.971565862370967807e+04
2.212315930873321122e+04
2.356298337237475425e+04
1.984909250961625003e+04
2.262680856040966319e+04
1.088303160778871461e+04
3.175571549811450677e+04
1.967529200898021372e+04
3.665446754610309290e+04
2.019778362116098651e+04
1.155088076366268251e+04
9.021111093869436445e+03
2.517794304440453925e+04
1.807065308901073877e+04
1.081972359747349037e+04
1.978794925969439646e+04
1.286209882701149763e+04
1.723320630972828440e+04
8.371150101843737502e+03
7.242668279057655127e+03
9.292954946435405873e+03
1.005830364494183596e+04
9.522329625407259300e+03
1.061340366095753234e+04
1.298372267466728772e+04
1.061417664738099847e+04
1.717713489816232322e+04
1.448137210231648714e+04
9.020181739277057204e+03
1.171008296695925492e+04
1.039303913763869059e+04
1.884831446750132091e+04
1.431188293121276183e+04
3.254654414548434215e+04
1.377831095016564541e+04
1.714547788455555929e+04
4.384150415351081028e+04
2.282297491115417870e+04
2.316750651921559620e+04
1.531016888763897805e+04
2.049899703461545505e+04
1.806792127267660544e+04
9.299178819712575432e+02
1.253695561635608783e+03
3.333667089867399682e+03
2.428636068621134200e+03
5.073577525519298797e+04
4.295680707855030050e+03
1.275249257975806540e+04
1.655836274072985543e+04
1.467609276480239350e+04
1.740301174097829062e+04
1.433209757339221687e+04
1.108744595731451409e+04
1.017375581137026347e+04
1.160376111822588246e+04
2.047237758429452151e+04
1.441214104269313793e+04
1.036885672187435193e+04
1.185242578394073098e+04
7.859645912525669701e+03
1.001819417562464696e+04
9.259672435926744583e+03
1.012406091927354282e+04
9.967106194779258658e+03
9.116490092863203608e+04
1.124241829164688534e+04
1.682964427262258687e+04
1.216311721893050344e+04
1.482888297531206626e+04
2.323515525868163604e+04
1.636023696042805386e+04
5.530280145788348455e+04
3.021860447066172128e+04
3.229584895490055260e+03
1.994214519361691373e+03
3.190233984470931464e+05
3.577916138664438222e+03
8.028237728836761562e+03
2.203854392727324012e+04
1.152262891983840382e+04
1.276646965310545784e+04
1.502233776966613368e+04
9.088974011945167149e+03
2.651115283679677304e+04
3.907342751867732295e+04
1.632682037426745592e+04
2.200168702145930001e+04
3.119643982821903410e+04
3.386113176315651071e+04
2.003264503466842871e+04
6.862369940256995505e+03
3.124805009506061106e+04
2.374551426023240128e+04
9.250748647185357186e+03
3.105544334624026305e+04
1.921094733084462132e+04
1.707029234139522669e+04
2.544383802518698940e+04
3.710203236060954805e+04
1.345982927396657215e+04
2.347337002708343061e+04
2.582426261570187853e+04
3.495578570765042969e+04
2.126521220832948529e+04
2.588331056010854081e+04
1.868385545900783109e+04
3.588361917636867292e+04
1.471442382010313122e+04
3.041257580226765276e+04
2.881132232475204364e+04
2.786975146900344771e+04
2.615422198008787745e+04
4.675014292739925440e+04
2.166904836780115147e+04
2.723174142804634539e+04
3.710544188121210027e+04
1.109467788064431261e+04
2.936105674587190515e+04
2.523800656392994279e+04
6.365763324814779917e+05
4.708366191046191670e+04
6.942872377923964677e+02
3.417595747247109539e+05
4.279450912940361013e+04
2.496963369819489526e+04
2.068364811435055162e+04
7.490948140308305483e+03
1.118263598619251025e+04
1.081665037793048214e+04
1.282346728044943302e+05
4.247852186431490736e+03
1.227881481487791461e+04
4.683063685400160466e+04
1.077681356077062264e+04
2.415180437493367572e+04
2.178701399217607832e+04
1.201727676577926468e+04
3.262843579960124771e+04
1.494301571458339640e+04
3.923437071933782136e+04
1.298749566605213295e+04
1.886918366647606017e+05
2.009502351965125999e+05
1.396600659763499607e+04
1.647357464165988495e+04
1.156206259409200356e+04
3.441151208482670336e+04
2.727699691361342411e+04
4.544963309376436882e+03
3.066818632089397579e+04
1.802209481343176230e+04
9.842340216140088160e+03
1.834628162484942732e+04
3.097376969325343089e+04
1.169378264683955240e+04
7.895099030559404127e+02
1.643839583957910872e+04
7.371175857439432548e+03
1.267803071091939637e+04
1.331098883491561901e+04
1.320765788753135421e+05
1.145028561782300494e+04
6.779126578345201779e+03
1.021042051103840458e+04
1.681721073186961439e+04
1.464381342940929244e+04
2.115590484453085519e+05
1.717556303999535739e+05
4.017011890061847225e+04
1.774087165756512695e+04
3.281240049525365612e+04
3.420549526677842368e+04
4.895049732965381736e+03
2.520455104008282433e+04
6.051893025662827313e+03
2.828878202053962741e+04
3.010404188057461943e+04
1.944674058050194435e+04
9.983748583761607733e+03
1.453321813390135503e+04
3.498596015559131774e+04
3.942066100294067292e+04
3.963111530090535234e+04
3.875541992549244605e+04
2.898813748984025369e+04
2.850006363838913239e+04
4.030130022224129789e+04
8.501996546392376331e+03
2.746371813982352614e+04
3.320890988970523904e+04
3.540401792276623746e+04
1.467964112244695934e+04
1.516662061504417215e+04
2.437293835025734734e+05
2.020872376514604548e+04
3.931202186132303177e+04
4.370967129322408437e+04
4.502875875429576263e+04
2.865564651483419220e+04
3.562670257846880122e+04
1.813838550789194414e+04
2.195691303025468733e+04
2.083990711727659072e+04
9.831092188700356928e+03
4.173033703405698179e+04
2.684524511056168558e+04
2.190636434127472239e+04
1.201367990726221251e+04
4.369765331167047407e+04
3.141153501838331067e+04
2.393921460297095837e+04
1.826109130478026782e+04
5.394716976165067899e+04
1.317485241440965910e+04
3.921707754954431584e+04
3.958227189292074763e+04
7.541279943854073645e+04
2.547606941609416754e+04
5.122602662584724021e+04
3.894498214617184567e+04
2.111602304166341855e+04
7.898390717806428438e+04
2.941611934996020136e+04
2.690058282708614934e+04
2.631146812967902224e+04
1.502056742036872492e+04
1.111900138770978810e+04
1.920810338553351176e+04
1.681006784043027073e+04
5.875781048293607455e+04
1.170525291098476191e+04
1.707448736241749793e+04
2.064471410997114799e+04
1.983849722994266267e+04
1.892091543759212436e+04
3.388385772616435861e+04
7.178697270944477350e+04
1.461836126955825021e+05
1.144666676514198189e+05
1.399172678287798408e+04
2.060009253282376085e+04
3.472383279640125693e+05
1.244003096292208211e+05
7.539500958743683441e+03
3.027802282117254799e+04
5.258025865570724272e+04
3.036394732713739722e+04
3.145625286498894638e+04
4.158094306073067128e+04
3.027689915049331830e+04
3.456169482158483152e+04
1.809909347442212311e+04
8.170063425045121403e+04
7.124152649366833793e+04
3.552553747479235171e+05
3.161104528295696582e+04
3.754525610712858906e+04
3.105604251760492116e+04
3.770437020769701485e+04
3.078186854990504798e+04
3.149915786442604440e+04
1.028817881924350695e+04
3.163029223372635170e+04
3.056328462847396804e+04
3.317704287387132354e+04
3.514429452248875168e+04
3.243189184978165940e+04
3.417042013364021113e+04
3.527286239988185844e+04
3.028645667045437222e+04
3.295590665174835885e+04
3.308088402980854880e+04
3.378553853184967738e+04
3.622129426607920323e+04
3.184849667375790523e+04
3.408257561271013401e+04
3.468781881036516279e+04
3.904269471104232071e+04
3.131210830119902676e+04
3.534344523557800858e+04
3.462910470256110420e+04
3.675828173116598919e+04
4.107823632793417346e+04
3.489137515427314793e+04
3.515545040843330207e+04
3.488927441474075749e+04
3.665319530911980837e+04
3.519654449541790382e+04
3.609126881534468703e+04
4.682029974062059046e+04
3.167172405290418101e+04
3.159951275041847475e+04
3.876367864238621405e+04
3.741482443793628045e+04
4.319419605969686381e+04
7.255239073284922051e+04
1.909252279056005864e+04
5.171505253228059155e+04
1.109037537633182910e+04
1.658279144408752836e+04
1.985309167381501538e+04
3.438343622404203779e+04
2.735992163212416926e+04
2.426642322934299955e+04
9.644120859573916823e+04
3.838627515166488593e+04
4.690918824240966933e+04
1.918792676264090915e+04
7.551170394096738892e+04
5.229540391823145183e+04
1.498747121250686905e+04
2.022185451218964226e+04
4.277150817642566108e+04
5.190281638240726170e+04
3.265229777505659877e+04
2.001350464034313700e+04
2.119761038067077970e+04
1.283558637740624690e+05
4.461600684970337898e+04
1.576004179003605677e+05
1.046654789448897827e+04
8.358231827579633318e+03
1.981560958587556161e+04
2.143271985865959505e+04
5.370132580742127902e+04
3.378387574545024108e+04
1.455179959742698884e+04
1.754846298502798163e+04
3.301970708430522063e+04
2.995326749165954971e+04
3.143825814393943074e+04
3.228089222928346862e+04
3.383831674282430322e+04
2.308578456074165661e+04
2.671289471966311612e+04
1.399224983832057842e+04
3.419812742964043719e+04
3.418711476892493374e+04
2.726397059969164184e+04
3.384823046938302286e+04
6.325732152724276239e+04
1.613435100014147174e+05
3.388766892559250118e+04
4.480405368057102169e+04
1.972646392848714822e+04
2.898180965814725278e+04
6.116496441606845474e+04
5.085252996209271078e+04
3.047896206801411608e+04
3.324257326933483273e+04
3.465778721217091515e+04
5.202844765455393645e+04
4.494325923870033148e+04
4.634782222558384819e+04
3.037442527459129269e+04
2.580161787141890454e+04
3.778369204034945869e+04
4.667766420484605624e+04
2.188156928121506280e+04
1.965045078199648196e+04
1.348950289258546582e+04
2.059433007464273032e+04
6.132117458045684180e+04
1.144439581363844336e+05
1.557517515208451005e+04
2.230058914813605952e+04
3.659420897281011275e+04
2.242988840524168045e+05
1.506653756638404739e+05
4.454618305754604080e+04
2.733612780976897920e+05
2.808588593196372967e+05
1.101908303019402083e+05
2.073519967299466225e+04
3.523691484226736793e+04
2.155821915205208643e+05
4.072573680921845371e+05
6.980858082059155277e+04
1.161517556390842401e+04
3.700234589317758946e+04
4.847703929451648582e+04
3.302821467204234068e+04
4.703423204528035421e+04
1.556106951940959698e+04
2.651267698366790137e+04
4.938307740452580038e+04
7.207632174908767047e+04
4.942555423739962862e+04
5.468812278400943615e+04
4.075721127838215034e+04
3.107171219256342010e+04
4.071052613841937273e+04
3.268761680005597009e+04
3.301884312151528866e+04
1.200190534513771672e+04
2.444255480838133008e+04
2.080198410400782814e+04
2.693222473376778362e+04
1.238554751529216446e+04
2.078375069730661562e+04
2.248278140922392049e+04
1.456075685826467816e+04
1.807231767246448362e+04
1.385481089441538825e+04
6.797770270271062327e+04
2.934678438965530950e+05
2.630149184338616033e+04
3.461111769107426517e+04
3.210966149101507472e+04
3.052236311547109653e+04
2.529544717691313053e+04
3.028781147776410580e+04
3.952322978999478801e+04
3.176545730951740188e+04
1.747344790087729634e+05
1.225754484670165839e+05
1.547683388008901966e+05
4.772236206607722561e+05
2.290580799820682150e+05
2.734166117887544096e+05
1.734590889916323795e+04
1.273336036390116715e+04
6.681656628930369334e+04
2.698726846445513365e+04
1.340632744454386120e+05
2.765279918918973417e+05
4.735579837679162738e+05
2.993663012352499063e+05
5.464077641509454697e+05
5.263962422980462434e+05
1.420305348689183302e+05
1.968387115144173731e+05
1.988954352942344121e+04
1.064143846717278939e+05
2.708893017076539400e+04
7.300091199352587864e+04
5.823067739564170188e+04
7.354100411474383145e+04
4.599750249548904685e+04
1.697856526733427017e+04
1.147099754625310743e+05
7.235113593611671240e+04
3.063304580067151983e+04
4.123024419898613705e+05
4.354018407402780722e+05
1.238094879585709714e+04
5.144760600395732763e+04
3.436537151747476310e+04
4.546117916740193614e+05
4.220096860593410674e+05
8.842564351253528730e+04
3.355627962531509693e+05
1.035572788984902290e+05
1.473944507563321677e+05
2.095617181103222538e+04
2.000462991928750853e+04
2.869571538761286865e+04
1.337062323455508886e+04
4.210102748674739996e+04
2.744413532492040758e+04
6.025884703741691192e+04
1.683929362811244937e+04
2.688613112261079368e+05
3.618444323259723024e+05
1.080165632111834129e+06
4.181745608402041835e+05
5.198047170154935447e+05
1.331028834197598553e+04
1.431543086939176828e+04
1.408491148942602194e+04
1.647033311974734897e+04
1.942031109127556192e+04
4.697691328131401679e+04
3.039695986655671004e+04
2.423328456942508637e+04
2.203623658749902461e+04
2.503381273213430177e+04
1.125082569559706753e+05
6.750983703714887379e+05
1.467604629158672469e+05
2.875716881872776503e+04
3.320612697447109531e+04
3.018013129518070491e+04
5.298919279145497421e+04
4.329875044771206012e+04
6.011275182114064955e+04
1.923191166376051842e+05
5.706792088877351489e+04
3.540000655210766854e+04
4.271213469546063425e+04
4.365164152081162320e+04
7.491628458827472059e+04
5.513731728827606421e+05
8.489569072451734683e+05
1.157991326983429492e+06
5.889237173737440753e+04
6.052351111652817053e+04
1.010485842448677722e+05
3.496679641207363602e+04
7.735953770561581769e+04
8.714887883304693969e+04
1.028793322576211503e+05
8.238189227733231382e+04
1.848015219173727673e+05
7.906208328496347531e+04
6.268541590910168452e+04
2.596941326894623926e+05
7.804918665585131384e+04
7.364330471612853580e+04
4.806347500530727848e+04
5.527602563138250844e+04
1.004018750389893103e+05
9.035752871057114680e+04
1.580384620240340300e+05
7.945399504035817517e+04
1.214384079639857810e+05
1.133044122341781331e+05
8.814826914341015799e+04
9.315376992854825221e+04
9.361467156379975495e+04
4.308997410897226655e+04
1.881325415078246733e+05
1.139409409200567170e+05
1.051747886961246404e+05
1.413895745710847841e+05
1.768625455251907697e+05
1.624207958615867246e+05
1.244233089041990315e+05
1.153184833574397489e+05
7.388912957808999636e+04
3.739365410433105426e+05
1.781252227589220565e+05
1.296176028843416570e+05
1.028974070127870364e+05
4.939817667991447524e+04
5.202082469908625353e+04
5.746474318013669836e+04
3.408099221573591785e+04
2.143796457390986034e+05
5.884599126599146985e+04
7.715359447490857565e+04
1.756576716109800327e+05
2.618384835490435653e+05
1.333297860765892838e+05
8.799741596585051157e+05
6.780482048929794109e+04
1.184880180576128041e+05
1.672778502025211637e+05
2.116932682231685030e+05
2.066144244406410144e+05
2.607807780077295902e+05
3.910177354867249960e+05
3.510785917496600887e+05
3.077481376244284329e+05
1.142392615620118566e+06
2.737029669533942360e+05
8.751482242706060642e+05
1.057668536917122256e+05
2.560161601216662966e+05
6.059431652240860276e+05
3.755480088429052266e+05
6.346179138397718780e+05
2.036209173033050320e+04
1.210108722058256972e+05
1.641348770863909449e+05
8.477347192569410254e+04
2.408510355103825277e+05
1.032808277760033816e+05
1.547291814173981547e+05
2.829207235261400347e+05
5.621665096925422549e+05
8.434074212690610439e+05
9.317403727354760049e+05
1.160595324642911146e+05
1.818470872536008537e+05
1.387484430539788736e+05
2.327418360885532165e+05
1.153845982022519311e+05
2.266259052462223917e+05
1.024661641598229646e+06
8.713952031944049522e+05
9.361818532491085352e+05
7.210574284435050795e+05
1.091106483647617977e+06
7.856781797509278404e+05
1.162973208373156376e+06
9.767015396229345351e+05
1.034164947334673721e+06
1.016533631964071421e+06
1.135189738273864379e+06
9.766341729682097211e+05
1.014258564546245267e+06
7.663818902558506234e+05
1.155219674534776015e+06
1.043363423809471424e+06
1.123045467656666413e+06
1.046136698958227411e+06
1.124265226432038238e+06
8.036783998523869086e+05
1.166200279497353360e+06
1.113117042461546836e+06
1.087757275557744084e+06
1.153583594180198852e+06
1.163801990726666059e+06
6.645746063964305213e+05
1.135734356292665470e+06
1.149738926611447008e+06
1.134066067954534199e+06
1.074296663497110596e+06
1.149086718900691485e+06
1.164811002405096777e+06
1.160945358938345220e+06
1.161669372521797428e+06
1.162649056631945074e+06
8.492680376925965538e+05
1.116855086416166509e+06
1.017608366926313494e+06
1.080397834810816217e+06
8.780106801433527144e+05
1.027233960069117718e+06
9.423779015368745895e+05
9.351861052748743678e+05
9.578809865767386509e+05
5.515240268773803255e+05
1.152399135187408421e+06
8.590000827155433362e+05
6.990940426826108014e+05
3.773079862491245876e+04
1.372011252102127182e+05
1.031526725769625773e+05
1.815075744090114895e+05
1.183787415643759741e+05
2.155386132572106435e+05
1.075531949889014475e+06
5.623298382152373670e+05
1.147397963900350034e+06
1.142268272560594836e+06
7.073810451642543776e+05
5.446811893744553672e+05
1.154820621415884001e+06
8.000082173761767335e+05
2.807493093736537267e+05
1.151163646143875085e+06
1.129766044728227658e+06
1.094320104191454360e+06
9.955184869873789139e+05
1.409298456627840642e+05
4.157084642577770865e+05
1.354653230964196846e+05
9.170392640505210147e+04
1.131795995391217992e+06
8.887347087545564864e+05
1.121816370448694797e+06
1.052704279434873722e+06
1.000975449736843118e+06
9.951345589089557761e+05
2.322689569676008541e+05
3.026655659614867182e+05
1.353530124681875750e+05
2.032801031463092368e+05
1.061810974034182262e+06
7.007343562118745176e+05
9.347928256570240483e+05
5.884125863244154025e+05
1.797827343968850910e+05
1.574200446706552175e+05
8.101345056931348518e+05
3.188476305144020007e+05
2.776712210894254385e+05
2.071565136233614467e+05
1.207541294060808141e+05
3.495957967568243621e+05
3.238569589615511941e+05
2.982072399943778873e+05
2.602867956113691325e+05
3.992624845762575860e+05
1.337919000926632143e+05
2.513455449820609356e+05
3.459897240633710171e+05
2.549724467525513028e+05
2.766058605444492423e+05
5.235018700342385564e+05
2.387549353360601526e+05
3.016490263397331000e+05
2.212697354486775002e+05
1.289945330433061317e+05
2.034738954195613333e+05
1.545581257062493823e+05
2.762233240559737897e+05
2.189008390275104612e+05
1.559596039964446391e+05
3.158397020531798480e+05
2.661703412126299227e+05
3.107861662596618407e+05
3.357708065967754810e+05
2.433143525567074830e+05
1.361614365536752157e+05
4.539313551134283771e+05
1.996776018313219829e+05
4.751826295251614647e+05
3.955453098580497317e+05
3.054992049860894331e+05
6.011810191411821870e+05
3.736188248388165957e+05
2.384065053715146496e+05
3.002028836012473912e+05
2.186422720812467742e+05
3.355838188898680382e+05
2.147866515516811050e+05
3.083541548827967490e+05
2.712838134010792710e+05
3.078295517622379703e+05
1.771559576601012086e+05
3.006144952209925978e+05
2.708267675784742460e+05
2.388893551090840774e+05
1.706695284840298700e+05
1.906628511852268130e+05
2.736115146783204400e+05
2.083571580811866734e+05
2.184339727750912716e+05
