7.050526570746403650e+02
1.001736585139325143e+04
9.756955930662486935e+03
8.462628528635934344e+03
3.401973137136558216e+04
1.733246021456229573e+04
3.732553244058702262e+02
4.981253134121387802e+02
9.708213809305880071e-01
2.731698765728334547e+04
1.811845186309358178e+04
1.030846208757955355e+04
3.393633404568128026e+04
1.790481454453192711e+01
1.484434156629389618e+05
1.574849237992583585e+04
1.716227002623766748e+04
1.244707225125074365e+04
5.265747328027689946e+03
7.175291916119430198e+02
8.256946744588476577e+03
4.163552833447869261e+02
2.949009680194643063e-03
1.105354898066680335e+03
1.963779750751136089e+04
1.745406785375667096e+04
1.914006218354771978e-03
2.957948718955413483e+02
1.216869002932825788e+04
9.569862720463974028e+02
1.019291895813615338e+04
2.980984546326405689e+04
2.391262146143740392e+04
2.120379007977515357e+03
7.992363926089191602e-04
6.163738366825468802e+03
7.139799638649170447e+03
9.303249624121266606e+03
8.218257519488233811e+03
9.756825974313895131e+03
4.621503885866867677e+03
2.639236629636756788e+03
9.715205482018836847e+03
1.279461532046641150e+04
1.296613733554509963e+04
3.926810368573439337e+04
6.960909632912936104e+03
5.373161616857862100e+03
1.346952464912128016e+04
1.968544020605797186e+03
1.319499824551558049e+04
1.590792143389565172e+04
1.471994888270028059e+04
3.868302455486712915e+03
9.828435672632644128e+03
1.383322854653262038e+04
4.839209983379133519e+03
3.335232480873135955e+03
6.299390940100478474e+03
7.472913614214881818e+03
6.292015521342857483e+02
5.933555492448107543e+03
6.386459792164587270e+02
6.116254574003842208e+03
1.519901342526906046e+04
6.060893088483541760e+03
1.128735317136125195e+04
5.710774605046757642e+03
4.698120454554067692e+04
1.606598354798603850e+03
1.006522966360204919e+04
7.561041524765571012e+03
1.131437077734607374e+04
6.005804350620101104e+03
1.107150646561609938e+04
1.925913017108435452e+05
3.229642656059163346e+04
1.344527020360075585e+04
8.687739525766954102e+03
1.152506128201638421e+04
1.496832035443256063e+04
2.870576868300075148e+03
2.281231255389243015e+05
1.530973868815361675e+04
4.623474343496638539e+03
9.402347408436531623e+03
2.850844275010347701e+03
1.987275464517037108e+04
9.805184751166063961e+02
8.703078243525558719e+03
4.161239808265509782e+04
1.528466205060068205e+04
7.120332771468411920e+03
1.260234813710051531e+05
2.890609283049906480e+03
6.186157448221078084e+03
2.946897225023130886e+03
1.053058289743850946e+04
4.891883835678895593e+03
5.939820171250241401e+03
1.752212484940368313e+03
6.260448436880017653e+03
1.233179604257481515e+04
3.025122918606191433e+03
7.542314130088271668e+03
5.706288458184790215e+03
1.298437426308716385e+04
6.848741567700222731e+03
1.090969190886630713e+04
1.023672168853637595e+04
7.909871274028716471e+03
1.075383342233311305e+04
4.684453647944552358e+04
4.692370022215850440e+03
1.007413565762228427e+04
9.226088066952290319e+03
7.766024161240478861e+03
1.823946562212058780e+04
5.861063052259984943e+03
1.122186641442124164e+04
1.156891346625321830e+03
5.859795188293727733e+03
6.155756532983687976e+03
5.073205536189540908e+03
4.433575700023142417e+03
6.891425407995356181e+03
1.097037104511688631e+04
5.603754470244639379e+03
4.499912804927381330e+03
9.997839967007523228e+03
4.254288909894019071e+02
4.291462198347828235e+03
3.579705864339062828e+03
1.031390627541423601e+04
7.419046961942710368e+03
4.217502867512347621e+03
3.757677256433845287e+03
5.888269749754310396e+03
3.034786705104837893e+04
7.357331103058564622e+03
7.360743399204113302e+03
7.594966863232698415e+03
5.896764533082139678e+03
3.946012449601753815e+03
1.996378752454590358e+04
6.028314890556471255e+03
5.736350491344345755e+03
1.235066861833764597e+04
5.965728689971484528e+03
5.207568461461139123e+03
1.412591641506455380e+04
5.142040461133703502e+03
9.688648726603950045e-01
7.998580599268160768e+03
7.701676260907389405e+03
6.636292886571923191e+03
1.705906160327835460e+04
1.802311793462532933e+03
6.641335370624162351e+03
2.193834246093173235e+01
6.113177834797320429e+03
6.645155287608909930e+03
1.888326484012548826e+04
5.856158756784013349e+03
6.140365212960354256e+03
5.707107332856897301e+03
9.482725141065013304e+03
5.342929810844889289e+03
1.111718433071754953e+04
1.240066276870239744e+04
2.563919784497805722e+03
7.314604173221039673e+03
1.108941222127088804e+04
7.298088794516032067e+03
1.501890182697465571e+04
8.230260120300485141e+03
4.529740647736713981e+03
7.180604848509523208e+01
9.522514949918944694e+03
5.868407047523927758e+03
1.846093903916759518e+04
9.476535250234970590e+03
5.642552390632680726e+03
6.291113515481276409e+03
7.079896590175959318e+03
6.759684012618769884e+03
6.279992299550896860e+03
1.102961066506382303e+04
4.013046585049601617e+03
7.579332553375130374e+03
1.562128975242716479e+04
1.986879513986006350e+04
4.493085281867428421e+03
3.916563118205788487e+04
8.601587072816886575e+03
8.040211180374913056e+03
8.744568864122840750e+03
9.171340831079778582e+03
3.878809837183561740e+03
1.266014980135185579e+04
9.394999805903071319e+03
4.396749097139577498e+04
5.449023381409206195e+03
1.421854757151676858e+04
6.750912725152756138e+03
7.980490454307188884e+03
9.578828640475864813e+04
2.048626334214346308e-03
6.161448983977379612e+02
1.799452190457247269e+01
5.864716421816576819e+00
5.004505246124001161e+00
9.163197921157818200e+03
1.004859422538443323e+04
1.759619855254910306e+02
1.342623927577826407e+03
2.364335022068322723e+04
2.391677559643721179e+04
1.535789921004317694e+04
2.698641061056972831e+04
2.577544578027327952e+04
7.497168775808978535e+04
1.194544230344403513e+04
2.134748950459140178e+04
2.133731606747216210e+04
6.643191971913585439e+04
1.116372570289261603e+04
5.993902559901707718e+04
7.624645985967087654e+03
2.240219790890304921e+03
1.330063927469954615e+04
4.691599775566694007e+03
5.582523199076187666e+03
1.545417177397499836e+04
1.402386284136553331e+04
1.282848875255902021e+04
4.688079676265352646e+03
3.576928253050262356e+03
4.634428761594912430e+03
7.236866614275741085e+03
4.731151441709655955e+03
5.501227885079038970e+03
3.915044758457412627e+03
4.938308974470898647e+03
9.773832906929897945e+03
8.468582123249590950e+03
6.435558915205527228e+03
7.274230176872704760e+03
1.856563026942130091e+04
8.978852066335824929e+03
9.709609681610287225e+03
1.430296814152916158e+04
6.297209426641881873e+04
7.153654651461240974e+03
3.559912232325798414e+03
1.638575524112203129e+04
5.152931445744751500e+02
6.094742612313116842e+04
1.099822839013049452e+04
2.786555540742314861e+03
3.924010034744053428e+03
4.965573635327682496e+03
9.330751646819500138e+02
9.615451742257837395e+03
2.350450423477248114e+04
1.365055032616493372e+04
1.749782133854131826e+04
6.456193279649545730e+03
3.211887377796443252e+04
2.353865145628887694e+04
1.111834409554863487e+04
1.789623101132020020e+04
1.650688520554582283e+04
5.432603050553081630e+03
5.390656610486061254e+04
6.502112795471488425e+03
2.374779886359001830e+04
1.200508830229695923e+04
5.858799530763988514e+03
1.263830513176622298e+04
5.752491748079981335e+03
6.466262155701245320e+03
6.003013381982848841e+03
6.423567651019267942e+03
6.437054473330074870e+03
5.959000088710271484e+03
1.171282878919567520e+04
7.459608257725393742e+03
8.023375888918999408e+03
1.125699417076429563e+04
4.727950219837873010e+04
1.209033016157217935e+04
2.580133929002304285e+04
6.038085385651688557e+04
1.657345601449718743e+04
8.775943504552129525e+03
1.511664794604034068e+04
1.599213837077760400e+04
7.125205842011420827e+03
9.644142963155811231e+03
6.571413779824420999e+03
6.631547377530911945e+03
1.890124598991761013e+04
2.448789158844286067e+04
1.398222701679952661e+04
4.049495008436272474e+04
1.796591372138946099e+04
1.606128337642622682e+04
8.820052116834613844e+04
2.722497647064414650e+03
1.565110191737420428e+04
1.287670129021349567e+04
7.185421069019553215e+03
3.492102394062677195e+04
2.694533350647435509e+04
1.128709446215341268e+04
1.628276217460288171e+04
1.094288184480504242e+04
6.775868981859651103e+04
9.988042811097879166e+03
1.712010943417490489e+04
1.253859814862467283e+04
2.257172121221885391e+04
8.571158496276479127e+03
2.410860938343448288e+04
1.306814538681784143e+04
2.865168884197382795e+04
1.513199185392562140e+04
1.061437530657075877e+04
1.679449905582163046e+04
1.392284763285908593e+04
4.596968399937624781e+03
3.503213147675502114e+03
7.595403224178096934e+03
1.552274525862365954e+04
4.881561792223694283e+03
1.140304084077437437e+04
2.197649823084399031e+04
4.708557146492041284e+03
3.615430699420617748e+04
1.487869508552890875e+04
1.070785289113129511e+04
2.266935163089702110e+04
6.554873978345831347e+03
4.598659300727380469e+04
1.245795846871047434e+04
2.447575279757771568e+04
4.910681515143960860e+04
1.381422179853696252e+04
1.384005275613438425e+04
1.895770386037327262e+04
1.917589716963810861e+04
1.915209714347898625e+04
1.658264496495932326e+04
1.776690458770680198e+04
1.978105193656354095e+04
7.637220307431538822e+04
1.736037333830279385e+04
3.997116495545444195e+04
2.934154153803829468e+04
1.348695202080298441e+04
1.775257776190681852e+03
3.991703243132770149e+04
3.008316858825396048e+04
3.791270539660024951e+04
1.509298163690575166e+04
2.413804192862746277e+04
1.352553723373730281e+04
4.863320951525623059e+03
2.505821728765350781e+04
1.569484592780514140e+04
2.411526193676427065e+05
1.892314452509264811e+04
1.215907794781449411e+04
9.800423510591190279e+03
4.931912326377745194e+04
2.778832698058783353e+04
2.053162245189329406e+04
3.049896608192889107e+04
2.743270488662917342e+04
1.273463202443875343e+04
3.858025004541501403e+04
2.285770038954388292e+04
3.065975640883229062e+04
1.103630196275240814e+04
2.845390672891438226e+04
3.501437258937915612e+04
1.060762595297301414e+04
8.759306045259978418e+03
3.037616599236751063e+04
1.177627748467043421e+04
2.311678638776910520e+04
2.485730957381560438e+04
1.292715745517007599e+04
2.227796682494895140e+04
5.059465966636881058e+04
8.572406977695196474e+03
1.926571901603333390e+04
6.812192935027135718e+03
1.245747863805046654e+04
1.515884339511437574e+05
3.263625802767160349e+04
3.649962437997671805e+04
3.788202162556016992e+04
1.389097013961173361e+05
8.572045660914026666e+04
3.170664355388344484e+04
1.230483433885269187e+04
8.324008061695145443e+03
1.949966066224859605e+04
2.034009690970427619e+04
6.110643744374729431e+04
3.512114361224898312e+04
1.341241717510014860e+04
1.074036118473140232e+04
6.177876306895694870e+04
7.634624915293374215e+04
4.635560242879850557e+04
3.049081626989732831e+04
2.338376953399000558e+04
2.805493830189888104e+04
1.509649060187786381e+04
1.459512331913341040e+04
1.091846392603204913e+04
3.131693838589619263e+05
2.359514884285326116e+04
1.418130125795470085e+05
3.528612737322320027e+04
2.890011303299282372e+04
2.021023321432086595e+04
8.409892145870069726e+03
8.943577062845835826e+03
1.443088635677574894e+04
1.835714901514341182e+04
2.573293566148667742e+04
2.349058778089508633e+04
1.895967094098938469e+04
1.442576113686370627e+04
9.224239395997639804e+04
4.862350499015543755e+04
5.888437249501181941e+04
1.220337376654050167e+05
3.500153238840511767e+04
7.592059832903476490e+04
2.892658524009767279e+04
3.346737757540948223e+04
3.869100692260034702e+04
4.196250723955972353e+04
1.310817877505817160e+05
2.026650745540186763e+05
6.176192918664668105e+04
1.952343723734431842e+04
2.217680361186382943e+05
8.381876340139820240e+04
3.267394779069765355e+04
3.467353617669380037e+04
1.283640260048587661e+05
7.181027191945422965e+04
1.674084425749209186e+04
1.036182849026430267e+04
2.411087768290786335e+04
3.473468381608423078e+04
3.032006305312683617e+04
3.373244228823316371e+04
7.087683497824693040e+04
5.491379246762229741e+04
2.568801627502453266e+04
3.396007080212062283e+04
1.791859893893169356e+05
7.252809929650693084e+04
1.408421442153009411e+05
1.193438025497265335e+05
2.116511003761137254e+05
8.573073016472347081e+04
2.466910994143089047e+05
6.782280814780945366e+04
6.143216246978090930e+04
7.421735764233798545e+04
1.108211091034719138e+05
1.418030696429672244e+05
2.928274022833257914e+04
2.384220444016310648e+04
1.046638029015635548e+05
1.115211539727277268e+05
8.037967517340065388e+04
1.959985951433403898e+04
8.183658454914133472e+03
1.869972102929572793e+04
6.170862452313586982e+04
3.288306741143408726e+04
8.795573990271889488e+04
2.575114842839643243e+05
9.180888481431912805e+04
6.573856741861889896e+04
3.144147113397369321e+04
9.002789718947198708e+04
1.766227384170029836e+04
2.106409448713914608e+05
3.128758358465476776e+05
1.866092180228348661e+04
2.421830985731455439e+04
4.531811047689395491e+04
1.390371408384687675e+05
2.100568275713734693e+04
3.153368384627521664e+04
2.047515206890432819e+04
2.906100947427849314e+04
3.836239977345109219e+04
2.536758464587798153e+04
3.058117603413989855e+04
1.950966078929859577e+04
4.619982246198335633e+04
6.816244258050392091e+04
6.046237394441739161e+04
4.331500483314073790e+04
5.678354910739655315e+04
8.594057811963163840e+04
2.383346454682231706e+04
7.447717909496836364e+04
2.349864741202777077e+05
4.301198948364253738e+04
6.489269398796821042e+04
9.510363568773679435e+04
1.371082797239569773e+05
1.044105231591451593e+05
8.093646487341933243e+04
4.643097048542978155e+04
5.711549540526924102e+04
2.086835636548748880e+04
9.335910781836161914e+04
2.627389729036695280e+04
2.673714725996756169e+04
8.511679935552238021e+04
1.477254697143165395e+05
5.059488802480689628e+03
7.557240292272268562e+03
1.583170947162727243e+05
9.391136995178267534e+04
2.399447773276259250e+05
5.855752561745982530e+04
4.843280439230975753e+04
2.243828129210922998e+04
1.046045495079063694e+05
9.622150282938599412e+04
1.956810319871297397e+05
1.483715828294278472e+05
1.478911971506359114e+05
1.780796728895367123e+05
1.852909819205901877e+05
1.574694343143872975e+05
3.152791873873776785e+04
2.101414132967066835e+05
6.766284223387342536e+03
2.828610154223638528e+04
1.372778867025572981e+05
1.002841367091068241e+05
1.833780766637625638e+05
1.220392290299496963e+05
2.225111874296166643e+05
8.625125871217891108e+04
4.131183947323198663e+04
1.304063035000043310e+05
4.367016682042181492e+04
1.643021685681838717e+05
2.003555251692791935e+05
8.799626507355339709e+04
1.229160046803306032e+05
1.191679062359721720e+05
2.020141588465200621e+05
1.546326605963682814e+05
1.637461313657423016e+05
9.289841798779927194e+04
1.145421781376052968e+05
5.060427206023700273e+04
1.908629243943843467e+05
1.412153360428774031e+05
1.514168921207227395e+05
1.532745212972794543e+05
1.605521919996869983e+05
2.740300711057696026e+05
2.649488798187612556e+05
2.454847391623226576e+05
2.256790359901823977e+05
2.956040139816144365e+05
2.125774480468090624e+05
2.803480746017367928e+05
1.370263898072873999e+05
1.416478308150493831e+05
2.258952063163743587e+05
1.990472303300046187e+05
2.564382549516333675e+05
2.800698592637268011e+05
2.496883646280570829e+05
2.336806153373895213e+05
2.799882335417976719e+05
2.624607028843220905e+05
1.836464254957546073e+05
2.517286361549367430e+05
2.616091677580476389e+05
2.540508717997907661e+05
6.902773521395942953e+04
2.171834462681858859e+05
1.915999625607561611e+05
2.849567115204053698e+05
1.925418769653393247e+05
2.490685293365248945e+05
2.027012450515540258e+05
6.850660476345059578e+04
1.534795782120636140e+05
3.430464680493845954e+05
1.923220040881508321e+05
5.643576325190087664e+04
3.938961635391427990e+04
6.762758035646102508e+04
4.525641060330036271e+04
2.611889196442604880e+05
6.053682096225285932e+04
1.020205640603689244e+05
1.023038967175694124e+05
1.283190934131034010e+05
9.107699027707675123e+04
2.600593453891179233e+05
1.100468705502929806e+05
1.276542969052682602e+05
9.935659747703197354e+04
2.508232656231419533e+05
4.537996591117352364e+05
6.217161652286414756e+05
2.283972175854110683e+05
1.730630758716018754e+05
1.087010615499957057e+05
3.026385611075152992e+05
1.667270539231873991e+05
1.330697708325502172e+05
2.968090794948312687e+05
3.883812509440477879e+04
6.391202427884558711e+04
7.207285540227367892e+04
7.573582297392649343e+04
7.699630529544099409e+04
5.792650168671123538e+04
1.139504724222975929e+05
1.515002106932048919e+05
1.247187649174438120e+05
2.069277976204589067e+05
1.467168216952499351e+05
5.463830611876829062e+05
1.179283445337818848e+05
1.211870725151284569e+05
1.149793154316005675e+05
1.078027835409315303e+05
1.397106249110497010e+05
1.457043290405034786e+05
4.146906990025622508e+04
6.508878587061370490e+04
8.891218591636377096e+04
5.359061915452467656e+04
1.552477012205313658e+05
1.864422222156937351e+05
8.961094299310706265e+04
3.015865554468936753e+05
1.933199152295245731e+05
1.014928098012380069e+05
9.351016565151509712e+04
1.070149213375678810e+05
1.151138168762262212e+05
8.076484974776758463e+04
4.838086289153862745e+05
8.183918614820322546e+04
1.962053788446218823e+05
2.982251138383955695e+05
9.435865239625472168e+04
9.472849580731760943e+04
8.946482542437563825e+04
1.250245288838461856e+05
2.321367140668598295e+05
2.351721107574033958e+05
3.072549234014092945e+05
1.229098674356115080e+05
1.088931225470300560e+05
3.056024011414173292e+05
2.937210291607674444e+05
3.014146920639213640e+05
2.068405080304781150e+05
1.588621325886301347e+05
2.838482747672726400e+05
1.354490529389353178e+05
6.282674492457493761e+04
4.061253458411046886e+05
4.678101071571612265e+05
2.925350337449421058e+05
1.264973568530162011e+05
1.291689713023736840e+05
1.168801073138864740e+05
1.646459278526973794e+05
2.891250249286398757e+05
2.775273050902312971e+05
1.844079064283761836e+05
5.326607117106704391e+04
2.927167237403731560e+05
7.114050717058825830e+04
5.356880600223944057e+05
4.222191488901325502e+05
1.816020592562575766e+05
1.602593637219460506e+05
1.297461658442513290e+05
1.431825062199842941e+05
1.892819337237878062e+05
2.700685597774877097e+05
1.439424660400720313e+05
1.116822247178275284e+05
1.638348637280310504e+05
1.461539749553418660e+05
1.924639995243299054e+05
1.666897686189684318e+05
1.708062039179305721e+05
1.920768543629104679e+05
1.266823175662313733e+05
1.435066508776793780e+05
2.869039475960661075e+05
2.629732959933294333e+05
1.244717413085115695e+05
3.816207021804631804e+05
6.521386106560120825e+05
2.930969623548481613e+05
1.755776335733002634e+05
2.267384195019297185e+05
1.610238680582211236e+05
1.768597232487566071e+05
1.095113969747210649e+05
2.766107939001238556e+05
4.475780986301215016e+05
1.245719233379231009e+05
1.454523428353889612e+05
1.700239143152949982e+05
1.709076650219824805e+05
2.321520797200483212e+05
1.963838357439014071e+05
2.763318112967594643e+05
1.503994016637661553e+05
2.596658994057045202e+05
1.245379408647200471e+05
3.526509384253023891e+05
2.146158597357495746e+05
9.460175748290740012e+04
1.349547101070507779e+05
2.204443082544771605e+05
2.350390845246412791e+05
1.671807509779958054e+05
1.471227455535308109e+05
2.459947535960831738e+05
2.859877799438450602e+05
3.168958101572805899e+05
1.623362200473791454e+05
1.452535749644804746e+05
2.108246538010295480e+05
3.108592605025399243e+05
2.766117180769962142e+05
1.526210615152378450e+05
1.794685994426215766e+05
1.588152702118348097e+05
1.885140156672420562e+05
6.910344107591098873e+05
3.292663188205942861e+05
2.335368438305515156e+05
3.392473083524095127e+05
2.603698850221351895e+05
2.552708832291691215e+05
3.055993134362195851e+05
3.238780205760796089e+05
2.685610803034287528e+05
4.267544878243999556e+05
3.256644621690007625e+05
3.548054442952662357e+05
3.541501338708724943e+05
3.628999275273371022e+05
4.366562514733714052e+05
4.726928873243246344e+05
2.979988194737978629e+05
3.827725839993958944e+05
3.286951069591753185e+05
5.860448422427070327e+05
3.586203344860558864e+05
6.634347129002329893e+05
3.709774123275472666e+05
2.435015891407225863e+05
1.903680935742586735e+05
2.560734330229483603e+05
4.584013867744246381e+05
5.121658128382638097e+05
2.428818361616207985e+05
4.857999088677032851e+05
5.440019037835624767e+05
5.248774095997861587e+05
5.957437089238647604e+05
6.175731210444046883e+05
2.195646363252871379e+05
2.350218376893860113e+05
2.153298981057614146e+05
1.965869083155058324e+05
2.473053039937777794e+05
2.250170565383234352e+05
3.811042804816268035e+05
3.616427391159927356e+05
6.533832741246769438e+05
5.548562007807811024e+05
2.608939750582060951e+05
3.825804551334943972e+05
6.396429209197404562e+05
7.084925354719228344e+05
7.041877535475559998e+05
5.507313286616998957e+05
5.884533681801654166e+05
6.549700574469519779e+05
3.856598626916864887e+05
6.897064759637030074e+05
4.923891344407957513e+05
2.416420318169576931e+05
2.331552050848838117e+05
2.022024901528760965e+05
3.508526012907107943e+05
5.770004939890344394e+05
2.410781686440340709e+05
3.150639877788226004e+05
3.437540248860677239e+05
1.941102717927223130e+05
2.356457568258471729e+05
5.356159099199146731e+05
4.523148059847911354e+05
6.217487385194386588e+05
6.356916568610287504e+05
