48 	 # Number of sensors 
# x z 
0.00 0.00 
5.00 0.30 
10.00 0.30 
15.00 0.00 
20.00 -0.30 
25.00 -0.20 
30.00 -0.20 
35.00 0.10 
40.00 0.10 
45.00 0.10 
50.00 -0.20 
55.00 -0.30 
60.00 -0.10 
65.00 -0.30 
70.00 -0.40 
74.90 0.40 
79.90 0.70 
84.90 0.60 
89.90 0.80 
94.90 1.10 
99.90 1.60 
104.90 1.70 
109.80 2.00 
114.80 2.40 
119.80 2.60 
124.80 2.90 
129.80 3.20 
134.80 3.60 
139.80 4.20 
144.70 4.40 
149.70 3.80 
154.70 3.80 
159.60 4.70 
164.50 5.80 
169.50 5.80 
174.50 5.40 
179.30 7.00 
183.90 8.90 
187.10 12.70 
192.10 13.00 
197.10 13.00 
202.10 13.10 
207.10 12.40 
212.00 12.20 
217.00 12.70 
221.90 14.00 
226.90 14.00 
231.90 14.00 
335 	 # Number of measurements 
# a b m n rhoa err
1 4 2 3 64033.00 0.040 
2 5 3 4 79598.00 0.040 
3 6 4 5 61570.00 0.040 
4 7 5 6 73920.00 0.040 
5 8 6 7 66043.00 0.040 
6 9 7 8 73613.00 0.040 
7 10 8 9 63644.00 0.040 
8 11 9 10 75134.00 0.040 
9 12 10 11 62215.00 0.040 
10 13 11 12 41004.00 0.040 
11 14 12 13 72932.00 0.040 
12 15 13 14 53543.00 0.040 
13 16 14 15 38846.00 0.040 
15 18 16 17 107557.00 0.040 
16 19 17 18 20245.00 0.040 
18 21 19 20 37030.00 0.040 
19 22 20 21 31595.00 0.040 
20 23 21 22 46237.00 0.040 
21 24 22 23 29199.00 0.040 
22 25 23 24 38025.00 0.040 
23 26 24 25 51289.00 0.040 
24 27 25 26 34579.00 0.040 
25 28 26 27 42624.00 0.040 
26 29 27 28 35972.00 0.040 
27 30 28 29 47207.00 0.040 
28 31 29 30 39006.00 0.040 
29 32 30 31 40231.00 0.040 
30 33 31 32 34781.00 0.040 
31 34 32 33 52450.00 0.040 
32 35 33 34 37470.00 0.040 
33 36 34 35 48886.00 0.040 
34 37 35 36 37482.00 0.040 
35 38 36 37 30982.00 0.040 
36 39 37 38 86667.00 0.040 
37 40 38 39 23583.00 0.040 
38 41 39 40 29987.00 0.040 
39 42 40 41 73765.00 0.040 
40 43 41 42 7522.40 0.040 
41 44 42 43 48066.00 0.040 
43 46 44 45 10796.00 0.040 
44 47 45 46 14058.00 0.040 
45 48 46 47 14340.00 0.040 
1 7 3 5 129910.00 0.040 
2 8 4 6 108604.00 0.040 
3 9 5 7 114304.00 0.040 
4 10 6 8 120805.00 0.040 
5 11 7 9 111362.00 0.040 
6 12 8 10 115497.00 0.040 
7 13 9 11 102806.00 0.040 
8 14 10 12 107996.00 0.040 
9 15 11 13 76500.00 0.040 
10 16 12 14 96179.00 0.040 
12 18 14 16 83350.00 0.040 
14 20 16 18 73493.00 0.040 
15 21 17 19 68403.00 0.040 
16 22 18 20 60960.00 0.040 
18 24 20 22 71222.00 0.040 
19 25 21 23 89189.00 0.040 
20 26 22 24 64063.00 0.040 
21 27 23 25 87485.00 0.040 
22 28 24 26 91031.00 0.040 
23 29 25 27 68994.00 0.040 
24 30 26 28 78774.00 0.040 
25 31 27 29 79674.00 0.040 
26 32 28 30 81081.00 0.040 
27 33 29 31 52076.00 0.040 
28 34 30 32 74576.00 0.040 
29 35 31 33 71040.00 0.040 
30 36 32 34 81492.00 0.040 
31 37 33 35 96233.00 0.040 
32 38 34 36 57008.00 0.040 
33 39 35 37 51097.00 0.040 
34 40 36 38 120145.00 0.040 
35 41 37 39 114562.00 0.040 
36 42 38 40 43082.00 0.040 
37 43 39 41 26564.00 0.040 
38 44 40 42 28732.00 0.040 
39 45 41 43 49370.00 0.040 
40 46 42 44 31477.00 0.040 
41 47 43 45 18772.00 0.040 
1 10 4 7 144171.00 0.040 
2 11 5 8 141450.00 0.040 
3 12 6 9 142422.00 0.040 
4 13 7 10 152380.00 0.040 
5 14 8 11 143110.00 0.040 
6 15 9 12 149243.00 0.040 
7 16 10 13 141691.00 0.040 
8 17 11 14 102012.00 0.040 
9 18 12 15 125108.00 0.040 
10 19 13 16 125354.00 0.040 
12 21 15 18 105563.00 0.040 
13 22 16 19 123451.00 0.040 
14 23 17 20 71075.00 0.040 
15 24 18 21 91999.00 0.040 
16 25 19 22 103869.00 0.040 
18 27 21 24 134829.00 0.040 
19 28 22 25 107943.00 0.040 
20 29 23 26 118545.00 0.040 
21 30 24 27 113717.00 0.040 
22 31 25 28 108964.00 0.040 
23 32 26 29 117560.00 0.040 
24 33 27 30 98513.00 0.040 
25 34 28 31 98600.00 0.040 
26 35 29 32 100713.00 0.040 
27 36 30 33 120108.00 0.040 
28 37 31 34 96571.00 0.040 
29 38 32 35 96393.00 0.040 
30 39 33 36 80618.00 0.040 
31 40 34 37 81785.00 0.040 
32 41 35 38 135992.00 0.040 
33 42 36 39 102966.00 0.040 
34 43 37 40 116688.00 0.040 
35 44 38 41 49762.00 0.040 
37 46 40 43 62948.00 0.040 
38 47 41 44 61743.00 0.040 
1 13 5 9 169910.00 0.040 
2 14 6 10 165301.00 0.040 
3 15 7 11 168489.00 0.040 
4 16 8 12 171377.00 0.040 
5 17 9 13 181658.00 0.040 
6 18 10 14 164571.00 0.040 
7 19 11 15 123407.00 0.040 
8 20 12 16 157029.00 0.040 
9 21 13 17 96847.00 0.040 
10 22 14 18 130901.00 0.040 
11 23 15 19 177399.00 0.040 
12 24 16 20 145394.00 0.040 
13 25 17 21 61687.00 0.040 
14 26 18 22 111157.00 0.040 
15 27 19 23 143838.00 0.040 
16 28 20 24 144536.00 0.040 
18 30 22 26 145102.00 0.040 
19 31 23 27 156213.00 0.040 
20 32 24 28 152755.00 0.040 
21 33 25 29 135643.00 0.040 
22 34 26 30 144624.00 0.040 
23 35 27 31 113042.00 0.040 
24 36 28 32 138609.00 0.040 
25 37 29 33 142967.00 0.040 
26 38 30 34 110676.00 0.040 
27 39 31 35 109888.00 0.040 
28 40 32 36 105740.00 0.040 
29 41 33 37 108674.00 0.040 
30 42 34 38 164640.00 0.040 
31 43 35 39 146574.00 0.040 
32 44 36 40 133730.00 0.040 
33 45 37 41 128145.00 0.040 
35 47 39 43 71880.00 0.040 
36 48 40 44 61989.00 0.040 
1 16 6 11 189950.00 0.040 
2 17 7 12 191327.00 0.040 
3 18 8 13 189368.00 0.040 
4 19 9 14 187422.00 0.040 
5 20 10 15 173372.00 0.040 
6 21 11 16 159104.00 0.040 
7 22 12 17 138110.00 0.040 
8 23 13 18 146294.00 0.040 
9 24 14 19 162944.00 0.040 
10 25 15 20 151514.00 0.040 
11 26 16 21 178521.00 0.040 
13 28 18 23 143086.00 0.040 
14 29 19 24 166076.00 0.040 
15 30 20 25 181994.00 0.040 
16 31 21 26 186532.00 0.040 
18 33 23 28 181006.00 0.040 
19 34 24 29 179259.00 0.040 
20 35 25 30 158459.00 0.040 
21 36 26 31 149967.00 0.040 
22 37 27 32 157788.00 0.040 
23 38 28 33 134715.00 0.040 
24 39 29 34 120042.00 0.040 
25 40 30 35 136575.00 0.040 
26 41 31 36 104245.00 0.040 
28 43 33 38 159808.00 0.040 
29 44 34 39 161451.00 0.040 
30 45 35 40 149447.00 0.040 
31 46 36 41 115799.00 0.040 
32 47 37 42 94814.00 0.040 
33 48 38 43 79367.00 0.040 
1 19 7 13 207991.00 0.040 
2 20 8 14 197433.00 0.040 
3 21 9 15 191555.00 0.040 
4 22 10 16 194224.00 0.040 
5 23 11 17 135853.00 0.040 
6 24 12 18 162379.00 0.040 
7 25 13 19 178613.00 0.040 
8 26 14 20 167275.00 0.040 
9 27 15 21 158218.00 0.040 
10 28 16 22 169249.00 0.040 
12 30 18 24 155725.00 0.040 
13 31 19 25 193285.00 0.040 
14 32 20 26 199328.00 0.040 
15 33 21 27 182178.00 0.040 
16 34 22 28 171784.00 0.040 
18 36 24 30 200008.00 0.040 
19 37 25 31 172818.00 0.040 
20 38 26 32 148726.00 0.040 
21 39 27 33 134731.00 0.040 
22 40 28 34 147767.00 0.040 
23 41 29 35 140000.00 0.040 
24 42 30 36 166224.00 0.040 
25 43 31 37 118978.00 0.040 
26 44 32 38 175277.00 0.040 
27 45 33 39 181998.00 0.040 
28 46 34 40 166445.00 0.040 
29 47 35 41 153235.00 0.040 
1 22 8 15 191851.00 0.040 
2 23 9 16 205768.00 0.040 
3 24 10 17 164390.00 0.040 
4 25 11 18 153863.00 0.040 
5 26 12 19 188945.00 0.040 
6 27 13 20 180791.00 0.040 
7 28 14 21 169644.00 0.040 
8 29 15 22 164659.00 0.040 
9 30 16 23 184573.00 0.040 
10 31 17 24 109332.00 0.040 
11 32 18 25 218990.00 0.040 
12 33 19 26 196266.00 0.040 
13 34 20 27 195267.00 0.040 
14 35 21 28 215343.00 0.040 
15 36 22 29 192298.00 0.040 
16 37 23 30 207119.00 0.040 
18 39 25 32 156382.00 0.040 
19 40 26 33 164571.00 0.040 
20 41 27 34 143553.00 0.040 
21 42 28 35 171060.00 0.040 
22 43 29 36 140219.00 0.040 
23 44 30 37 141277.00 0.040 
24 45 31 38 163608.00 0.040 
25 46 32 39 191014.00 0.040 
26 47 33 40 178573.00 0.040 
27 48 34 41 157093.00 0.040 
1 25 9 17 173575.00 0.040 
2 26 10 18 175641.00 0.040 
3 27 11 19 183680.00 0.040 
4 28 12 20 185817.00 0.040 
5 29 13 21 176122.00 0.040 
6 30 14 22 170403.00 0.040 
7 31 15 23 174052.00 0.040 
8 32 16 24 185525.00 0.040 
9 33 17 25 134616.00 0.040 
10 34 18 26 169320.00 0.040 
11 35 19 27 155937.00 0.040 
12 36 20 28 207027.00 0.040 
13 37 21 29 218516.00 0.040 
14 38 22 30 163447.00 0.040 
15 39 23 31 149191.00 0.040 
16 40 24 32 172966.00 0.040 
18 42 26 34 181550.00 0.040 
19 43 27 35 150462.00 0.040 
20 44 28 36 155094.00 0.040 
21 45 29 37 146998.00 0.040 
22 46 30 38 209492.00 0.040 
23 47 31 39 164438.00 0.040 
24 48 32 40 176664.00 0.040 
1 28 10 19 199480.00 0.040 
2 29 11 20 174207.00 0.040 
3 30 12 21 177900.00 0.040 
4 31 13 22 174511.00 0.040 
5 32 14 23 175833.00 0.040 
6 33 15 24 169956.00 0.040 
7 34 16 25 187320.00 0.040 
8 35 17 26 146886.00 0.040 
9 36 18 27 161340.00 0.040 
10 37 19 28 194582.00 0.040 
11 38 20 29 163426.00 0.040 
12 39 21 30 171648.00 0.040 
13 40 22 31 148239.00 0.040 
14 41 23 32 171697.00 0.040 
15 42 24 33 181086.00 0.040 
16 43 25 34 158290.00 0.040 
18 45 27 36 166982.00 0.040 
19 46 28 37 168052.00 0.040 
20 47 29 38 198048.00 0.040 
21 48 30 39 189455.00 0.040 
1 31 11 21 183319.00 0.040 
2 32 12 22 169848.00 0.040 
3 33 13 23 171279.00 0.040 
4 34 14 24 170868.00 0.040 
5 35 15 25 166771.00 0.040 
6 36 16 26 178190.00 0.040 
7 37 17 27 143241.00 0.040 
8 38 18 28 125995.00 0.040 
9 39 19 29 142463.00 0.040 
10 40 20 30 153123.00 0.040 
11 41 21 31 111612.00 0.040 
12 42 22 32 150993.00 0.040 
13 43 23 33 164059.00 0.040 
14 44 24 34 170099.00 0.040 
15 45 25 35 169821.00 0.040 
16 46 26 36 172907.00 0.040 
18 48 28 38 208001.00 0.040 
1 34 12 23 178537.00 0.040 
2 35 13 24 156852.00 0.040 
3 36 14 25 164834.00 0.040 
4 37 15 26 160361.00 0.040 
5 38 16 27 122005.00 0.040 
6 39 17 28 109761.00 0.040 
7 40 18 29 115807.00 0.040 
8 41 19 30 133436.00 0.040 
10 43 21 32 145301.00 0.040 
11 44 22 33 183485.00 0.040 
12 45 23 34 160574.00 0.040 
13 46 24 35 173825.00 0.040 
14 47 25 36 174287.00 0.040 
15 48 26 37 164051.00 0.040 
1 37 13 25 157461.00 0.040 
2 38 14 26 108258.00 0.040 
3 39 15 27 103719.00 0.040 
4 40 16 28 113841.00 0.040 
5 41 17 29 100031.00 0.040 
7 43 19 31 109742.00 0.040 
8 44 20 32 125635.00 0.040 
9 45 21 33 140662.00 0.040 
10 46 22 34 135458.00 0.040 
11 47 23 35 173560.00 0.040 
12 48 24 36 159899.00 0.040 
1 40 14 27 106861.00 0.040 
2 41 15 28 92701.00 0.040 
3 42 16 29 116143.00 0.040 
4 43 17 30 94146.00 0.040 
5 44 18 31 90811.00 0.040 
6 45 19 32 110254.00 0.040 
7 46 20 33 121044.00 0.040 
8 47 21 34 134822.00 0.040 
9 48 22 35 124700.00 0.040 
1 43 15 29 84935.00 0.040 
2 44 16 30 83405.00 0.040 
3 45 17 31 87815.00 0.040 
4 46 18 32 94149.00 0.040 
5 47 19 33 105275.00 0.040 
6 48 20 34 107476.00 0.040 
1 46 16 31 81681.00 0.040 
2 47 17 32 77283.00 0.040 
3 48 18 33 84801.00 0.040 
