120 	 # Number of sensors 
# x z 
0.00 0.00 
5.00 0.00 
10.00 -0.70 
15.00 -0.90 
19.70 -0.90 
24.60 -1.50 
29.60 -1.90 
34.30 -2.30 
39.30 -3.20 
44.30 -4.30 
49.20 -4.80 
54.20 -5.20 
59.20 -4.90 
64.10 -4.90 
68.90 -6.00 
73.80 -7.40 
78.60 -8.40 
83.60 -9.70 
88.60 -10.30 
93.60 -10.60 
96.80 -10.60 
101.80 -12.40 
106.80 -14.20 
111.80 -14.80 
116.70 -15.10 
121.70 -16.00 
126.70 -15.80 
131.60 -16.80 
136.10 -17.20 
141.10 -18.40 
146.10 -19.30 
151.00 -18.50 
155.90 -19.10 
160.50 -19.90 
165.30 -19.10 
170.30 -19.10 
174.90 -18.90 
179.90 -20.50 
184.90 -20.00 
189.80 -20.10 
194.40 -21.10 
199.10 -19.20 
204.10 -17.60 
208.90 -18.10 
213.90 -18.90 
218.90 -18.50 
223.90 -18.80 
228.70 -17.40 
233.70 -17.30 
238.70 -17.20 
243.30 -19.20 
248.20 -20.10 
253.20 -20.90 
258.10 -21.70 
263.10 -21.40 
267.80 -23.10 
271.80 -26.10 
276.70 -27.20 
281.40 -29.00 
284.70 -32.70 
289.00 -35.20 
293.60 -37.30 
298.40 -38.70 
303.40 -39.00 
308.40 -38.80 
313.20 -39.90 
318.20 -40.80 
323.10 -41.30 
328.10 -42.10 
332.10 -45.10 
336.20 -47.80 
341.10 -48.80 
346.10 -49.10 
350.90 -50.70 
355.70 -51.90 
360.50 -53.20 
365.10 -51.00 
369.90 -50.00 
374.90 -49.50 
379.70 -51.10 
384.60 -52.10 
389.50 -51.20 
394.50 -51.10 
399.10 -52.90 
403.80 -54.80 
408.70 -55.40 
413.60 -56.60 
418.40 -57.80 
423.40 -58.70 
428.30 -59.20 
433.30 -59.90 
438.20 -60.80 
443.20 -60.20 
448.00 -61.60 
452.70 -63.30 
457.60 -62.50 
462.20 -64.50 
467.20 -64.60 
472.00 -65.90 
477.00 -66.60 
482.00 -66.10 
487.00 -65.70 
491.90 -66.20 
496.70 -67.80 
501.30 -69.60 
505.90 -71.60 
510.80 -70.30 
515.50 -72.10 
520.10 -73.90 
525.10 -74.00 
529.80 -75.70 
534.60 -77.10 
539.50 -78.30 
544.50 -78.40 
549.40 -79.00 
554.20 -80.40 
559.10 -81.50 
564.00 -82.50 
568.70 -84.20 
573.60 -85.00 
1135 	 # Number of measurements 
# a b m n rhoa err
1 4 2 3 3036.90 0.040 
2 5 3 4 3031.50 0.040 
3 6 4 5 2605.90 0.040 
4 7 5 6 3102.20 0.040 
5 8 6 7 2721.60 0.040 
6 9 7 8 3289.10 0.040 
7 10 8 9 2958.00 0.040 
8 11 9 10 2640.80 0.040 
9 12 10 11 3129.80 0.040 
10 13 11 12 2442.90 0.040 
11 14 12 13 2696.10 0.040 
12 15 13 14 2797.80 0.040 
13 16 14 15 2730.20 0.040 
14 17 15 16 2259.90 0.040 
15 18 16 17 2704.00 0.040 
16 19 17 18 2462.60 0.040 
17 20 18 19 3385.40 0.040 
18 21 19 20 2841.10 0.040 
19 22 20 21 5099.30 0.040 
20 23 21 22 5961.40 0.040 
21 24 22 23 5425.60 0.040 
22 25 23 24 6416.90 0.040 
23 26 24 25 6150.80 0.040 
24 27 25 26 18106.00 0.040 
25 28 26 27 9601.60 0.040 
26 29 27 28 18730.00 0.040 
27 30 28 29 10954.00 0.040 
28 31 29 30 9045.20 0.040 
29 32 30 31 9523.30 0.040 
30 33 31 32 4511.30 0.040 
31 34 32 33 3587.90 0.040 
32 35 33 34 4763.60 0.040 
33 36 34 35 2569.60 0.040 
34 37 35 36 5390.30 0.040 
35 38 36 37 3960.50 0.040 
36 39 37 38 6964.80 0.040 
37 40 38 39 4519.90 0.040 
38 41 39 40 5611.20 0.040 
39 42 40 41 8820.20 0.040 
40 43 41 42 7867.40 0.040 
41 44 42 43 13347.00 0.040 
42 45 43 44 8083.20 0.040 
43 46 44 45 6178.20 0.040 
44 47 45 46 4950.90 0.040 
45 48 46 47 8394.10 0.040 
47 50 48 49 5975.90 0.040 
49 52 50 51 7022.30 0.040 
50 53 51 52 18020.00 0.040 
51 54 52 53 5043.60 0.040 
52 55 53 54 6530.00 0.040 
53 56 54 55 6868.10 0.040 
54 57 55 56 6280.00 0.040 
55 58 56 57 6900.40 0.040 
56 59 57 58 11691.00 0.040 
57 60 58 59 9037.80 0.040 
58 61 59 60 11046.00 0.040 
59 62 60 61 14694.00 0.040 
60 63 61 62 49941.00 0.040 
61 64 62 63 59232.00 0.040 
62 65 63 64 59849.00 0.040 
63 66 64 65 55788.00 0.040 
64 67 65 66 54525.00 0.040 
65 68 66 67 75843.00 0.040 
66 69 67 68 50804.00 0.040 
67 70 68 69 78188.00 0.040 
68 71 69 70 46171.00 0.040 
69 72 70 71 56572.00 0.040 
70 73 71 72 30452.00 0.040 
71 74 72 73 60011.00 0.040 
72 75 73 74 33022.00 0.040 
73 76 74 75 32424.00 0.040 
74 77 75 76 43016.00 0.040 
75 78 76 77 34944.00 0.040 
76 79 77 78 37940.00 0.040 
78 81 79 80 39526.00 0.040 
79 82 80 81 36412.00 0.040 
80 83 81 82 44823.00 0.040 
81 84 82 83 43879.00 0.040 
82 85 83 84 39403.00 0.040 
83 86 84 85 42284.00 0.040 
84 87 85 86 42881.00 0.040 
85 88 86 87 38244.00 0.040 
86 89 87 88 34380.00 0.040 
87 90 88 89 44805.00 0.040 
88 91 89 90 31342.00 0.040 
89 92 90 91 41939.00 0.040 
90 93 91 92 34722.00 0.040 
96 99 97 98 33717.00 0.040 
97 100 98 99 49094.00 0.040 
98 101 99 100 48084.00 0.040 
99 102 100 101 37841.00 0.040 
100 103 101 102 50436.00 0.040 
101 104 102 103 47321.00 0.040 
102 105 103 104 34777.00 0.040 
103 106 104 105 52576.00 0.040 
104 107 105 106 41948.00 0.040 
105 108 106 107 34148.00 0.040 
106 109 107 108 53711.00 0.040 
107 110 108 109 36975.00 0.040 
108 111 109 110 37128.00 0.040 
109 112 110 111 40261.00 0.040 
110 113 111 112 32257.00 0.040 
111 114 112 113 36791.00 0.040 
112 115 113 114 34230.00 0.040 
113 116 114 115 23690.00 0.040 
114 117 115 116 44727.00 0.040 
115 118 116 117 27129.00 0.040 
116 119 117 118 25798.00 0.040 
117 120 118 119 32931.00 0.040 
1 7 3 5 2762.60 0.040 
2 8 4 6 2631.30 0.040 
3 9 5 7 2679.90 0.040 
4 10 6 8 2857.90 0.040 
5 11 7 9 2755.20 0.040 
6 12 8 10 2665.70 0.040 
7 13 9 11 2949.70 0.040 
8 14 10 12 3014.00 0.040 
9 15 11 13 2419.50 0.040 
10 16 12 14 2495.60 0.040 
11 17 13 15 2714.90 0.040 
12 18 14 16 2567.30 0.040 
13 19 15 17 2771.70 0.040 
14 20 16 18 3626.00 0.040 
15 21 17 19 3781.90 0.040 
16 22 18 20 2926.30 0.040 
17 23 19 21 4067.50 0.040 
18 24 20 22 5096.50 0.040 
19 25 21 23 5073.40 0.040 
20 26 22 24 4874.90 0.040 
21 27 23 25 5268.50 0.040 
22 28 24 26 7047.40 0.040 
23 29 25 27 8157.80 0.040 
24 30 26 28 7412.50 0.040 
25 31 27 29 5401.00 0.040 
27 33 29 31 13833.00 0.040 
28 34 30 32 9720.70 0.040 
29 35 31 33 5804.40 0.040 
30 36 32 34 7204.70 0.040 
31 37 33 35 6899.80 0.040 
32 38 34 36 6352.90 0.040 
33 39 35 37 8590.80 0.040 
34 40 36 38 11760.00 0.040 
35 41 37 39 11454.00 0.040 
36 42 38 40 9164.70 0.040 
37 43 39 41 8744.60 0.040 
38 44 40 42 11250.00 0.040 
39 45 41 43 17136.00 0.040 
40 46 42 44 17535.00 0.040 
41 47 43 45 10043.00 0.040 
42 48 44 46 8302.60 0.040 
43 49 45 47 15252.00 0.040 
44 50 46 48 14280.00 0.040 
46 52 48 50 6844.90 0.040 
47 53 49 51 12758.00 0.040 
48 54 50 52 23056.00 0.040 
49 55 51 53 19720.00 0.040 
50 56 52 54 7729.10 0.040 
51 57 53 55 9727.70 0.040 
52 58 54 56 9362.20 0.040 
53 59 55 57 9295.90 0.040 
54 60 56 58 16757.00 0.040 
55 61 57 59 20618.00 0.040 
56 62 58 60 16095.00 0.040 
57 63 59 61 14233.00 0.040 
58 64 60 62 60292.00 0.040 
59 65 61 63 105851.00 0.040 
60 66 62 64 99750.00 0.040 
61 67 63 65 67332.00 0.040 
62 68 64 66 83147.00 0.040 
64 70 66 68 103807.00 0.040 
66 72 68 70 106258.00 0.040 
67 73 69 71 81670.00 0.040 
69 75 71 73 84468.00 0.040 
71 77 73 75 62596.00 0.040 
72 78 74 76 69234.00 0.040 
73 79 75 77 70564.00 0.040 
74 80 76 78 68534.00 0.040 
75 81 77 79 66619.00 0.040 
76 82 78 80 69730.00 0.040 
77 83 79 81 64117.00 0.040 
78 84 80 82 70632.00 0.040 
79 85 81 83 74043.00 0.040 
80 86 82 84 80026.00 0.040 
81 87 83 85 68728.00 0.040 
82 88 84 86 74484.00 0.040 
83 89 85 87 68184.00 0.040 
84 90 86 88 65615.00 0.040 
85 91 87 89 78015.00 0.040 
86 92 88 90 73421.00 0.040 
87 93 89 91 61846.00 0.040 
91 97 93 95 55210.00 0.040 
92 98 94 96 76114.00 0.040 
93 99 95 97 91511.00 0.040 
94 100 96 98 73324.00 0.040 
95 101 97 99 75513.00 0.040 
96 102 98 100 91918.00 0.040 
97 103 99 101 76560.00 0.040 
98 104 100 102 77248.00 0.040 
99 105 101 103 88545.00 0.040 
100 106 102 104 77398.00 0.040 
101 107 103 105 86397.00 0.040 
102 108 104 106 86191.00 0.040 
103 109 105 107 67540.00 0.040 
104 110 106 108 78737.00 0.040 
105 111 107 109 86626.00 0.040 
106 112 108 110 71293.00 0.040 
107 113 109 111 70094.00 0.040 
108 114 110 112 73309.00 0.040 
109 115 111 113 72765.00 0.040 
110 116 112 114 61211.00 0.040 
111 117 113 115 50079.00 0.040 
112 118 114 116 62559.00 0.040 
113 119 115 117 68952.00 0.040 
114 120 116 118 52636.00 0.040 
1 10 4 7 2728.20 0.040 
2 11 5 8 2746.40 0.040 
3 12 6 9 2814.50 0.040 
4 13 7 10 2918.30 0.040 
5 14 8 11 2970.80 0.040 
6 15 9 12 2760.90 0.040 
7 16 10 13 2726.90 0.040 
8 17 11 14 2531.10 0.040 
9 18 12 15 2657.20 0.040 
10 19 13 16 2662.20 0.040 
11 20 14 17 3385.10 0.040 
12 21 15 18 3549.30 0.040 
13 22 16 19 3486.40 0.040 
14 23 17 20 3128.20 0.040 
15 24 18 21 3521.90 0.040 
16 25 19 22 4072.10 0.040 
17 26 20 23 4905.40 0.040 
18 27 21 24 5005.90 0.040 
19 28 22 25 5418.60 0.040 
20 29 23 26 5976.30 0.040 
21 30 24 27 7091.00 0.040 
22 31 25 28 5606.00 0.040 
23 32 26 29 6782.70 0.040 
24 33 27 30 10006.00 0.040 
25 34 28 31 13340.00 0.040 
26 35 29 32 14082.00 0.040 
27 36 30 33 11543.00 0.040 
28 37 31 34 7984.50 0.040 
29 38 32 35 7050.10 0.040 
30 39 33 36 10097.00 0.040 
31 40 34 37 11669.00 0.040 
32 41 35 38 17775.00 0.040 
33 42 36 39 17310.00 0.040 
34 43 37 40 13939.00 0.040 
35 44 38 41 10656.00 0.040 
36 45 39 42 13351.00 0.040 
37 46 40 43 20961.00 0.040 
38 47 41 44 22112.00 0.040 
39 48 42 45 20282.00 0.040 
40 49 43 46 14462.00 0.040 
41 50 44 47 16546.00 0.040 
42 51 45 48 17852.00 0.040 
43 52 46 49 14008.00 0.040 
44 53 47 50 10765.00 0.040 
45 54 48 51 14245.00 0.040 
46 55 49 52 27684.00 0.040 
47 56 50 53 30653.00 0.040 
48 57 51 54 26721.00 0.040 
49 58 52 55 11165.00 0.040 
50 59 53 56 10793.00 0.040 
51 60 54 57 13672.00 0.040 
52 61 55 58 23570.00 0.040 
53 62 56 59 25422.00 0.040 
54 63 57 60 21107.00 0.040 
55 64 58 61 19071.00 0.040 
56 65 59 62 65939.00 0.040 
57 66 60 63 127176.00 0.040 
58 67 61 64 132280.00 0.040 
59 68 62 65 109575.00 0.040 
61 70 64 67 76737.00 0.040 
64 73 67 70 120324.00 0.040 
65 74 68 71 117030.00 0.040 
67 76 70 73 110439.00 0.040 
68 77 71 74 95857.00 0.040 
69 78 72 75 101702.00 0.040 
70 79 73 76 87318.00 0.040 
71 80 74 77 94361.00 0.040 
72 81 75 78 98755.00 0.040 
73 82 76 79 89975.00 0.040 
74 83 77 80 89466.00 0.040 
75 84 78 81 88293.00 0.040 
76 85 79 82 89966.00 0.040 
77 86 80 83 90715.00 0.040 
78 87 81 84 96367.00 0.040 
79 88 82 85 100733.00 0.040 
80 89 83 86 96214.00 0.040 
81 90 84 87 95670.00 0.040 
82 91 85 88 91994.00 0.040 
83 92 86 89 101644.00 0.040 
84 93 87 90 92500.00 0.040 
86 95 89 92 89504.00 0.040 
87 96 90 93 102180.00 0.040 
88 97 91 94 94251.00 0.040 
89 98 92 95 98932.00 0.040 
91 100 94 97 101637.00 0.040 
92 101 95 98 101091.00 0.040 
93 102 96 99 105754.00 0.040 
94 103 97 100 103841.00 0.040 
95 104 98 101 111484.00 0.040 
96 105 99 102 111688.00 0.040 
97 106 100 103 109884.00 0.040 
98 107 101 104 112176.00 0.040 
99 108 102 105 116012.00 0.040 
100 109 103 106 108654.00 0.040 
101 110 104 107 106736.00 0.040 
102 111 105 108 105194.00 0.040 
103 112 106 109 104753.00 0.040 
104 113 107 110 108186.00 0.040 
105 114 108 111 104291.00 0.040 
106 115 109 112 107135.00 0.040 
107 116 110 113 99334.00 0.040 
108 117 111 114 94637.00 0.040 
109 118 112 115 82726.00 0.040 
110 119 113 116 87966.00 0.040 
111 120 114 117 90146.00 0.040 
1 13 5 9 2933.00 0.040 
2 14 6 10 2920.50 0.040 
3 15 7 11 3072.40 0.040 
4 16 8 12 2937.60 0.040 
5 17 9 13 2787.80 0.040 
6 18 10 14 2792.90 0.040 
7 19 11 15 2733.30 0.040 
8 20 12 16 2877.20 0.040 
9 21 13 17 3223.40 0.040 
10 22 14 18 3274.40 0.040 
11 23 15 19 3400.90 0.040 
12 24 16 20 3185.00 0.040 
13 25 17 21 3697.90 0.040 
14 26 18 22 4370.20 0.040 
15 27 19 23 4342.20 0.040 
16 28 20 24 5199.80 0.040 
17 29 21 25 5804.00 0.040 
18 30 22 26 5550.80 0.040 
19 31 23 27 5635.60 0.040 
20 32 24 28 5602.20 0.040 
21 33 25 29 7224.90 0.040 
22 34 26 30 11154.00 0.040 
23 35 27 31 14910.00 0.040 
24 36 28 32 15171.00 0.040 
25 37 29 33 14724.00 0.040 
26 38 30 34 12176.00 0.040 
27 39 31 35 8974.00 0.040 
28 40 32 36 10427.00 0.040 
29 41 33 37 13222.00 0.040 
30 42 34 38 19393.00 0.040 
31 43 35 39 19523.00 0.040 
32 44 36 40 17352.00 0.040 
33 45 37 41 17861.00 0.040 
34 46 38 42 17302.00 0.040 
35 47 39 43 21860.00 0.040 
36 48 40 44 24108.00 0.040 
37 49 41 45 25032.00 0.040 
38 50 42 46 25379.00 0.040 
39 51 43 47 23089.00 0.040 
40 52 44 48 14672.00 0.040 
41 53 45 49 14711.00 0.040 
42 54 46 50 16946.00 0.040 
43 55 47 51 18027.00 0.040 
44 56 48 52 33634.00 0.040 
45 57 49 53 34529.00 0.040 
46 58 50 54 31884.00 0.040 
47 59 51 55 32421.00 0.040 
48 60 52 56 15662.00 0.040 
49 61 53 57 18002.00 0.040 
50 62 54 58 23271.00 0.040 
51 63 55 59 22279.00 0.040 
52 64 56 60 26799.00 0.040 
53 65 57 61 28203.00 0.040 
54 66 58 62 73424.00 0.040 
55 67 59 63 115941.00 0.040 
56 68 60 64 135481.00 0.040 
57 69 61 65 122300.00 0.040 
58 70 62 66 100890.00 0.040 
59 71 63 67 92935.00 0.040 
60 72 64 68 93428.00 0.040 
61 73 65 69 87389.00 0.040 
62 74 66 70 120214.00 0.040 
63 75 67 71 135130.00 0.040 
64 76 68 72 132078.00 0.040 
65 77 69 73 122491.00 0.040 
66 78 70 74 125965.00 0.040 
67 79 71 75 110410.00 0.040 
68 80 72 76 121500.00 0.040 
69 81 73 77 116638.00 0.040 
70 82 74 78 114379.00 0.040 
71 83 75 79 119783.00 0.040 
72 84 76 80 108737.00 0.040 
73 85 77 81 107637.00 0.040 
75 87 79 83 108391.00 0.040 
76 88 80 84 112727.00 0.040 
77 89 81 85 109780.00 0.040 
78 90 82 86 119697.00 0.040 
79 91 83 87 110184.00 0.040 
80 92 84 88 119391.00 0.040 
82 94 86 90 113198.00 0.040 
83 95 87 91 116490.00 0.040 
84 96 88 92 114997.00 0.040 
85 97 89 93 106054.00 0.040 
86 98 90 94 120742.00 0.040 
87 99 91 95 110747.00 0.040 
88 100 92 96 122724.00 0.040 
89 101 93 97 122537.00 0.040 
90 102 94 98 111271.00 0.040 
91 103 95 99 121719.00 0.040 
92 104 96 100 125781.00 0.040 
93 105 97 101 121519.00 0.040 
94 106 98 102 140069.00 0.040 
95 107 99 103 135739.00 0.040 
96 108 100 104 126661.00 0.040 
97 109 101 105 143652.00 0.040 
98 110 102 106 131126.00 0.040 
99 111 103 107 120813.00 0.040 
100 112 104 108 134556.00 0.040 
101 113 105 109 121654.00 0.040 
102 114 106 110 127961.00 0.040 
103 115 107 111 141690.00 0.040 
104 116 108 112 121801.00 0.040 
105 117 109 113 131358.00 0.040 
106 118 110 114 124995.00 0.040 
107 119 111 115 108363.00 0.040 
108 120 112 116 120289.00 0.040 
1 16 6 11 3171.70 0.040 
2 17 7 12 3085.10 0.040 
3 18 8 13 2960.80 0.040 
4 19 9 14 2946.20 0.040 
5 20 10 15 3111.60 0.040 
6 21 11 16 2876.70 0.040 
7 22 12 17 2965.10 0.040 
8 23 13 18 3237.60 0.040 
9 24 14 19 3346.00 0.040 
10 25 15 20 3248.30 0.040 
11 26 16 21 4054.30 0.040 
12 27 17 22 4440.40 0.040 
13 28 18 23 4758.00 0.040 
14 29 19 24 5286.90 0.040 
15 30 20 25 5548.90 0.040 
16 31 21 26 4846.40 0.040 
17 32 22 27 5712.50 0.040 
18 33 23 28 6172.00 0.040 
19 34 24 29 7347.50 0.040 
20 35 25 30 12025.00 0.040 
21 36 26 31 16131.00 0.040 
22 37 27 32 16423.00 0.040 
23 38 28 33 15578.00 0.040 
24 39 29 34 16391.00 0.040 
25 40 30 35 13721.00 0.040 
26 41 31 36 12593.00 0.040 
27 42 32 37 14608.00 0.040 
28 43 33 38 17239.00 0.040 
29 44 34 39 17148.00 0.040 
30 45 35 40 20758.00 0.040 
31 46 36 41 22240.00 0.040 
32 47 37 42 23095.00 0.040 
33 48 38 43 26427.00 0.040 
34 49 39 44 28900.00 0.040 
35 50 40 45 27562.00 0.040 
36 51 41 46 27758.00 0.040 
37 52 42 47 24344.00 0.040 
38 53 43 48 20157.00 0.040 
39 54 44 49 17273.00 0.040 
40 55 45 50 18668.00 0.040 
41 56 46 51 23170.00 0.040 
42 57 47 52 35775.00 0.040 
43 58 48 53 36754.00 0.040 
44 59 49 54 38885.00 0.040 
45 60 50 55 39237.00 0.040 
46 61 51 56 35756.00 0.040 
47 62 52 57 21373.00 0.040 
48 63 53 58 23654.00 0.040 
49 64 54 59 24109.00 0.040 
50 65 55 60 24535.00 0.040 
51 66 56 61 29019.00 0.040 
52 67 57 62 78935.00 0.040 
53 68 58 63 123602.00 0.040 
55 70 60 65 122287.00 0.040 
57 72 62 67 115296.00 0.040 
58 73 63 68 88640.00 0.040 
59 74 64 69 100681.00 0.040 
60 75 65 70 97341.00 0.040 
61 76 66 71 94453.00 0.040 
62 77 67 72 110244.00 0.040 
63 78 68 73 151160.00 0.040 
64 79 69 74 128360.00 0.040 
65 80 70 75 115809.00 0.040 
66 81 71 76 119573.00 0.040 
67 82 72 77 125574.00 0.040 
68 83 73 78 110802.00 0.040 
69 84 74 79 125896.00 0.040 
70 85 75 80 121648.00 0.040 
72 87 77 82 123393.00 0.040 
73 88 78 83 125484.00 0.040 
75 90 80 85 120594.00 0.040 
76 91 81 86 131493.00 0.040 
77 92 82 87 132901.00 0.040 
78 93 83 88 129337.00 0.040 
79 94 84 89 138125.00 0.040 
82 97 87 92 116390.00 0.040 
83 98 88 93 128966.00 0.040 
84 99 89 94 123122.00 0.040 
85 100 90 95 127303.00 0.040 
86 101 91 96 133015.00 0.040 
87 102 92 97 137797.00 0.040 
88 103 93 98 125774.00 0.040 
89 104 94 99 137300.00 0.040 
90 105 95 100 142370.00 0.040 
91 106 96 101 137708.00 0.040 
92 107 97 102 145934.00 0.040 
93 108 98 103 156507.00 0.040 
94 109 99 104 148225.00 0.040 
95 110 100 105 147450.00 0.040 
96 111 101 106 151866.00 0.040 
97 112 102 107 140318.00 0.040 
98 113 103 108 139588.00 0.040 
99 114 104 109 149527.00 0.040 
100 115 105 110 143600.00 0.040 
101 116 106 111 143288.00 0.040 
102 117 107 112 154813.00 0.040 
103 118 108 113 147629.00 0.040 
104 119 109 114 144143.00 0.040 
105 120 110 115 140882.00 0.040 
1 19 7 13 3217.80 0.040 
2 20 8 14 3193.30 0.040 
3 21 9 15 3213.30 0.040 
4 22 10 16 2988.00 0.040 
5 23 11 17 3025.20 0.040 
6 24 12 18 3150.50 0.040 
7 25 13 19 3429.20 0.040 
8 26 14 20 3487.80 0.040 
9 27 15 21 3937.40 0.040 
10 28 16 22 4792.40 0.040 
11 29 17 23 5065.80 0.040 
12 30 18 24 5033.10 0.040 
13 31 19 25 4682.30 0.040 
14 32 20 26 5340.30 0.040 
15 33 21 27 6343.40 0.040 
16 34 22 28 6260.40 0.040 
17 35 23 29 8225.30 0.040 
18 36 24 30 12598.00 0.040 
19 37 25 31 16882.00 0.040 
20 38 26 32 16560.00 0.040 
21 39 27 33 16853.00 0.040 
22 40 28 34 18363.00 0.040 
23 41 29 35 17860.00 0.040 
24 42 30 36 16975.00 0.040 
25 43 31 37 14368.00 0.040 
26 44 32 38 17788.00 0.040 
27 45 33 39 19209.00 0.040 
28 46 34 40 19648.00 0.040 
29 47 35 41 21117.00 0.040 
30 48 36 42 25444.00 0.040 
31 49 37 43 33966.00 0.040 
32 50 38 44 32659.00 0.040 
33 51 39 45 31176.00 0.040 
34 52 40 46 24877.00 0.040 
35 53 41 47 26455.00 0.040 
36 54 42 48 26049.00 0.040 
37 55 43 49 20950.00 0.040 
38 56 44 50 21581.00 0.040 
39 57 45 51 26274.00 0.040 
40 58 46 52 39445.00 0.040 
41 59 47 53 36452.00 0.040 
42 60 48 54 40497.00 0.040 
43 61 49 55 46837.00 0.040 
44 62 50 56 41808.00 0.040 
45 63 51 57 34581.00 0.040 
47 65 53 59 26529.00 0.040 
48 66 54 60 26735.00 0.040 
49 67 55 61 27430.00 0.040 
50 68 56 62 70703.00 0.040 
51 69 57 63 101505.00 0.040 
52 70 58 64 118447.00 0.040 
54 72 60 66 123804.00 0.040 
55 73 61 67 120671.00 0.040 
56 74 62 68 115234.00 0.040 
57 75 63 69 109015.00 0.040 
58 76 64 70 104217.00 0.040 
59 77 65 71 98613.00 0.040 
60 78 66 72 94440.00 0.040 
61 79 67 73 97552.00 0.040 
62 80 68 74 117074.00 0.040 
63 81 69 75 127378.00 0.040 
64 82 70 76 130104.00 0.040 
65 83 71 77 117171.00 0.040 
66 84 72 78 126397.00 0.040 
67 85 73 79 119612.00 0.040 
68 86 74 80 122349.00 0.040 
69 87 75 81 132471.00 0.040 
70 88 76 82 129685.00 0.040 
71 89 77 83 132701.00 0.040 
72 90 78 84 133643.00 0.040 
73 91 79 85 140508.00 0.040 
76 94 82 88 134921.00 0.040 
78 96 84 90 140978.00 0.040 
79 97 85 91 128124.00 0.040 
80 98 86 92 128625.00 0.040 
81 99 87 93 132268.00 0.040 
82 100 88 94 137815.00 0.040 
83 101 89 95 127618.00 0.040 
84 102 90 96 139949.00 0.040 
85 103 91 97 137997.00 0.040 
86 104 92 98 143164.00 0.040 
87 105 93 99 144448.00 0.040 
88 106 94 100 146026.00 0.040 
89 107 95 101 157620.00 0.040 
90 108 96 102 152014.00 0.040 
91 109 97 103 145589.00 0.040 
92 110 98 104 159380.00 0.040 
93 111 99 105 162221.00 0.040 
94 112 100 106 154455.00 0.040 
95 113 101 107 147325.00 0.040 
96 114 102 108 157726.00 0.040 
97 115 103 109 158788.00 0.040 
98 116 104 110 154849.00 0.040 
99 117 105 111 156676.00 0.040 
100 118 106 112 158382.00 0.040 
101 119 107 113 168124.00 0.040 
102 120 108 114 160089.00 0.040 
1 22 8 15 3227.70 0.040 
2 23 9 16 3124.20 0.040 
3 24 10 17 3243.70 0.040 
4 25 11 18 3320.60 0.040 
5 26 12 19 3536.50 0.040 
6 27 13 20 3500.60 0.040 
7 28 14 21 4169.10 0.040 
8 29 15 22 4828.80 0.040 
9 30 16 23 4784.90 0.040 
10 31 17 24 4524.80 0.040 
11 32 18 25 4936.70 0.040 
12 33 19 26 5505.40 0.040 
13 34 20 27 6681.90 0.040 
14 35 21 28 7317.00 0.040 
15 36 22 29 8679.50 0.040 
16 37 23 30 13278.00 0.040 
17 38 24 31 16783.00 0.040 
18 39 25 32 17878.00 0.040 
19 40 26 33 18647.00 0.040 
20 41 27 34 19282.00 0.040 
21 42 28 35 19552.00 0.040 
22 43 29 36 18959.00 0.040 
23 44 30 37 17695.00 0.040 
24 45 31 38 19934.00 0.040 
25 46 32 39 20960.00 0.040 
26 47 33 40 20279.00 0.040 
27 48 34 41 22240.00 0.040 
28 49 35 42 26825.00 0.040 
29 50 36 43 33737.00 0.040 
30 51 37 44 36102.00 0.040 
31 52 38 45 27671.00 0.040 
32 53 39 46 28009.00 0.040 
33 54 40 47 30036.00 0.040 
34 55 41 48 29740.00 0.040 
35 56 42 49 27498.00 0.040 
36 57 43 50 24825.00 0.040 
37 58 44 51 26496.00 0.040 
38 59 45 52 43133.00 0.040 
39 60 46 53 44282.00 0.040 
40 61 47 54 41931.00 0.040 
41 62 48 55 40931.00 0.040 
42 63 49 56 37218.00 0.040 
43 64 50 57 40194.00 0.040 
44 65 51 58 41965.00 0.040 
45 66 52 59 28440.00 0.040 
46 67 53 60 27301.00 0.040 
47 68 54 61 30150.00 0.040 
48 69 55 62 63502.00 0.040 
49 70 56 63 96263.00 0.040 
50 71 57 64 99074.00 0.040 
51 72 58 65 110707.00 0.040 
52 73 59 66 109020.00 0.040 
53 74 60 67 123696.00 0.040 
54 75 61 68 129900.00 0.040 
55 76 62 69 122468.00 0.040 
56 77 63 70 102947.00 0.040 
57 78 64 71 110705.00 0.040 
58 79 65 72 102756.00 0.040 
59 80 66 73 102247.00 0.040 
60 81 67 74 94342.00 0.040 
61 82 68 75 90414.00 0.040 
62 83 69 76 104518.00 0.040 
63 84 70 77 126511.00 0.040 
64 85 71 78 118069.00 0.040 
65 86 72 79 121831.00 0.040 
66 87 73 80 122766.00 0.040 
67 88 74 81 115598.00 0.040 
68 89 75 82 126554.00 0.040 
69 90 76 83 134711.00 0.040 
70 91 77 84 146438.00 0.040 
72 93 79 86 139603.00 0.040 
73 94 80 87 147618.00 0.040 
75 96 82 89 147634.00 0.040 
76 97 83 90 133424.00 0.040 
77 98 84 91 139169.00 0.040 
78 99 85 92 135233.00 0.040 
79 100 86 93 135629.00 0.040 
80 101 87 94 138831.00 0.040 
81 102 88 95 138133.00 0.040 
82 103 89 96 137526.00 0.040 
83 104 90 97 148161.00 0.040 
84 105 91 98 138920.00 0.040 
85 106 92 99 155110.00 0.040 
86 107 93 100 161702.00 0.040 
87 108 94 101 149772.00 0.040 
88 109 95 102 162303.00 0.040 
89 110 96 103 162555.00 0.040 
90 111 97 104 155596.00 0.040 
91 112 98 105 163469.00 0.040 
92 113 99 106 160536.00 0.040 
93 114 100 107 156937.00 0.040 
94 115 101 108 162239.00 0.040 
95 116 102 109 157606.00 0.040 
96 117 103 110 163277.00 0.040 
97 118 104 111 172718.00 0.040 
98 119 105 112 163592.00 0.040 
99 120 106 113 173670.00 0.040 
1 25 9 17 3406.90 0.040 
2 26 10 18 3552.80 0.040 
3 27 11 19 3579.90 0.040 
4 28 12 20 3677.10 0.040 
5 29 13 21 4252.80 0.040 
6 30 14 22 4566.50 0.040 
7 31 15 23 4233.60 0.040 
8 32 16 24 4666.00 0.040 
9 33 17 25 5107.90 0.040 
10 34 18 26 5585.80 0.040 
11 35 19 27 7110.00 0.040 
12 36 20 28 7884.90 0.040 
13 37 21 29 9471.40 0.040 
14 38 22 30 13236.00 0.040 
15 39 23 31 17973.00 0.040 
16 40 24 32 19197.00 0.040 
17 41 25 33 20018.00 0.040 
18 42 26 34 20894.00 0.040 
19 43 27 35 18524.00 0.040 
20 44 28 36 19498.00 0.040 
21 45 29 37 21329.00 0.040 
22 46 30 38 24208.00 0.040 
23 47 31 39 21756.00 0.040 
24 48 32 40 22748.00 0.040 
25 49 33 41 24871.00 0.040 
26 50 34 42 27841.00 0.040 
27 51 35 43 34610.00 0.040 
28 52 36 44 28536.00 0.040 
29 53 37 45 28607.00 0.040 
30 54 38 46 28563.00 0.040 
31 55 39 47 32383.00 0.040 
32 56 40 48 33325.00 0.040 
33 57 41 49 32883.00 0.040 
34 58 42 50 31502.00 0.040 
35 59 43 51 30062.00 0.040 
36 60 44 52 43609.00 0.040 
37 61 45 53 46635.00 0.040 
38 62 46 54 44826.00 0.040 
39 63 47 55 36139.00 0.040 
40 64 48 56 34968.00 0.040 
41 65 49 57 36234.00 0.040 
42 66 50 58 40947.00 0.040 
43 67 51 59 41976.00 0.040 
44 68 52 60 29499.00 0.040 
45 69 53 61 28302.00 0.040 
46 70 54 62 58260.00 0.040 
47 71 55 63 91928.00 0.040 
48 72 56 64 98338.00 0.040 
49 73 57 65 96731.00 0.040 
51 75 59 67 114408.00 0.040 
52 76 60 68 128922.00 0.040 
53 77 61 69 137011.00 0.040 
54 78 62 70 123850.00 0.040 
55 79 63 71 112551.00 0.040 
56 80 64 72 101753.00 0.040 
57 81 65 73 107448.00 0.040 
58 82 66 74 97885.00 0.040 
59 83 67 75 90318.00 0.040 
60 84 68 76 86617.00 0.040 
61 85 69 77 83619.00 0.040 
62 86 70 78 99342.00 0.040 
63 87 71 79 113507.00 0.040 
64 88 72 80 125622.00 0.040 
65 89 73 81 113584.00 0.040 
66 90 74 82 115175.00 0.040 
67 91 75 83 128467.00 0.040 
68 92 76 84 135757.00 0.040 
69 93 77 85 141120.00 0.040 
70 94 78 86 147278.00 0.040 
71 95 79 87 152020.00 0.040 
72 96 80 88 140052.00 0.040 
73 97 81 89 145145.00 0.040 
74 98 82 90 144004.00 0.040 
75 99 83 91 134127.00 0.040 
76 100 84 92 138028.00 0.040 
77 101 85 93 142738.00 0.040 
78 102 86 94 141948.00 0.040 
79 103 87 95 139233.00 0.040 
80 104 88 96 148151.00 0.040 
81 105 89 97 142518.00 0.040 
82 106 90 98 144245.00 0.040 
83 107 91 99 153100.00 0.040 
84 108 92 100 160178.00 0.040 
85 109 93 101 157866.00 0.040 
86 110 94 102 161220.00 0.040 
87 111 95 103 166167.00 0.040 
88 112 96 104 158024.00 0.040 
89 113 97 105 164283.00 0.040 
90 114 98 106 171287.00 0.040 
91 115 99 107 151987.00 0.040 
92 116 100 108 162322.00 0.040 
93 117 101 109 173150.00 0.040 
94 118 102 110 160759.00 0.040 
95 119 103 111 168281.00 0.040 
96 120 104 112 176275.00 0.040 
1 28 10 19 3880.70 0.040 
2 29 11 20 3726.60 0.040 
3 30 12 21 4045.80 0.040 
4 31 13 22 4153.90 0.040 
5 32 14 23 4374.40 0.040 
6 33 15 24 4755.30 0.040 
7 34 16 25 5192.90 0.040 
8 35 17 26 5976.70 0.040 
9 36 18 27 7259.50 0.040 
10 37 19 28 7992.70 0.040 
11 38 20 29 9646.30 0.040 
12 39 21 30 14219.00 0.040 
13 40 22 31 18988.00 0.040 
14 41 23 32 20342.00 0.040 
15 42 24 33 20764.00 0.040 
16 43 25 34 19838.00 0.040 
17 44 26 35 19054.00 0.040 
18 45 27 36 20898.00 0.040 
19 46 28 37 23252.00 0.040 
20 47 29 38 25834.00 0.040 
21 48 30 39 25853.00 0.040 
25 52 34 43 28083.00 0.040 
26 53 35 44 31002.00 0.040 
27 54 36 45 30295.00 0.040 
28 55 37 46 29373.00 0.040 
29 56 38 47 31117.00 0.040 
30 57 39 48 33818.00 0.040 
31 58 40 49 34169.00 0.040 
32 59 41 50 36314.00 0.040 
33 60 42 51 38973.00 0.040 
34 61 43 52 49544.00 0.040 
35 62 44 53 42655.00 0.040 
36 63 45 54 38055.00 0.040 
37 64 46 55 36071.00 0.040 
38 65 47 56 33533.00 0.040 
39 66 48 57 35000.00 0.040 
40 67 49 58 37571.00 0.040 
41 68 50 59 38316.00 0.040 
42 69 51 60 35840.00 0.040 
43 70 52 61 28888.00 0.040 
44 71 53 62 58692.00 0.040 
45 72 54 63 86670.00 0.040 
49 76 58 67 107827.00 0.040 
51 78 60 69 134466.00 0.040 
52 79 61 70 140128.00 0.040 
53 80 62 71 129308.00 0.040 
54 81 63 72 109220.00 0.040 
55 82 64 73 108503.00 0.040 
56 83 65 74 97491.00 0.040 
57 84 66 75 91027.00 0.040 
58 85 67 76 89550.00 0.040 
59 86 68 77 83508.00 0.040 
60 87 69 78 79790.00 0.040 
61 88 70 79 79168.00 0.040 
62 89 71 80 93992.00 0.040 
63 90 72 81 114228.00 0.040 
64 91 73 82 118989.00 0.040 
65 92 74 83 121609.00 0.040 
66 93 75 84 121184.00 0.040 
67 94 76 85 123379.00 0.040 
68 95 77 86 138645.00 0.040 
69 96 78 87 147781.00 0.040 
73 100 82 91 141883.00 0.040 
74 101 83 92 141276.00 0.040 
75 102 84 93 142289.00 0.040 
76 103 85 94 142004.00 0.040 
77 104 86 95 141719.00 0.040 
78 105 87 96 145583.00 0.040 
79 106 88 97 150018.00 0.040 
80 107 89 98 144640.00 0.040 
81 108 90 99 153372.00 0.040 
82 109 91 100 153459.00 0.040 
83 110 92 101 159399.00 0.040 
84 111 93 102 160495.00 0.040 
85 112 94 103 160814.00 0.040 
86 113 95 104 163313.00 0.040 
87 114 96 105 167464.00 0.040 
88 115 97 106 168826.00 0.040 
89 116 98 107 162818.00 0.040 
90 117 99 108 172051.00 0.040 
91 118 100 109 166206.00 0.040 
92 119 101 110 173032.00 0.040 
93 120 102 111 178562.00 0.040 
1 31 11 21 3760.90 0.040 
2 32 12 22 4203.10 0.040 
3 33 13 23 4467.30 0.040 
4 34 14 24 4851.30 0.040 
5 35 15 25 5458.10 0.040 
6 36 16 26 6145.80 0.040 
7 37 17 27 7543.50 0.040 
8 38 18 28 7960.60 0.040 
9 39 19 29 9861.50 0.040 
10 40 20 30 14992.00 0.040 
11 41 21 31 20048.00 0.040 
12 42 22 32 20739.00 0.040 
13 43 23 33 19693.00 0.040 
14 44 24 34 20202.00 0.040 
15 45 25 35 20364.00 0.040 
16 46 26 36 22570.00 0.040 
17 47 27 37 23463.00 0.040 
18 48 28 38 28338.00 0.040 
25 55 35 45 32024.00 0.040 
26 56 36 46 32725.00 0.040 
27 57 37 47 34697.00 0.040 
28 58 38 48 32224.00 0.040 
29 59 39 49 32336.00 0.040 
30 60 40 50 36816.00 0.040 
31 61 41 51 43165.00 0.040 
32 62 42 52 50689.00 0.040 
33 63 43 53 39113.00 0.040 
34 64 44 54 35469.00 0.040 
35 65 45 55 33735.00 0.040 
36 66 46 56 32720.00 0.040 
37 67 47 57 29845.00 0.040 
38 68 48 58 35831.00 0.040 
39 69 49 59 36033.00 0.040 
40 70 50 60 34493.00 0.040 
41 71 51 61 33534.00 0.040 
42 72 52 62 53817.00 0.040 
49 79 59 69 117540.00 0.040 
51 81 61 71 132974.00 0.040 
52 82 62 72 125648.00 0.040 
53 83 63 73 111081.00 0.040 
54 84 64 74 103217.00 0.040 
55 85 65 75 92385.00 0.040 
56 86 66 76 87750.00 0.040 
57 87 67 77 84943.00 0.040 
58 88 68 78 83621.00 0.040 
59 89 69 79 76449.00 0.040 
60 90 70 80 75387.00 0.040 
61 91 71 81 73994.00 0.040 
62 92 72 82 95549.00 0.040 
63 93 73 83 110636.00 0.040 
64 94 74 84 112276.00 0.040 
65 95 75 85 123857.00 0.040 
66 96 76 86 120559.00 0.040 
73 103 83 93 143994.00 0.040 
74 104 84 94 145557.00 0.040 
75 105 85 95 139307.00 0.040 
76 106 86 96 145615.00 0.040 
77 107 87 97 152596.00 0.040 
78 108 88 98 145656.00 0.040 
79 109 89 99 148432.00 0.040 
80 110 90 100 157863.00 0.040 
81 111 91 101 148271.00 0.040 
82 112 92 102 160603.00 0.040 
83 113 93 103 160330.00 0.040 
84 114 94 104 157075.00 0.040 
85 115 95 105 173516.00 0.040 
86 116 96 106 164861.00 0.040 
87 117 97 107 163792.00 0.040 
88 118 98 108 175062.00 0.040 
89 119 99 109 172830.00 0.040 
90 120 100 110 172922.00 0.040 
1 34 12 23 4579.90 0.040 
2 35 13 24 5071.90 0.040 
3 36 14 25 5602.30 0.040 
4 37 15 26 6418.70 0.040 
5 38 16 27 7456.30 0.040 
6 39 17 28 8213.20 0.040 
7 40 18 29 10226.00 0.040 
8 41 19 30 15337.00 0.040 
9 42 20 31 20498.00 0.040 
10 43 21 32 19546.00 0.040 
11 44 22 33 19661.00 0.040 
12 45 23 34 21306.00 0.040 
13 46 24 35 21381.00 0.040 
14 47 25 36 22535.00 0.040 
15 48 26 37 24971.00 0.040 
25 58 36 47 35538.00 0.040 
26 59 37 48 35292.00 0.040 
27 60 38 49 34794.00 0.040 
28 61 39 50 36132.00 0.040 
29 62 40 51 36542.00 0.040 
30 63 41 52 42289.00 0.040 
31 64 42 53 40373.00 0.040 
32 65 43 54 34928.00 0.040 
33 66 44 55 32531.00 0.040 
34 67 45 56 30249.00 0.040 
35 68 46 57 30981.00 0.040 
36 69 47 58 28526.00 0.040 
37 70 48 59 30486.00 0.040 
38 71 49 60 33614.00 0.040 
39 72 50 61 35618.00 0.040 
49 82 60 71 121388.00 0.040 
51 84 62 73 115709.00 0.040 
52 85 63 74 104680.00 0.040 
53 86 64 75 93996.00 0.040 
54 87 65 76 92061.00 0.040 
55 88 66 77 88847.00 0.040 
56 89 67 78 80846.00 0.040 
57 90 68 79 80578.00 0.040 
58 91 69 80 76356.00 0.040 
59 92 70 81 75858.00 0.040 
60 93 71 82 73276.00 0.040 
61 94 72 83 76960.00 0.040 
62 95 73 84 94726.00 0.040 
63 96 74 85 109202.00 0.040 
73 106 84 95 143990.00 0.040 
74 107 85 96 150244.00 0.040 
75 108 86 97 145544.00 0.040 
76 109 87 98 143468.00 0.040 
77 110 88 99 152399.00 0.040 
78 111 89 100 148024.00 0.040 
79 112 90 101 150760.00 0.040 
80 113 91 102 151070.00 0.040 
81 114 92 103 162131.00 0.040 
82 115 93 104 160836.00 0.040 
83 116 94 105 161164.00 0.040 
84 117 95 106 166462.00 0.040 
85 118 96 107 163149.00 0.040 
86 119 97 108 170784.00 0.040 
87 120 98 109 177496.00 0.040 
1 37 13 25 5868.50 0.040 
2 38 14 26 6261.50 0.040 
3 39 15 27 7591.10 0.040 
4 40 16 28 8557.40 0.040 
5 41 17 29 10503.00 0.040 
6 42 18 30 15341.00 0.040 
7 43 19 31 18840.00 0.040 
8 44 20 32 19740.00 0.040 
9 45 21 33 20618.00 0.040 
10 46 22 34 22161.00 0.040 
11 47 23 35 21117.00 0.040 
12 48 24 36 23918.00 0.040 
25 61 37 49 38191.00 0.040 
26 62 38 50 32837.00 0.040 
27 63 39 51 30506.00 0.040 
28 64 40 52 35959.00 0.040 
29 65 41 53 33922.00 0.040 
30 66 42 54 34175.00 0.040 
31 67 43 55 31379.00 0.040 
32 68 44 56 28854.00 0.040 
34 70 46 58 28868.00 0.040 
35 71 47 59 26728.00 0.040 
36 72 48 60 29142.00 0.040 
49 85 61 73 114707.00 0.040 
51 87 63 75 90819.00 0.040 
52 88 64 76 96196.00 0.040 
53 89 65 77 88117.00 0.040 
54 90 66 78 85284.00 0.040 
55 91 67 79 83881.00 0.040 
56 92 68 80 80345.00 0.040 
57 93 69 81 72750.00 0.040 
58 94 70 82 71388.00 0.040 
59 95 71 83 74701.00 0.040 
60 96 72 84 75578.00 0.040 
73 109 85 97 148448.00 0.040 
74 110 86 98 142253.00 0.040 
75 111 87 99 144750.00 0.040 
76 112 88 100 149339.00 0.040 
77 113 89 101 143649.00 0.040 
78 114 90 102 154513.00 0.040 
79 115 91 103 155642.00 0.040 
80 116 92 104 154977.00 0.040 
81 117 93 105 162807.00 0.040 
82 118 94 106 159704.00 0.040 
83 119 95 107 162400.00 0.040 
84 120 96 108 168173.00 0.040 
1 40 14 27 7887.70 0.040 
2 41 15 28 8704.50 0.040 
3 42 16 29 10651.00 0.040 
4 43 17 30 14269.00 0.040 
5 44 18 31 18509.00 0.040 
6 45 19 32 20083.00 0.040 
7 46 20 33 21414.00 0.040 
8 47 21 34 21966.00 0.040 
9 48 22 35 22254.00 0.040 
25 64 38 51 27305.00 0.040 
26 65 39 52 33329.00 0.040 
27 66 40 53 32088.00 0.040 
28 67 41 54 28378.00 0.040 
29 68 42 55 26716.00 0.040 
30 69 43 56 24172.00 0.040 
31 70 44 57 26038.00 0.040 
32 71 45 58 27183.00 0.040 
33 72 46 59 27607.00 0.040 
49 88 62 75 95016.00 0.040 
51 90 64 77 85153.00 0.040 
52 91 65 78 87206.00 0.040 
53 92 66 79 84730.00 0.040 
54 93 67 80 79296.00 0.040 
55 94 68 81 73851.00 0.040 
56 95 69 82 72076.00 0.040 
57 96 70 83 71063.00 0.040 
73 112 86 99 143893.00 0.040 
74 113 87 100 144715.00 0.040 
75 114 88 101 144946.00 0.040 
76 115 89 102 149740.00 0.040 
77 116 90 103 151718.00 0.040 
78 117 91 104 146506.00 0.040 
79 118 92 105 161490.00 0.040 
80 119 93 106 160920.00 0.040 
81 120 94 107 156772.00 0.040 
1 43 15 29 9936.00 0.040 
2 44 16 30 14026.00 0.040 
3 45 17 31 18868.00 0.040 
4 46 18 32 20569.00 0.040 
5 47 19 33 21199.00 0.040 
6 48 20 34 22730.00 0.040 
25 67 39 53 28376.00 0.040 
26 68 40 54 25982.00 0.040 
27 69 41 55 23282.00 0.040 
29 71 43 57 20945.00 0.040 
30 72 44 58 22530.00 0.040 
49 91 63 77 83452.00 0.040 
51 93 65 79 77830.00 0.040 
52 94 66 80 78824.00 0.040 
53 95 67 81 77734.00 0.040 
54 96 68 82 74871.00 0.040 
73 115 87 101 146036.00 0.040 
74 116 88 102 145978.00 0.040 
75 117 89 103 146506.00 0.040 
76 118 90 104 149894.00 0.040 
78 120 92 106 160196.00 0.040 
1 46 16 31 19270.00 0.040 
2 47 17 32 20441.00 0.040 
3 48 18 33 21269.00 0.040 
49 94 64 79 76265.00 0.040 
51 96 66 81 71839.00 0.040 
73 118 88 103 148828.00 0.040 
75 120 90 105 154354.00 0.040 
