48 	 # Number of sensors 
# x z 
0	0
5	-1.369
10	-3.055
15	-4.783
20	-4.715
25	-5.281
30	-5.522
35	-6.631
40	-6.801
45	-6.848
50	-7.158
55	-8.252
60	-8.375
65	-9.641
70	-10.036
75	-11.028
80	-11.873
85	-11.796
90	-13.964
95	-14.551
100	-13.293
105	-14.114
110	-14.583
115	-15.756
120	-15.992
125	-17.052
130	-18.051
135	-17.988
140	-17.326
145	-17.961
150	-17.992
155	-17.705
160	-17.012
165	-16.159
170	-18.371
175	-19.946
180	-18.674
185	-18.774
190	-18.705
195	-20.053
200	-21.377
205	-22.27
210	-22.846
215	-23.111
220	-22.926
225	-23.811
230	-23.741
235	-23.55
727 	 # Number of measurements 
# a b m n rhoa err
2 1 3 4 2285.97 0.001 
2 1 4 5 2197.44 0.001 
2 1 5 6 2153.62 0.001 
2 1 6 7 2471.33 0.001 
2 1 7 8 2355.87 0.001 
2 1 8 9 2283.12 0.001 
2 1 9 10 1931.95 0.001 
2 1 10 11 3987.01 0.001 
2 1 11 12 2625.93 0.001 
2 1 12 13 2767.50 0.001 
2 1 13 14 4345.77 0.001 
2 1 15 16 2138.11 0.001 
2 1 16 17 4163.51 0.001 
2 1 17 18 3822.82 0.001 
2 1 18 19 3590.22 0.001 
2 1 23 24 5569.54 0.001 
2 1 26 27 6540.33 0.001 
2 1 27 28 7939.97 0.001 
2 1 28 29 6617.64 0.001 
2 1 31 32 9324.21 0.001 
2 1 33 34 7222.42 0.001 
2 1 34 35 11096.67 0.001 
3 2 4 5 4045.71 0.001 
3 2 5 6 3257.23 0.001 
3 2 6 7 3587.03 0.001 
3 2 7 8 3849.60 0.001 
3 2 8 9 3306.66 0.001 
3 2 9 10 5112.65 0.001 
3 2 10 11 1584.21 0.001 
3 2 11 12 3071.64 0.001 
3 2 12 13 3280.68 0.001 
3 2 13 14 5070.08 0.001 
3 2 14 15 2577.84 0.001 
3 2 15 16 2295.98 0.001 
3 2 16 17 3802.58 0.001 
3 2 17 18 4229.13 0.001 
3 2 18 19 3565.25 0.001 
3 2 19 20 5085.05 0.001 
3 2 20 21 3559.27 0.001 
3 2 21 22 4484.86 0.001 
3 2 22 23 7107.79 0.001 
3 2 24 25 7087.30 0.001 
3 2 25 26 4357.41 0.001 
3 2 26 27 6003.76 0.001 
3 2 27 28 7645.37 0.001 
3 2 28 29 6003.34 0.001 
3 2 32 33 11388.62 0.001 
3 2 33 34 5528.27 0.001 
4 3 5 6 3167.94 0.001 
4 3 6 7 3706.44 0.001 
4 3 7 8 3973.79 0.001 
4 3 8 9 3159.52 0.001 
4 3 9 10 3939.31 0.001 
4 3 10 11 2826.42 0.001 
4 3 11 12 2752.75 0.001 
4 3 12 13 2967.10 0.001 
4 3 13 14 4498.14 0.001 
4 3 14 15 2328.94 0.001 
4 3 15 16 2053.65 0.001 
4 3 16 17 3513.31 0.001 
4 3 17 18 3599.17 0.001 
4 3 18 19 2981.68 0.001 
4 3 19 20 4195.92 0.001 
4 3 20 21 3103.84 0.001 
4 3 21 22 4095.33 0.001 
4 3 22 23 5589.85 0.001 
4 3 25 26 3693.04 0.001 
4 3 26 27 5135.41 0.001 
4 3 27 28 6355.75 0.001 
4 3 28 29 5425.94 0.001 
4 3 30 31 4526.19 0.001 
4 3 31 32 5359.29 0.001 
4 3 32 33 8934.57 0.001 
4 3 36 37 5908.76 0.001 
5 4 6 7 5257.06 0.001 
5 4 7 8 4986.89 0.001 
5 4 8 9 3876.17 0.001 
5 4 9 10 4780.02 0.001 
5 4 10 11 3406.97 0.001 
5 4 11 12 3116.38 0.001 
5 4 12 13 3443.83 0.001 
5 4 14 15 2663.74 0.001 
5 4 15 16 2628.14 0.001 
5 4 16 17 3937.65 0.001 
5 4 17 18 3433.97 0.001 
5 4 18 19 3823.02 0.001 
5 4 19 20 4246.58 0.001 
5 4 20 21 3216.10 0.001 
5 4 21 22 6380.11 0.001 
5 4 22 23 4784.41 0.001 
5 4 23 24 10115.21 0.001 
5 4 24 25 1240.82 0.001 
5 4 25 26 5122.07 0.001 
5 4 26 27 6123.87 0.001 
5 4 27 28 7373.61 0.001 
5 4 28 29 6132.89 0.001 
5 4 29 30 7415.27 0.001 
5 4 30 31 5250.89 0.001 
5 4 31 32 9513.34 0.001 
5 4 32 33 11092.11 0.001 
5 4 33 34 5144.02 0.001 
5 4 34 35 9966.99 0.001 
5 4 35 36 20944.42 0.001 
5 4 36 37 3360.39 0.001 
5 4 37 38 8050.77 0.001 
6 5 7 8 6652.94 0.001 
6 5 8 9 4418.52 0.001 
6 5 9 10 5551.58 0.001 
6 5 10 11 3841.70 0.001 
6 5 11 12 3679.99 0.001 
6 5 12 13 3833.61 0.001 
6 5 13 14 5662.12 0.001 
6 5 14 15 2830.68 0.001 
6 5 15 16 2453.80 0.001 
6 5 16 17 4078.51 0.001 
6 5 17 18 4110.86 0.001 
6 5 18 19 3433.35 0.001 
6 5 19 20 4762.02 0.001 
6 5 20 21 3395.74 0.001 
6 5 21 22 4329.80 0.001 
6 5 22 23 6022.88 0.001 
6 5 23 24 4329.43 0.001 
6 5 24 25 5461.38 0.001 
6 5 26 27 4519.71 0.001 
6 5 27 28 6499.03 0.001 
6 5 28 29 4892.20 0.001 
6 5 29 30 3922.43 0.001 
6 5 30 31 4713.53 0.001 
6 5 32 33 8719.12 0.001 
6 5 33 34 4731.66 0.001 
6 5 34 35 5609.02 0.001 
6 5 37 38 6948.34 0.001 
7 6 8 9 5153.51 0.001 
7 6 9 10 6428.84 0.001 
7 6 10 11 4487.53 0.001 
7 6 11 12 4396.51 0.001 
7 6 12 13 4602.53 0.001 
7 6 13 14 6740.68 0.001 
7 6 14 15 3331.41 0.001 
7 6 15 16 2937.51 0.001 
7 6 16 17 4746.13 0.001 
7 6 17 18 4761.19 0.001 
7 6 18 19 3939.88 0.001 
7 6 19 20 5307.44 0.001 
7 6 20 21 3766.09 0.001 
7 6 21 22 5172.69 0.001 
7 6 22 23 5908.48 0.001 
7 6 23 24 6440.79 0.001 
7 6 24 25 3810.78 0.001 
7 6 26 27 5802.83 0.001 
7 6 27 28 6931.79 0.001 
7 6 29 30 5505.51 0.001 
7 6 30 31 4680.25 0.001 
7 6 31 32 5443.23 0.001 
7 6 32 33 9158.54 0.001 
7 6 33 34 4743.61 0.001 
7 6 35 36 13028.75 0.001 
7 6 37 38 6890.01 0.001 
7 6 38 39 12597.89 0.001 
8 7 9 10 10735.39 0.001 
8 7 10 11 5784.28 0.001 
8 7 11 12 5561.91 0.001 
8 7 12 13 5844.73 0.001 
8 7 13 14 8711.40 0.001 
8 7 14 15 4323.79 0.001 
8 7 15 16 3798.52 0.001 
8 7 17 18 6208.29 0.001 
8 7 18 19 4957.31 0.001 
8 7 19 20 6752.53 0.001 
8 7 20 21 4653.44 0.001 
8 7 21 22 5860.56 0.001 
8 7 23 24 5306.93 0.001 
8 7 24 25 4359.25 0.001 
8 7 25 26 4208.31 0.001 
8 7 26 27 5806.01 0.001 
8 7 27 28 7538.67 0.001 
8 7 28 29 5414.67 0.001 
8 7 29 30 5173.41 0.001 
8 7 30 31 5248.99 0.001 
8 7 31 32 4110.55 0.001 
8 7 32 33 9341.32 0.001 
8 7 33 34 5338.67 0.001 
8 7 34 35 5035.18 0.001 
8 7 35 36 10736.84 0.001 
8 7 36 37 5225.09 0.001 
8 7 37 38 6994.74 0.001 
8 7 38 39 7717.05 0.001 
8 7 39 40 18449.18 0.001 
8 7 40 41 13635.27 0.001 
9 8 10 11 8662.16 0.001 
9 8 11 12 6649.04 0.001 
9 8 12 13 5972.09 0.001 
9 8 13 14 8832.77 0.001 
9 8 14 15 13227.90 0.001 
9 8 15 16 4089.12 0.001 
9 8 18 19 5137.46 0.001 
9 8 19 20 6861.18 0.001 
9 8 20 21 4666.09 0.001 
9 8 21 22 5043.48 0.001 
9 8 22 23 7208.98 0.001 
9 8 23 24 2899.80 0.001 
9 8 24 25 5772.13 0.001 
9 8 25 26 3338.71 0.001 
9 8 26 27 5064.75 0.001 
9 8 27 28 6686.61 0.001 
9 8 28 29 4812.55 0.001 
9 8 29 30 4080.40 0.001 
9 8 30 31 4356.01 0.001 
9 8 31 32 2489.53 0.001 
10 9 11 12 10189.94 0.001 
10 9 12 13 7025.60 0.001 
10 9 13 14 11212.68 0.001 
10 9 14 15 5862.89 0.001 
10 9 15 16 5661.44 0.001 
10 9 16 17 9269.13 0.001 
10 9 17 18 9570.48 0.001 
10 9 18 19 7600.89 0.001 
10 9 19 20 9885.14 0.001 
10 9 20 21 6718.41 0.001 
10 9 21 22 8168.22 0.001 
10 9 22 23 9411.51 0.001 
10 9 23 24 6671.97 0.001 
10 9 24 25 5881.52 0.001 
10 9 25 26 5316.09 0.001 
10 9 26 27 7197.54 0.001 
10 9 27 28 9334.06 0.001 
10 9 28 29 6722.76 0.001 
10 9 29 30 6583.36 0.001 
10 9 30 31 6162.61 0.001 
10 9 31 32 5828.69 0.001 
10 9 32 33 11244.22 0.001 
10 9 33 34 6056.06 0.001 
10 9 34 35 6982.77 0.001 
11 10 12 13 3607.55 0.001 
11 10 13 14 6154.09 0.001 
11 10 14 15 3565.86 0.001 
11 10 15 16 3820.02 0.001 
11 10 16 17 6368.64 0.001 
11 10 17 18 6887.03 0.001 
11 10 18 19 5531.09 0.001 
11 10 20 21 4841.63 0.001 
11 10 22 23 6709.08 0.001 
11 10 24 25 10560.87 0.001 
11 10 25 26 3667.29 0.001 
11 10 26 27 5133.72 0.001 
11 10 29 30 4788.28 0.001 
12 11 13 14 3946.28 0.001 
12 11 14 15 2724.58 0.001 
12 11 15 16 3067.83 0.001 
12 11 16 17 5656.18 0.001 
12 11 17 18 6215.11 0.001 
12 11 26 27 5014.02 0.001 
12 11 28 29 4816.22 0.001 
12 11 29 30 5100.99 0.001 
12 11 30 31 4116.79 0.001 
12 11 31 32 5296.15 0.001 
12 11 32 33 7964.70 0.001 
12 11 34 35 6122.01 0.001 
13 12 15 16 2473.79 0.001 
13 12 16 17 3019.28 0.001 
13 12 17 18 6102.10 0.001 
13 12 18 19 5125.04 0.001 
13 12 19 20 7083.08 0.001 
13 12 20 21 4956.55 0.001 
13 12 21 22 5884.69 0.001 
13 12 23 24 4354.43 0.001 
13 12 24 25 3721.16 0.001 
13 12 25 26 3326.71 0.001 
13 12 26 27 4797.26 0.001 
13 12 27 28 6335.46 0.001 
13 12 28 29 4394.92 0.001 
13 12 29 30 3898.11 0.001 
13 12 30 31 3969.76 0.001 
13 12 31 32 2630.66 0.001 
13 12 32 33 6846.20 0.001 
13 12 33 34 3850.50 0.001 
13 12 34 35 3091.18 0.001 
13 12 35 36 6617.93 0.001 
13 12 36 37 3607.27 0.001 
13 12 37 38 4809.37 0.001 
13 12 38 39 4299.03 0.001 
13 12 39 40 6591.17 0.001 
13 12 40 41 8756.03 0.001 
13 12 41 42 5104.27 0.001 
13 12 43 44 10346.27 0.001 
13 12 45 46 11242.68 0.001 
14 13 15 16 5404.93 0.001 
14 13 16 17 8260.51 0.001 
14 13 17 18 9238.79 0.001 
14 13 18 19 7952.82 0.001 
14 13 19 20 10854.96 0.001 
14 13 20 21 7807.97 0.001 
14 13 21 22 9289.78 0.001 
14 13 22 23 10698.38 0.001 
14 13 25 26 5019.95 0.001 
14 13 26 27 7497.29 0.001 
14 13 27 28 10048.63 0.001 
14 13 28 29 7077.41 0.001 
14 13 29 30 6288.73 0.001 
14 13 30 31 6013.90 0.001 
14 13 31 32 4334.16 0.001 
14 13 32 33 10667.47 0.001 
14 13 33 34 5703.06 0.001 
14 13 34 35 5413.80 0.001 
14 13 35 36 11174.82 0.001 
14 13 36 37 4913.12 0.001 
14 13 37 38 7464.83 0.001 
14 13 38 39 8243.18 0.001 
14 13 39 40 19931.65 0.001 
14 13 40 41 9569.82 0.001 
14 13 41 42 6754.83 0.001 
14 13 42 43 11650.47 0.001 
14 13 43 44 13490.51 0.001 
14 13 44 45 26186.59 0.001 
14 13 45 46 13719.57 0.001 
14 13 46 47 10887.04 0.001 
15 14 16 17 4514.42 0.001 
15 14 17 18 4062.03 0.001 
15 14 18 19 3557.08 0.001 
15 14 19 20 4677.88 0.001 
15 14 20 21 3545.45 0.001 
15 14 21 22 4233.72 0.001 
15 14 22 23 4845.62 0.001 
15 14 23 24 2929.67 0.001 
15 14 24 25 2828.66 0.001 
15 14 25 26 2221.38 0.001 
15 14 26 27 3658.98 0.001 
15 14 27 28 5055.99 0.001 
15 14 28 29 3703.22 0.001 
15 14 29 30 3233.55 0.001 
15 14 30 31 2828.52 0.001 
15 14 31 32 2300.04 0.001 
15 14 32 33 5474.65 0.001 
15 14 33 34 2822.55 0.001 
15 14 34 35 2929.42 0.001 
15 14 35 36 6256.64 0.001 
15 14 36 37 2495.00 0.001 
15 14 37 38 3930.46 0.001 
15 14 38 39 5159.10 0.001 
15 14 39 40 15790.38 0.001 
15 14 40 41 4746.99 0.001 
15 14 41 42 3448.98 0.001 
15 14 42 43 8961.53 0.001 
15 14 43 44 6771.08 0.001 
15 14 44 45 19907.86 0.001 
15 14 45 46 7412.00 0.001 
15 14 46 47 7157.70 0.001 
15 14 47 48 3053.23 0.001 
16 15 17 18 3905.86 0.001 
16 15 18 19 3056.16 0.001 
16 15 19 20 4672.42 0.001 
16 15 20 21 3551.97 0.001 
16 15 21 22 4461.49 0.001 
16 15 22 23 5351.87 0.001 
16 15 23 24 3073.75 0.001 
16 15 24 25 3215.80 0.001 
16 15 25 26 2669.83 0.001 
16 15 26 27 3761.98 0.001 
16 15 27 28 4963.50 0.001 
16 15 28 29 3329.23 0.001 
16 15 29 30 2848.35 0.001 
16 15 30 31 3218.28 0.001 
16 15 31 32 1623.62 0.001 
16 15 32 33 4984.23 0.001 
16 15 33 34 2999.00 0.001 
16 15 34 35 1782.45 0.001 
16 15 35 36 3566.95 0.001 
16 15 36 37 2965.52 0.001 
16 15 37 38 3293.33 0.001 
16 15 38 39 1154.12 0.001 
16 15 40 41 9872.84 0.001 
16 15 41 42 4136.04 0.001 
16 15 43 44 8886.60 0.001 
16 15 45 46 9527.01 0.001 
16 15 46 47 1738.25 0.001 
16 15 47 48 3764.01 0.001 
17 16 18 19 3134.83 0.001 
17 16 19 20 5029.98 0.001 
17 16 21 22 5574.15 0.001 
17 16 22 23 6758.86 0.001 
17 16 23 24 3980.16 0.001 
17 16 24 25 4369.27 0.001 
17 16 25 26 3525.26 0.001 
17 16 26 27 5422.08 0.001 
17 16 27 28 7424.07 0.001 
17 16 28 29 5177.24 0.001 
17 16 29 30 4487.72 0.001 
17 16 30 31 4582.49 0.001 
17 16 31 32 2798.41 0.001 
17 16 32 33 7743.66 0.001 
17 16 33 34 4302.19 0.001 
17 16 34 35 3315.79 0.001 
17 16 35 36 6883.82 0.001 
17 16 36 37 4077.77 0.001 
17 16 38 39 4065.48 0.001 
17 16 40 41 11033.64 0.001 
17 16 41 42 5670.23 0.001 
17 16 43 44 11773.16 0.001 
17 16 45 46 11936.57 0.001 
17 16 46 47 5459.36 0.001 
17 16 47 48 5023.98 0.001 
18 17 19 20 4019.58 0.001 
18 17 21 22 5576.60 0.001 
18 17 22 23 6975.74 0.001 
18 17 23 24 4620.59 0.001 
18 17 24 25 4598.19 0.001 
18 17 25 26 4170.01 0.001 
18 17 26 27 6176.49 0.001 
18 17 27 28 8426.82 0.001 
18 17 28 29 6004.68 0.001 
18 17 29 30 5700.24 0.001 
18 17 30 31 5454.99 0.001 
18 17 31 32 4694.97 0.001 
18 17 32 33 9475.74 0.001 
18 17 33 34 4892.92 0.001 
18 17 34 35 5774.16 0.001 
18 17 35 36 12175.73 0.001 
18 17 36 37 3089.36 0.001 
18 17 37 38 6400.57 0.001 
18 17 38 39 11661.24 0.001 
18 17 41 42 3587.76 0.001 
18 17 42 43 26596.59 0.001 
18 17 43 44 3841.89 0.001 
18 17 45 46 5218.88 0.001 
18 17 46 47 15865.57 0.001 
18 17 47 48 3690.71 0.001 
19 18 20 21 2586.36 0.001 
19 18 21 22 3942.15 0.001 
19 18 22 23 5113.13 0.001 
19 18 23 24 3217.90 0.001 
19 18 24 25 3701.60 0.001 
19 18 25 26 3146.30 0.001 
19 18 26 27 4761.04 0.001 
19 18 27 28 6645.66 0.001 
19 18 28 29 4617.24 0.001 
19 18 29 30 4011.69 0.001 
19 18 30 31 4368.78 0.001 
19 18 31 32 2314.15 0.001 
20 19 21 22 6907.65 0.001 
20 19 22 23 6602.22 0.001 
20 19 23 24 4358.27 0.001 
20 19 24 25 5238.13 0.001 
20 19 25 26 4567.98 0.001 
20 19 26 27 7388.66 0.001 
20 19 27 28 10689.96 0.001 
20 19 28 29 7740.71 0.001 
20 19 29 30 6987.84 0.001 
21 20 22 23 3462.28 0.001 
21 20 23 24 2560.95 0.001 
21 20 24 25 3284.18 0.001 
21 20 25 26 3040.62 0.001 
21 20 26 27 4712.08 0.001 
21 20 27 28 6851.85 0.001 
21 20 28 29 4931.27 0.001 
21 20 29 30 4516.44 0.001 
21 20 30 31 4817.29 0.001 
21 20 32 33 8197.21 0.001 
21 20 33 34 4549.53 0.001 
21 20 34 35 3713.42 0.001 
21 20 35 36 7751.84 0.001 
21 20 36 37 3755.24 0.001 
21 20 37 38 5603.10 0.001 
21 20 38 39 4856.32 0.001 
21 20 39 40 7492.47 0.001 
21 20 40 41 6741.62 0.001 
21 20 41 42 4916.44 0.001 
21 20 42 43 4342.45 0.001 
21 20 44 45 9839.57 0.001 
21 20 45 46 7365.35 0.001 
21 20 46 47 4626.96 0.001 
21 20 47 48 2850.30 0.001 
22 21 23 24 2484.77 0.001 
22 21 24 25 3886.27 0.001 
22 21 25 26 3590.95 0.001 
22 21 26 27 5648.26 0.001 
22 21 27 28 8415.68 0.001 
22 21 28 29 6130.07 0.001 
22 21 29 30 5614.95 0.001 
22 21 30 31 6188.95 0.001 
23 22 24 25 13055.22 0.001 
23 22 25 26 7979.79 0.001 
23 22 26 27 6826.29 0.001 
23 22 32 33 16820.19 0.001 
23 22 33 34 9497.48 0.001 
23 22 34 35 7861.53 0.001 
23 22 35 36 16383.31 0.001 
23 22 36 37 7810.07 0.001 
23 22 37 38 12088.83 0.001 
24 23 25 26 2319.41 0.001 
24 23 26 27 9247.56 0.001 
24 23 27 28 24616.87 0.001 
24 23 29 30 6377.95 0.001 
24 23 30 31 6769.25 0.001 
24 23 31 32 3983.70 0.001 
24 23 32 33 11958.59 0.001 
24 23 33 34 6860.16 0.001 
24 23 34 35 4889.18 0.001 
24 23 35 36 10215.84 0.001 
24 23 40 41 22162.49 0.001 
24 23 41 42 9844.27 0.001 
24 23 43 44 21625.26 0.001 
24 23 45 46 17379.26 0.001 
24 23 47 48 5297.51 0.001 
25 24 26 27 8155.38 0.001 
25 24 27 28 11620.37 0.001 
25 24 28 29 7116.61 0.001 
26 25 27 28 12013.15 0.001 
26 25 28 29 8155.28 0.001 
26 25 29 30 5929.84 0.001 
26 25 30 31 5627.03 0.001 
26 25 31 32 3651.78 0.001 
26 25 32 33 10463.20 0.001 
26 25 33 34 5757.39 0.001 
26 25 34 35 4372.12 0.001 
26 25 35 36 11866.81 0.001 
26 25 36 37 6460.03 0.001 
26 25 37 38 9018.34 0.001 
26 25 38 39 8014.59 0.001 
26 25 39 40 12047.20 0.001 
26 25 40 41 8418.40 0.001 
26 25 41 42 7888.99 0.001 
26 25 42 43 6306.06 0.001 
26 25 43 44 17137.34 0.001 
26 25 44 45 7741.26 0.001 
26 25 45 46 12382.68 0.001 
26 25 47 48 8428.30 0.001 
27 26 28 29 8817.54 0.001 
27 26 29 30 5458.69 0.001 
27 26 30 31 6359.28 0.001 
27 26 31 32 4157.17 0.001 
27 26 32 33 11626.70 0.001 
27 26 33 34 6755.74 0.001 
27 26 34 35 4892.99 0.001 
27 26 35 36 12459.37 0.001 
27 26 36 37 7399.53 0.001 
27 26 37 38 10135.42 0.001 
27 26 38 39 8555.07 0.001 
27 26 39 40 10646.58 0.001 
27 26 40 41 13526.01 0.001 
27 26 41 42 10192.28 0.001 
27 26 42 43 6572.23 0.001 
27 26 43 44 20307.39 0.001 
27 26 44 45 19665.38 0.001 
27 26 45 46 12057.44 0.001 
27 26 46 47 13519.38 0.001 
28 27 29 30 5570.51 0.001 
28 27 30 31 6594.13 0.001 
28 27 31 32 4572.70 0.001 
28 27 32 33 12821.91 0.001 
28 27 33 34 7503.55 0.001 
28 27 34 35 6657.38 0.001 
28 27 35 36 13407.60 0.001 
28 27 36 37 7363.89 0.001 
28 27 37 38 11763.35 0.001 
28 27 38 39 9918.95 0.001 
28 27 39 40 10737.37 0.001 
28 27 40 41 16693.03 0.001 
28 27 41 42 12313.92 0.001 
28 27 42 43 7223.06 0.001 
28 27 43 44 24685.43 0.001 
28 27 44 45 17997.06 0.001 
28 27 45 46 16919.08 0.001 
28 27 46 47 11262.11 0.001 
28 27 47 48 6803.56 0.001 
29 28 30 31 4834.86 0.001 
29 28 31 32 3610.48 0.001 
29 28 32 33 9805.88 0.001 
29 28 33 34 5476.89 0.001 
29 28 34 35 4746.17 0.001 
29 28 35 36 9801.92 0.001 
29 28 36 37 4497.89 0.001 
29 28 37 38 7939.24 0.001 
29 28 38 39 6042.46 0.001 
29 28 39 40 4269.75 0.001 
29 28 40 41 16387.96 0.001 
29 28 41 42 9050.52 0.001 
29 28 42 43 4576.51 0.001 
29 28 43 44 17604.64 0.001 
29 28 44 45 10843.54 0.001 
29 28 45 46 12388.87 0.001 
29 28 46 47 6582.41 0.001 
29 28 47 48 4750.66 0.001 
30 29 31 32 3301.89 0.001 
30 29 32 33 10670.38 0.001 
30 29 33 34 5836.81 0.001 
30 29 34 35 4831.87 0.001 
30 29 35 36 10521.12 0.001 
30 29 36 37 5269.99 0.001 
30 29 37 38 8512.45 0.001 
30 29 38 39 6829.91 0.001 
30 29 40 41 28351.12 0.001 
30 29 41 42 11575.04 0.001 
30 29 42 43 3464.61 0.001 
30 29 43 44 21405.00 0.001 
30 29 44 45 8714.47 0.001 
30 29 45 46 15147.37 0.001 
30 29 46 47 6377.33 0.001 
30 29 47 48 5204.46 0.001 
31 30 32 33 14334.73 0.001 
31 30 33 34 6603.63 0.001 
31 30 34 35 5545.80 0.001 
31 30 35 36 11964.36 0.001 
31 30 36 37 6101.17 0.001 
31 30 37 38 9794.96 0.001 
31 30 38 39 9297.76 0.001 
31 30 39 40 17057.40 0.001 
31 30 40 41 3586.94 0.001 
31 30 41 42 10979.95 0.001 
31 30 42 43 4661.84 0.001 
31 30 43 44 27214.63 0.001 
31 30 44 45 15076.00 0.001 
31 30 45 46 19320.17 0.001 
31 30 46 47 8975.13 0.001 
31 30 47 48 6351.68 0.001 
32 31 33 34 4479.59 0.001 
32 31 34 35 3614.54 0.001 
32 31 35 36 7615.65 0.001 
32 31 36 37 3774.38 0.001 
32 31 37 38 5947.94 0.001 
32 31 38 39 5135.69 0.001 
32 31 39 40 4541.29 0.001 
32 31 40 41 8524.02 0.001 
32 31 41 42 7038.40 0.001 
32 31 43 44 19189.99 0.001 
32 31 46 47 5820.81 0.001 
32 31 47 48 4838.19 0.001 
33 32 34 35 10923.25 0.001 
33 32 35 36 23205.42 0.001 
33 32 36 37 10834.64 0.001 
33 32 37 38 16920.27 0.001 
33 32 38 39 15184.91 0.001 
33 32 39 40 13946.26 0.001 
33 32 40 41 26338.45 0.001 
33 32 41 42 21443.04 0.001 
33 32 42 43 14068.74 0.001 
33 32 44 45 20977.14 0.001 
33 32 46 47 14860.48 0.001 
33 32 47 48 13194.73 0.001 
34 33 35 36 10161.98 0.001 
34 33 36 37 5054.95 0.001 
34 33 37 38 8206.14 0.001 
34 33 38 39 7692.90 0.001 
34 33 39 40 7371.73 0.001 
34 33 40 41 14283.27 0.001 
34 33 41 42 11795.12 0.001 
34 33 42 43 6473.25 0.001 
34 33 43 44 25144.54 0.001 
34 33 44 45 25643.55 0.001 
34 33 45 46 4785.55 0.001 
34 33 46 47 7285.77 0.001 
34 33 47 48 6010.07 0.001 
35 34 36 37 3301.67 0.001 
35 34 37 38 5281.51 0.001 
35 34 38 39 5209.92 0.001 
35 34 39 40 4273.29 0.001 
35 34 40 41 10608.17 0.001 
35 34 41 42 8664.61 0.001 
35 34 42 43 3805.24 0.001 
35 34 43 44 18881.91 0.001 
35 34 44 45 9232.38 0.001 
35 34 45 46 12906.15 0.001 
35 34 46 47 5156.34 0.001 
35 34 47 48 4796.86 0.001 
36 35 37 38 11228.10 0.001 
36 35 38 39 10928.12 0.001 
36 35 39 40 8773.65 0.001 
36 35 40 41 20348.70 0.001 
36 35 41 42 17433.27 0.001 
36 35 42 43 7732.22 0.001 
36 35 44 45 18140.52 0.001 
36 35 45 46 28831.45 0.001 
36 35 46 47 13009.40 0.001 
36 35 47 48 10331.68 0.001 
37 36 38 39 5919.61 0.001 
37 36 39 40 4971.57 0.001 
37 36 40 41 9125.38 0.001 
37 36 41 42 8659.65 0.001 
37 36 42 43 4446.99 0.001 
37 36 43 44 19414.27 0.001 
37 36 44 45 12191.26 0.001 
37 36 45 46 14388.16 0.001 
37 36 46 47 7922.13 0.001 
37 36 47 48 5603.64 0.001 
38 37 39 40 6963.45 0.001 
38 37 40 41 12052.79 0.001 
38 37 41 42 11476.88 0.001 
38 37 42 43 5218.83 0.001 
38 37 43 44 26821.15 0.001 
38 37 44 45 13387.45 0.001 
38 37 45 46 20811.19 0.001 
38 37 46 47 9537.92 0.001 
38 37 47 48 8069.07 0.001 
39 38 40 41 6837.49 0.001 
39 38 41 42 7144.88 0.001 
39 38 42 43 3002.35 0.001 
39 38 43 44 17541.86 0.001 
39 38 44 45 7870.50 0.001 
39 38 45 46 14284.28 0.001 
39 38 46 47 6234.31 0.001 
39 38 47 48 5610.34 0.001 
40 39 41 42 4140.82 0.001 
40 39 42 43 984.11 0.001 
40 39 43 44 12347.55 0.001 
40 39 44 45 740.91 0.001 
40 39 45 46 13211.62 0.001 
40 39 46 47 3536.61 0.001 
40 39 47 48 4606.70 0.001 
41 40 42 43 6652.97 0.001 
41 40 44 45 15964.82 0.001 
41 40 45 46 20617.89 0.001 
41 40 46 47 11173.02 0.001 
41 40 47 48 9176.21 0.001 
42 41 43 44 19614.34 0.001 
42 41 44 45 7032.07 0.001 
42 41 45 46 12933.97 0.001 
42 41 46 47 6051.17 0.001 
42 41 47 48 5764.80 0.001 
43 42 44 45 3194.27 0.001 
43 42 45 46 7049.74 0.001 
43 42 46 47 2866.29 0.001 
43 42 47 48 2952.01 0.001 
44 43 45 46 17198.90 0.001 
44 43 46 47 7458.98 0.001 
44 43 47 48 8326.71 0.001 
45 44 46 47 5359.88 0.001 
45 44 47 48 5939.02 0.001 
46 45 47 48 10386.84 0.001 
