72 	 # Number of sensors 
# x z 
0.00 4237.96 
5.00 4238.56 
10.00 4238.00 
15.00 4238.43 
20.00 4238.79 
25.00 4238.43 
30.00 4238.04 
35.00 4237.89 
40.00 4237.40 
45.00 4235.92 
50.00 4234.80 
55.00 4233.89 
60.00 4233.53 
65.00 4232.72 
70.00 4232.40 
75.00 4232.21 
80.00 4232.16 
85.00 4232.13 
90.00 4230.68 
95.00 4229.63 
100.00 4229.31 
105.00 4228.98 
110.00 4228.75 
115.00 4229.17 
120.00 4228.48 
125.00 4228.04 
130.00 4228.96 
135.00 4229.17 
140.00 4229.28 
145.00 4229.37 
150.00 4229.02 
155.00 4228.07 
160.00 4229.83 
165.00 4229.53 
170.00 4229.40 
175.00 4229.23 
180.00 4229.09 
185.00 4228.86 
190.00 4228.66 
195.00 4228.50 
200.00 4228.46 
205.00 4228.52 
210.00 4228.30 
215.00 4227.88 
220.00 4227.19 
225.00 4226.28 
230.00 4225.02 
235.00 4223.81 
240.00 4224.78 
245.00 4223.73 
250.00 4223.09 
255.00 4222.64 
260.00 4222.00 
265.00 4221.11 
270.00 4220.58 
275.00 4219.67 
280.00 4219.79 
285.00 4219.45 
290.00 4218.37 
295.00 4217.65 
300.00 4217.81 
305.00 4219.25 
310.00 4219.25 
315.00 4218.36 
320.00 4217.90 
325.00 4218.74 
330.00 4220.00 
335.00 4220.38 
340.00 4220.49 
345.00 4220.27 
350.00 4214.46 
355.00 4213.69 
1022 	 # Number of measurements 
# a b m n rhoa err
1 2 3 4 312.31 0.040 
1 2 4 5 442.38 0.040 
1 2 5 6 481.15 0.040 
1 2 6 7 608.53 0.040 
1 2 7 8 964.65 0.040 
1 2 8 9 761.65 0.040 
1 2 9 10 1268.04 0.040 
1 2 10 11 1029.32 0.040 
1 2 11 12 1153.82 0.040 
1 2 12 13 1020.65 0.040 
1 2 13 14 1152.65 0.040 
1 2 14 15 949.23 0.040 
1 2 15 16 1505.92 0.040 
1 2 16 17 939.02 0.040 
1 2 17 18 767.35 0.040 
1 2 18 19 799.90 0.040 
1 2 19 20 1376.59 0.040 
1 2 20 21 1109.37 0.040 
1 2 21 22 546.29 0.040 
1 2 22 23 271.14 0.040 
1 2 23 24 609.14 0.040 
1 2 24 25 1077.95 0.040 
1 2 25 26 989.58 0.040 
1 2 26 27 1342.54 0.040 
1 2 27 28 1443.69 0.040 
1 2 28 29 1435.52 0.040 
1 2 29 30 1596.64 0.040 
1 2 30 31 876.42 0.040 
1 2 31 32 1003.62 0.040 
1 2 32 33 840.40 0.040 
1 2 33 34 1129.59 0.040 
1 2 34 35 980.18 0.040 
1 2 35 36 1155.19 0.040 
1 2 36 37 578.78 0.040 
1 2 37 38 852.61 0.040 
1 2 38 39 771.47 0.040 
1 2 39 40 786.61 0.040 
1 2 40 41 1314.40 0.040 
1 2 41 42 1915.83 0.040 
1 2 42 43 2153.27 0.040 
1 2 43 44 1829.47 0.040 
1 2 44 45 1963.40 0.040 
1 2 45 46 1142.47 0.040 
1 2 46 47 670.45 0.040 
1 2 47 48 567.95 0.040 
2 3 4 5 253.50 0.040 
2 3 5 6 343.46 0.040 
2 3 6 7 483.43 0.040 
2 3 7 8 795.41 0.040 
2 3 8 9 648.69 0.040 
2 3 9 10 1099.71 0.040 
2 3 10 11 893.61 0.040 
2 3 11 12 1003.78 0.040 
2 3 12 13 882.68 0.040 
2 3 13 14 1015.89 0.040 
2 3 14 15 826.70 0.040 
2 3 15 16 1317.92 0.040 
2 3 16 17 845.19 0.040 
2 3 17 18 647.77 0.040 
2 3 18 19 699.80 0.040 
2 3 19 20 1288.16 0.040 
2 3 20 21 903.26 0.040 
2 3 21 22 621.94 0.040 
2 3 22 23 228.18 0.040 
2 3 23 24 539.09 0.040 
2 3 24 25 1028.99 0.040 
2 3 25 26 899.38 0.040 
2 3 26 27 1095.35 0.040 
2 3 27 28 1344.52 0.040 
2 3 28 29 1150.65 0.040 
2 3 29 30 1533.32 0.040 
2 3 30 31 715.98 0.040 
2 3 31 32 932.77 0.040 
2 3 32 33 636.45 0.040 
2 3 33 34 1203.99 0.040 
2 3 34 35 770.20 0.040 
2 3 35 36 1166.58 0.040 
2 3 36 37 482.62 0.040 
2 3 37 38 765.83 0.040 
2 3 38 39 623.09 0.040 
2 3 39 40 789.32 0.040 
2 3 40 41 1097.26 0.040 
2 3 41 42 1647.75 0.040 
2 3 42 43 638.04 0.040 
2 3 44 45 1556.25 0.040 
2 3 45 46 1230.66 0.040 
2 3 46 47 469.63 0.040 
2 3 47 48 603.08 0.040 
3 4 5 6 232.35 0.040 
3 4 6 7 405.59 0.040 
3 4 7 8 722.59 0.040 
3 4 8 9 631.20 0.040 
3 4 9 10 1094.02 0.040 
3 4 10 11 924.52 0.040 
3 4 11 12 1031.65 0.040 
3 4 12 13 919.06 0.040 
3 4 13 14 1056.82 0.040 
3 4 14 15 891.36 0.040 
3 4 15 16 1367.15 0.040 
3 4 16 17 890.46 0.040 
3 4 17 18 682.97 0.040 
3 4 18 19 795.96 0.040 
3 4 19 20 1312.44 0.040 
3 4 20 21 1041.40 0.040 
3 4 21 22 586.61 0.040 
3 4 22 23 272.46 0.040 
3 4 23 24 571.31 0.040 
3 4 24 25 1102.73 0.040 
3 4 25 26 928.55 0.040 
3 4 26 27 1254.28 0.040 
3 4 27 28 1277.80 0.040 
3 4 28 29 1362.09 0.040 
3 4 29 30 1530.56 0.040 
3 4 30 31 727.33 0.040 
3 4 31 32 1041.84 0.040 
3 4 32 33 643.17 0.040 
3 4 33 34 1280.11 0.040 
3 4 34 35 784.78 0.040 
3 4 35 36 1639.36 0.040 
3 4 37 38 1654.86 0.040 
3 4 39 40 2209.30 0.040 
3 4 42 43 155.97 0.040 
4 5 6 7 177.79 0.040 
4 5 7 8 373.72 0.040 
4 5 8 9 373.13 0.040 
4 5 9 10 709.85 0.040 
4 5 10 11 631.02 0.040 
4 5 11 12 725.37 0.040 
4 5 12 13 664.52 0.040 
4 5 13 14 751.53 0.040 
4 5 14 15 664.39 0.040 
4 5 15 16 1012.85 0.040 
4 5 16 17 642.66 0.040 
4 5 17 18 549.03 0.040 
4 5 18 19 621.50 0.040 
4 5 19 20 895.35 0.040 
4 5 20 21 928.81 0.040 
4 5 21 22 231.20 0.040 
4 5 22 23 235.33 0.040 
4 5 23 24 449.95 0.040 
4 5 24 25 753.39 0.040 
4 5 25 26 685.53 0.040 
4 5 26 27 1110.64 0.040 
4 5 27 28 859.94 0.040 
4 5 28 29 1279.15 0.040 
4 5 29 30 893.99 0.040 
4 5 30 31 739.74 0.040 
4 5 31 32 596.60 0.040 
4 5 32 33 960.78 0.040 
4 5 33 34 492.75 0.040 
4 5 34 35 1000.93 0.040 
4 5 35 36 552.27 0.040 
4 5 36 37 552.39 0.040 
4 5 37 38 545.28 0.040 
4 5 38 39 729.16 0.040 
4 5 39 40 433.90 0.040 
4 5 40 41 1180.12 0.040 
4 5 41 42 1195.96 0.040 
4 5 44 45 1944.62 0.040 
4 5 45 46 232.73 0.040 
4 5 46 47 875.59 0.040 
5 6 7 8 187.66 0.040 
5 6 8 9 221.64 0.040 
5 6 9 10 485.01 0.040 
5 6 10 11 459.44 0.040 
5 6 11 12 551.53 0.040 
5 6 12 13 509.58 0.040 
5 6 13 14 594.93 0.040 
5 6 14 15 509.55 0.040 
5 6 15 16 827.01 0.040 
5 6 16 17 532.72 0.040 
5 6 17 18 437.95 0.040 
5 6 18 19 467.76 0.040 
5 6 19 20 795.76 0.040 
5 6 20 21 656.82 0.040 
5 6 21 22 330.24 0.040 
5 6 22 23 167.83 0.040 
5 6 23 24 376.97 0.040 
5 6 24 25 660.40 0.040 
5 6 25 26 609.47 0.040 
5 6 26 27 835.49 0.040 
5 6 27 28 885.95 0.040 
5 6 28 29 902.68 0.040 
5 6 29 30 997.21 0.040 
5 6 30 31 557.54 0.040 
5 6 31 32 617.09 0.040 
5 6 32 33 567.23 0.040 
5 6 33 34 727.08 0.040 
5 6 34 35 666.26 0.040 
5 6 35 36 743.74 0.040 
5 6 36 37 401.03 0.040 
5 6 37 38 557.49 0.040 
5 6 38 39 521.71 0.040 
5 6 39 40 532.50 0.040 
5 6 40 41 894.77 0.040 
5 6 41 42 1246.16 0.040 
5 6 42 43 1502.55 0.040 
5 6 43 44 1265.41 0.040 
5 6 44 45 1331.46 0.040 
5 6 45 46 780.46 0.040 
5 6 46 47 500.13 0.040 
5 6 47 48 399.57 0.040 
6 7 8 9 121.68 0.040 
6 7 9 10 335.02 0.040 
6 7 10 11 358.05 0.040 
6 7 11 12 456.29 0.040 
6 7 12 13 433.91 0.040 
6 7 13 14 521.48 0.040 
6 7 14 15 459.47 0.040 
6 7 15 16 747.23 0.040 
6 7 16 17 491.03 0.040 
6 7 17 18 402.84 0.040 
6 7 18 19 442.91 0.040 
6 7 19 20 748.38 0.040 
6 7 20 21 622.08 0.040 
6 7 21 22 317.92 0.040 
6 7 22 23 163.63 0.040 
6 7 23 24 363.80 0.040 
6 7 24 25 631.90 0.040 
6 7 25 26 580.25 0.040 
6 7 26 27 794.86 0.040 
6 7 27 28 826.62 0.040 
6 7 28 29 859.62 0.040 
6 7 29 30 934.01 0.040 
6 7 30 31 530.53 0.040 
6 7 31 32 579.80 0.040 
6 7 32 33 552.77 0.040 
6 7 33 34 697.26 0.040 
6 7 34 35 660.21 0.040 
6 7 35 36 709.52 0.040 
6 7 36 37 399.54 0.040 
6 7 37 38 537.47 0.040 
6 7 38 39 511.37 0.040 
6 7 39 40 515.40 0.040 
6 7 40 41 883.28 0.040 
6 7 41 42 1204.51 0.040 
6 7 42 43 1501.31 0.040 
6 7 43 44 1210.14 0.040 
6 7 44 45 1297.18 0.040 
6 7 45 46 751.36 0.040 
6 7 46 47 523.27 0.040 
6 7 47 48 388.70 0.040 
7 8 9 10 265.81 0.040 
7 8 10 11 345.86 0.040 
7 8 11 12 481.24 0.040 
7 8 12 13 478.48 0.040 
7 8 13 14 594.20 0.040 
7 8 14 15 543.76 0.040 
7 8 15 16 882.59 0.040 
7 8 16 17 594.53 0.040 
7 8 17 18 485.07 0.040 
7 8 18 19 558.52 0.040 
7 8 19 20 941.77 0.040 
7 8 20 21 776.57 0.040 
7 8 21 22 421.91 0.040 
7 8 22 23 213.49 0.040 
7 8 23 24 476.63 0.040 
7 8 24 25 803.47 0.040 
7 8 25 26 732.31 0.040 
7 8 26 27 989.27 0.040 
7 8 27 28 1008.96 0.040 
7 8 28 29 1050.11 0.040 
7 8 29 30 1144.97 0.040 
7 8 30 31 648.02 0.040 
7 8 31 32 720.56 0.040 
7 8 32 33 691.98 0.040 
7 8 33 34 906.86 0.040 
7 8 34 35 846.99 0.040 
7 8 35 36 901.07 0.040 
7 8 36 37 522.25 0.040 
7 8 37 38 689.62 0.040 
7 8 38 39 637.83 0.040 
7 8 39 40 671.10 0.040 
7 8 40 41 1143.81 0.040 
7 8 41 42 1549.91 0.040 
7 8 42 43 1829.67 0.040 
7 8 43 44 1638.13 0.040 
7 8 44 45 1607.52 0.040 
7 8 45 46 965.23 0.040 
7 8 46 47 695.75 0.040 
7 8 47 48 534.83 0.040 
8 9 10 11 133.34 0.040 
8 9 11 12 224.67 0.040 
8 9 12 13 241.96 0.040 
8 9 13 14 313.57 0.040 
8 9 14 15 296.81 0.040 
8 9 15 16 501.97 0.040 
8 9 16 17 346.23 0.040 
8 9 17 18 285.20 0.040 
8 9 18 19 328.51 0.040 
8 9 19 20 562.51 0.040 
8 9 20 21 462.03 0.040 
8 9 21 22 261.79 0.040 
8 9 22 23 128.71 0.040 
8 9 23 24 290.83 0.040 
8 9 24 25 496.82 0.040 
8 9 25 26 453.74 0.040 
8 9 26 27 605.10 0.040 
8 9 27 28 625.54 0.040 
8 9 28 29 641.30 0.040 
8 9 29 30 724.35 0.040 
8 9 30 31 401.98 0.040 
8 9 31 32 455.46 0.040 
8 9 32 33 420.21 0.040 
8 9 33 34 582.36 0.040 
8 9 34 35 526.23 0.040 
8 9 35 36 576.63 0.040 
8 9 36 37 327.22 0.040 
8 9 37 38 434.75 0.040 
8 9 38 39 400.86 0.040 
8 9 39 40 432.74 0.040 
8 9 40 41 716.21 0.040 
8 9 41 42 993.48 0.040 
8 9 42 43 1031.52 0.040 
8 9 43 44 1180.22 0.040 
8 9 44 45 1012.33 0.040 
8 9 45 46 630.42 0.040 
8 9 46 47 436.21 0.040 
8 9 47 48 358.44 0.040 
9 10 11 12 195.62 0.040 
9 10 12 13 254.72 0.040 
9 10 13 14 358.15 0.040 
9 10 14 15 365.42 0.040 
9 10 15 16 624.52 0.040 
9 10 16 17 453.12 0.040 
9 10 17 18 366.30 0.040 
9 10 18 19 459.26 0.040 
9 10 19 20 769.47 0.040 
9 10 20 21 643.17 0.040 
9 10 21 22 378.93 0.040 
9 10 22 23 194.41 0.040 
9 10 23 24 410.34 0.040 
9 10 24 25 731.27 0.040 
9 10 25 26 629.34 0.040 
9 10 26 27 859.29 0.040 
9 10 27 28 835.45 0.040 
9 10 28 29 906.81 0.040 
9 10 29 30 957.39 0.040 
9 10 30 31 574.91 0.040 
9 10 31 32 529.88 0.040 
9 10 32 33 726.77 0.040 
9 10 33 34 763.31 0.040 
9 10 34 35 862.98 0.040 
9 10 35 36 755.47 0.040 
9 10 36 37 542.45 0.040 
9 10 37 38 579.85 0.040 
9 10 38 39 590.64 0.040 
9 10 39 40 593.13 0.040 
9 10 40 41 1079.97 0.040 
9 10 41 42 1149.35 0.040 
9 10 42 43 1851.51 0.040 
9 10 43 44 1461.88 0.040 
9 10 44 45 1501.02 0.040 
9 10 45 46 815.33 0.040 
9 10 46 47 719.29 0.040 
9 10 47 48 418.92 0.040 
10 11 12 13 135.40 0.040 
10 11 13 14 205.66 0.040 
10 11 14 15 218.08 0.040 
10 11 15 16 415.87 0.040 
10 11 16 17 303.46 0.040 
10 11 17 18 264.78 0.040 
10 11 18 19 302.33 0.040 
10 11 19 20 500.30 0.040 
10 11 20 21 453.65 0.040 
10 11 21 22 217.93 0.040 
10 11 22 23 126.83 0.040 
10 11 23 24 273.19 0.040 
10 11 24 25 491.11 0.040 
10 11 25 26 442.25 0.040 
10 11 26 27 644.18 0.040 
10 11 27 28 592.56 0.040 
10 11 28 29 713.89 0.040 
10 11 29 30 665.53 0.040 
10 11 30 31 444.05 0.040 
10 11 31 32 444.52 0.040 
10 11 32 33 530.69 0.040 
10 11 33 34 515.00 0.040 
10 11 34 35 623.62 0.040 
10 11 35 36 514.10 0.040 
10 11 36 37 363.30 0.040 
10 11 37 38 425.43 0.040 
10 11 38 39 453.63 0.040 
10 11 39 40 389.52 0.040 
10 11 40 41 836.91 0.040 
10 11 41 42 1007.50 0.040 
10 11 42 43 2062.28 0.040 
10 11 43 44 202.56 0.040 
10 11 44 45 1254.98 0.040 
10 11 45 46 483.21 0.040 
10 11 46 47 613.67 0.040 
10 11 47 48 237.97 0.040 
11 12 13 14 164.90 0.040 
11 12 14 15 197.74 0.040 
11 12 15 16 397.33 0.040 
11 12 16 17 303.93 0.040 
11 12 17 18 265.98 0.040 
11 12 18 19 303.98 0.040 
11 12 19 20 518.12 0.040 
11 12 20 21 451.19 0.040 
11 12 21 22 255.84 0.040 
11 12 22 23 132.54 0.040 
11 12 23 24 304.66 0.040 
11 12 24 25 512.93 0.040 
11 12 25 26 479.51 0.040 
11 12 26 27 655.06 0.040 
11 12 27 28 663.07 0.040 
11 12 28 29 707.22 0.040 
11 12 29 30 775.54 0.040 
11 12 30 31 444.35 0.040 
11 12 31 32 493.19 0.040 
11 12 32 33 498.06 0.040 
11 12 33 34 648.92 0.040 
11 12 34 35 619.57 0.040 
11 12 35 36 643.26 0.040 
11 12 36 37 392.18 0.040 
11 12 37 38 506.04 0.040 
11 12 38 39 471.56 0.040 
11 12 39 40 502.92 0.040 
11 12 40 41 870.63 0.040 
11 12 41 42 1159.23 0.040 
11 12 42 43 1393.56 0.040 
11 12 43 44 1277.15 0.040 
11 12 44 45 1211.72 0.040 
11 12 45 46 739.59 0.040 
11 12 46 47 561.73 0.040 
11 12 47 48 431.79 0.040 
12 13 14 15 138.08 0.040 
12 13 15 16 319.69 0.040 
12 13 16 17 257.25 0.040 
12 13 17 18 232.56 0.040 
12 13 18 19 250.90 0.040 
12 13 19 20 423.26 0.040 
12 13 20 21 373.00 0.040 
12 13 21 22 212.35 0.040 
12 13 22 23 107.92 0.040 
12 13 23 24 246.98 0.040 
12 13 24 25 438.11 0.040 
12 13 25 26 410.58 0.040 
12 13 26 27 561.86 0.040 
12 13 27 28 592.81 0.040 
12 13 28 29 612.86 0.040 
12 13 29 30 701.31 0.040 
12 13 30 31 393.37 0.040 
12 13 31 32 448.54 0.040 
12 13 32 33 405.71 0.040 
12 13 33 34 579.26 0.040 
12 13 34 35 509.97 0.040 
12 13 35 36 582.88 0.040 
12 13 36 37 335.40 0.040 
12 13 37 38 444.20 0.040 
12 13 38 39 401.57 0.040 
12 13 39 40 449.81 0.040 
12 13 40 41 743.88 0.040 
12 13 41 42 1045.91 0.040 
12 13 42 43 988.56 0.040 
12 13 43 44 1337.87 0.040 
12 13 44 45 1062.78 0.040 
12 13 45 46 669.64 0.040 
12 13 46 47 433.53 0.040 
12 13 47 48 413.84 0.040 
13 14 15 16 299.06 0.040 
13 14 16 17 272.94 0.040 
13 14 17 18 258.13 0.040 
13 14 18 19 265.98 0.040 
13 14 19 20 437.46 0.040 
13 14 20 21 397.23 0.040 
13 14 21 22 216.21 0.040 
13 14 22 23 111.49 0.040 
13 14 23 24 269.13 0.040 
13 14 24 25 453.66 0.040 
13 14 25 26 451.32 0.040 
13 14 26 27 629.08 0.040 
13 14 27 28 669.36 0.040 
13 14 28 29 693.84 0.040 
13 14 29 30 795.79 0.040 
13 14 30 31 445.96 0.040 
13 14 31 32 533.70 0.040 
13 14 32 33 440.68 0.040 
13 14 33 34 641.96 0.040 
13 14 34 35 542.72 0.040 
13 14 35 36 640.31 0.040 
13 14 36 37 331.78 0.040 
13 14 37 38 509.57 0.040 
13 14 38 39 425.82 0.040 
13 14 39 40 492.52 0.040 
13 14 40 41 835.41 0.040 
13 14 41 42 1282.22 0.040 
13 14 42 43 1268.67 0.040 
13 14 43 44 1273.44 0.040 
13 14 44 45 1190.89 0.040 
13 14 45 46 785.34 0.040 
13 14 46 47 516.82 0.040 
13 14 47 48 470.67 0.040 
14 15 16 17 187.75 0.040 
14 15 17 18 187.27 0.040 
14 15 18 19 195.18 0.040 
14 15 19 20 314.52 0.040 
14 15 20 21 295.44 0.040 
14 15 21 22 157.91 0.040 
14 15 22 23 82.07 0.040 
14 15 23 24 192.33 0.040 
14 15 24 25 354.38 0.040 
14 15 25 26 349.98 0.040 
14 15 26 27 501.68 0.040 
14 15 27 28 540.09 0.040 
14 15 28 29 568.29 0.040 
14 15 29 30 647.70 0.040 
14 15 30 31 373.09 0.040 
14 15 31 32 410.16 0.040 
14 15 32 33 371.92 0.040 
14 15 33 34 485.18 0.040 
14 15 34 35 442.33 0.040 
14 15 35 36 493.05 0.040 
14 15 36 37 271.47 0.040 
14 15 37 38 385.75 0.040 
14 15 38 39 361.03 0.040 
14 15 39 40 386.69 0.040 
14 15 40 41 662.63 0.040 
14 15 41 42 931.16 0.040 
14 15 42 43 1050.70 0.040 
14 15 43 44 1067.48 0.040 
14 15 44 45 1032.67 0.040 
14 15 45 46 610.48 0.040 
14 15 46 47 402.10 0.040 
14 15 47 48 318.52 0.040 
15 16 17 18 178.31 0.040 
15 16 18 19 205.44 0.040 
15 16 19 20 347.08 0.040 
15 16 20 21 341.27 0.040 
15 16 21 22 202.08 0.040 
15 16 22 23 108.47 0.040 
15 16 23 24 263.32 0.040 
15 16 24 25 471.03 0.040 
15 16 25 26 466.94 0.040 
15 16 26 27 662.98 0.040 
15 16 27 28 691.29 0.040 
15 16 28 29 741.85 0.040 
15 16 29 30 836.05 0.040 
15 16 30 31 480.82 0.040 
15 16 31 32 532.83 0.040 
15 16 32 33 517.28 0.040 
15 16 33 34 668.55 0.040 
15 16 34 35 628.18 0.040 
15 16 35 36 677.03 0.040 
15 16 36 37 395.84 0.040 
15 16 37 38 540.74 0.040 
15 16 38 39 478.50 0.040 
15 16 39 40 541.70 0.040 
15 16 40 41 931.41 0.040 
15 16 41 42 1301.47 0.040 
15 16 42 43 1489.86 0.040 
15 16 43 44 1424.95 0.040 
15 16 44 45 1326.11 0.040 
15 16 45 46 853.03 0.040 
15 16 46 47 579.27 0.040 
15 16 47 48 503.09 0.040 
16 17 18 19 106.46 0.040 
16 17 19 20 181.74 0.040 
16 17 20 21 185.97 0.040 
16 17 21 22 108.67 0.040 
16 17 22 23 59.92 0.040 
16 17 23 24 145.39 0.040 
16 17 24 25 276.51 0.040 
16 17 25 26 280.22 0.040 
16 17 26 27 414.69 0.040 
16 17 27 28 437.38 0.040 
16 17 28 29 478.68 0.040 
16 17 29 30 530.81 0.040 
16 17 30 31 316.84 0.040 
16 17 31 32 336.92 0.040 
16 17 32 33 321.03 0.040 
16 17 33 34 382.32 0.040 
16 17 34 35 379.14 0.040 
16 17 35 36 388.28 0.040 
16 17 36 37 235.53 0.040 
16 17 37 38 311.73 0.040 
16 17 38 39 306.70 0.040 
16 17 39 40 306.73 0.040 
16 17 40 41 571.81 0.040 
16 17 41 42 758.91 0.040 
16 17 42 43 1061.53 0.040 
16 17 43 44 694.59 0.040 
16 17 44 45 878.69 0.040 
16 17 45 46 480.92 0.040 
16 17 46 47 370.52 0.040 
16 17 47 48 248.88 0.040 
17 18 19 20 124.30 0.040 
17 18 20 21 131.70 0.040 
17 18 21 22 84.21 0.040 
17 18 22 23 46.51 0.040 
17 18 23 24 113.26 0.040 
17 18 24 25 224.68 0.040 
17 18 25 26 231.31 0.040 
17 18 26 27 345.35 0.040 
17 18 27 28 365.92 0.040 
17 18 28 29 403.71 0.040 
17 18 29 30 447.64 0.040 
17 18 30 31 271.82 0.040 
17 18 31 32 253.47 0.040 
17 18 32 33 296.01 0.040 
17 18 33 34 290.33 0.040 
17 18 34 35 331.01 0.040 
17 18 35 36 309.20 0.040 
17 18 36 37 202.12 0.040 
17 18 37 38 235.07 0.040 
17 18 38 39 261.35 0.040 
17 18 39 40 249.85 0.040 
17 18 40 41 456.92 0.040 
17 18 41 42 485.67 0.040 
17 18 42 43 860.23 0.040 
17 18 43 44 636.78 0.040 
17 18 44 45 713.27 0.040 
17 18 45 46 384.21 0.040 
17 18 46 47 313.09 0.040 
17 18 47 48 157.27 0.040 
18 19 20 21 177.92 0.040 
18 19 21 22 113.75 0.040 
18 19 22 23 63.83 0.040 
18 19 23 24 162.17 0.040 
18 19 24 25 338.89 0.040 
18 19 25 26 361.79 0.040 
18 19 26 27 574.88 0.040 
18 19 27 28 601.41 0.040 
18 19 28 29 666.22 0.040 
18 19 29 30 762.38 0.040 
18 19 30 31 450.59 0.040 
18 19 31 32 458.83 0.040 
18 19 32 33 384.56 0.040 
18 19 33 34 433.25 0.040 
18 19 34 35 389.60 0.040 
18 19 35 36 432.51 0.040 
18 19 36 37 236.02 0.040 
18 19 37 38 326.72 0.040 
18 19 38 39 323.92 0.040 
18 19 39 40 331.00 0.040 
18 19 40 41 558.09 0.040 
18 19 41 42 782.86 0.040 
18 19 42 43 955.12 0.040 
18 19 43 44 930.89 0.040 
18 19 44 45 920.79 0.040 
18 19 45 46 515.70 0.040 
18 19 46 47 365.82 0.040 
18 19 47 48 232.29 0.040 
19 20 21 22 147.58 0.040 
19 20 22 23 90.32 0.040 
19 20 23 24 268.95 0.040 
19 20 24 25 593.08 0.040 
19 20 25 26 684.01 0.040 
19 20 26 27 1093.04 0.040 
19 20 27 28 1230.64 0.040 
19 20 28 29 1349.41 0.040 
19 20 29 30 1576.13 0.040 
19 20 30 31 927.85 0.040 
19 20 31 32 975.08 0.040 
19 20 32 33 755.47 0.040 
19 20 33 34 889.07 0.040 
19 20 34 35 732.10 0.040 
19 20 35 36 861.56 0.040 
19 20 36 37 429.00 0.040 
19 20 37 38 653.25 0.040 
19 20 38 39 584.16 0.040 
19 20 39 40 663.43 0.040 
19 20 40 41 1079.80 0.040 
19 20 41 42 1719.77 0.040 
19 20 42 43 1747.25 0.040 
19 20 43 44 1706.78 0.040 
19 20 44 45 1684.05 0.040 
19 20 45 46 1065.52 0.040 
19 20 46 47 618.86 0.040 
19 20 47 48 641.15 0.040 
20 21 22 23 39.56 0.040 
20 21 23 24 122.82 0.040 
20 21 24 25 302.93 0.040 
20 21 25 26 381.88 0.040 
20 21 26 27 651.52 0.040 
20 21 27 28 763.04 0.040 
20 21 28 29 869.09 0.040 
20 21 29 30 1041.32 0.040 
20 21 30 31 628.74 0.040 
20 21 31 32 656.97 0.040 
20 21 32 33 539.53 0.040 
20 21 33 34 619.62 0.040 
20 21 34 35 534.57 0.040 
20 21 35 36 594.59 0.040 
20 21 36 37 326.59 0.040 
20 21 37 38 461.13 0.040 
20 21 38 39 437.29 0.040 
20 21 39 40 450.21 0.040 
20 21 40 41 786.40 0.040 
20 21 41 42 1127.57 0.040 
20 21 42 43 1220.09 0.040 
20 21 43 44 1366.08 0.040 
20 21 44 45 1292.05 0.040 
20 21 45 46 766.90 0.040 
20 21 46 47 492.47 0.040 
20 21 47 48 413.72 0.040 
21 22 23 24 65.39 0.040 
21 22 24 25 111.10 0.040 
21 22 25 26 155.46 0.040 
21 22 26 27 292.47 0.040 
21 22 27 28 369.14 0.040 
21 22 28 29 431.59 0.040 
21 22 29 30 546.11 0.040 
21 22 30 31 331.73 0.040 
21 22 31 32 381.57 0.040 
21 22 32 33 253.27 0.040 
21 22 33 34 341.40 0.040 
21 22 34 35 230.50 0.040 
21 22 35 36 335.73 0.040 
21 22 36 37 128.05 0.040 
21 22 37 38 261.67 0.040 
21 22 38 39 195.21 0.040 
21 22 39 40 252.08 0.040 
21 22 40 41 367.78 0.040 
21 22 41 42 803.39 0.040 
21 22 42 43 497.28 0.040 
21 22 43 44 682.68 0.040 
21 22 44 45 611.57 0.040 
21 22 45 46 455.90 0.040 
21 22 46 47 135.64 0.040 
21 22 47 48 305.32 0.040 
22 23 24 25 38.07 0.040 
22 23 25 26 53.41 0.040 
22 23 26 27 114.28 0.040 
22 23 27 28 149.56 0.040 
22 23 28 29 188.35 0.040 
22 23 29 30 240.25 0.040 
22 23 30 31 155.64 0.040 
22 23 31 32 164.73 0.040 
22 23 32 33 138.80 0.040 
22 23 33 34 146.35 0.040 
22 23 34 35 132.94 0.040 
22 23 35 36 143.98 0.040 
22 23 36 37 79.39 0.040 
22 23 37 38 111.60 0.040 
22 23 38 39 113.20 0.040 
22 23 39 40 112.15 0.040 
22 23 40 41 200.14 0.040 
22 23 41 42 282.33 0.040 
22 23 42 43 389.31 0.040 
22 23 43 44 273.92 0.040 
22 23 44 45 342.42 0.040 
22 23 45 46 191.24 0.040 
22 23 46 47 128.33 0.040 
22 23 47 48 93.88 0.040 
23 24 25 26 60.37 0.040 
23 24 26 27 164.53 0.040 
23 24 27 28 245.85 0.040 
23 24 28 29 338.30 0.040 
23 24 29 30 459.88 0.040 
23 24 30 31 312.73 0.040 
23 24 31 32 333.55 0.040 
23 24 32 33 292.78 0.040 
23 24 33 34 295.63 0.040 
23 24 34 35 276.91 0.040 
23 24 35 36 294.33 0.040 
23 24 36 37 169.02 0.040 
23 24 37 38 223.74 0.040 
23 24 38 39 240.64 0.040 
23 24 39 40 233.23 0.040 
23 24 40 41 415.97 0.040 
23 24 41 42 543.66 0.040 
23 24 42 43 818.58 0.040 
23 24 43 44 631.35 0.040 
23 24 44 45 731.16 0.040 
23 24 45 46 402.99 0.040 
23 24 46 47 268.69 0.040 
23 24 47 48 174.22 0.040 
24 25 26 27 127.96 0.040 
24 25 27 28 224.43 0.040 
24 25 28 29 362.88 0.040 
24 25 29 30 540.60 0.040 
24 25 30 31 392.83 0.040 
24 25 31 32 446.24 0.040 
24 25 32 33 392.44 0.040 
24 25 33 34 419.92 0.040 
24 25 34 35 387.39 0.040 
24 25 35 36 414.80 0.040 
24 25 36 37 243.90 0.040 
24 25 37 38 332.11 0.040 
24 25 38 39 353.05 0.040 
24 25 39 40 348.77 0.040 
24 25 40 41 633.54 0.040 
24 25 41 42 881.03 0.040 
24 25 42 43 1253.12 0.040 
24 25 43 44 852.16 0.040 
24 25 44 45 1076.44 0.040 
24 25 45 46 596.87 0.040 
24 25 46 47 433.51 0.040 
24 25 47 48 297.30 0.040 
25 26 27 28 94.14 0.040 
25 26 28 29 179.34 0.040 
25 26 29 30 303.37 0.040 
25 26 30 31 243.12 0.040 
25 26 31 32 296.21 0.040 
25 26 32 33 270.57 0.040 
25 26 33 34 304.87 0.040 
25 26 34 35 278.91 0.040 
25 26 35 36 308.71 0.040 
25 26 36 37 180.83 0.040 
25 26 37 38 261.10 0.040 
25 26 38 39 255.11 0.040 
25 26 39 40 275.29 0.040 
25 26 40 41 493.31 0.040 
25 26 41 42 707.31 0.040 
25 26 42 43 877.92 0.040 
25 26 43 44 799.70 0.040 
25 26 44 45 828.90 0.040 
25 26 45 46 498.37 0.040 
25 26 46 47 327.72 0.040 
25 26 47 48 263.45 0.040 
26 27 28 29 158.93 0.040 
26 27 29 30 257.79 0.040 
26 27 30 31 231.19 0.040 
26 27 31 32 302.53 0.040 
26 27 32 33 301.25 0.040 
26 27 33 34 355.05 0.040 
26 27 34 35 324.94 0.040 
26 27 35 36 355.49 0.040 
26 27 36 37 220.73 0.040 
26 27 37 38 309.06 0.040 
26 27 38 39 307.60 0.040 
26 27 39 40 346.00 0.040 
26 27 40 41 613.27 0.040 
26 27 41 42 824.78 0.040 
26 27 42 43 880.58 0.040 
26 27 43 44 1321.03 0.040 
26 27 44 45 987.57 0.040 
26 27 45 46 642.41 0.040 
26 27 46 47 395.96 0.040 
26 27 47 48 382.13 0.040 
27 28 29 30 179.80 0.040 
27 28 30 31 170.62 0.040 
27 28 31 32 257.22 0.040 
27 28 32 33 265.21 0.040 
27 28 33 34 339.64 0.040 
27 28 34 35 312.75 0.040 
27 28 35 36 332.34 0.040 
27 28 36 37 220.36 0.040 
27 28 37 38 322.74 0.040 
27 28 38 39 302.94 0.040 
27 28 39 40 349.88 0.040 
27 28 40 41 648.14 0.040 
27 28 41 42 988.60 0.040 
27 28 42 43 1057.90 0.040 
27 28 43 44 1016.47 0.040 
27 28 44 45 979.49 0.040 
27 28 45 46 623.56 0.040 
27 28 46 47 435.24 0.040 
27 28 47 48 362.49 0.040 
28 29 30 31 112.54 0.040 
28 29 31 32 202.65 0.040 
28 29 32 33 235.71 0.040 
28 29 33 34 290.66 0.040 
28 29 34 35 283.37 0.040 
28 29 35 36 310.81 0.040 
28 29 36 37 203.20 0.040 
28 29 37 38 295.94 0.040 
28 29 38 39 299.67 0.040 
28 29 39 40 334.72 0.040 
28 29 40 41 625.78 0.040 
28 29 41 42 889.41 0.040 
28 29 42 43 1062.37 0.040 
28 29 43 44 1096.22 0.040 
28 29 44 45 1019.24 0.040 
28 29 45 46 627.30 0.040 
28 29 46 47 460.68 0.040 
28 29 47 48 349.71 0.040 
29 30 31 32 130.75 0.040 
29 30 32 33 173.49 0.040 
29 30 33 34 236.31 0.040 
29 30 34 35 242.00 0.040 
29 30 35 36 274.42 0.040 
29 30 36 37 186.66 0.040 
29 30 37 38 282.08 0.040 
29 30 38 39 290.93 0.040 
29 30 39 40 334.95 0.040 
29 30 40 41 635.28 0.040 
29 30 41 42 944.35 0.040 
29 30 42 43 1102.26 0.040 
29 30 43 44 1092.92 0.040 
29 30 44 45 1046.34 0.040 
29 30 45 46 650.68 0.040 
29 30 46 47 479.70 0.040 
29 30 47 48 377.31 0.040 
30 31 32 33 66.65 0.040 
30 31 33 34 93.76 0.040 
30 31 34 35 103.44 0.040 
30 31 35 36 116.58 0.040 
30 31 36 37 89.30 0.040 
30 31 37 38 137.96 0.040 
30 31 38 39 148.33 0.040 
30 31 39 40 174.28 0.040 
30 31 40 41 346.74 0.040 
30 31 41 42 509.97 0.040 
30 31 42 43 634.22 0.040 
30 31 43 44 589.42 0.040 
30 31 44 45 588.28 0.040 
30 31 45 46 357.38 0.040 
30 31 46 47 283.29 0.040 
30 31 47 48 197.20 0.040 
31 32 33 34 156.98 0.040 
31 32 34 35 148.85 0.040 
31 32 35 36 156.11 0.040 
31 32 36 37 103.23 0.040 
31 32 37 38 153.70 0.040 
31 32 38 39 180.56 0.040 
31 32 39 40 204.84 0.040 
31 32 40 41 410.33 0.040 
31 32 41 42 498.41 0.040 
31 32 42 43 758.01 0.040 
31 32 43 44 937.73 0.040 
31 32 44 45 768.60 0.040 
31 32 45 46 461.36 0.040 
31 32 46 47 346.28 0.040 
31 32 47 48 251.29 0.040 
32 33 34 35 194.89 0.040 
32 33 35 36 165.54 0.040 
32 33 36 37 93.54 0.040 
32 33 37 38 157.91 0.040 
32 33 38 39 198.43 0.040 
32 33 39 40 220.40 0.040 
32 33 40 41 452.58 0.040 
32 33 41 42 718.92 0.040 
32 33 42 43 1034.76 0.040 
32 33 43 44 671.47 0.040 
32 33 44 45 922.58 0.040 
32 33 45 46 501.53 0.040 
32 33 46 47 428.84 0.040 
32 33 47 48 226.23 0.040 
33 34 35 36 246.67 0.040 
33 34 36 37 110.08 0.040 
33 34 37 38 189.80 0.040 
33 34 38 39 259.67 0.040 
33 34 39 40 303.47 0.040 
33 34 40 41 614.87 0.040 
33 34 41 42 989.62 0.040 
33 34 42 43 1310.51 0.040 
33 34 43 44 1352.09 0.040 
33 34 44 45 1367.64 0.040 
33 34 45 46 849.90 0.040 
33 34 46 47 595.36 0.040 
33 34 47 48 471.70 0.040 
34 35 36 37 83.34 0.040 
34 35 37 38 123.66 0.040 
34 35 38 39 193.25 0.040 
34 35 39 40 240.47 0.040 
34 35 40 41 518.54 0.040 
34 35 41 42 879.45 0.040 
34 35 42 43 1228.66 0.040 
34 35 43 44 1200.79 0.040 
34 35 44 45 1303.93 0.040 
34 35 45 46 814.63 0.040 
34 35 46 47 609.45 0.040 
34 35 47 48 441.67 0.040 
35 36 37 38 94.57 0.040 
35 36 38 39 140.53 0.040 
35 36 39 40 195.86 0.040 
35 36 40 41 467.17 0.040 
35 36 41 42 838.55 0.040 
35 36 42 43 1170.96 0.040 
35 36 43 44 1313.05 0.040 
35 36 44 45 1342.29 0.040 
35 36 45 46 879.62 0.040 
35 36 46 47 675.11 0.040 
35 36 47 48 525.77 0.040 
36 37 38 39 43.14 0.040 
36 37 39 40 60.85 0.040 
36 37 40 41 156.54 0.040 
36 37 41 42 311.51 0.040 
36 37 42 43 478.45 0.040 
36 37 43 44 526.29 0.040 
36 37 44 45 590.52 0.040 
36 37 45 46 390.33 0.040 
36 37 46 47 296.89 0.040 
36 37 47 48 229.54 0.040 
37 38 39 40 36.52 0.040 
37 38 40 41 131.02 0.040 
37 38 41 42 295.01 0.040 
37 38 42 43 466.21 0.040 
37 38 43 44 608.98 0.040 
37 38 44 45 651.28 0.040 
37 38 45 46 457.04 0.040 
37 38 46 47 379.17 0.040 
37 38 47 48 303.44 0.040 
38 39 40 41 58.51 0.040 
38 39 41 42 159.96 0.040 
38 39 42 43 278.38 0.040 
38 39 43 44 408.93 0.040 
38 39 44 45 449.65 0.040 
38 39 45 46 334.50 0.040 
38 39 46 47 293.23 0.040 
38 39 47 48 241.05 0.040 
39 40 41 42 91.24 0.040 
39 40 42 43 191.43 0.040 
39 40 43 44 284.69 0.040 
39 40 44 45 361.66 0.040 
39 40 45 46 273.67 0.040 
39 40 46 47 232.22 0.040 
39 40 47 48 195.23 0.040 
40 41 42 43 164.28 0.040 
40 41 43 44 257.89 0.040 
40 41 44 45 396.45 0.040 
40 41 45 46 321.92 0.040 
40 41 46 47 273.43 0.040 
40 41 47 48 240.45 0.040 
41 42 43 44 253.71 0.040 
41 42 44 45 357.27 0.040 
41 42 45 46 321.06 0.040 
41 42 46 47 300.86 0.040 
41 42 47 48 263.93 0.040 
42 43 44 45 278.91 0.040 
42 43 45 46 267.18 0.040 
42 43 46 47 300.58 0.040 
42 43 47 48 289.55 0.040 
43 44 45 46 187.50 0.040 
43 44 46 47 154.34 0.040 
43 44 47 48 158.37 0.040 
44 45 46 47 126.74 0.040 
44 45 47 48 154.12 0.040 
45 46 47 48 70.99 0.040 
