48 	 # Number of sensors 
# x z 
0.00 -6.24 
5.00 -6.38 
9.90 -5.54 
14.90 -6.04 
19.90 -5.79 
24.80 -4.75 
29.80 -4.38 
34.80 -4.05 
39.70 -4.45 
44.70 -4.64 
49.60 -3.61 
54.60 -3.65 
59.40 -2.28 
64.40 -1.94 
69.10 -3.67 
74.10 -3.05 
79.00 -2.43 
84.00 -3.00 
89.00 -2.61 
93.90 -1.94 
98.90 -2.19 
103.90 -2.44 
108.90 -2.64 
115.20 -1.23 
118.60 -0.91 
123.60 -0.44 
128.60 -0.11 
133.60 -0.26 
138.40 -1.09 
143.40 -1.29 
148.40 -1.43 
153.40 -1.82 
158.40 -1.83 
163.30 -2.56 
168.00 -0.89 
173.00 -1.31 
177.90 -2.27 
182.90 -2.09 
187.90 -2.15 
192.90 -1.92 
197.90 -1.70 
202.90 -2.28 
207.90 -2.02 
212.80 -2.76 
217.80 -2.27 
222.70 -1.75 
227.70 -2.17 
232.70 -1.66 
944 	 # Number of measurements 
# a b m n rhoa err
2 1 3 4 106.77 0.040 
2 1 4 5 89.15 0.040 
2 1 5 6 234.05 0.040 
2 1 6 7 275.79 0.040 
2 1 7 8 203.04 0.040 
2 1 8 9 253.09 0.040 
2 1 9 10 278.08 0.040 
2 1 10 11 190.51 0.040 
2 1 11 12 407.95 0.040 
2 1 12 13 509.85 0.040 
2 1 13 14 187.58 0.040 
2 1 14 15 333.52 0.040 
2 1 15 16 382.87 0.040 
2 1 16 17 280.37 0.040 
2 1 17 18 177.06 0.040 
2 1 18 19 275.86 0.040 
2 1 19 20 491.22 0.040 
2 1 20 21 554.66 0.040 
2 1 21 22 289.00 0.040 
2 1 22 23 291.23 0.040 
2 1 23 24 259.08 0.040 
2 1 24 25 275.53 0.040 
2 1 25 26 292.34 0.040 
2 1 26 27 526.29 0.040 
2 1 27 28 486.69 0.040 
2 1 28 29 412.40 0.040 
2 1 29 30 408.01 0.040 
2 1 30 31 319.43 0.040 
2 1 31 32 390.67 0.040 
2 1 32 33 334.40 0.040 
2 1 33 34 314.67 0.040 
2 1 34 35 412.38 0.040 
3 2 4 5 101.60 0.040 
3 2 5 6 327.49 0.040 
3 2 6 7 445.16 0.040 
3 2 7 8 354.21 0.040 
3 2 8 9 465.93 0.040 
3 2 9 10 516.54 0.040 
3 2 10 11 362.28 0.040 
3 2 11 12 751.97 0.040 
3 2 12 13 937.00 0.040 
3 2 13 14 347.36 0.040 
3 2 14 15 628.94 0.040 
3 2 15 16 702.80 0.040 
3 2 16 17 517.46 0.040 
3 2 17 18 326.52 0.040 
3 2 18 19 507.91 0.040 
3 2 19 20 867.96 0.040 
3 2 20 21 1037.17 0.040 
3 2 21 22 544.77 0.040 
3 2 22 23 524.88 0.040 
3 2 23 24 450.39 0.040 
3 2 24 25 501.29 0.040 
3 2 25 26 537.52 0.040 
3 2 26 27 962.32 0.040 
3 2 27 28 909.93 0.040 
3 2 28 29 752.55 0.040 
3 2 29 30 737.33 0.040 
3 2 30 31 562.81 0.040 
3 2 31 32 668.93 0.040 
3 2 32 33 553.98 0.040 
3 2 33 34 558.07 0.040 
3 2 34 35 701.64 0.040 
3 2 35 36 705.21 0.040 
4 3 5 6 138.56 0.040 
4 3 6 7 268.99 0.040 
4 3 7 8 249.75 0.040 
4 3 8 9 358.92 0.040 
4 3 9 10 426.06 0.040 
4 3 10 11 313.97 0.040 
4 3 11 12 664.65 0.040 
4 3 12 13 844.15 0.040 
4 3 13 14 319.34 0.040 
4 3 14 15 594.45 0.040 
4 3 15 16 661.39 0.040 
4 3 16 17 489.87 0.040 
4 3 17 18 316.21 0.040 
4 3 18 19 496.23 0.040 
4 3 19 20 819.12 0.040 
4 3 20 21 1018.80 0.040 
4 3 21 22 549.47 0.040 
4 3 22 23 503.92 0.040 
4 3 23 24 426.40 0.040 
4 3 24 25 497.31 0.040 
4 3 25 26 533.44 0.040 
4 3 26 27 985.84 0.040 
4 3 27 28 921.57 0.040 
4 3 28 29 773.23 0.040 
4 3 29 30 746.96 0.040 
4 3 30 31 553.68 0.040 
4 3 31 32 656.98 0.040 
4 3 32 33 515.58 0.040 
4 3 33 34 531.43 0.040 
4 3 34 35 700.79 0.040 
4 3 35 36 692.49 0.040 
4 3 36 37 601.79 0.040 
5 4 6 7 135.92 0.040 
5 4 7 8 146.51 0.040 
5 4 8 9 211.88 0.040 
5 4 9 10 289.26 0.040 
5 4 10 11 216.80 0.040 
5 4 11 12 439.50 0.040 
5 4 12 13 565.68 0.040 
5 4 13 14 216.56 0.040 
5 4 14 15 386.99 0.040 
5 4 15 16 455.18 0.040 
5 4 16 17 335.98 0.040 
5 4 17 18 215.75 0.040 
5 4 18 19 343.12 0.040 
5 4 19 20 597.23 0.040 
5 4 20 21 687.70 0.040 
5 4 21 22 359.35 0.040 
5 4 22 23 360.50 0.040 
5 4 23 24 315.27 0.040 
5 4 24 25 348.15 0.040 
5 4 25 26 370.72 0.040 
5 4 26 27 659.62 0.040 
5 4 27 28 622.33 0.040 
5 4 28 29 529.04 0.040 
5 4 29 30 510.86 0.040 
5 4 30 31 397.26 0.040 
5 4 31 32 479.00 0.040 
5 4 32 33 392.96 0.040 
5 4 33 34 389.87 0.040 
5 4 34 35 501.91 0.040 
5 4 35 36 496.89 0.040 
5 4 36 37 444.12 0.040 
5 4 37 38 474.27 0.040 
6 5 7 8 145.31 0.040 
6 5 8 9 273.07 0.040 
6 5 9 10 417.34 0.040 
6 5 10 11 338.28 0.040 
6 5 11 12 688.85 0.040 
6 5 12 13 908.60 0.040 
6 5 13 14 359.95 0.040 
6 5 14 15 653.43 0.040 
6 5 15 16 778.06 0.040 
6 5 16 17 584.81 0.040 
6 5 17 18 376.09 0.040 
6 5 18 19 604.73 0.040 
6 5 19 20 1052.80 0.040 
6 5 20 21 1227.03 0.040 
6 5 21 22 653.77 0.040 
6 5 22 23 647.39 0.040 
6 5 23 24 568.14 0.040 
6 5 24 25 634.01 0.040 
6 5 25 26 678.89 0.040 
6 5 26 27 1218.87 0.040 
6 5 27 28 1149.70 0.040 
6 5 28 29 975.89 0.040 
6 5 29 30 952.48 0.040 
6 5 30 31 735.99 0.040 
6 5 31 32 883.23 0.040 
6 5 32 33 727.92 0.040 
6 5 33 34 720.40 0.040 
6 5 34 35 944.66 0.040 
6 5 35 36 928.07 0.040 
6 5 36 37 811.80 0.040 
6 5 37 38 886.20 0.040 
6 5 38 39 780.02 0.040 
7 6 8 9 113.26 0.040 
7 6 9 10 232.20 0.040 
7 6 10 11 216.89 0.040 
7 6 11 12 458.51 0.040 
7 6 12 13 631.02 0.040 
7 6 13 14 262.02 0.040 
7 6 14 15 488.53 0.040 
7 6 15 16 589.99 0.040 
7 6 16 17 452.26 0.040 
7 6 17 18 294.72 0.040 
7 6 18 19 478.95 0.040 
7 6 19 20 826.73 0.040 
7 6 20 21 988.30 0.040 
7 6 21 22 531.66 0.040 
7 6 22 23 520.35 0.040 
7 6 23 24 453.36 0.040 
7 6 24 25 519.55 0.040 
7 6 25 26 558.68 0.040 
7 6 26 27 1020.66 0.040 
7 6 27 28 961.36 0.040 
7 6 28 29 812.41 0.040 
7 6 29 30 798.64 0.040 
7 6 30 31 608.13 0.040 
7 6 31 32 731.61 0.040 
7 6 32 33 585.91 0.040 
7 6 33 34 589.70 0.040 
7 6 34 35 778.20 0.040 
7 6 35 36 760.69 0.040 
7 6 36 37 665.03 0.040 
7 6 37 38 712.48 0.040 
7 6 38 39 626.84 0.040 
7 6 39 40 598.13 0.040 
8 7 9 10 78.05 0.040 
8 7 10 11 88.49 0.040 
8 7 11 12 195.70 0.040 
8 7 12 13 288.70 0.040 
8 7 13 14 126.25 0.040 
8 7 14 15 232.04 0.040 
8 7 15 16 297.82 0.040 
8 7 16 17 231.03 0.040 
8 7 17 18 152.80 0.040 
8 7 18 19 254.52 0.040 
8 7 19 20 455.27 0.040 
8 7 20 21 522.14 0.040 
8 7 21 22 276.50 0.040 
8 7 22 23 286.18 0.040 
8 7 23 24 255.36 0.040 
8 7 24 25 284.25 0.040 
8 7 25 26 306.32 0.040 
8 7 26 27 552.94 0.040 
8 7 27 28 521.33 0.040 
8 7 28 29 446.14 0.040 
8 7 29 30 441.12 0.040 
8 7 30 31 343.41 0.040 
8 7 31 32 415.42 0.040 
8 7 32 33 348.83 0.040 
8 7 33 34 333.12 0.040 
8 7 34 35 439.32 0.040 
8 7 35 36 434.46 0.040 
8 7 36 37 383.37 0.040 
8 7 37 38 416.80 0.040 
8 7 38 39 370.73 0.040 
8 7 39 40 364.89 0.040 
8 7 40 41 316.08 0.040 
9 8 10 11 80.33 0.040 
9 8 11 12 175.73 0.040 
9 8 12 13 271.09 0.040 
9 8 13 14 126.75 0.040 
9 8 14 15 230.65 0.040 
9 8 15 16 302.81 0.040 
9 8 16 17 242.02 0.040 
9 8 17 18 160.15 0.040 
9 8 18 19 266.79 0.040 
9 8 19 20 482.77 0.040 
9 8 20 21 555.31 0.040 
9 8 21 22 296.89 0.040 
9 8 22 23 309.01 0.040 
9 8 23 24 278.71 0.040 
9 8 24 25 309.07 0.040 
9 8 25 26 335.65 0.040 
9 8 26 27 601.12 0.040 
9 8 27 28 572.47 0.040 
9 8 28 29 486.80 0.040 
9 8 29 30 483.49 0.040 
9 8 30 31 377.07 0.040 
9 8 31 32 457.13 0.040 
9 8 32 33 381.49 0.040 
9 8 33 34 368.82 0.040 
9 8 34 35 484.94 0.040 
9 8 35 36 477.60 0.040 
9 8 36 37 415.89 0.040 
9 8 37 38 466.06 0.040 
9 8 38 39 421.71 0.040 
9 8 39 40 412.55 0.040 
9 8 40 41 370.23 0.040 
9 8 41 42 390.06 0.040 
10 9 11 12 115.43 0.040 
10 9 12 13 201.40 0.040 
10 9 13 14 106.61 0.040 
10 9 14 15 204.88 0.040 
10 9 15 16 269.76 0.040 
10 9 16 17 229.35 0.040 
10 9 17 18 152.07 0.040 
10 9 18 19 249.71 0.040 
10 9 19 20 442.78 0.040 
10 9 20 21 557.04 0.040 
10 9 21 22 312.47 0.040 
10 9 22 23 307.53 0.040 
10 9 23 24 272.35 0.040 
10 9 24 25 321.36 0.040 
10 9 25 26 348.85 0.040 
10 9 26 27 638.16 0.040 
10 9 27 28 615.34 0.040 
10 9 28 29 526.13 0.040 
10 9 29 30 517.47 0.040 
10 9 30 31 389.53 0.040 
10 9 31 32 459.12 0.040 
10 9 32 33 369.77 0.040 
10 9 33 34 385.91 0.040 
10 9 34 35 496.86 0.040 
10 9 35 36 496.73 0.040 
10 9 36 37 441.48 0.040 
10 9 37 38 472.94 0.040 
10 9 38 39 413.39 0.040 
10 9 39 40 400.40 0.040 
10 9 40 41 304.98 0.040 
10 9 41 42 323.86 0.040 
10 9 42 43 355.10 0.040 
11 10 12 13 112.61 0.040 
11 10 13 14 69.91 0.040 
11 10 14 15 125.60 0.040 
11 10 15 16 179.49 0.040 
11 10 16 17 155.70 0.040 
11 10 17 18 104.47 0.040 
11 10 18 19 177.62 0.040 
11 10 19 20 321.73 0.040 
11 10 20 21 386.19 0.040 
11 10 21 22 212.18 0.040 
11 10 22 23 217.09 0.040 
11 10 23 24 195.81 0.040 
11 10 24 25 225.94 0.040 
11 10 25 26 245.09 0.040 
11 10 26 27 452.48 0.040 
11 10 27 28 429.27 0.040 
11 10 28 29 368.36 0.040 
11 10 29 30 364.49 0.040 
11 10 30 31 277.07 0.040 
11 10 31 32 331.00 0.040 
11 10 32 33 269.46 0.040 
11 10 33 34 263.85 0.040 
11 10 34 35 349.68 0.040 
11 10 35 36 343.05 0.040 
11 10 36 37 302.78 0.040 
11 10 37 38 319.87 0.040 
11 10 38 39 282.54 0.040 
11 10 39 40 270.84 0.040 
11 10 40 41 217.39 0.040 
11 10 41 42 231.53 0.040 
11 10 42 43 245.53 0.040 
11 10 43 44 249.26 0.040 
12 11 13 14 224.29 0.040 
12 11 14 15 393.46 0.040 
12 11 15 16 611.71 0.040 
12 11 16 17 550.46 0.040 
12 11 17 18 366.35 0.040 
12 11 18 19 627.00 0.040 
12 11 19 20 1159.63 0.040 
12 11 20 21 1366.62 0.040 
12 11 21 22 747.60 0.040 
12 11 22 23 782.05 0.040 
12 11 23 24 715.44 0.040 
12 11 24 25 814.17 0.040 
12 11 25 26 886.66 0.040 
12 11 26 27 1597.30 0.040 
12 11 27 28 1529.86 0.040 
12 11 28 29 1308.09 0.040 
12 11 29 30 1299.49 0.040 
12 11 30 31 992.60 0.040 
12 11 31 32 1183.16 0.040 
12 11 32 33 978.34 0.040 
12 11 33 34 956.88 0.040 
12 11 34 35 1234.65 0.040 
12 11 35 36 1227.60 0.040 
12 11 36 37 1084.87 0.040 
12 11 37 38 1182.53 0.040 
12 11 38 39 1052.88 0.040 
12 11 39 40 1035.22 0.040 
12 11 40 41 902.86 0.040 
12 11 41 42 937.13 0.040 
12 11 42 43 1039.02 0.040 
12 11 43 44 1048.67 0.040 
12 11 44 45 944.14 0.040 
13 12 14 15 238.63 0.040 
13 12 15 16 466.47 0.040 
13 12 16 17 477.11 0.040 
13 12 17 18 336.16 0.040 
13 12 18 19 603.18 0.040 
13 12 19 20 1153.15 0.040 
13 12 20 21 1388.20 0.040 
13 12 21 22 772.30 0.040 
13 12 22 23 820.40 0.040 
13 12 23 24 759.16 0.040 
13 12 24 25 878.74 0.040 
13 12 25 26 965.23 0.040 
13 12 26 27 1768.80 0.040 
13 12 27 28 1696.01 0.040 
13 12 28 29 1456.55 0.040 
13 12 29 30 1453.47 0.040 
13 12 30 31 1108.70 0.040 
13 12 31 32 1318.23 0.040 
13 12 32 33 1085.95 0.040 
13 12 33 34 1056.04 0.040 
13 12 34 35 1374.66 0.040 
13 12 35 36 1362.11 0.040 
13 12 36 37 1193.71 0.040 
13 12 37 38 1291.88 0.040 
13 12 38 39 1139.82 0.040 
13 12 39 40 1114.49 0.040 
13 12 40 41 932.08 0.040 
13 12 41 42 990.77 0.040 
13 12 42 43 1065.73 0.040 
13 12 43 44 1066.85 0.040 
13 12 44 45 949.10 0.040 
13 12 45 46 1327.38 0.040 
14 13 15 16 90.00 0.040 
14 13 16 17 116.70 0.040 
14 13 17 18 87.30 0.040 
14 13 18 19 162.19 0.040 
14 13 19 20 321.61 0.040 
14 13 20 21 387.50 0.040 
14 13 21 22 216.49 0.040 
14 13 22 23 235.91 0.040 
14 13 23 24 222.24 0.040 
14 13 24 25 258.80 0.040 
14 13 25 26 286.24 0.040 
14 13 26 27 532.94 0.040 
14 13 27 28 511.02 0.040 
14 13 28 29 441.37 0.040 
14 13 29 30 444.37 0.040 
14 13 30 31 339.71 0.040 
14 13 31 32 404.28 0.040 
14 13 32 33 331.35 0.040 
14 13 33 34 318.98 0.040 
14 13 34 35 419.84 0.040 
14 13 35 36 412.21 0.040 
14 13 36 37 362.29 0.040 
14 13 37 38 391.03 0.040 
14 13 38 39 341.11 0.040 
14 13 39 40 334.25 0.040 
14 13 40 41 273.37 0.040 
14 13 41 42 304.84 0.040 
14 13 42 43 314.44 0.040 
14 13 43 44 303.45 0.040 
14 13 44 45 272.44 0.040 
14 13 45 46 404.02 0.040 
14 13 46 47 490.23 0.040 
15 14 16 17 195.34 0.040 
15 14 17 18 164.42 0.040 
15 14 18 19 315.89 0.040 
15 14 19 20 640.98 0.040 
15 14 20 21 786.96 0.040 
15 14 21 22 449.61 0.040 
15 14 22 23 475.81 0.040 
15 14 23 24 484.94 0.040 
15 14 24 25 559.55 0.040 
15 14 25 26 612.94 0.040 
15 14 26 27 1125.94 0.040 
15 14 27 28 1096.66 0.040 
15 14 28 29 948.27 0.040 
15 14 29 30 957.31 0.040 
15 14 30 31 720.38 0.040 
15 14 31 32 851.35 0.040 
15 14 32 33 700.93 0.040 
15 14 33 34 689.89 0.040 
15 14 34 35 891.98 0.040 
15 14 35 36 887.40 0.040 
15 14 36 37 780.50 0.040 
15 14 37 38 846.33 0.040 
15 14 38 39 756.07 0.040 
15 14 39 40 744.39 0.040 
15 14 40 41 638.03 0.040 
15 14 41 42 668.17 0.040 
15 14 42 43 740.64 0.040 
15 14 43 44 751.21 0.040 
15 14 44 45 678.75 0.040 
15 14 45 46 893.68 0.040 
15 14 46 47 1097.51 0.040 
15 14 47 48 846.38 0.040 
16 15 17 18 88.90 0.040 
16 15 18 19 207.69 0.040 
16 15 19 20 476.55 0.040 
16 15 20 21 630.93 0.040 
16 15 21 22 381.06 0.040 
16 15 22 23 440.06 0.040 
16 15 23 24 404.96 0.040 
16 15 24 25 509.65 0.040 
16 15 25 26 577.60 0.040 
16 15 26 27 1083.02 0.040 
16 15 27 28 1065.94 0.040 
16 15 28 29 929.26 0.040 
16 15 29 30 943.84 0.040 
16 15 30 31 706.87 0.040 
16 15 31 32 828.42 0.040 
16 15 32 33 677.85 0.040 
16 15 33 34 673.76 0.040 
16 15 34 35 875.86 0.040 
16 15 35 36 871.84 0.040 
16 15 36 37 766.65 0.040 
16 15 37 38 824.11 0.040 
16 15 38 39 728.22 0.040 
16 15 39 40 701.30 0.040 
16 15 40 41 566.09 0.040 
16 15 41 42 607.91 0.040 
16 15 42 43 657.68 0.040 
16 15 43 44 651.32 0.040 
16 15 44 45 586.76 0.040 
16 15 45 46 844.95 0.040 
16 15 46 47 1022.48 0.040 
16 15 47 48 849.15 0.040 
17 16 18 19 88.73 0.040 
17 16 19 20 256.63 0.040 
17 16 20 21 354.84 0.040 
17 16 21 22 217.04 0.040 
17 16 22 23 265.32 0.040 
17 16 23 24 271.55 0.040 
17 16 24 25 330.01 0.040 
17 16 25 26 381.81 0.040 
17 16 26 27 724.92 0.040 
17 16 27 28 716.37 0.040 
17 16 28 29 629.63 0.040 
17 16 29 30 646.63 0.040 
17 16 30 31 488.22 0.040 
17 16 31 32 572.83 0.040 
17 16 32 33 469.68 0.040 
17 16 33 34 459.42 0.040 
17 16 34 35 599.14 0.040 
17 16 35 36 591.73 0.040 
17 16 36 37 518.16 0.040 
17 16 37 38 559.33 0.040 
17 16 38 39 492.90 0.040 
17 16 39 40 479.43 0.040 
17 16 40 41 387.01 0.040 
17 16 41 42 424.21 0.040 
17 16 42 43 447.57 0.040 
17 16 43 44 438.44 0.040 
17 16 44 45 400.63 0.040 
17 16 45 46 567.42 0.040 
17 16 46 47 700.28 0.040 
17 16 47 48 588.02 0.040 
18 17 19 20 131.89 0.040 
18 17 20 21 197.76 0.040 
18 17 21 22 127.44 0.040 
18 17 22 23 166.17 0.040 
18 17 23 24 176.67 0.040 
18 17 24 25 226.49 0.040 
18 17 25 26 263.16 0.040 
18 17 26 27 505.21 0.040 
18 17 27 28 506.01 0.040 
18 17 28 29 448.99 0.040 
18 17 29 30 466.33 0.040 
18 17 30 31 352.55 0.040 
18 17 31 32 413.67 0.040 
18 17 32 33 342.15 0.040 
18 17 33 34 333.63 0.040 
18 17 34 35 432.59 0.040 
18 17 35 36 429.70 0.040 
18 17 36 37 376.99 0.040 
18 17 37 38 408.97 0.040 
18 17 38 39 363.18 0.040 
18 17 39 40 355.49 0.040 
18 17 40 41 300.51 0.040 
18 17 41 42 319.16 0.040 
18 17 42 43 349.12 0.040 
18 17 43 44 353.44 0.040 
18 17 44 45 317.64 0.040 
18 17 45 46 430.57 0.040 
18 17 46 47 526.81 0.040 
18 17 47 48 415.65 0.040 
19 18 20 21 198.27 0.040 
19 18 21 22 145.09 0.040 
19 18 22 23 193.07 0.040 
19 18 23 24 212.33 0.040 
19 18 24 25 286.03 0.040 
19 18 25 26 345.75 0.040 
19 18 26 27 684.24 0.040 
19 18 27 28 704.66 0.040 
19 18 28 29 635.02 0.040 
19 18 29 30 670.34 0.040 
19 18 30 31 506.75 0.040 
19 18 31 32 594.50 0.040 
19 18 32 33 491.62 0.040 
19 18 33 34 491.07 0.040 
19 18 34 35 638.77 0.040 
19 18 35 36 638.73 0.040 
19 18 36 37 562.81 0.040 
19 18 37 38 607.50 0.040 
19 18 38 39 541.39 0.040 
19 18 39 40 526.65 0.040 
19 18 40 41 432.96 0.040 
19 18 41 42 463.95 0.040 
19 18 42 43 507.16 0.040 
19 18 43 44 508.50 0.040 
19 18 44 45 461.27 0.040 
19 18 45 46 629.61 0.040 
19 18 46 47 780.92 0.040 
19 18 47 48 622.08 0.040 
20 19 21 22 147.18 0.040 
20 19 22 23 229.76 0.040 
20 19 23 24 269.60 0.040 
20 19 24 25 376.37 0.040 
20 19 25 26 479.71 0.040 
20 19 26 27 981.79 0.040 
20 19 27 28 1040.14 0.040 
20 19 28 29 953.14 0.040 
20 19 29 30 1024.90 0.040 
20 19 30 31 775.19 0.040 
20 19 31 32 910.29 0.040 
20 19 32 33 752.93 0.040 
20 19 33 34 765.97 0.040 
20 19 34 35 999.20 0.040 
20 19 35 36 1006.41 0.040 
20 19 36 37 887.50 0.040 
20 19 37 38 955.55 0.040 
20 19 38 39 853.24 0.040 
20 19 39 40 829.56 0.040 
20 19 40 41 666.83 0.040 
20 19 41 42 716.11 0.040 
20 19 42 43 784.07 0.040 
20 19 43 44 786.52 0.040 
20 19 44 45 713.79 0.040 
20 19 45 46 992.13 0.040 
20 19 46 47 1229.49 0.040 
20 19 47 48 997.53 0.040 
21 20 22 23 141.73 0.040 
21 20 23 24 215.72 0.040 
21 20 24 25 326.66 0.040 
21 20 25 26 447.56 0.040 
21 20 26 27 959.68 0.040 
21 20 27 28 1044.75 0.040 
21 20 28 29 980.34 0.040 
21 20 29 30 1081.74 0.040 
21 20 30 31 830.14 0.040 
21 20 31 32 981.20 0.040 
21 20 32 33 825.12 0.040 
21 20 33 34 818.01 0.040 
21 20 34 35 1077.32 0.040 
21 20 35 36 1081.55 0.040 
21 20 36 37 955.92 0.040 
21 20 37 38 1039.52 0.040 
21 20 38 39 927.36 0.040 
21 20 39 40 912.18 0.040 
21 20 40 41 761.93 0.040 
21 20 41 42 822.19 0.040 
21 20 42 43 895.03 0.040 
21 20 43 44 895.07 0.040 
21 20 44 45 814.02 0.040 
21 20 45 46 1132.92 0.040 
21 20 46 47 1393.97 0.040 
21 20 47 48 1144.90 0.040 
22 21 23 24 64.02 0.040 
22 21 24 25 115.61 0.040 
22 21 25 26 176.76 0.040 
22 21 26 27 408.97 0.040 
22 21 27 28 469.01 0.040 
22 21 28 29 452.08 0.040 
22 21 29 30 513.71 0.040 
22 21 30 31 394.41 0.040 
22 21 31 32 465.69 0.040 
22 21 32 33 393.58 0.040 
22 21 33 34 397.11 0.040 
22 21 34 35 524.44 0.040 
22 21 35 36 530.36 0.040 
22 21 36 37 469.98 0.040 
22 21 37 38 511.93 0.040 
22 21 38 39 459.28 0.040 
22 21 39 40 451.61 0.040 
22 21 40 41 377.09 0.040 
22 21 41 42 405.42 0.040 
22 21 42 43 446.76 0.040 
22 21 43 44 451.66 0.040 
22 21 44 45 411.27 0.040 
22 21 45 46 564.05 0.040 
22 21 46 47 695.91 0.040 
22 21 47 48 561.55 0.040 
23 22 24 25 65.32 0.040 
23 22 25 26 124.90 0.040 
23 22 26 27 327.27 0.040 
23 22 27 28 406.55 0.040 
23 22 28 29 406.77 0.040 
23 22 29 30 479.37 0.040 
23 22 30 31 364.55 0.040 
23 22 31 32 424.98 0.040 
23 22 32 33 354.53 0.040 
23 22 33 34 377.13 0.040 
23 22 34 35 497.63 0.040 
23 22 35 36 508.86 0.040 
23 22 36 37 452.46 0.040 
23 22 37 38 484.24 0.040 
23 22 38 39 433.85 0.040 
23 22 39 40 417.96 0.040 
23 22 40 41 322.99 0.040 
23 22 41 42 345.92 0.040 
23 22 42 43 384.57 0.040 
23 22 43 44 386.27 0.040 
23 22 44 45 358.75 0.040 
23 22 45 46 500.21 0.040 
23 22 46 47 620.32 0.040 
23 22 47 48 515.30 0.040 
24 23 25 26 56.34 0.040 
24 23 26 27 188.82 0.040 
24 23 27 28 264.69 0.040 
24 23 28 29 284.72 0.040 
24 23 29 30 356.90 0.040 
24 23 30 31 277.90 0.040 
24 23 31 32 326.02 0.040 
24 23 32 33 276.74 0.040 
24 23 33 34 292.18 0.040 
24 23 34 35 387.98 0.040 
24 23 35 36 398.61 0.040 
24 23 36 37 355.81 0.040 
24 23 37 38 382.32 0.040 
24 23 38 39 345.56 0.040 
24 23 39 40 333.71 0.040 
24 23 40 41 259.83 0.040 
24 23 41 42 279.14 0.040 
24 23 42 43 310.26 0.040 
24 23 43 44 315.93 0.040 
24 23 44 45 291.49 0.040 
24 23 45 46 405.20 0.040 
24 23 46 47 506.64 0.040 
24 23 47 48 416.84 0.040 
25 24 26 27 119.04 0.040 
25 24 27 28 208.53 0.040 
25 24 28 29 250.27 0.040 
25 24 29 30 342.79 0.040 
25 24 30 31 278.31 0.040 
25 24 31 32 330.35 0.040 
25 24 32 33 290.61 0.040 
25 24 33 34 284.88 0.040 
25 24 34 35 384.71 0.040 
25 24 35 36 387.99 0.040 
25 24 36 37 345.71 0.040 
25 24 37 38 378.67 0.040 
25 24 38 39 342.94 0.040 
25 24 39 40 343.52 0.040 
25 24 40 41 287.17 0.040 
25 24 41 42 314.17 0.040 
25 24 42 43 347.01 0.040 
25 24 43 44 354.03 0.040 
25 24 44 45 322.27 0.040 
25 24 45 46 446.09 0.040 
25 24 46 47 555.58 0.040 
25 24 47 48 441.20 0.040 
26 25 27 28 135.37 0.040 
26 25 28 29 202.15 0.040 
26 25 29 30 324.34 0.040 
26 25 30 31 278.29 0.040 
26 25 31 32 334.46 0.040 
26 25 32 33 299.71 0.040 
26 25 33 34 288.68 0.040 
26 25 34 35 396.55 0.040 
26 25 35 36 406.55 0.040 
26 25 36 37 360.03 0.040 
26 25 37 38 396.88 0.040 
26 25 38 39 359.20 0.040 
26 25 39 40 357.78 0.040 
26 25 40 41 303.63 0.040 
26 25 41 42 330.33 0.040 
26 25 42 43 369.11 0.040 
26 25 43 44 375.61 0.040 
26 25 44 45 342.06 0.040 
26 25 45 46 444.69 0.040 
26 25 46 47 556.52 0.040 
26 25 47 48 257.00 0.040 
27 26 28 29 173.96 0.040 
27 26 29 30 396.83 0.040 
27 26 30 31 389.57 0.040 
27 26 31 32 495.88 0.040 
27 26 32 33 467.91 0.040 
27 26 33 34 464.75 0.040 
27 26 34 35 624.82 0.040 
27 26 35 36 658.72 0.040 
27 26 36 37 592.67 0.040 
27 26 37 38 653.03 0.040 
27 26 38 39 592.56 0.040 
27 26 39 40 595.16 0.040 
27 26 40 41 503.89 0.040 
27 26 41 42 555.11 0.040 
27 26 42 43 618.40 0.040 
27 26 43 44 636.32 0.040 
27 26 44 45 586.39 0.040 
27 26 45 46 835.87 0.040 
27 26 46 47 1027.91 0.040 
27 26 47 48 840.72 0.040 
28 27 29 30 196.58 0.040 
28 27 30 31 254.75 0.040 
28 27 31 32 357.54 0.040 
28 27 32 33 362.72 0.040 
28 27 33 34 371.31 0.040 
28 27 34 35 521.72 0.040 
28 27 35 36 538.33 0.040 
28 27 36 37 489.01 0.040 
28 27 37 38 555.56 0.040 
28 27 38 39 508.51 0.040 
28 27 39 40 510.49 0.040 
28 27 40 41 436.40 0.040 
28 27 41 42 484.07 0.040 
28 27 42 43 539.52 0.040 
28 27 43 44 557.64 0.040 
28 27 44 45 517.37 0.040 
28 27 45 46 724.63 0.040 
28 27 46 47 910.74 0.040 
28 27 47 48 855.32 0.040 
29 28 30 31 146.84 0.040 
29 28 31 32 231.30 0.040 
29 28 32 33 257.97 0.040 
29 28 33 34 272.54 0.040 
29 28 34 35 399.24 0.040 
29 28 35 36 422.03 0.040 
29 28 36 37 378.38 0.040 
29 28 37 38 422.17 0.040 
29 28 38 39 396.51 0.040 
29 28 39 40 410.96 0.040 
29 28 40 41 344.40 0.040 
29 28 41 42 379.89 0.040 
29 28 42 43 423.51 0.040 
29 28 43 44 438.04 0.040 
29 28 44 45 408.49 0.040 
29 28 45 46 574.32 0.040 
29 28 46 47 720.62 0.040 
29 28 47 48 620.02 0.040 
30 29 31 32 172.62 0.040 
30 29 32 33 200.65 0.040 
30 29 33 34 224.83 0.040 
30 29 34 35 343.46 0.040 
30 29 35 36 380.00 0.040 
30 29 36 37 353.19 0.040 
30 29 37 38 390.16 0.040 
30 29 38 39 349.51 0.040 
30 29 39 40 348.37 0.040 
30 29 40 41 294.15 0.040 
30 29 41 42 329.01 0.040 
30 29 42 43 372.89 0.040 
30 29 43 44 381.33 0.040 
30 29 44 45 354.67 0.040 
30 29 45 46 502.86 0.040 
30 29 46 47 631.34 0.040 
30 29 47 48 526.53 0.040 
31 30 32 33 162.50 0.040 
31 30 33 34 198.14 0.040 
31 30 34 35 321.61 0.040 
31 30 35 36 366.13 0.040 
31 30 36 37 340.87 0.040 
31 30 37 38 376.61 0.040 
31 30 38 39 345.69 0.040 
31 30 39 40 330.98 0.040 
31 30 40 41 232.62 0.040 
31 30 41 42 247.55 0.040 
31 30 42 43 305.44 0.040 
31 30 43 44 319.55 0.040 
31 30 44 45 294.03 0.040 
31 30 45 46 415.21 0.040 
31 30 46 47 524.28 0.040 
31 30 47 48 437.92 0.040 
32 31 33 34 172.57 0.040 
32 31 34 35 342.46 0.040 
32 31 35 36 429.59 0.040 
32 31 36 37 419.75 0.040 
32 31 37 38 474.09 0.040 
32 31 38 39 441.21 0.040 
32 31 39 40 428.05 0.040 
32 31 40 41 299.90 0.040 
32 31 41 42 317.63 0.040 
32 31 42 43 343.42 0.040 
32 31 43 44 356.22 0.040 
32 31 44 45 340.26 0.040 
32 31 45 46 510.72 0.040 
32 31 46 47 655.25 0.040 
32 31 47 48 540.81 0.040 
33 32 34 35 168.88 0.040 
33 32 35 36 263.24 0.040 
33 32 36 37 283.77 0.040 
33 32 37 38 340.44 0.040 
33 32 38 39 328.14 0.040 
33 32 39 40 323.58 0.040 
33 32 40 41 219.98 0.040 
33 32 41 42 236.78 0.040 
33 32 42 43 263.00 0.040 
33 32 43 44 258.76 0.040 
33 32 44 45 242.60 0.040 
33 32 45 46 345.89 0.040 
33 32 46 47 499.74 0.040 
33 32 47 48 414.71 0.040 
34 33 35 36 187.16 0.040 
34 33 36 37 219.80 0.040 
34 33 37 38 280.92 0.040 
34 33 38 39 275.84 0.040 
34 33 39 40 283.71 0.040 
34 33 40 41 203.43 0.040 
34 33 41 42 219.40 0.040 
34 33 42 43 247.54 0.040 
34 33 43 44 256.00 0.040 
34 33 44 45 250.28 0.040 
34 33 45 46 346.58 0.040 
34 33 46 47 428.86 0.040 
34 33 47 48 357.46 0.040 
35 34 36 37 203.92 0.040 
35 34 37 38 309.15 0.040 
35 34 38 39 322.85 0.040 
35 34 39 40 346.29 0.040 
35 34 40 41 241.97 0.040 
35 34 41 42 257.41 0.040 
35 34 42 43 287.48 0.040 
35 34 43 44 292.23 0.040 
35 34 44 45 282.99 0.040 
35 34 45 46 426.16 0.040 
35 34 46 47 521.47 0.040 
35 34 47 48 421.21 0.040 
36 35 37 38 216.97 0.040 
36 35 38 39 260.66 0.040 
36 35 39 40 306.93 0.040 
36 35 40 41 222.38 0.040 
36 35 41 42 238.74 0.040 
36 35 42 43 263.45 0.040 
36 35 43 44 265.00 0.040 
36 35 44 45 254.99 0.040 
36 35 45 46 379.19 0.040 
36 35 46 47 493.07 0.040 
36 35 47 48 452.32 0.040 
37 36 38 39 160.63 0.040 
37 36 39 40 233.02 0.040 
37 36 40 41 185.25 0.040 
37 36 41 42 203.90 0.040 
37 36 42 43 222.82 0.040 
37 36 43 44 220.52 0.040 
37 36 44 45 210.62 0.040 
37 36 45 46 313.84 0.040 
37 36 46 47 408.98 0.040 
37 36 47 48 355.06 0.040 
38 37 39 40 176.07 0.040 
38 37 40 41 167.34 0.040 
38 37 41 42 198.63 0.040 
38 37 42 43 220.19 0.040 
38 37 43 44 213.39 0.040 
38 37 44 45 202.50 0.040 
38 37 45 46 305.23 0.040 
38 37 46 47 400.52 0.040 
38 37 47 48 352.52 0.040 
39 38 40 41 97.53 0.040 
39 38 41 42 140.90 0.040 
39 38 42 43 167.24 0.040 
39 38 43 44 164.24 0.040 
39 38 44 45 156.70 0.040 
39 38 45 46 240.37 0.040 
39 38 46 47 318.77 0.040 
39 38 47 48 282.57 0.040 
40 39 41 42 84.48 0.040 
40 39 42 43 119.73 0.040 
40 39 43 44 124.16 0.040 
40 39 44 45 121.01 0.040 
40 39 45 46 191.57 0.040 
40 39 46 47 259.29 0.040 
40 39 47 48 234.86 0.040 
41 40 42 43 67.00 0.040 
41 40 43 44 76.78 0.040 
41 40 44 45 75.09 0.040 
41 40 45 46 121.43 0.040 
41 40 46 47 167.59 0.040 
41 40 47 48 159.00 0.040 
42 41 43 44 54.18 0.040 
42 41 44 45 57.00 0.040 
42 41 45 46 98.66 0.040 
42 41 46 47 141.61 0.040 
42 41 47 48 138.87 0.040 
43 42 44 45 47.40 0.040 
43 42 45 46 87.45 0.040 
43 42 46 47 130.72 0.040 
43 42 47 48 133.47 0.040 
44 43 45 46 63.59 0.040 
44 43 46 47 103.03 0.040 
44 43 47 48 114.74 0.040 
45 44 46 47 73.15 0.040 
45 44 47 48 94.72 0.040 
46 45 47 48 97.69 0.040 
