48 	 # Number of sensors 
# x z 
0	-32.46
5	-31.02
10	-28.94
15	-26.69
20	-24.77
25	-22.97
30	-22.75
35	-22.8
40	-23.02
45	-22.56
50	-22.3
55	-21.71
60	-21.96
65	-22.1
70	-22.31
75	-21.34
80	-21.12
85	-20.5
90	-20
95	-19.88
100	-20.14
105	-18.01
110	-18.18
115	-16.69
120	-16.31
125	-15.62
130	-15.12
135	-15.27
140	-14.74
145	-14.24
150	-13.85
155	-13.35
160	-12.54
165	-9.96
170	-7.31
175	-5.9
180	-5.32
185	-2.81
190	-1.65
195	-1.31
200	-0.88
205	-1.63
210	-2.43
215	-3.02
220	-0.83
225	0
230	-0.76
235	-3.44
301 	 # Number of measurements 
# a b m n rhoa err
2 5 3 4 251760.00 0.040 
3 6 4 5 121416.00 0.040 
6 9 7 8 37221.00 0.040 
7 10 8 9 28605.00 0.040 
8 11 9 10 23779.00 0.040 
10 13 11 12 15757.00 0.040 
11 14 12 13 18532.00 0.040 
12 15 13 14 16261.00 0.040 
13 16 14 15 15929.00 0.040 
14 17 15 16 19768.00 0.040 
15 18 16 17 13043.00 0.040 
16 19 17 18 19094.00 0.040 
17 20 18 19 12746.00 0.040 
18 21 19 20 10881.00 0.040 
19 22 20 21 13845.00 0.040 
20 23 21 22 25284.00 0.040 
23 26 24 25 17179.00 0.040 
25 28 26 27 22196.00 0.040 
26 29 27 28 15792.00 0.040 
30 33 31 32 53182.00 0.040 
31 34 32 33 32292.00 0.040 
33 36 34 35 3869.30 0.040 
34 37 35 36 7236.30 0.040 
37 40 38 39 6903.00 0.040 
39 42 40 41 5203.30 0.040 
40 43 41 42 39761.00 0.040 
41 44 42 43 13371.00 0.040 
42 45 43 44 29793.00 0.040 
43 46 44 45 24598.00 0.040 
44 47 45 46 20864.00 0.040 
45 48 46 47 15444.00 0.040 
2 8 4 6 73920.00 0.040 
3 9 5 7 119376.00 0.040 
4 10 6 8 92298.00 0.040 
5 11 7 9 60127.00 0.040 
6 12 8 10 44313.00 0.040 
8 14 10 12 44995.00 0.040 
9 15 11 13 33983.00 0.040 
10 16 12 14 33555.00 0.040 
11 17 13 15 37483.00 0.040 
12 18 14 16 33840.00 0.040 
13 19 15 17 31652.00 0.040 
14 20 16 18 35244.00 0.040 
15 21 17 19 32593.00 0.040 
16 22 18 20 22886.00 0.040 
17 23 19 21 23775.00 0.040 
18 24 20 22 39736.00 0.040 
19 25 21 23 37728.00 0.040 
20 26 22 24 40285.00 0.040 
21 27 23 25 41428.00 0.040 
22 28 24 26 48879.00 0.040 
23 29 25 27 35528.00 0.040 
24 30 26 28 29694.00 0.040 
28 34 30 32 39330.00 0.040 
29 35 31 33 58283.00 0.040 
30 36 32 34 70501.00 0.040 
32 38 34 36 12053.00 0.040 
34 40 36 38 14926.00 0.040 
35 41 37 39 16130.00 0.040 
36 42 38 40 52819.00 0.040 
37 43 39 41 38895.00 0.040 
38 44 40 42 33545.00 0.040 
39 45 41 43 38382.00 0.040 
40 46 42 44 35651.00 0.040 
41 47 43 45 38682.00 0.040 
1 10 4 7 78192.00 0.040 
2 11 5 8 93984.00 0.040 
3 12 6 9 112312.00 0.040 
4 13 7 10 96108.00 0.040 
5 14 8 11 69614.00 0.040 
6 15 9 12 72636.00 0.040 
8 17 11 14 56911.00 0.040 
9 18 12 15 46707.00 0.040 
10 19 13 16 50962.00 0.040 
11 20 14 17 57509.00 0.040 
12 21 15 18 57728.00 0.040 
13 22 16 19 47279.00 0.040 
14 23 17 20 42176.00 0.040 
15 24 18 21 35818.00 0.040 
16 25 19 22 50163.00 0.040 
17 26 20 23 63341.00 0.040 
18 27 21 24 74092.00 0.040 
19 28 22 25 73408.00 0.040 
21 30 24 27 46501.00 0.040 
22 31 25 28 38916.00 0.040 
24 33 27 30 94153.00 0.040 
25 34 28 31 90204.00 0.040 
26 35 29 32 68977.00 0.040 
27 36 30 33 49734.00 0.040 
28 37 31 34 54879.00 0.040 
29 38 32 35 83105.00 0.040 
30 39 33 36 73068.00 0.040 
31 40 34 37 18760.00 0.040 
32 41 35 38 25353.00 0.040 
34 43 37 40 68802.00 0.040 
35 44 38 41 44860.00 0.040 
36 45 39 42 66698.00 0.040 
37 46 40 43 51411.00 0.040 
38 47 41 44 63809.00 0.040 
39 48 42 45 54863.00 0.040 
1 13 5 9 88825.00 0.040 
2 14 6 10 91045.00 0.040 
3 15 7 11 137854.00 0.040 
4 16 8 12 96299.00 0.040 
5 17 9 13 89523.00 0.040 
6 18 10 14 82248.00 0.040 
8 20 12 16 77640.00 0.040 
9 21 13 17 68279.00 0.040 
10 22 14 18 73884.00 0.040 
11 23 15 19 73660.00 0.040 
12 24 16 20 54186.00 0.040 
13 25 17 21 54893.00 0.040 
14 26 18 22 69008.00 0.040 
15 27 19 23 68897.00 0.040 
18 30 22 26 83572.00 0.040 
19 31 23 27 68135.00 0.040 
20 32 24 28 50632.00 0.040 
21 33 25 29 80483.00 0.040 
22 34 26 30 80807.00 0.040 
23 35 27 31 96747.00 0.040 
24 36 28 32 114725.00 0.040 
25 37 29 33 76009.00 0.040 
26 38 30 34 91410.00 0.040 
27 39 31 35 55972.00 0.040 
28 40 32 36 54995.00 0.040 
29 41 33 37 74641.00 0.040 
30 42 34 38 26101.00 0.040 
33 45 37 41 60302.00 0.040 
34 46 38 42 85601.00 0.040 
35 47 39 43 90326.00 0.040 
1 16 6 11 103902.00 0.040 
2 17 7 12 102474.00 0.040 
3 18 8 13 116471.00 0.040 
4 19 9 14 113869.00 0.040 
5 20 10 15 100152.00 0.040 
6 21 11 16 104974.00 0.040 
7 22 12 17 104534.00 0.040 
8 23 13 18 89830.00 0.040 
9 24 14 19 75232.00 0.040 
10 25 15 20 71992.00 0.040 
11 26 16 21 82456.00 0.040 
12 27 17 22 86919.00 0.040 
13 28 18 23 98908.00 0.040 
17 32 22 27 81862.00 0.040 
18 33 23 28 69642.00 0.040 
19 34 24 29 74970.00 0.040 
20 35 25 30 84050.00 0.040 
21 36 26 31 106307.00 0.040 
22 37 27 32 122444.00 0.040 
23 38 28 33 125157.00 0.040 
24 39 29 34 110794.00 0.040 
25 40 30 35 87555.00 0.040 
26 41 31 36 70459.00 0.040 
27 42 32 37 62167.00 0.040 
28 43 33 38 58336.00 0.040 
29 44 34 39 28069.00 0.040 
30 45 35 40 76871.00 0.040 
1 19 7 13 106780.00 0.040 
2 20 8 14 108108.00 0.040 
3 21 9 15 146656.00 0.040 
4 22 10 16 133900.00 0.040 
5 23 11 17 105513.00 0.040 
6 24 12 18 109136.00 0.040 
8 26 14 20 101153.00 0.040 
9 27 15 21 89213.00 0.040 
10 28 16 22 120136.00 0.040 
15 33 21 27 94940.00 0.040 
16 34 22 28 67262.00 0.040 
17 35 23 29 99191.00 0.040 
18 36 24 30 101991.00 0.040 
19 37 25 31 118615.00 0.040 
20 38 26 32 123606.00 0.040 
21 39 27 33 127186.00 0.040 
22 40 28 34 172631.00 0.040 
23 41 29 35 108023.00 0.040 
25 43 31 37 83144.00 0.040 
26 44 32 38 68335.00 0.040 
27 45 33 39 62122.00 0.040 
28 46 34 40 70894.00 0.040 
29 47 35 41 86340.00 0.040 
1 22 8 15 109493.00 0.040 
2 23 9 16 122957.00 0.040 
3 24 10 17 133049.00 0.040 
4 25 11 18 128713.00 0.040 
5 26 12 19 115135.00 0.040 
6 27 13 20 121265.00 0.040 
9 30 16 23 114114.00 0.040 
10 31 17 24 123466.00 0.040 
12 33 19 26 101579.00 0.040 
13 34 20 27 87772.00 0.040 
14 35 21 28 87637.00 0.040 
15 36 22 29 109454.00 0.040 
16 37 23 30 126482.00 0.040 
17 38 24 31 138736.00 0.040 
18 39 25 32 136349.00 0.040 
19 40 26 33 133573.00 0.040 
20 41 27 34 153868.00 0.040 
23 44 30 37 94834.00 0.040 
24 45 31 38 76534.00 0.040 
25 46 32 39 71436.00 0.040 
26 47 33 40 116427.00 0.040 
27 48 34 41 69592.00 0.040 
1 25 9 17 120335.00 0.040 
2 26 10 18 128513.00 0.040 
3 27 11 19 135888.00 0.040 
4 28 12 20 154962.00 0.040 
5 29 13 21 134598.00 0.040 
6 30 14 22 140122.00 0.040 
7 31 15 23 119528.00 0.040 
8 32 16 24 130416.00 0.040 
9 33 17 25 105677.00 0.040 
10 34 18 26 89000.00 0.040 
11 35 19 27 101205.00 0.040 
12 36 20 28 97826.00 0.040 
13 37 21 29 129086.00 0.040 
14 38 22 30 136824.00 0.040 
15 39 23 31 155161.00 0.040 
16 40 24 32 146046.00 0.040 
17 41 25 33 148492.00 0.040 
20 44 28 36 150344.00 0.040 
21 45 29 37 117278.00 0.040 
22 46 30 38 110496.00 0.040 
23 47 31 39 85043.00 0.040 
24 48 32 40 115478.00 0.040 
1 28 10 19 133196.00 0.040 
2 29 11 20 105263.00 0.040 
3 30 12 21 116102.00 0.040 
4 31 13 22 141850.00 0.040 
5 32 14 23 127522.00 0.040 
6 33 15 24 133566.00 0.040 
7 34 16 25 128043.00 0.040 
8 35 17 26 107374.00 0.040 
9 36 18 27 97581.00 0.040 
10 37 19 28 100874.00 0.040 
11 38 20 29 154883.00 0.040 
12 39 21 30 154842.00 0.040 
13 40 22 31 159934.00 0.040 
14 41 23 32 164762.00 0.040 
17 44 26 35 162409.00 0.040 
18 45 27 36 162376.00 0.040 
19 46 28 37 160398.00 0.040 
20 47 29 38 119762.00 0.040 
21 48 30 39 122910.00 0.040 
1 31 11 21 87341.00 0.040 
2 32 12 22 92778.00 0.040 
3 33 13 23 111341.00 0.040 
4 34 14 24 125005.00 0.040 
5 35 15 25 113823.00 0.040 
6 36 16 26 121525.00 0.040 
7 37 17 27 136657.00 0.040 
8 38 18 28 117750.00 0.040 
9 39 19 29 140637.00 0.040 
10 40 20 30 158581.00 0.040 
11 41 21 31 188941.00 0.040 
13 43 23 33 220324.00 0.040 
14 44 24 34 177839.00 0.040 
15 45 25 35 169025.00 0.040 
16 46 26 36 170644.00 0.040 
17 47 27 37 167243.00 0.040 
18 48 28 38 210947.00 0.040 
1 34 12 23 84456.00 0.040 
2 35 13 24 99032.00 0.040 
3 36 14 25 115462.00 0.040 
4 37 15 26 136823.00 0.040 
5 38 16 27 124277.00 0.040 
6 39 17 28 130503.00 0.040 
8 41 19 30 168001.00 0.040 
11 44 22 33 188525.00 0.040 
12 45 23 34 203128.00 0.040 
13 46 24 35 177779.00 0.040 
14 47 25 36 177955.00 0.040 
15 48 26 37 198293.00 0.040 
1 37 13 25 104945.00 0.040 
2 38 14 26 111834.00 0.040 
3 39 15 27 133259.00 0.040 
4 40 16 28 138932.00 0.040 
5 41 17 29 157974.00 0.040 
7 43 19 31 221485.00 0.040 
8 44 20 32 195930.00 0.040 
9 45 21 33 188064.00 0.040 
10 46 22 34 202407.00 0.040 
11 47 23 35 219543.00 0.040 
12 48 24 36 236537.00 0.040 
1 40 14 27 106587.00 0.040 
2 41 15 28 105880.00 0.040 
3 42 16 29 157657.00 0.040 
4 43 17 30 201153.00 0.040 
5 44 18 31 182230.00 0.040 
6 45 19 32 208688.00 0.040 
7 46 20 33 260713.00 0.040 
8 47 21 34 230810.00 0.040 
9 48 22 35 228384.00 0.040 
1 43 15 29 137340.00 0.040 
2 44 16 30 150805.00 0.040 
3 45 17 31 196799.00 0.040 
4 46 18 32 212966.00 0.040 
5 47 19 33 197810.00 0.040 
6 48 20 34 267856.00 0.040 
1 46 16 31 185884.00 0.040 
2 47 17 32 202683.00 0.040 
3 48 18 33 181725.00 0.040 
