0.0 0.0
3.0 0.0
6.0 -0.2
9.0 -0.4
12.0 -0.7
15.0 -1.0
18.0 -1.2
21.0 -1.5
24.0 -1.9
27.0 -2.5
30.0 -3.0
33.0 -3.5
36.0 -3.9
39.0 -4.3
42.0 -4.6
45.0 -5.1
48.0 -5.4
51.0 -5.8
54.0 -6.1
57.0 -6.5
60.0 -6.9
63.0 -7.6
66.0 -8.0
69.0 -8.6
72.0 -9.1
75.0 -9.4
78.0 -9.9
81.0 -10.5
84.0 -11.3
87.0 -12.0
90.0 -12.6
93.0 -12.6
96.0 -12.8
99.0 -13.1
102.0 -13.4
105.0 -14.0
108.0 -14.4
111.0 -14.3
114.0 -14.5
117.0 -14.9
120.0 -15.2
123.0 -15.2
126.0 -15.1
129.0 -15.2
132.0 -15.2
135.0 -15.0
138.0 -15.9
141.0 -15.9
144.0 -16.0
147.0 -16.6
150.0 -17.2
153.0 -17.7
156.0 -18.0
159.0 -18.3
162.0 -18.5
165.0 -18.6
168.0 -18.5
171.0 -18.5
174.0 -18.4
177.0 -18.5
180.0 -18.8
183.0 -19.1
186.0 -20.6
189.0 -20.8
192.0 -21.1
195.0 -21.4
198.0 -21.4
201.0 -21.8
204.0 -22.0
207.0 -22.0
210.0 -22.1
213.0 -22.6
216.0 -23.1
219.0 -23.3
222.0 -23.5
225.0 -23.4
228.0 -23.3
231.0 -23.2
234.0 -23.4
237.0 -23.6
240.0 -23.8
243.0 -24.0
246.0 -24.3
249.0 -24.4
252.0 -24.7
255.0 -25.0
258.0 -25.4
261.0 -25.3
264.0 -25.2
267.0 -25.3
270.0 -25.4
273.0 -25.5
276.0 -25.8
279.0 -26.1
282.0 -26.2
285.0 -26.2
