71 	 # Number of sensors 
# x z 
0.00 0.00 
3.00 -0.10 
6.00 0.00 
9.00 -0.10 
12.00 0.00 
15.00 0.20 
18.00 0.60 
21.00 1.40 
24.00 1.50 
27.00 1.80 
30.00 1.60 
33.00 2.30 
36.00 2.30 
39.00 2.20 
42.00 2.20 
45.00 2.30 
48.00 2.30 
51.00 2.40 
54.00 2.40 
57.00 2.70 
60.00 2.80 
63.00 3.00 
66.00 3.00 
69.00 3.10 
72.00 2.70 
75.00 2.40 
78.00 2.20 
81.00 1.70 
84.00 1.40 
87.00 0.80 
90.00 0.10 
93.00 -0.90 
96.00 -1.50 
99.00 -2.40 
102.00 -3.50 
105.00 -4.10 
108.00 -4.70 
111.00 -4.90 
114.00 -5.00 
117.00 -5.10 
120.00 -5.10 
123.00 -5.10 
126.00 -5.10 
129.00 -5.10 
132.00 -5.10 
135.00 -5.10 
138.00 -5.20 
141.00 -5.40 
144.00 -5.50 
147.00 -5.80 
150.00 -6.20 
153.00 -6.30 
156.00 -6.50 
159.00 -6.60 
162.00 -6.60 
165.00 -6.80 
168.00 -7.00 
171.00 -7.10 
174.00 -7.20 
177.00 -7.30 
180.00 -7.60 
183.00 -7.70 
186.00 -7.80 
189.00 -8.00 
192.00 -8.10 
195.00 -8.40 
198.00 -8.60 
201.00 -8.80 
204.00 -9.10 
207.00 -9.40 
210.00 -9.50 
565 	 # Number of measurements 
# a b m n rhoa err
1 4 2 3 1341.20 0.040 
2 5 3 4 3612.30 0.040 
3 6 4 5 5846.10 0.040 
4 7 5 6 8331.50 0.040 
5 8 6 7 12068.00 0.040 
6 9 7 8 8735.40 0.040 
7 10 8 9 13496.00 0.040 
8 11 9 10 4517.60 0.040 
9 12 10 11 7197.50 0.040 
10 13 11 12 5193.40 0.040 
11 14 12 13 5901.20 0.040 
12 15 13 14 6405.40 0.040 
13 16 14 15 8859.30 0.040 
14 17 15 16 8275.00 0.040 
15 18 16 17 6562.20 0.040 
16 19 17 18 10289.00 0.040 
17 20 18 19 6880.10 0.040 
18 21 19 20 5491.50 0.040 
19 22 20 21 6199.60 0.040 
20 23 21 22 4606.50 0.040 
22 25 23 24 5471.40 0.040 
23 26 24 25 3085.70 0.040 
24 27 25 26 5296.00 0.040 
25 28 26 27 2621.30 0.040 
26 29 27 28 4249.60 0.040 
27 30 28 29 3404.10 0.040 
29 32 30 31 3044.90 0.040 
30 33 31 32 3260.10 0.040 
31 34 32 33 3194.60 0.040 
32 35 33 34 3968.60 0.040 
33 36 34 35 3245.70 0.040 
34 37 35 36 8675.20 0.040 
35 38 36 37 3902.60 0.040 
36 39 37 38 7648.50 0.040 
37 40 38 39 1949.40 0.040 
38 41 39 40 1865.80 0.040 
39 42 40 41 1618.00 0.040 
40 43 41 42 1717.50 0.040 
41 44 42 43 1588.90 0.040 
42 45 43 44 1878.90 0.040 
43 46 44 45 1702.20 0.040 
44 47 45 46 1651.20 0.040 
45 48 46 47 1573.90 0.040 
46 49 47 48 2086.20 0.040 
47 50 48 49 1849.50 0.040 
48 51 49 50 2043.30 0.040 
49 52 50 51 2081.30 0.040 
50 53 51 52 1830.40 0.040 
51 54 52 53 1744.70 0.040 
52 55 53 54 1761.20 0.040 
53 56 54 55 1414.50 0.040 
54 57 55 56 1751.50 0.040 
55 58 56 57 1802.60 0.040 
57 60 58 59 1210.00 0.040 
60 63 61 62 1919.20 0.040 
61 64 62 63 2273.10 0.040 
62 65 63 64 1974.50 0.040 
63 66 64 65 2312.50 0.040 
64 67 65 66 2430.90 0.040 
65 68 66 67 2213.60 0.040 
66 69 67 68 2492.20 0.040 
67 70 68 69 2273.30 0.040 
68 71 69 70 1827.60 0.040 
69 72 70 71 1554.80 0.040 
1 7 3 5 3718.50 0.040 
2 8 4 6 6694.10 0.040 
3 9 5 7 4975.50 0.040 
4 10 6 8 3897.30 0.040 
5 11 7 9 3666.00 0.040 
6 12 8 10 6046.40 0.040 
7 13 9 11 6644.90 0.040 
8 14 10 12 8485.70 0.040 
9 15 11 13 6783.90 0.040 
10 16 12 14 6481.40 0.040 
11 17 13 15 9004.10 0.040 
12 18 14 16 8141.50 0.040 
14 20 16 18 8400.00 0.040 
15 21 17 19 10830.00 0.040 
16 22 18 20 8128.90 0.040 
17 23 19 21 5821.80 0.040 
18 24 20 22 4069.40 0.040 
20 26 22 24 5501.80 0.040 
21 27 23 25 5139.10 0.040 
23 29 25 27 4667.40 0.040 
25 31 27 29 4121.80 0.040 
26 32 28 30 3922.40 0.040 
27 33 29 31 3036.90 0.040 
28 34 30 32 3245.40 0.040 
29 35 31 33 3815.70 0.040 
30 36 32 34 3805.90 0.040 
31 37 33 35 2747.20 0.040 
32 38 34 36 2153.10 0.040 
33 39 35 37 3370.90 0.040 
34 40 36 38 3367.80 0.040 
35 41 37 39 2353.50 0.040 
36 42 38 40 1936.10 0.040 
37 43 39 41 2398.40 0.040 
38 44 40 42 2451.10 0.040 
39 45 41 43 2301.90 0.040 
40 46 42 44 2413.80 0.040 
41 47 43 45 2548.70 0.040 
42 48 44 46 2507.60 0.040 
43 49 45 47 2254.50 0.040 
44 50 46 48 2368.50 0.040 
45 51 47 49 2337.30 0.040 
46 52 48 50 2210.20 0.040 
47 53 49 51 2220.80 0.040 
48 54 50 52 2119.90 0.040 
49 55 51 53 2000.90 0.040 
50 56 52 54 1952.50 0.040 
51 57 53 55 1763.40 0.040 
52 58 54 56 1776.00 0.040 
55 61 57 59 1911.80 0.040 
56 62 58 60 1311.80 0.040 
60 66 62 64 1966.60 0.040 
61 67 63 65 2035.80 0.040 
62 68 64 66 2233.40 0.040 
63 69 65 67 2260.80 0.040 
64 70 66 68 2094.70 0.040 
65 71 67 69 1793.40 0.040 
66 72 68 70 1721.30 0.040 
1 10 4 7 3754.80 0.040 
2 11 5 8 2757.50 0.040 
3 12 6 9 2451.00 0.040 
4 13 7 10 2336.60 0.040 
5 14 8 11 4800.40 0.040 
6 15 9 12 6785.80 0.040 
7 16 10 13 8314.80 0.040 
8 17 11 14 7337.20 0.040 
9 18 12 15 5520.20 0.040 
10 19 13 16 4085.60 0.040 
11 20 14 17 4594.10 0.040 
12 21 15 18 6600.80 0.040 
15 24 18 21 6456.80 0.040 
16 25 19 22 4168.80 0.040 
17 26 20 23 4162.40 0.040 
18 27 21 24 4937.90 0.040 
19 28 22 25 4923.20 0.040 
20 29 23 26 4742.00 0.040 
22 31 25 28 4670.10 0.040 
23 32 26 29 3979.50 0.040 
25 34 28 31 2680.40 0.040 
26 35 29 32 3087.00 0.040 
27 36 30 33 3236.40 0.040 
28 37 31 34 3318.00 0.040 
29 38 32 35 3190.40 0.040 
30 39 33 36 2792.70 0.040 
31 40 34 37 2929.90 0.040 
32 41 35 38 3401.90 0.040 
33 42 36 39 2972.20 0.040 
34 43 37 40 2358.10 0.040 
35 44 38 41 2027.90 0.040 
36 45 39 42 2197.00 0.040 
37 46 40 43 2483.40 0.040 
38 47 41 44 2803.10 0.040 
39 48 42 45 2812.80 0.040 
40 49 43 46 2744.20 0.040 
41 50 44 47 2532.80 0.040 
42 51 45 48 2747.00 0.040 
43 52 46 49 2683.20 0.040 
44 53 47 50 2811.50 0.040 
45 54 48 51 2766.60 0.040 
46 55 49 52 2762.90 0.040 
47 56 50 53 2629.50 0.040 
48 57 51 54 2470.00 0.040 
49 58 52 55 2216.20 0.040 
51 60 54 57 3006.00 0.040 
52 61 55 58 3102.70 0.040 
54 63 57 60 1791.60 0.040 
55 64 58 61 1840.50 0.040 
57 66 60 63 3020.00 0.040 
58 67 61 64 2853.80 0.040 
60 69 63 66 2263.10 0.040 
61 70 64 67 2315.50 0.040 
62 71 65 68 2163.70 0.040 
63 72 66 69 1908.60 0.040 
1 13 5 9 2905.60 0.040 
2 14 6 10 2675.80 0.040 
3 15 7 11 3367.30 0.040 
4 16 8 12 5160.30 0.040 
5 17 9 13 6139.20 0.040 
6 18 10 14 4812.20 0.040 
7 19 11 15 3622.30 0.040 
8 20 12 16 3270.60 0.040 
9 21 13 17 3168.10 0.040 
10 22 14 18 3716.40 0.040 
11 23 15 19 4781.80 0.040 
13 25 17 21 7642.80 0.040 
14 26 18 22 5219.70 0.040 
15 27 19 23 4722.90 0.040 
17 29 21 25 3784.40 0.040 
18 30 22 26 4564.80 0.040 
19 31 23 27 4359.40 0.040 
21 33 25 29 3894.40 0.040 
22 34 26 30 2606.00 0.040 
23 35 27 31 3159.00 0.040 
25 37 29 33 2443.40 0.040 
26 38 30 34 2762.90 0.040 
27 39 31 35 2956.60 0.040 
28 40 32 36 3604.70 0.040 
29 41 33 37 3579.00 0.040 
30 42 34 38 3417.00 0.040 
31 43 35 39 3366.20 0.040 
32 44 36 40 3040.70 0.040 
33 45 37 41 2442.90 0.040 
34 46 38 42 2155.00 0.040 
35 47 39 43 2192.30 0.040 
36 48 40 44 2363.60 0.040 
37 49 41 45 2728.50 0.040 
38 50 42 46 2828.50 0.040 
39 51 43 47 2922.30 0.040 
40 52 44 48 2992.60 0.040 
41 53 45 49 2983.90 0.040 
42 54 46 50 3003.30 0.040 
43 55 47 51 3146.80 0.040 
44 56 48 52 3061.70 0.040 
45 57 49 53 3011.50 0.040 
48 60 52 56 3102.90 0.040 
49 61 53 57 3093.80 0.040 
50 62 54 58 3043.20 0.040 
52 64 56 60 2261.00 0.040 
53 65 57 61 2172.40 0.040 
54 66 58 62 2106.00 0.040 
56 68 60 64 2796.50 0.040 
57 69 61 65 2859.30 0.040 
58 70 62 66 2943.80 0.040 
60 72 64 68 2324.20 0.040 
1 16 6 11 3151.30 0.040 
2 17 7 12 4423.10 0.040 
3 18 8 13 3456.80 0.040 
4 19 9 14 2544.70 0.040 
5 20 10 15 2770.50 0.040 
6 21 11 16 2504.90 0.040 
7 22 12 17 2759.50 0.040 
8 23 13 18 2900.50 0.040 
9 24 14 19 3286.10 0.040 
10 25 15 20 3258.50 0.040 
11 26 16 21 4053.50 0.040 
12 27 17 22 5616.70 0.040 
13 28 18 23 4975.40 0.040 
15 30 20 25 4146.90 0.040 
16 31 21 26 4139.10 0.040 
17 32 22 27 4025.60 0.040 
18 33 23 28 3495.40 0.040 
20 35 25 30 2826.10 0.040 
21 36 26 31 2214.30 0.040 
22 37 27 32 2077.20 0.040 
23 38 28 33 2226.20 0.040 
25 40 30 35 2627.90 0.040 
26 41 31 36 3166.70 0.040 
27 42 32 37 3712.30 0.040 
28 43 33 38 3985.30 0.040 
29 44 34 39 3574.20 0.040 
30 45 35 40 3443.20 0.040 
31 46 36 41 3120.50 0.040 
32 47 37 42 2632.80 0.040 
33 48 38 43 2223.90 0.040 
34 49 39 44 2271.30 0.040 
35 50 40 45 2283.00 0.040 
36 51 41 46 2312.40 0.040 
37 52 42 47 2511.70 0.040 
38 53 43 48 2800.90 0.040 
39 54 44 49 2892.10 0.040 
40 55 45 50 3037.90 0.040 
41 56 46 51 3099.20 0.040 
42 57 47 52 3098.70 0.040 
43 58 48 53 3010.30 0.040 
45 60 50 55 3301.60 0.040 
46 61 51 56 3139.80 0.040 
47 62 52 57 3096.30 0.040 
48 63 53 58 3072.00 0.040 
50 65 55 60 2467.90 0.040 
51 66 56 61 2402.20 0.040 
52 67 57 62 2299.90 0.040 
53 68 58 63 2304.50 0.040 
55 70 60 65 2958.00 0.040 
56 71 61 66 2978.20 0.040 
57 72 62 67 2881.10 0.040 
1 19 7 13 2280.50 0.040 
2 20 8 14 2265.10 0.040 
3 21 9 15 2137.60 0.040 
4 22 10 16 2309.90 0.040 
6 24 12 18 1987.60 0.040 
7 25 13 19 2630.10 0.040 
8 26 14 20 2739.20 0.040 
9 27 15 21 3208.00 0.040 
10 28 16 22 2979.80 0.040 
11 29 17 23 3999.10 0.040 
12 30 18 24 4169.70 0.040 
13 31 19 25 3873.60 0.040 
14 32 20 26 3780.70 0.040 
15 33 21 27 3324.60 0.040 
16 34 22 28 3229.20 0.040 
17 35 23 29 2580.50 0.040 
18 36 24 30 1628.90 0.040 
19 37 25 31 1881.40 0.040 
20 38 26 32 1492.00 0.040 
21 39 27 33 1992.20 0.040 
22 40 28 34 1903.00 0.040 
23 41 29 35 2595.70 0.040 
25 43 31 37 3491.70 0.040 
26 44 32 38 3984.20 0.040 
27 45 33 39 3636.00 0.040 
28 46 34 40 3590.20 0.040 
29 47 35 41 3418.80 0.040 
30 48 36 42 3100.40 0.040 
31 49 37 43 2591.30 0.040 
32 50 38 44 2283.00 0.040 
33 51 39 45 2167.80 0.040 
34 52 40 46 2111.50 0.040 
35 53 41 47 2033.90 0.040 
36 54 42 48 2158.10 0.040 
37 55 43 49 2501.10 0.040 
38 56 44 50 2705.50 0.040 
39 57 45 51 2753.90 0.040 
40 58 46 52 2803.80 0.040 
42 60 48 54 3277.20 0.040 
43 61 49 55 3102.50 0.040 
44 62 50 56 3076.20 0.040 
45 63 51 57 3012.80 0.040 
46 64 52 58 3032.40 0.040 
48 66 54 60 2407.90 0.040 
49 67 55 61 2497.20 0.040 
50 68 56 62 2436.60 0.040 
51 69 57 63 2471.60 0.040 
52 70 58 64 2405.30 0.040 
54 72 60 66 3050.60 0.040 
1 22 8 15 2226.50 0.040 
2 23 9 16 1843.80 0.040 
3 24 10 17 1573.70 0.040 
4 25 11 18 1603.70 0.040 
5 26 12 19 1789.30 0.040 
6 27 13 20 2328.30 0.040 
7 28 14 21 2805.10 0.040 
8 29 15 22 2863.50 0.040 
9 30 16 23 3192.00 0.040 
10 31 17 24 3215.00 0.040 
11 32 18 25 3080.70 0.040 
12 33 19 26 3039.70 0.040 
13 34 20 27 2643.90 0.040 
14 35 21 28 2619.50 0.040 
15 36 22 29 2545.20 0.040 
16 37 23 30 1877.30 0.040 
17 38 24 31 1079.20 0.040 
18 39 25 32 1341.50 0.040 
19 40 26 33 1350.30 0.040 
20 41 27 34 1714.50 0.040 
21 42 28 35 1948.40 0.040 
22 43 29 36 2299.90 0.040 
23 44 30 37 3129.00 0.040 
25 46 32 39 3683.30 0.040 
26 47 33 40 3632.40 0.040 
27 48 34 41 3343.80 0.040 
28 49 35 42 3451.90 0.040 
29 50 36 43 2988.80 0.040 
30 51 37 44 2428.10 0.040 
31 52 38 45 2169.30 0.040 
32 53 39 46 2066.50 0.040 
33 54 40 47 1968.30 0.040 
34 55 41 48 1943.10 0.040 
35 56 42 49 1888.60 0.040 
36 57 43 50 1923.80 0.040 
37 58 44 51 2146.00 0.040 
40 61 47 54 2799.90 0.040 
41 62 48 55 2749.50 0.040 
42 63 49 56 2773.40 0.040 
43 64 50 57 2795.40 0.040 
44 65 51 58 2769.50 0.040 
46 67 53 60 2391.60 0.040 
47 68 54 61 2379.40 0.040 
48 69 55 62 2521.10 0.040 
49 70 56 63 2555.20 0.040 
50 71 57 64 2484.50 0.040 
51 72 58 65 2534.10 0.040 
1 25 9 17 1369.50 0.040 
2 26 10 18 1375.00 0.040 
3 27 11 19 1540.50 0.040 
4 28 12 20 1796.40 0.040 
5 29 13 21 2139.40 0.040 
6 30 14 22 2442.60 0.040 
7 31 15 23 2915.80 0.040 
8 32 16 24 2850.70 0.040 
9 33 17 25 2643.90 0.040 
10 34 18 26 2219.40 0.040 
11 35 19 27 2005.30 0.040 
12 36 20 28 1988.80 0.040 
13 37 21 29 1695.50 0.040 
14 38 22 30 1786.10 0.040 
16 40 24 32 1130.30 0.040 
17 41 25 33 1254.10 0.040 
18 42 26 34 1260.30 0.040 
19 43 27 35 1612.70 0.040 
20 44 28 36 1887.00 0.040 
21 45 29 37 2554.10 0.040 
22 46 30 38 2981.00 0.040 
23 47 31 39 3486.80 0.040 
25 49 33 41 3400.20 0.040 
26 50 34 42 3302.90 0.040 
27 51 35 43 3007.40 0.040 
28 52 36 44 2800.50 0.040 
29 53 37 45 2291.30 0.040 
30 54 38 46 1995.30 0.040 
31 55 39 47 1937.20 0.040 
32 56 40 48 1803.20 0.040 
33 57 41 49 1656.30 0.040 
34 58 42 50 1562.30 0.040 
36 60 44 52 1888.70 0.040 
37 61 45 53 2020.30 0.040 
38 62 46 54 2190.20 0.040 
39 63 47 55 2207.40 0.040 
40 64 48 56 2313.70 0.040 
41 65 49 57 2429.40 0.040 
42 66 50 58 2292.90 0.040 
44 68 52 60 2242.80 0.040 
45 69 53 61 2347.50 0.040 
46 70 54 62 2443.80 0.040 
47 71 55 63 2516.70 0.040 
48 72 56 64 2503.10 0.040 
1 28 10 19 1423.00 0.040 
2 29 11 20 1533.30 0.040 
3 30 12 21 1820.70 0.040 
4 31 13 22 2014.20 0.040 
5 32 14 23 2352.60 0.040 
6 33 15 24 2200.30 0.040 
7 34 16 25 2106.10 0.040 
8 35 17 26 2142.60 0.040 
9 36 18 27 1626.90 0.040 
10 37 19 28 1336.80 0.040 
12 39 21 30 1399.20 0.040 
13 40 22 31 1539.90 0.040 
14 41 23 32 1431.70 0.040 
15 42 24 33 1173.30 0.040 
16 43 25 34 1368.90 0.040 
17 44 26 35 1282.90 0.040 
18 45 27 36 1606.20 0.040 
19 46 28 37 2026.10 0.040 
20 47 29 38 2568.90 0.040 
21 48 30 39 2905.40 0.040 
25 52 34 43 2882.00 0.040 
26 53 35 44 2813.90 0.040 
27 54 36 45 2475.50 0.040 
28 55 37 46 2135.10 0.040 
29 56 38 47 1771.00 0.040 
30 57 39 48 1640.30 0.040 
31 58 40 49 1515.50 0.040 
33 60 42 51 1625.70 0.040 
34 61 43 52 1463.40 0.040 
35 62 44 53 1379.30 0.040 
36 63 45 54 1370.60 0.040 
37 64 46 55 1532.70 0.040 
38 65 47 56 1757.60 0.040 
39 66 48 57 1839.70 0.040 
40 67 49 58 2000.30 0.040 
42 69 51 60 1994.20 0.040 
43 70 52 61 2088.10 0.040 
44 71 53 62 2226.90 0.040 
45 72 54 63 2336.50 0.040 
1 31 11 21 1642.40 0.040 
2 32 12 22 1694.70 0.040 
3 33 13 23 1716.10 0.040 
4 34 14 24 1669.00 0.040 
5 35 15 25 1679.70 0.040 
6 36 16 26 1756.90 0.040 
7 37 17 27 1561.60 0.040 
8 38 18 28 1226.00 0.040 
9 39 19 29 1148.80 0.040 
10 40 20 30 1146.40 0.040 
12 42 22 32 1332.10 0.040 
13 43 23 33 1302.80 0.040 
15 45 25 35 1429.30 0.040 
16 46 26 36 1483.30 0.040 
17 47 27 37 1820.50 0.040 
18 48 28 38 2172.00 0.040 
25 55 35 45 2508.10 0.040 
26 56 36 46 2206.80 0.040 
27 57 37 47 1708.10 0.040 
28 58 38 48 1477.90 0.040 
30 60 40 50 1544.00 0.040 
31 61 41 51 1404.20 0.040 
32 62 42 52 1225.50 0.040 
33 63 43 53 1105.30 0.040 
34 64 44 54 1010.50 0.040 
35 65 45 55 955.11 0.040 
36 66 46 56 991.21 0.040 
37 67 47 57 1247.50 0.040 
38 68 48 58 1485.80 0.040 
40 70 50 60 1665.10 0.040 
41 71 51 61 1807.10 0.040 
1 34 12 23 1328.60 0.040 
2 35 13 24 1368.70 0.040 
3 36 14 25 1184.20 0.040 
7 40 18 29 1335.30 0.040 
8 41 19 30 1156.40 0.040 
9 42 20 31 1126.30 0.040 
10 43 21 32 1102.40 0.040 
11 44 22 33 1170.30 0.040 
12 45 23 34 1274.90 0.040 
14 47 25 36 1497.40 0.040 
15 48 26 37 1758.70 0.040 
25 58 36 47 1781.40 0.040 
27 60 38 49 1469.60 0.040 
28 61 39 50 1362.20 0.040 
29 62 40 51 1181.70 0.040 
30 63 41 52 1036.20 0.040 
31 64 42 53 931.94 0.040 
32 65 43 54 857.17 0.040 
33 66 44 55 739.16 0.040 
34 67 45 56 693.69 0.040 
35 68 46 57 738.59 0.040 
36 69 47 58 865.96 0.040 
38 71 49 60 1323.80 0.040 
1 37 13 25 890.04 0.040 
2 38 14 26 900.00 0.040 
3 39 15 27 898.70 0.040 
4 40 16 28 1067.70 0.040 
7 43 19 31 1115.80 0.040 
8 44 20 32 1175.60 0.040 
9 45 21 33 1190.90 0.040 
10 46 22 34 1236.90 0.040 
11 47 23 35 1253.70 0.040 
25 61 37 49 1342.80 0.040 
26 62 38 50 1115.20 0.040 
27 63 39 51 996.69 0.040 
28 64 40 52 894.86 0.040 
29 65 41 53 792.15 0.040 
30 66 42 54 702.20 0.040 
32 68 44 56 594.76 0.040 
33 69 45 57 600.14 0.040 
34 70 46 58 629.74 0.040 
36 72 48 60 724.46 0.040 
1 40 14 27 844.38 0.040 
2 41 15 28 922.09 0.040 
3 42 16 29 940.60 0.040 
4 43 17 30 1024.20 0.040 
5 44 18 31 1053.50 0.040 
6 45 19 32 1163.40 0.040 
7 46 20 33 1193.70 0.040 
8 47 21 34 1250.10 0.040 
9 48 22 35 1375.50 0.040 
25 64 38 51 847.28 0.040 
26 65 39 52 762.82 0.040 
27 66 40 53 641.81 0.040 
28 67 41 54 602.22 0.040 
29 68 42 55 541.14 0.040 
30 69 43 56 536.54 0.040 
31 70 44 57 554.27 0.040 
32 71 45 58 549.03 0.040 
1 43 15 29 892.84 0.040 
2 44 16 30 928.33 0.040 
3 45 17 31 933.36 0.040 
4 46 18 32 996.98 0.040 
5 47 19 33 1018.90 0.040 
6 48 20 34 1224.50 0.040 
25 67 39 53 546.65 0.040 
26 68 40 54 504.52 0.040 
27 69 41 55 480.27 0.040 
28 70 42 56 489.95 0.040 
29 71 43 57 489.01 0.040 
30 72 44 58 504.30 0.040 
1 46 16 31 906.58 0.040 
2 47 17 32 972.24 0.040 
3 48 18 33 965.05 0.040 
25 70 40 55 425.29 0.040 
26 71 41 56 429.34 0.040 
27 72 42 57 426.05 0.040 
