48 	 # Number of sensors 
# x z 
0.00 0.00 
5.00 -1.90 
10.00 -4.40 
15.00 -6.60 
20.00 -8.80 
25.00 -11.00 
30.00 -13.20 
35.00 -15.30 
40.00 -17.50 
45.00 -16.00 
50.00 -17.30 
55.00 -18.40 
60.00 -19.20 
65.00 -19.20 
70.00 -19.50 
75.00 -20.30 
80.00 -21.40 
85.00 -22.80 
90.00 -24.50 
95.00 -26.10 
100.00 -27.00 
105.00 -27.90 
110.00 -28.60 
115.00 -29.70 
120.00 -30.30 
125.00 -30.40 
130.00 -29.10 
135.00 -29.40 
140.00 -30.50 
145.00 -32.10 
150.00 -34.60 
155.00 -36.00 
160.00 -37.60 
165.00 -39.60 
170.00 -41.50 
175.00 -43.70 
180.00 -45.90 
185.00 -47.80 
190.00 -50.50 
195.00 -52.30 
200.00 -54.00 
205.00 -56.20 
210.00 -57.90 
215.00 -58.30 
220.00 -59.00 
225.00 -59.50 
230.00 -59.90 
235.00 -60.10 
345 	 # Number of measurements 
# a b m n rhoa err
1 4 2 3 12966.00 0.040 
2 5 3 4 14258.00 0.040 
3 6 4 5 16415.00 0.040 
4 7 5 6 13847.00 0.040 
5 8 6 7 12025.00 0.040 
6 9 7 8 11424.00 0.040 
7 10 8 9 10740.00 0.040 
8 11 9 10 9811.80 0.040 
9 12 10 11 7869.20 0.040 
10 13 11 12 7028.60 0.040 
11 14 12 13 5771.50 0.040 
12 15 13 14 3700.80 0.040 
13 16 14 15 3893.80 0.040 
14 17 15 16 5492.10 0.040 
15 18 16 17 4427.40 0.040 
16 19 17 18 5090.40 0.040 
17 20 18 19 4261.10 0.040 
18 21 19 20 3191.00 0.040 
19 22 20 21 2667.60 0.040 
20 23 21 22 2029.30 0.040 
21 24 22 23 1522.70 0.040 
22 25 23 24 1004.70 0.040 
23 26 24 25 549.01 0.040 
24 27 25 26 753.98 0.040 
25 28 26 27 727.67 0.040 
26 29 27 28 1324.10 0.040 
27 30 28 29 1628.40 0.040 
28 31 29 30 3368.30 0.040 
29 32 30 31 1614.80 0.040 
30 33 31 32 2992.10 0.040 
31 34 32 33 3458.60 0.040 
32 35 33 34 2233.20 0.040 
33 36 34 35 1814.90 0.040 
34 37 35 36 1797.10 0.040 
35 38 36 37 1444.10 0.040 
36 39 37 38 1489.00 0.040 
37 40 38 39 1531.80 0.040 
38 41 39 40 1313.30 0.040 
39 42 40 41 1472.70 0.040 
40 43 41 42 1190.10 0.040 
41 44 42 43 878.27 0.040 
42 45 43 44 687.89 0.040 
43 46 44 45 693.11 0.040 
44 47 45 46 467.10 0.040 
45 48 46 47 410.59 0.040 
1 7 3 5 12910.00 0.040 
2 8 4 6 16713.00 0.040 
3 9 5 7 15768.00 0.040 
4 10 6 8 14469.00 0.040 
5 11 7 9 14054.00 0.040 
6 12 8 10 14508.00 0.040 
7 13 9 11 12912.00 0.040 
8 14 10 12 11990.00 0.040 
9 15 11 13 11032.00 0.040 
10 16 12 14 7989.60 0.040 
11 17 13 15 5765.20 0.040 
12 18 14 16 7898.00 0.040 
13 19 15 17 6698.60 0.040 
14 20 16 18 7070.40 0.040 
16 22 18 20 5538.70 0.040 
17 23 19 21 4320.50 0.040 
18 24 20 22 3997.10 0.040 
19 25 21 23 3541.70 0.040 
21 27 23 25 1440.60 0.040 
22 28 24 26 1213.80 0.040 
23 29 25 27 1511.60 0.040 
24 30 26 28 1368.50 0.040 
25 31 27 29 2644.40 0.040 
26 32 28 30 4542.00 0.040 
27 33 29 31 2696.60 0.040 
28 34 30 32 2201.80 0.040 
29 35 31 33 4354.90 0.040 
30 36 32 34 4851.90 0.040 
31 37 33 35 2343.50 0.040 
32 38 34 36 2371.30 0.040 
33 39 35 37 2779.90 0.040 
34 40 36 38 2293.90 0.040 
35 41 37 39 1882.20 0.040 
36 42 38 40 1537.40 0.040 
37 43 39 41 1558.20 0.040 
38 44 40 42 1590.30 0.040 
39 45 41 43 1178.10 0.040 
40 46 42 44 915.98 0.040 
41 47 43 45 1026.60 0.040 
42 48 44 46 1104.10 0.040 
1 10 4 7 13923.00 0.040 
2 11 5 8 14761.00 0.040 
3 12 6 9 14440.00 0.040 
4 13 7 10 14437.00 0.040 
5 14 8 11 15535.00 0.040 
6 15 9 12 16046.00 0.040 
7 16 10 13 13650.00 0.040 
8 17 11 14 11239.00 0.040 
9 18 12 15 8937.20 0.040 
10 19 13 16 8512.60 0.040 
13 22 16 19 9282.50 0.040 
14 23 17 20 7401.80 0.040 
15 24 18 21 6054.60 0.040 
16 25 19 22 5526.60 0.040 
17 26 20 23 4668.70 0.040 
18 27 21 24 4319.50 0.040 
19 28 22 25 3058.80 0.040 
20 29 23 26 2082.70 0.040 
21 30 24 27 1575.20 0.040 
22 31 25 28 2202.50 0.040 
23 32 26 29 3288.60 0.040 
24 33 27 30 4013.30 0.040 
25 34 28 31 3271.70 0.040 
26 35 29 32 3641.40 0.040 
27 36 30 33 3513.70 0.040 
28 37 31 34 3719.00 0.040 
29 38 32 35 3798.60 0.040 
30 39 33 36 2931.20 0.040 
31 40 34 37 2185.80 0.040 
32 41 35 38 2364.30 0.040 
33 42 36 39 2465.80 0.040 
34 43 37 40 2084.60 0.040 
35 44 38 41 1886.10 0.040 
36 45 39 42 1712.40 0.040 
37 46 40 43 1527.00 0.040 
38 47 41 44 1178.50 0.040 
39 48 42 45 1051.80 0.040 
1 13 5 9 12866.00 0.040 
2 14 6 10 14318.00 0.040 
3 15 7 11 16001.00 0.040 
4 16 8 12 15872.00 0.040 
5 17 9 13 14531.00 0.040 
6 18 10 14 12040.00 0.040 
7 19 11 15 10472.00 0.040 
8 20 12 16 9775.30 0.040 
9 21 13 17 8363.00 0.040 
11 23 15 19 11040.00 0.040 
12 24 16 20 10158.00 0.040 
13 25 17 21 9585.10 0.040 
14 26 18 22 7474.30 0.040 
15 27 19 23 6237.00 0.040 
16 28 20 24 5570.70 0.040 
17 29 21 25 4373.10 0.040 
18 30 22 26 3105.50 0.040 
19 31 23 27 2328.10 0.040 
20 32 24 28 2454.10 0.040 
21 33 25 29 2862.00 0.040 
22 34 26 30 3578.20 0.040 
23 35 27 31 3890.20 0.040 
24 36 28 32 4300.80 0.040 
25 37 29 33 4731.00 0.040 
26 38 30 34 3416.20 0.040 
27 39 31 35 3262.40 0.040 
28 40 32 36 3100.50 0.040 
29 41 33 37 2148.60 0.040 
30 42 34 38 2222.70 0.040 
31 43 35 39 1954.50 0.040 
32 44 36 40 2015.80 0.040 
33 45 37 41 2362.70 0.040 
34 46 38 42 2051.90 0.040 
35 47 39 43 1823.80 0.040 
36 48 40 44 1682.00 0.040 
1 16 6 11 13046.00 0.040 
2 17 7 12 14089.00 0.040 
3 18 8 13 13069.00 0.040 
4 19 9 14 11496.00 0.040 
5 20 10 15 10173.00 0.040 
6 21 11 16 10173.00 0.040 
7 22 12 17 9531.00 0.040 
8 23 13 18 9398.20 0.040 
9 24 14 19 10242.00 0.040 
10 25 15 20 9154.90 0.040 
12 27 17 22 10568.00 0.040 
13 28 18 23 8619.50 0.040 
14 29 19 24 6772.50 0.040 
15 30 20 25 4912.30 0.040 
16 31 21 26 4171.20 0.040 
17 32 22 27 3244.20 0.040 
18 33 23 28 2460.70 0.040 
19 34 24 29 2758.90 0.040 
20 35 25 30 4117.50 0.040 
21 36 26 31 3890.50 0.040 
22 37 27 32 4522.40 0.040 
23 38 28 33 5373.10 0.040 
24 39 29 34 4813.90 0.040 
25 40 30 35 3287.20 0.040 
26 41 31 36 3084.50 0.040 
27 42 32 37 2596.30 0.040 
28 43 33 38 1733.80 0.040 
29 44 34 39 1700.70 0.040 
30 45 35 40 2055.80 0.040 
31 46 36 41 1721.10 0.040 
32 47 37 42 1958.00 0.040 
33 48 38 43 2294.70 0.040 
1 19 7 13 10018.00 0.040 
2 20 8 14 9735.80 0.040 
3 21 9 15 9484.50 0.040 
4 22 10 16 9098.40 0.040 
5 23 11 17 8863.30 0.040 
6 24 12 18 9282.40 0.040 
7 25 13 19 9879.10 0.040 
8 26 14 20 10760.00 0.040 
9 27 15 21 9960.30 0.040 
11 29 17 23 10264.00 0.040 
12 30 18 24 8344.10 0.040 
13 31 19 25 6593.60 0.040 
14 32 20 26 5046.60 0.040 
15 33 21 27 3684.60 0.040 
16 34 22 28 3043.10 0.040 
17 35 23 29 2881.10 0.040 
18 36 24 30 3783.30 0.040 
19 37 25 31 3816.80 0.040 
20 38 26 32 4351.50 0.040 
21 39 27 33 5312.60 0.040 
22 40 28 34 5337.20 0.040 
23 41 29 35 4671.30 0.040 
24 42 30 36 3317.80 0.040 
25 43 31 37 3096.90 0.040 
26 44 32 38 2577.10 0.040 
27 45 33 39 1542.90 0.040 
28 46 34 40 1356.00 0.040 
29 47 35 41 1572.50 0.040 
30 48 36 42 1883.90 0.040 
1 22 8 15 7348.30 0.040 
2 23 9 16 7748.50 0.040 
3 24 10 17 8177.60 0.040 
4 25 11 18 8805.30 0.040 
5 26 12 19 9175.30 0.040 
6 27 13 20 9693.50 0.040 
7 28 14 21 11012.00 0.040 
8 29 15 22 11435.00 0.040 
9 30 16 23 9144.30 0.040 
10 31 17 24 9671.40 0.040 
11 32 18 25 7700.30 0.040 
12 33 19 26 5981.60 0.040 
13 34 20 27 4826.70 0.040 
14 35 21 28 3786.10 0.040 
15 36 22 29 3251.50 0.040 
16 37 23 30 3559.80 0.040 
17 38 24 31 3375.40 0.040 
18 39 25 32 4052.30 0.040 
19 40 26 33 4990.90 0.040 
20 41 27 34 5086.90 0.040 
21 42 28 35 5060.70 0.040 
22 43 29 36 4709.60 0.040 
23 44 30 37 3393.10 0.040 
24 45 31 38 3242.10 0.040 
25 46 32 39 2611.40 0.040 
27 48 34 41 1325.90 0.040 
1 25 9 17 6946.70 0.040 
2 26 10 18 7919.80 0.040 
3 27 11 19 8625.10 0.040 
4 28 12 20 8835.10 0.040 
5 29 13 21 9030.50 0.040 
6 30 14 22 9392.00 0.040 
7 31 15 23 10087.00 0.040 
8 32 16 24 9201.10 0.040 
9 33 17 25 8010.30 0.040 
10 34 18 26 6661.00 0.040 
11 35 19 27 5480.00 0.040 
12 36 20 28 4733.10 0.040 
13 37 21 29 4178.00 0.040 
14 38 22 30 3859.10 0.040 
15 39 23 31 3184.60 0.040 
16 40 24 32 3505.80 0.040 
17 41 25 33 4280.40 0.040 
18 42 26 34 4637.60 0.040 
19 43 27 35 4902.70 0.040 
20 44 28 36 4976.30 0.040 
21 45 29 37 4620.70 0.040 
22 46 30 38 3414.70 0.040 
24 48 32 40 2833.40 0.040 
1 28 10 19 7276.80 0.040 
2 29 11 20 7441.20 0.040 
3 30 12 21 7289.30 0.040 
4 31 13 22 7529.90 0.040 
5 32 14 23 8089.10 0.040 
6 33 15 24 8102.70 0.040 
7 34 16 25 7480.70 0.040 
8 35 17 26 7023.90 0.040 
9 36 18 27 5921.80 0.040 
10 37 19 28 5132.30 0.040 
11 38 20 29 4649.30 0.040 
12 39 21 30 4555.10 0.040 
13 40 22 31 3755.00 0.040 
14 41 23 32 3270.60 0.040 
15 42 24 33 3631.00 0.040 
16 43 25 34 4003.50 0.040 
17 44 26 35 4235.10 0.040 
18 45 27 36 4507.10 0.040 
19 46 28 37 4820.50 0.040 
21 48 30 39 3455.40 0.040 
1 31 11 21 5945.30 0.040 
2 32 12 22 5997.60 0.040 
3 33 13 23 5756.90 0.040 
4 34 14 24 6148.50 0.040 
5 35 15 25 6515.00 0.040 
6 36 16 26 6383.70 0.040 
7 37 17 27 6183.60 0.040 
8 38 18 28 5358.60 0.040 
9 39 19 29 4820.00 0.040 
10 40 20 30 4803.00 0.040 
11 41 21 31 4096.50 0.040 
12 42 22 32 3706.50 0.040 
13 43 23 33 3649.10 0.040 
14 44 24 34 3510.30 0.040 
15 45 25 35 3601.30 0.040 
16 46 26 36 3932.20 0.040 
18 48 28 38 4628.00 0.040 
1 34 12 23 4133.20 0.040 
2 35 13 24 4733.60 0.040 
3 36 14 25 5039.20 0.040 
4 37 15 26 5393.50 0.040 
5 38 16 27 5270.30 0.040 
6 39 17 28 5385.70 0.040 
7 40 18 29 4891.00 0.040 
8 41 19 30 4669.10 0.040 
9 42 20 31 4211.60 0.040 
10 43 21 32 3922.80 0.040 
11 44 22 33 3771.00 0.040 
12 45 23 34 3429.40 0.040 
13 46 24 35 3412.80 0.040 
15 48 26 37 3670.10 0.040 
1 37 13 25 3349.00 0.040 
2 38 14 26 4186.80 0.040 
3 39 15 27 4460.30 0.040 
4 40 16 28 4483.20 0.040 
5 41 17 29 4580.50 0.040 
6 42 18 30 4547.50 0.040 
7 43 19 31 4090.40 0.040 
8 44 20 32 3872.60 0.040 
9 45 21 33 3777.20 0.040 
10 46 22 34 3468.30 0.040 
12 48 24 36 3293.80 0.040 
1 40 14 27 3045.40 0.040 
2 41 15 28 3644.90 0.040 
3 42 16 29 3814.90 0.040 
4 43 17 30 4072.50 0.040 
5 44 18 31 3739.70 0.040 
6 45 19 32 3621.40 0.040 
7 46 20 33 3692.90 0.040 
9 48 22 35 3164.10 0.040 
1 43 15 29 2824.50 0.040 
2 44 16 30 3265.30 0.040 
3 45 17 31 3377.60 0.040 
4 46 18 32 3228.00 0.040 
5 47 19 33 2958.80 0.040 
6 48 20 34 3285.80 0.040 
1 46 16 31 2492.90 0.040 
3 48 18 33 2923.70 0.040 
