48 	 # Number of sensors 
# x z 
0.00 3953.49 
5.00 3953.63 
10.00 3954.01 
15.00 3955.71 
20.00 3956.96 
25.00 3958.78 
30.00 3960.26 
35.00 3961.64 
40.00 3963.74 
45.00 3965.35 
50.00 3966.97 
55.00 3968.21 
60.00 3968.94 
65.00 3969.19 
70.00 3969.24 
75.00 3969.11 
80.00 3968.85 
85.00 3968.56 
90.00 3968.65 
95.00 3968.68 
100.00 3968.61 
105.00 3968.76 
110.00 3968.75 
115.00 3968.50 
120.00 3968.28 
125.00 3967.92 
130.00 3967.14 
135.00 3966.62 
140.00 3965.53 
145.00 3964.32 
150.00 3963.15 
155.00 3962.23 
160.00 3961.78 
165.00 3961.74 
170.00 3962.03 
175.00 3962.28 
180.00 3962.25 
185.00 3962.17 
190.00 3961.68 
195.00 3960.87 
200.00 3960.06 
205.00 3959.14 
210.00 3958.26 
215.00 3957.20 
220.00 3955.81 
225.00 3954.19 
230.00 3952.70 
235.00 3951.28 
943 	 # Number of measurements 
# a b m n rhoa err
2 1 3 4 2301.76 0.040 
2 1 4 5 2412.98 0.040 
2 1 5 6 3641.43 0.040 
2 1 6 7 4195.38 0.040 
2 1 7 8 3345.86 0.040 
2 1 8 9 2568.95 0.040 
2 1 9 10 3109.93 0.040 
2 1 10 11 6039.28 0.040 
2 1 11 12 3510.43 0.040 
2 1 12 13 2031.41 0.040 
2 1 13 14 3051.49 0.040 
2 1 14 15 3051.16 0.040 
2 1 15 16 3202.17 0.040 
2 1 16 17 3881.29 0.040 
2 1 17 18 3330.20 0.040 
2 1 18 19 6491.99 0.040 
2 1 19 20 5320.08 0.040 
2 1 20 21 4426.62 0.040 
2 1 21 22 7174.97 0.040 
2 1 22 23 7034.79 0.040 
2 1 23 24 7004.30 0.040 
2 1 24 25 11781.03 0.040 
2 1 25 26 8678.62 0.040 
2 1 26 27 9590.04 0.040 
2 1 27 28 8531.05 0.040 
2 1 28 29 10645.40 0.040 
2 1 29 30 10694.11 0.040 
2 1 30 31 13677.72 0.040 
2 1 31 32 10678.23 0.040 
2 1 32 33 11902.32 0.040 
2 1 33 34 7426.05 0.040 
2 1 34 35 11813.36 0.040 
3 2 4 5 9239.26 0.040 
3 2 5 6 11776.12 0.040 
3 2 6 7 14740.28 0.040 
3 2 7 8 11800.46 0.040 
3 2 8 9 7805.27 0.040 
3 2 9 10 11076.88 0.040 
3 2 10 11 18385.57 0.040 
3 2 11 12 12891.74 0.040 
3 2 12 13 7951.88 0.040 
3 2 13 14 11117.85 0.040 
3 2 14 15 13325.30 0.040 
3 2 15 16 13581.25 0.040 
3 2 16 17 16659.51 0.040 
3 2 17 18 13291.29 0.040 
3 2 18 19 26008.28 0.040 
3 2 19 20 20227.19 0.040 
3 2 20 21 14112.50 0.040 
3 2 21 22 29385.16 0.040 
3 2 22 23 26839.76 0.040 
3 2 23 24 14209.46 0.040 
3 2 24 25 58424.91 0.040 
3 2 25 26 33043.66 0.040 
3 2 26 27 38474.50 0.040 
3 2 27 28 28418.73 0.040 
3 2 28 29 39994.92 0.040 
3 2 29 30 44348.17 0.040 
3 2 30 31 57492.09 0.040 
3 2 31 32 45484.28 0.040 
3 2 32 33 42802.55 0.040 
3 2 33 34 29475.57 0.040 
3 2 34 35 45380.54 0.040 
3 2 35 36 33250.21 0.040 
4 3 5 6 11734.19 0.040 
4 3 6 7 17751.45 0.040 
4 3 7 8 16122.46 0.040 
4 3 8 9 11671.33 0.040 
4 3 9 10 17349.53 0.040 
4 3 10 11 31208.26 0.040 
4 3 11 12 21334.63 0.040 
4 3 12 13 12039.46 0.040 
4 3 13 14 22231.41 0.040 
4 3 14 15 19302.54 0.040 
4 3 15 16 22433.04 0.040 
4 3 16 17 27911.72 0.040 
4 3 17 18 25548.61 0.040 
4 3 18 19 46517.02 0.040 
4 3 19 20 41006.51 0.040 
4 3 20 21 38395.49 0.040 
4 3 21 22 51004.42 0.040 
4 3 22 23 54043.86 0.040 
4 3 23 24 71127.33 0.040 
4 3 24 25 74845.98 0.040 
4 3 25 26 70100.07 0.040 
4 3 26 27 79796.59 0.040 
4 3 27 28 75693.40 0.040 
4 3 28 29 90338.45 0.040 
4 3 29 30 87651.80 0.040 
4 3 30 31 114791.59 0.040 
4 3 31 32 86185.58 0.040 
4 3 32 33 108735.06 0.040 
4 3 33 34 64563.68 0.040 
4 3 34 35 104761.96 0.040 
4 3 35 36 67359.41 0.040 
4 3 36 37 63618.34 0.040 
5 4 6 7 7424.26 0.040 
5 4 7 8 7516.49 0.040 
5 4 8 9 6275.36 0.040 
5 4 9 10 9206.73 0.040 
5 4 10 11 17420.45 0.040 
5 4 11 12 11407.43 0.040 
5 4 12 13 6643.71 0.040 
5 4 13 14 11308.45 0.040 
5 4 14 15 9732.35 0.040 
5 4 15 16 11210.90 0.040 
5 4 16 17 14020.83 0.040 
5 4 17 18 13061.92 0.040 
5 4 18 19 24859.64 0.040 
5 4 19 20 21965.96 0.040 
5 4 20 21 20681.08 0.040 
5 4 21 22 27894.51 0.040 
5 4 22 23 29880.75 0.040 
5 4 23 24 40686.70 0.040 
5 4 24 25 38204.43 0.040 
5 4 25 26 38539.55 0.040 
5 4 26 27 43035.20 0.040 
5 4 27 28 41489.30 0.040 
5 4 28 29 49551.13 0.040 
5 4 29 30 48249.68 0.040 
5 4 30 31 62602.49 0.040 
5 4 31 32 47808.74 0.040 
5 4 32 33 59046.33 0.040 
5 4 33 34 35573.86 0.040 
5 4 34 35 57441.13 0.040 
5 4 35 36 37104.07 0.040 
5 4 36 37 33865.55 0.040 
5 4 37 38 36625.90 0.040 
6 5 7 8 8811.84 0.040 
6 5 8 9 6300.55 0.040 
6 5 9 10 10632.83 0.040 
6 5 10 11 21869.40 0.040 
6 5 11 12 15220.51 0.040 
6 5 12 13 9405.23 0.040 
6 5 13 14 14808.50 0.040 
6 5 14 15 14439.17 0.040 
6 5 15 16 15888.17 0.040 
6 5 16 17 20152.49 0.040 
6 5 17 18 18091.57 0.040 
6 5 18 19 35946.52 0.040 
6 5 19 20 30855.02 0.040 
6 5 20 21 26985.24 0.040 
6 5 21 22 42805.93 0.040 
6 5 22 23 43543.04 0.040 
6 5 23 24 46798.59 0.040 
6 5 24 25 73639.29 0.040 
6 5 25 26 57010.87 0.040 
6 5 26 27 64320.48 0.040 
6 5 27 28 58890.06 0.040 
6 5 28 29 73388.84 0.040 
6 5 29 30 74099.37 0.040 
6 5 30 31 96582.05 0.040 
6 5 31 32 74978.87 0.040 
6 5 32 33 86873.43 0.040 
6 5 33 34 53851.77 0.040 
6 5 34 35 86846.88 0.040 
6 5 35 36 57998.10 0.040 
6 5 36 37 50499.35 0.040 
6 5 37 38 58928.17 0.040 
6 5 38 39 78987.55 0.040 
7 6 8 9 4974.12 0.040 
7 6 9 10 9236.28 0.040 
7 6 10 11 21769.00 0.040 
7 6 11 12 15592.39 0.040 
7 6 12 13 10037.92 0.040 
7 6 13 14 15393.63 0.040 
7 6 14 15 14574.45 0.040 
7 6 15 16 16036.22 0.040 
7 6 16 17 20490.18 0.040 
7 6 17 18 18888.42 0.040 
7 6 18 19 38898.78 0.040 
7 6 19 20 33913.45 0.040 
7 6 20 21 30728.85 0.040 
7 6 21 22 47225.90 0.040 
7 6 22 23 49176.52 0.040 
7 6 23 24 58385.63 0.040 
7 6 24 25 76051.69 0.040 
7 6 25 26 64924.07 0.040 
7 6 26 27 71820.09 0.040 
7 6 27 28 68382.65 0.040 
7 6 28 29 84225.23 0.040 
7 6 29 30 84131.23 0.040 
7 6 30 31 109026.55 0.040 
7 6 31 32 85661.22 0.040 
7 6 32 33 100228.38 0.040 
7 6 33 34 61858.38 0.040 
7 6 34 35 100135.12 0.040 
7 6 35 36 66201.55 0.040 
7 6 36 37 57621.07 0.040 
7 6 37 38 66853.48 0.040 
7 6 38 39 91084.80 0.040 
7 6 39 40 64317.83 0.040 
8 7 9 10 4829.77 0.040 
8 7 10 11 13643.94 0.040 
8 7 11 12 10610.47 0.040 
8 7 12 13 7504.63 0.040 
8 7 13 14 12605.24 0.040 
8 7 14 15 11715.53 0.040 
8 7 15 16 13677.89 0.040 
8 7 16 17 17973.30 0.040 
8 7 17 18 17437.71 0.040 
8 7 18 19 35755.06 0.040 
8 7 19 20 32560.58 0.040 
8 7 20 21 31498.28 0.040 
8 7 21 22 44834.96 0.040 
8 7 22 23 48799.36 0.040 
8 7 23 24 67451.90 0.040 
8 7 24 25 66506.93 0.040 
8 7 25 26 66708.87 0.040 
8 7 26 27 74436.36 0.040 
8 7 27 28 74327.59 0.040 
8 7 28 29 89644.12 0.040 
8 7 29 30 87598.38 0.040 
8 7 30 31 114336.96 0.040 
8 7 31 32 88720.14 0.040 
8 7 32 33 111090.16 0.040 
8 7 33 34 66950.76 0.040 
8 7 34 35 109847.40 0.040 
8 7 35 36 70952.50 0.040 
8 7 36 37 66047.38 0.040 
8 7 37 38 70743.16 0.040 
8 7 38 39 102829.39 0.040 
8 7 39 40 83933.70 0.040 
8 7 40 41 89377.20 0.040 
9 8 10 11 8813.39 0.040 
9 8 11 12 7428.73 0.040 
9 8 12 13 5912.22 0.040 
9 8 13 14 10433.81 0.040 
9 8 14 15 10018.81 0.040 
9 8 15 16 12029.22 0.040 
9 8 16 17 16339.04 0.040 
9 8 17 18 16033.22 0.040 
9 8 18 19 32861.88 0.040 
9 8 19 20 30549.46 0.040 
9 8 20 21 29802.63 0.040 
9 8 21 22 43341.83 0.040 
9 8 22 23 47615.56 0.040 
9 8 23 24 64250.66 0.040 
9 8 24 25 70509.00 0.040 
9 8 25 26 67591.98 0.040 
9 8 26 27 77070.55 0.040 
9 8 27 28 76359.71 0.040 
9 8 28 29 93285.51 0.040 
9 8 29 30 92326.00 0.040 
9 8 30 31 122162.16 0.040 
9 8 31 32 94740.63 0.040 
9 8 32 33 119550.51 0.040 
9 8 33 34 71775.09 0.040 
9 8 34 35 118831.37 0.040 
9 8 35 36 77117.01 0.040 
9 8 36 37 72527.20 0.040 
9 8 37 38 77742.94 0.040 
9 8 38 39 113380.17 0.040 
9 8 39 40 91415.62 0.040 
9 8 40 41 97382.19 0.040 
9 8 41 42 71944.08 0.040 
10 9 11 12 7182.16 0.040 
10 9 12 13 5849.19 0.040 
10 9 13 14 9926.36 0.040 
10 9 14 15 10001.89 0.040 
10 9 15 16 11680.84 0.040 
10 9 16 17 16259.46 0.040 
10 9 17 18 15929.97 0.040 
10 9 18 19 34943.93 0.040 
10 9 19 20 32159.58 0.040 
10 9 20 21 30202.23 0.040 
10 9 21 22 49215.41 0.040 
10 9 22 23 53040.86 0.040 
10 9 23 24 63591.68 0.040 
10 9 24 25 88112.36 0.040 
10 9 25 26 76073.23 0.040 
10 9 26 27 86324.29 0.040 
10 9 27 28 82491.98 0.040 
10 9 28 29 104891.78 0.040 
10 9 29 30 107626.24 0.040 
10 9 30 31 142123.95 0.040 
10 9 31 32 113511.86 0.040 
10 9 32 33 132054.62 0.040 
10 9 33 34 82613.34 0.040 
10 9 34 35 135790.30 0.040 
10 9 35 36 91205.20 0.040 
10 9 36 37 79239.79 0.040 
10 9 37 38 95223.05 0.040 
10 9 38 39 128411.34 0.040 
10 9 39 40 85668.80 0.040 
10 9 40 41 109453.12 0.040 
10 9 41 42 81883.27 0.040 
10 9 42 43 57041.40 0.040 
11 10 12 13 5583.11 0.040 
11 10 13 14 10450.71 0.040 
11 10 14 15 10396.11 0.040 
11 10 15 16 11901.02 0.040 
11 10 16 17 16764.82 0.040 
11 10 17 18 16792.31 0.040 
11 10 18 19 37433.88 0.040 
11 10 19 20 35496.01 0.040 
11 10 20 21 34771.83 0.040 
11 10 21 22 55081.98 0.040 
11 10 22 23 61158.11 0.040 
11 10 23 24 73777.07 0.040 
11 10 24 25 105946.96 0.040 
11 10 25 26 90745.30 0.040 
11 10 26 27 102395.29 0.040 
11 10 27 28 102241.59 0.040 
11 10 28 29 128419.72 0.040 
11 10 29 30 129984.75 0.040 
11 10 30 31 171707.39 0.040 
11 10 31 32 137585.55 0.040 
11 10 32 33 166047.97 0.040 
11 10 33 34 102461.60 0.040 
11 10 34 35 169988.59 0.040 
11 10 35 36 112575.61 0.040 
11 10 36 37 101094.45 0.040 
11 10 37 38 116453.76 0.040 
11 10 38 39 163752.86 0.040 
11 10 39 40 120889.05 0.040 
11 10 40 41 141962.28 0.040 
11 10 41 42 105779.95 0.040 
11 10 42 43 72689.35 0.040 
11 10 43 44 48226.10 0.040 
12 11 13 14 5023.30 0.040 
12 11 14 15 5604.95 0.040 
12 11 15 16 5882.36 0.040 
12 11 16 17 8117.43 0.040 
12 11 17 18 7909.40 0.040 
12 11 18 19 19076.52 0.040 
12 11 19 20 17925.58 0.040 
12 11 20 21 17598.90 0.040 
12 11 21 22 29413.11 0.040 
12 11 22 23 32345.37 0.040 
12 11 23 24 47746.01 0.040 
12 11 24 25 41772.65 0.040 
12 11 25 26 46700.03 0.040 
12 11 26 27 49818.23 0.040 
12 11 27 28 53197.66 0.040 
12 11 28 29 65621.62 0.040 
12 11 29 30 64984.52 0.040 
12 11 30 31 83734.23 0.040 
12 11 31 32 68970.66 0.040 
12 11 32 33 82455.34 0.040 
12 11 33 34 50573.62 0.040 
12 11 34 35 84350.66 0.040 
12 11 35 36 54947.87 0.040 
12 11 36 37 48852.00 0.040 
12 11 37 38 56463.50 0.040 
12 11 38 39 80818.16 0.040 
12 11 39 40 62518.08 0.040 
12 11 40 41 71651.98 0.040 
12 11 41 42 53043.95 0.040 
12 11 42 43 38319.14 0.040 
12 11 43 44 25807.13 0.040 
12 11 44 45 28372.34 0.040 
13 12 14 15 2588.04 0.040 
13 12 15 16 3024.48 0.040 
13 12 16 17 4325.04 0.040 
13 12 17 18 4072.22 0.040 
13 12 18 19 8843.36 0.040 
13 12 19 20 8481.15 0.040 
13 12 20 21 8385.64 0.040 
13 12 21 22 13742.27 0.040 
13 12 22 23 15171.99 0.040 
13 12 23 24 21041.87 0.040 
13 12 24 25 22586.43 0.040 
13 12 25 26 22437.96 0.040 
13 12 26 27 24488.38 0.040 
13 12 27 28 25890.54 0.040 
13 12 28 29 32071.93 0.040 
13 12 29 30 31932.93 0.040 
13 12 30 31 41590.32 0.040 
13 12 31 32 33831.41 0.040 
13 12 32 33 40965.63 0.040 
13 12 33 34 24989.58 0.040 
13 12 34 35 41707.63 0.040 
13 12 35 36 27107.26 0.040 
13 12 36 37 24427.85 0.040 
13 12 37 38 27775.90 0.040 
13 12 38 39 40341.59 0.040 
13 12 39 40 32135.37 0.040 
13 12 40 41 36018.04 0.040 
13 12 41 42 26670.61 0.040 
13 12 42 43 19222.60 0.040 
13 12 43 44 13031.90 0.040 
13 12 44 45 15343.10 0.040 
13 12 45 46 13415.36 0.040 
14 13 15 16 3264.67 0.040 
14 13 16 17 5430.55 0.040 
14 13 17 18 5156.09 0.040 
14 13 18 19 12610.92 0.040 
14 13 19 20 12052.16 0.040 
14 13 20 21 11710.83 0.040 
14 13 21 22 20975.50 0.040 
14 13 22 23 22888.66 0.040 
14 13 23 24 29627.95 0.040 
14 13 24 25 35879.50 0.040 
14 13 25 26 33008.18 0.040 
14 13 26 27 33304.78 0.040 
14 13 27 28 36723.50 0.040 
14 13 28 29 45845.64 0.040 
14 13 29 30 45636.57 0.040 
14 13 30 31 57259.02 0.040 
14 13 31 32 49285.12 0.040 
14 13 32 33 54032.43 0.040 
14 13 33 34 33903.82 0.040 
14 13 34 35 56340.89 0.040 
14 13 35 36 37063.64 0.040 
14 13 36 37 29830.31 0.040 
14 13 37 38 38694.93 0.040 
14 13 38 39 52703.15 0.040 
14 13 39 40 36118.02 0.040 
14 13 40 41 47649.53 0.040 
14 13 41 42 35367.34 0.040 
14 13 42 43 28819.62 0.040 
14 13 43 44 18839.31 0.040 
14 13 44 45 15695.88 0.040 
14 13 45 46 13914.76 0.040 
14 13 46 47 14413.17 0.040 
15 14 16 17 3576.78 0.040 
15 14 17 18 3869.24 0.040 
15 14 18 19 9019.41 0.040 
15 14 19 20 9103.64 0.040 
15 14 20 21 9191.31 0.040 
15 14 21 22 16055.97 0.040 
15 14 22 23 17810.76 0.040 
15 14 23 24 24306.36 0.040 
15 14 24 25 28175.48 0.040 
15 14 25 26 26880.03 0.040 
15 14 26 27 28198.09 0.040 
15 14 27 28 31243.30 0.040 
15 14 28 29 38799.05 0.040 
15 14 29 30 38377.30 0.040 
15 14 30 31 49120.36 0.040 
15 14 31 32 40983.14 0.040 
15 14 32 33 48311.12 0.040 
15 14 33 34 29320.79 0.040 
15 14 34 35 49208.73 0.040 
15 14 35 36 31616.47 0.040 
15 14 36 37 27802.06 0.040 
15 14 37 38 32171.75 0.040 
15 14 38 39 47392.89 0.040 
15 14 39 40 38939.02 0.040 
15 14 40 41 43597.14 0.040 
15 14 41 42 32279.80 0.040 
15 14 42 43 24642.27 0.040 
15 14 43 44 16947.52 0.040 
15 14 44 45 21448.87 0.040 
15 14 45 46 17822.22 0.040 
15 14 46 47 11363.59 0.040 
15 14 47 48 20367.36 0.040 
16 15 17 18 2419.24 0.040 
16 15 18 19 6497.70 0.040 
16 15 19 20 7184.07 0.040 
16 15 20 21 7524.20 0.040 
16 15 21 22 13629.08 0.040 
16 15 22 23 15392.00 0.040 
16 15 23 24 20959.30 0.040 
16 15 24 25 25438.63 0.040 
16 15 25 26 24111.80 0.040 
16 15 26 27 25566.19 0.040 
16 15 27 28 27961.07 0.040 
16 15 28 29 35376.76 0.040 
16 15 29 30 35681.81 0.040 
16 15 30 31 46011.56 0.040 
16 15 31 32 38649.02 0.040 
16 15 32 33 44044.44 0.040 
16 15 33 34 27061.41 0.040 
16 15 34 35 45418.61 0.040 
16 15 35 36 29572.82 0.040 
16 15 36 37 25052.57 0.040 
16 15 37 38 30606.28 0.040 
16 15 38 39 43479.96 0.040 
16 15 39 40 32723.39 0.040 
16 15 40 41 39871.20 0.040 
16 15 41 42 29833.33 0.040 
16 15 42 43 23764.02 0.040 
16 15 43 44 16006.38 0.040 
16 15 44 45 16605.01 0.040 
16 15 45 46 14098.64 0.040 
16 15 46 47 11527.23 0.040 
16 15 47 48 14113.10 0.040 
17 16 18 19 4347.19 0.040 
17 16 19 20 5757.14 0.040 
17 16 20 21 6477.77 0.040 
17 16 21 22 12430.90 0.040 
17 16 22 23 14374.31 0.040 
17 16 23 24 20038.15 0.040 
17 16 24 25 24752.64 0.040 
17 16 25 26 23700.14 0.040 
17 16 26 27 25464.37 0.040 
17 16 27 28 27896.60 0.040 
17 16 28 29 35788.52 0.040 
17 16 29 30 36552.22 0.040 
17 16 30 31 47648.65 0.040 
17 16 31 32 39932.25 0.040 
17 16 32 33 45375.78 0.040 
17 16 33 34 27924.06 0.040 
17 16 34 35 46944.20 0.040 
17 16 35 36 30730.09 0.040 
17 16 36 37 25997.90 0.040 
17 16 37 38 31983.48 0.040 
17 16 38 39 45378.78 0.040 
17 16 39 40 33741.97 0.040 
17 16 40 41 41830.67 0.040 
17 16 41 42 31470.53 0.040 
17 16 42 43 25246.16 0.040 
17 16 43 44 17025.19 0.040 
17 16 44 45 17048.70 0.040 
17 16 45 46 14609.75 0.040 
17 16 46 47 12401.28 0.040 
17 16 47 48 14333.25 0.040 
18 17 19 20 3512.64 0.040 
18 17 20 21 4404.27 0.040 
18 17 21 22 9309.37 0.040 
18 17 22 23 11039.49 0.040 
18 17 23 24 15760.36 0.040 
18 17 24 25 19861.76 0.040 
18 17 25 26 19136.38 0.040 
18 17 26 27 20888.35 0.040 
18 17 27 28 22729.79 0.040 
18 17 28 29 29592.54 0.040 
18 17 29 30 30655.28 0.040 
18 17 30 31 40485.54 0.040 
18 17 31 32 33671.44 0.040 
18 17 32 33 37855.29 0.040 
18 17 33 34 23328.20 0.040 
18 17 34 35 39141.80 0.040 
18 17 35 36 25796.62 0.040 
18 17 36 37 21674.27 0.040 
18 17 37 38 26972.65 0.040 
18 17 38 39 37794.11 0.040 
18 17 39 40 27190.85 0.040 
18 17 40 41 34972.94 0.040 
18 17 41 42 26548.61 0.040 
18 17 42 43 21401.89 0.040 
18 17 43 44 14415.63 0.040 
18 17 44 45 13026.76 0.040 
18 17 45 46 11652.58 0.040 
18 17 46 47 10839.47 0.040 
18 17 47 48 10588.54 0.040 
19 18 20 21 5410.42 0.040 
19 18 21 22 13934.02 0.040 
19 18 22 23 17717.12 0.040 
19 18 23 24 27023.59 0.040 
19 18 24 25 35542.30 0.040 
19 18 25 26 35270.57 0.040 
19 18 26 27 40669.25 0.040 
19 18 27 28 43411.39 0.040 
19 18 28 29 57895.99 0.040 
19 18 29 30 61460.93 0.040 
19 18 30 31 83939.39 0.040 
19 18 31 32 67837.67 0.040 
19 18 32 33 78264.98 0.040 
19 18 33 34 47734.00 0.040 
19 18 34 35 80355.51 0.040 
19 18 35 36 53158.32 0.040 
19 18 36 37 46515.82 0.040 
19 18 37 38 55350.15 0.040 
19 18 38 39 78856.34 0.040 
19 18 39 40 58718.38 0.040 
19 18 40 41 72956.11 0.040 
19 18 41 42 56156.78 0.040 
19 18 42 43 43355.30 0.040 
19 18 43 44 29682.16 0.040 
19 18 44 45 28482.10 0.040 
19 18 45 46 26251.39 0.040 
19 18 46 47 21524.12 0.040 
19 18 47 48 26666.39 0.040 
20 19 21 22 7224.04 0.040 
20 19 22 23 9595.32 0.040 
20 19 23 24 15809.92 0.040 
20 19 24 25 21520.31 0.040 
20 19 25 26 22030.74 0.040 
20 19 26 27 25198.14 0.040 
20 19 27 28 28499.21 0.040 
20 19 28 29 38509.26 0.040 
20 19 29 30 41201.18 0.040 
20 19 30 31 56201.67 0.040 
20 19 31 32 46427.89 0.040 
20 19 32 33 52771.82 0.040 
20 19 33 34 32382.75 0.040 
20 19 34 35 54676.81 0.040 
20 19 35 36 36277.16 0.040 
20 19 36 37 31211.33 0.040 
20 19 37 38 38065.05 0.040 
20 19 38 39 54064.97 0.040 
20 19 39 40 39687.06 0.040 
20 19 40 41 50777.05 0.040 
20 19 41 42 39268.62 0.040 
20 19 42 43 31158.36 0.040 
20 19 43 44 21299.39 0.040 
20 19 44 45 19622.86 0.040 
20 19 45 46 18107.28 0.040 
20 19 46 47 16113.97 0.040 
20 19 47 48 17398.16 0.040 
21 20 22 23 5384.95 0.040 
21 20 23 24 9845.75 0.040 
21 20 24 25 14168.97 0.040 
21 20 25 26 15115.22 0.040 
21 20 26 27 17438.22 0.040 
21 20 27 28 20920.71 0.040 
21 20 28 29 28749.48 0.040 
21 20 29 30 31032.03 0.040 
21 20 30 31 42528.24 0.040 
21 20 31 32 35579.64 0.040 
21 20 32 33 40115.61 0.040 
21 20 33 34 24603.84 0.040 
21 20 34 35 41583.21 0.040 
21 20 35 36 27549.85 0.040 
21 20 36 37 23544.21 0.040 
21 20 37 38 28843.23 0.040 
21 20 38 39 41335.63 0.040 
21 20 39 40 30839.36 0.040 
21 20 40 41 39485.22 0.040 
21 20 41 42 30596.54 0.040 
21 20 42 43 24654.77 0.040 
21 20 43 44 17080.27 0.040 
21 20 44 45 16197.12 0.040 
21 20 45 46 14851.35 0.040 
21 20 46 47 13074.84 0.040 
21 20 47 48 14493.65 0.040 
22 21 23 24 9188.13 0.040 
22 21 24 25 15724.41 0.040 
22 21 25 26 17963.71 0.040 
22 21 26 27 23013.23 0.040 
22 21 27 28 26631.03 0.040 
22 21 28 29 38640.88 0.040 
22 21 29 30 43659.05 0.040 
22 21 30 31 62936.70 0.040 
22 21 31 32 51273.21 0.040 
22 21 32 33 59317.89 0.040 
22 21 33 34 35954.27 0.040 
22 21 34 35 61034.29 0.040 
22 21 35 36 40508.92 0.040 
22 21 36 37 36075.12 0.040 
22 21 37 38 42026.43 0.040 
22 21 38 39 61143.16 0.040 
22 21 39 40 47314.22 0.040 
22 21 40 41 58565.81 0.040 
22 21 41 42 46154.79 0.040 
22 21 42 43 35739.49 0.040 
22 21 43 44 25192.50 0.040 
22 21 44 45 25669.76 0.040 
22 21 45 46 24150.17 0.040 
22 21 46 47 18608.94 0.040 
22 21 47 48 25912.76 0.040 
23 22 24 25 9415.64 0.040 
23 22 25 26 12455.47 0.040 
23 22 26 27 16843.12 0.040 
23 22 27 28 21300.72 0.040 
23 22 28 29 32178.04 0.040 
23 22 29 30 37388.18 0.040 
23 22 30 31 54425.76 0.040 
23 22 31 32 45409.26 0.040 
23 22 32 33 51720.09 0.040 
23 22 33 34 31328.06 0.040 
23 22 34 35 53269.06 0.040 
23 22 35 36 35236.55 0.040 
23 22 36 37 30790.54 0.040 
23 22 37 38 36432.31 0.040 
23 22 38 39 53113.33 0.040 
23 22 39 40 40965.11 0.040 
23 22 40 41 51659.92 0.040 
23 22 41 42 40887.06 0.040 
23 22 42 43 32626.86 0.040 
23 22 43 44 23059.20 0.040 
23 22 44 45 23166.24 0.040 
23 22 45 46 21518.65 0.040 
23 22 46 47 17464.49 0.040 
23 22 47 48 22446.08 0.040 
24 23 25 26 8830.40 0.040 
24 23 26 27 14505.35 0.040 
24 23 27 28 18207.78 0.040 
24 23 28 29 29782.26 0.040 
24 23 29 30 36712.36 0.040 
24 23 30 31 56154.96 0.040 
24 23 31 32 47156.43 0.040 
24 23 32 33 53777.10 0.040 
24 23 33 34 32586.40 0.040 
24 23 34 35 55563.80 0.040 
24 23 35 36 36872.17 0.040 
24 23 36 37 31924.39 0.040 
24 23 37 38 37970.24 0.040 
24 23 38 39 54917.66 0.040 
24 23 39 40 41431.02 0.040 
24 23 40 41 53967.39 0.040 
24 23 41 42 43314.39 0.040 
24 23 42 43 34971.45 0.040 
24 23 43 44 24868.04 0.040 
24 23 44 45 23130.27 0.040 
24 23 45 46 22175.84 0.040 
24 23 46 47 19476.05 0.040 
24 23 47 48 21902.61 0.040 
25 24 26 27 10026.17 0.040 
25 24 27 28 14233.88 0.040 
25 24 28 29 25529.88 0.040 
25 24 29 30 34334.44 0.040 
25 24 30 31 54019.71 0.040 
25 24 31 32 46920.41 0.040 
25 24 32 33 51779.92 0.040 
25 24 33 34 33941.40 0.040 
25 24 34 35 55901.49 0.040 
25 24 35 36 36425.78 0.040 
25 24 36 37 30722.49 0.040 
25 24 37 38 37184.78 0.040 
25 24 38 39 52921.40 0.040 
25 24 39 40 41625.95 0.040 
25 24 40 41 55492.36 0.040 
25 24 41 42 44994.06 0.040 
25 24 42 43 36899.10 0.040 
25 24 43 44 26119.16 0.040 
25 24 44 45 25793.17 0.040 
25 24 45 46 25624.72 0.040 
25 24 46 47 21229.11 0.040 
25 24 47 48 23343.22 0.040 
26 25 27 28 7481.32 0.040 
26 25 28 29 15079.65 0.040 
26 25 29 30 21897.77 0.040 
26 25 30 31 38381.48 0.040 
26 25 31 32 33790.57 0.040 
26 25 32 33 39747.80 0.040 
26 25 33 34 22806.47 0.040 
26 25 34 35 40806.82 0.040 
26 25 35 36 28548.42 0.040 
26 25 36 37 23878.54 0.040 
26 25 37 38 27359.65 0.040 
26 25 38 39 41450.06 0.040 
26 25 39 40 32470.12 0.040 
26 25 40 41 40441.74 0.040 
26 25 41 42 32623.53 0.040 
26 25 42 43 27707.20 0.040 
26 25 43 44 20470.28 0.040 
26 25 44 45 20399.15 0.040 
26 25 45 46 15338.03 0.040 
26 25 46 47 16845.31 0.040 
27 26 28 29 10395.23 0.040 
27 26 29 30 16793.58 0.040 
27 26 30 31 29007.04 0.040 
27 26 31 32 28791.41 0.040 
27 26 32 33 32373.27 0.040 
27 26 33 34 19683.89 0.040 
27 26 34 35 33050.04 0.040 
27 26 35 36 23060.15 0.040 
27 26 36 37 17825.92 0.040 
27 26 37 38 22797.25 0.040 
27 26 38 39 32831.82 0.040 
27 26 39 40 26251.97 0.040 
27 26 40 41 35145.62 0.040 
27 26 41 42 28336.98 0.040 
27 26 42 43 26245.83 0.040 
27 26 43 44 19074.60 0.040 
27 26 44 45 21191.74 0.040 
27 26 45 46 19539.09 0.040 
27 26 46 47 14696.29 0.040 
27 26 47 48 27432.46 0.040 
28 27 29 30 8475.10 0.040 
28 27 30 31 20918.30 0.040 
28 27 31 32 21432.28 0.040 
28 27 32 33 26383.32 0.040 
28 27 33 34 16462.50 0.040 
28 27 34 35 29364.64 0.040 
28 27 35 36 19090.68 0.040 
28 27 36 37 15311.78 0.040 
28 27 37 38 22059.04 0.040 
28 27 38 39 28805.49 0.040 
28 27 39 40 22887.84 0.040 
28 27 40 41 30468.46 0.040 
28 27 41 42 25566.54 0.040 
28 27 42 43 22261.58 0.040 
28 27 43 44 16542.03 0.040 
28 27 44 45 16512.78 0.040 
28 27 45 46 15837.26 0.040 
28 27 46 47 13963.85 0.040 
28 27 47 48 24479.89 0.040 
29 28 30 31 13573.10 0.040 
29 28 31 32 16412.78 0.040 
29 28 32 33 21745.49 0.040 
29 28 33 34 14087.54 0.040 
29 28 34 35 26840.87 0.040 
29 28 35 36 17412.73 0.040 
29 28 36 37 14724.90 0.040 
29 28 37 38 16552.26 0.040 
29 28 38 39 25469.02 0.040 
29 28 39 40 22328.57 0.040 
29 28 40 41 30462.38 0.040 
29 28 41 42 25089.16 0.040 
29 28 42 43 22149.01 0.040 
29 28 43 44 16749.03 0.040 
29 28 44 45 17930.56 0.040 
29 28 45 46 16492.04 0.040 
29 28 46 47 14169.13 0.040 
29 28 47 48 21876.25 0.040 
30 29 31 32 9137.94 0.040 
30 29 32 33 13970.13 0.040 
30 29 33 34 9550.89 0.040 
30 29 34 35 18695.84 0.040 
30 29 35 36 13026.73 0.040 
30 29 36 37 11362.73 0.040 
30 29 37 38 11721.31 0.040 
30 29 38 39 19443.97 0.040 
30 29 39 40 13992.54 0.040 
30 29 40 41 23098.49 0.040 
30 29 41 42 19827.25 0.040 
30 29 42 43 18528.64 0.040 
30 29 43 44 13767.29 0.040 
30 29 44 45 14637.67 0.040 
30 29 45 46 13257.53 0.040 
30 29 46 47 11945.64 0.040 
30 29 47 48 14396.78 0.040 
31 30 32 33 9955.76 0.040 
31 30 33 34 7803.33 0.040 
31 30 34 35 16166.82 0.040 
31 30 35 36 11544.50 0.040 
31 30 36 37 9115.68 0.040 
31 30 37 38 11272.55 0.040 
31 30 38 39 18161.72 0.040 
31 30 39 40 15545.80 0.040 
31 30 40 41 19663.96 0.040 
31 30 41 42 17247.48 0.040 
31 30 42 43 19376.88 0.040 
31 30 43 44 14730.82 0.040 
31 30 44 45 16013.75 0.040 
31 30 45 46 13983.43 0.040 
31 30 46 47 13359.85 0.040 
31 30 47 48 13910.73 0.040 
32 31 33 34 5522.59 0.040 
32 31 34 35 13425.15 0.040 
32 31 35 36 9752.13 0.040 
32 31 36 37 7789.93 0.040 
32 31 37 38 8550.95 0.040 
32 31 38 39 13312.23 0.040 
32 31 39 40 11555.69 0.040 
32 31 40 41 15564.62 0.040 
32 31 41 42 13860.06 0.040 
32 31 42 43 12710.56 0.040 
32 31 43 44 10316.56 0.040 
32 31 44 45 10577.31 0.040 
32 31 45 46 11691.63 0.040 
32 31 46 47 10407.04 0.040 
32 31 47 48 11727.60 0.040 
33 32 34 35 11113.51 0.040 
33 32 35 36 9352.97 0.040 
33 32 36 37 7230.28 0.040 
33 32 37 38 7999.56 0.040 
33 32 38 39 12521.40 0.040 
33 32 39 40 10760.25 0.040 
33 32 40 41 15602.32 0.040 
33 32 41 42 14387.39 0.040 
33 32 42 43 14614.98 0.040 
33 32 43 44 11474.72 0.040 
33 32 44 45 10595.31 0.040 
33 32 45 46 11834.92 0.040 
33 32 46 47 13808.00 0.040 
33 32 47 48 11615.28 0.040 
34 33 35 36 3717.00 0.040 
34 33 36 37 3183.32 0.040 
34 33 37 38 3692.99 0.040 
34 33 38 39 5982.40 0.040 
34 33 39 40 5354.88 0.040 
34 33 40 41 7948.18 0.040 
34 33 41 42 7504.57 0.040 
34 33 42 43 8133.95 0.040 
34 33 43 44 6850.38 0.040 
34 33 44 45 8895.47 0.040 
34 33 45 46 4699.30 0.040 
34 33 46 47 5257.47 0.040 
34 33 47 48 5185.99 0.040 
35 34 36 37 2843.97 0.040 
35 34 37 38 3810.95 0.040 
35 34 38 39 6681.07 0.040 
35 34 39 40 6298.69 0.040 
35 34 40 41 9743.04 0.040 
35 34 41 42 9648.76 0.040 
35 34 42 43 10748.80 0.040 
35 34 43 44 9075.54 0.040 
35 34 44 45 10601.22 0.040 
35 34 45 46 9457.80 0.040 
35 34 46 47 8062.49 0.040 
35 34 47 48 8228.55 0.040 
36 35 37 38 1734.47 0.040 
36 35 38 39 3280.32 0.040 
36 35 39 40 3303.16 0.040 
36 35 40 41 5342.39 0.040 
36 35 41 42 5365.31 0.040 
36 35 42 43 6584.59 0.040 
36 35 43 44 5579.43 0.040 
36 35 44 45 6620.91 0.040 
36 35 45 46 5684.87 0.040 
36 35 46 47 5837.39 0.040 
36 35 47 48 7888.01 0.040 
37 36 38 39 1860.97 0.040 
37 36 39 40 2193.64 0.040 
37 36 40 41 3903.23 0.040 
37 36 41 42 3983.56 0.040 
37 36 42 43 5526.57 0.040 
37 36 43 44 4706.98 0.040 
37 36 44 45 5813.65 0.040 
37 36 45 46 4590.56 0.040 
37 36 46 47 5210.97 0.040 
37 36 47 48 4404.10 0.040 
38 37 39 40 1522.59 0.040 
38 37 40 41 3214.60 0.040 
38 37 41 42 3748.68 0.040 
38 37 42 43 5410.17 0.040 
38 37 43 44 4868.64 0.040 
38 37 44 45 5964.71 0.040 
38 37 45 46 5044.55 0.040 
38 37 46 47 5656.86 0.040 
38 37 47 48 5092.14 0.040 
39 38 40 41 2800.70 0.040 
39 38 41 42 3730.56 0.040 
39 38 42 43 6069.64 0.040 
39 38 43 44 5827.21 0.040 
39 38 44 45 7402.00 0.040 
39 38 45 46 6416.88 0.040 
39 38 46 47 7457.82 0.040 
39 38 47 48 6482.45 0.040 
40 39 41 42 1957.83 0.040 
40 39 42 43 3804.79 0.040 
40 39 43 44 3975.51 0.040 
40 39 44 45 5343.95 0.040 
40 39 45 46 4851.50 0.040 
40 39 46 47 5790.00 0.040 
40 39 47 48 5133.64 0.040 
41 40 42 43 3269.42 0.040 
41 40 43 44 4131.45 0.040 
41 40 44 45 6065.80 0.040 
41 40 45 46 5917.27 0.040 
41 40 46 47 7380.18 0.040 
41 40 47 48 6949.75 0.040 
42 41 43 44 2423.03 0.040 
42 41 44 45 3946.50 0.040 
42 41 45 46 4234.59 0.040 
42 41 46 47 5621.08 0.040 
42 41 47 48 5407.32 0.040 
43 42 44 45 3289.61 0.040 
43 42 45 46 4435.88 0.040 
43 42 46 47 6331.60 0.040 
43 42 47 48 6738.71 0.040 
44 43 45 46 2581.19 0.040 
44 43 46 47 4466.05 0.040 
44 43 47 48 4881.99 0.040 
45 44 46 47 3504.43 0.040 
45 44 47 48 4315.90 0.040 
46 45 47 48 1943.21 0.040 
