48 	 # Number of sensors 
# x z 
0	-28.72
5	-28.23
10	-27.8
15	-27.02
20	-26.61
25	-25.95
30	-25.65
35	-25.07
40	-24.57
45	-23.9
50	-23.37
55	-22.74
60	-22.68
65	-22.05
70	-21.6
75	-20.95
80	-20.5
85	-19.5
90	-18.46
95	-17.36
100	-16.34
105	-15.24
110	-14.23
115	-13.08
120	-12.16
125	-11.65
130	-11.02
135	-10.25
140	-9.69
145	-8.9
150	-8.13
155	-7.36
160	-6.64
165	-6.01
170	-5.29
175	-4.91
180	-4.6
185	-4.52
190	-4.55
195	-4.33
200	-4.08
205	-3.7
210	-3.06
215	-2.05
220	-1.49
225	-0.68
230	-0.17
235	0
360 	 # Number of measurements 
# a b m n rhoa err
1 4 2 3 536.02 0.040 
1 7 3 5 986.71 0.040 
1 10 4 7 1454.94 0.040 
1 13 5 9 1797.19 0.040 
1 16 6 11 1989.60 0.040 
1 19 7 13 2002.74 0.040 
1 22 8 15 2055.72 0.040 
1 25 9 17 2349.01 0.040 
1 28 10 19 2862.91 0.040 
1 31 11 21 3050.88 0.040 
1 34 12 23 2925.67 0.040 
1 37 13 25 2599.61 0.040 
1 40 14 27 2274.80 0.040 
1 43 15 29 2135.26 0.040 
1 46 16 31 1969.17 0.040 
2 5 3 4 541.02 0.040 
2 8 4 6 1011.54 0.040 
2 11 5 8 1463.45 0.040 
2 14 6 10 1701.07 0.040 
2 17 7 12 1929.60 0.040 
2 20 8 14 1987.86 0.040 
2 23 9 16 2131.02 0.040 
2 26 10 18 2655.30 0.040 
2 29 11 20 3067.84 0.040 
2 32 12 22 3130.19 0.040 
2 35 13 24 2932.79 0.040 
2 38 14 26 2597.61 0.040 
2 41 15 28 2267.11 0.040 
2 44 16 30 2116.92 0.040 
2 47 17 32 1936.41 0.040 
3 6 4 5 514.28 0.040 
3 9 5 7 992.36 0.040 
3 12 6 9 1365.60 0.040 
3 15 7 11 1637.85 0.040 
3 18 8 13 1876.95 0.040 
3 21 9 15 1959.55 0.040 
3 24 10 17 2340.07 0.040 
3 27 11 19 2924.20 0.040 
3 30 12 21 3242.88 0.040 
3 33 13 23 3156.56 0.040 
3 36 14 25 2884.91 0.040 
3 39 15 27 2518.07 0.040 
3 42 16 29 2250.53 0.040 
3 45 17 31 2019.75 0.040 
3 48 18 33 1800.34 0.040 
4 7 5 6 521.25 0.040 
4 10 6 8 939.17 0.040 
4 13 7 10 1252.14 0.040 
4 16 8 12 1637.30 0.040 
4 19 9 14 1829.59 0.040 
4 22 10 16 2058.30 0.040 
4 25 11 18 2596.66 0.040 
4 28 12 20 3141.83 0.040 
4 31 13 22 3313.23 0.040 
4 34 14 24 3172.32 0.040 
4 37 15 26 2797.69 0.040 
4 40 16 28 2398.57 0.040 
4 43 17 30 2147.83 0.040 
4 46 18 32 1852.43 0.040 
5 8 6 7 485.63 0.040 
5 11 7 9 874.68 0.040 
5 14 8 11 1218.19 0.040 
5 17 9 13 1661.47 0.040 
5 20 10 15 1827.75 0.040 
5 23 11 17 2221.78 0.040 
5 26 12 19 2866.14 0.040 
5 29 13 21 3227.75 0.040 
5 32 14 23 3316.07 0.040 
5 35 15 25 3120.50 0.040 
5 38 16 27 2670.33 0.040 
5 41 17 29 2224.40 0.040 
5 44 18 31 1917.24 0.040 
5 47 19 33 1710.38 0.040 
6 9 7 8 445.66 0.040 
6 12 8 10 846.61 0.040 
6 15 9 12 1280.09 0.040 
6 18 10 14 1685.88 0.040 
6 21 11 16 1889.82 0.040 
6 24 12 18 2477.12 0.040 
6 27 13 20 3026.85 0.040 
6 30 14 22 3371.21 0.040 
6 33 15 24 3338.07 0.040 
6 36 16 26 2933.79 0.040 
6 39 17 28 2410.14 0.040 
6 42 18 30 2006.51 0.040 
6 45 19 32 1753.95 0.040 
6 48 20 34 1635.77 0.040 
7 10 8 9 419.31 0.040 
7 13 9 11 826.62 0.040 
7 16 10 13 1381.99 0.040 
7 19 11 15 1633.74 0.040 
7 22 12 17 2066.20 0.040 
7 25 13 19 2689.49 0.040 
7 28 14 21 3223.51 0.040 
7 31 15 23 3489.26 0.040 
7 34 16 25 3262.41 0.040 
7 37 17 27 2677.35 0.040 
7 40 18 29 2129.89 0.040 
7 43 19 31 1834.01 0.040 
7 46 20 33 1635.83 0.040 
8 11 9 10 406.63 0.040 
8 14 10 12 877.63 0.040 
8 17 11 14 1422.60 0.040 
8 20 12 16 1660.98 0.040 
8 23 13 18 2240.01 0.040 
8 26 14 20 2886.44 0.040 
8 29 15 22 3350.48 0.040 
8 32 16 24 3403.79 0.040 
8 35 17 26 2959.90 0.040 
8 38 18 28 2330.12 0.040 
8 41 19 30 1879.08 0.040 
8 44 20 32 1698.92 0.040 
8 47 21 34 1580.87 0.040 
9 12 10 11 436.07 0.040 
9 15 11 13 963.77 0.040 
9 18 12 15 1366.26 0.040 
9 21 13 17 1775.95 0.040 
9 24 14 19 2469.96 0.040 
9 27 15 21 3084.23 0.040 
9 30 16 23 3462.87 0.040 
9 33 17 25 3217.52 0.040 
9 36 18 27 2594.33 0.040 
9 39 19 29 2065.74 0.040 
9 42 20 31 1734.66 0.040 
9 45 21 33 1585.42 0.040 
9 48 22 35 1534.35 0.040 
10 13 11 12 466.42 0.040 
10 16 12 14 1009.37 0.040 
10 19 13 16 1322.31 0.040 
10 22 14 18 1975.43 0.040 
10 25 15 20 2651.68 0.040 
10 28 16 22 3220.11 0.040 
10 31 17 24 3367.42 0.040 
10 34 18 26 2849.69 0.040 
10 37 19 28 2224.44 0.040 
10 40 20 30 1825.47 0.040 
10 43 21 32 1677.60 0.040 
10 46 22 34 1533.68 0.040 
11 14 12 13 511.15 0.040 
11 17 13 15 972.17 0.040 
11 20 14 17 1472.83 0.040 
11 23 15 19 2222.18 0.040 
11 26 16 21 2833.82 0.040 
11 29 17 23 3200.56 0.040 
11 32 18 25 3080.97 0.040 
11 35 19 27 2524.54 0.040 
11 38 20 29 2039.57 0.040 
11 41 21 31 1698.49 0.040 
11 44 22 33 1587.89 0.040 
11 47 23 35 1487.77 0.040 
12 15 13 14 524.75 0.040 
12 18 14 16 993.16 0.040 
12 21 15 18 1739.05 0.040 
12 24 16 20 2383.98 0.040 
12 27 17 22 2876.05 0.040 
12 30 18 24 3127.34 0.040 
12 33 19 26 2775.06 0.040 
12 36 20 28 2225.58 0.040 
12 39 21 30 1858.93 0.040 
12 42 22 32 1654.13 0.040 
12 45 23 34 1522.32 0.040 
12 48 24 36 1500.89 0.040 
13 16 14 15 509.75 0.040 
13 19 15 17 1175.16 0.040 
13 22 16 19 1969.00 0.040 
13 25 17 21 2455.83 0.040 
13 28 18 23 2918.88 0.040 
13 31 19 25 2993.50 0.040 
13 34 20 27 2538.10 0.040 
13 37 21 29 2068.96 0.040 
13 40 22 31 1761.43 0.040 
13 43 23 33 1633.85 0.040 
13 46 24 35 1515.16 0.040 
14 17 15 16 593.42 0.040 
14 20 16 18 1354.88 0.040 
14 23 17 20 1991.02 0.040 
14 26 18 22 2454.79 0.040 
14 29 19 24 2810.29 0.040 
14 32 20 26 2709.04 0.040 
14 35 21 28 2302.48 0.040 
14 38 22 30 1990.77 0.040 
14 41 23 32 1699.25 0.040 
14 44 24 34 1600.05 0.040 
14 47 25 36 1513.11 0.040 
15 18 16 17 722.20 0.040 
15 21 17 19 1467.16 0.040 
15 24 18 21 1955.12 0.040 
15 27 19 23 2425.91 0.040 
15 30 20 25 2780.93 0.040 
15 33 21 27 2546.14 0.040 
15 36 22 29 2186.70 0.040 
15 39 23 31 1863.61 0.040 
15 42 24 33 1661.93 0.040 
15 45 25 35 1552.33 0.040 
15 48 26 37 1545.36 0.040 
16 19 17 18 797.93 0.040 
16 22 18 20 1424.37 0.040 
16 25 19 22 1886.76 0.040 
16 28 20 24 2512.32 0.040 
16 31 21 26 2660.01 0.040 
16 34 22 28 2370.00 0.040 
16 37 23 30 2049.54 0.040 
16 40 24 32 1827.92 0.040 
16 43 25 34 1688.71 0.040 
16 46 26 36 1579.47 0.040 
17 20 18 19 850.84 0.040 
17 23 19 21 1410.13 0.040 
17 26 20 23 2052.16 0.040 
17 29 21 25 2543.39 0.040 
17 32 22 27 2577.42 0.040 
17 35 23 29 2337.17 0.040 
17 38 24 31 2121.16 0.040 
17 41 25 33 1831.41 0.040 
17 44 26 35 1725.76 0.040 
17 47 27 37 1640.31 0.040 
18 21 19 20 811.63 0.040 
18 24 20 22 1446.02 0.040 
18 27 21 24 2157.33 0.040 
18 30 22 26 2557.48 0.040 
18 33 23 28 2449.40 0.040 
18 36 24 30 2330.19 0.040 
18 39 25 32 2162.52 0.040 
18 42 26 34 1904.42 0.040 
18 45 27 36 1790.05 0.040 
18 48 28 38 1745.09 0.040 
19 22 20 21 842.95 0.040 
19 25 21 23 1536.37 0.040 
19 28 22 25 2318.91 0.040 
19 31 23 27 2566.29 0.040 
19 34 24 29 2567.71 0.040 
19 37 25 31 2390.69 0.040 
19 40 26 33 2190.43 0.040 
19 43 27 35 2071.52 0.040 
19 46 28 37 1925.14 0.040 
20 23 21 22 815.84 0.040 
20 26 22 24 1660.78 0.040 
20 29 23 26 2230.40 0.040 
20 32 24 28 2442.73 0.040 
20 35 25 30 2601.01 0.040 
20 38 26 32 2586.10 0.040 
20 41 27 34 2259.07 0.040 
20 44 28 36 2156.59 0.040 
20 47 29 38 1939.60 0.040 
21 24 22 23 894.04 0.040 
21 27 23 25 1685.97 0.040 
21 30 24 27 2258.71 0.040 
21 33 25 29 2644.11 0.040 
21 36 26 31 2742.05 0.040 
21 39 27 33 2654.78 0.040 
21 42 28 35 2387.30 0.040 
21 45 29 37 2170.59 0.040 
21 48 30 39 2070.54 0.040 
22 25 23 24 863.12 0.040 
22 28 24 26 1666.38 0.040 
22 31 25 28 2253.16 0.040 
22 34 26 30 2742.57 0.040 
22 37 27 32 2925.56 0.040 
22 40 28 34 2686.03 0.040 
22 43 29 36 2489.83 0.040 
22 46 30 38 2219.12 0.040 
23 26 24 25 919.02 0.040 
23 29 25 27 1700.94 0.040 
23 32 26 29 2518.33 0.040 
23 35 27 31 2984.18 0.040 
23 38 28 33 3136.52 0.040 
23 41 29 35 2736.89 0.040 
23 44 30 37 2597.10 0.040 
23 47 31 39 2383.67 0.040 
24 27 25 26 853.88 0.040 
24 30 26 28 1801.23 0.040 
24 33 27 30 2720.67 0.040 
24 36 28 32 3343.11 0.040 
24 39 29 34 3105.48 0.040 
24 42 30 36 2847.23 0.040 
24 45 31 38 2585.89 0.040 
24 48 32 40 2328.17 0.040 
25 28 26 27 1004.15 0.040 
25 31 27 29 2117.65 0.040 
25 34 28 31 3086.45 0.040 
25 37 29 33 3323.20 0.040 
25 40 30 35 3105.80 0.040 
25 43 31 37 2935.07 0.040 
25 46 32 39 2493.14 0.040 
26 29 27 28 963.08 0.040 
26 32 28 30 2314.88 0.040 
26 35 29 32 3226.81 0.040 
26 38 30 34 3341.56 0.040 
26 41 31 36 3069.09 0.040 
26 44 32 38 2670.55 0.040 
26 47 33 40 2381.11 0.040 
27 30 28 29 1319.11 0.040 
27 33 29 31 2442.14 0.040 
27 36 30 33 3281.51 0.040 
27 39 31 35 3307.00 0.040 
27 42 32 37 2894.14 0.040 
27 45 33 39 2534.64 0.040 
27 48 34 41 2333.32 0.040 
28 31 29 30 1334.71 0.040 
28 34 30 32 2775.22 0.040 
28 37 31 34 3291.41 0.040 
28 40 32 36 3049.88 0.040 
28 43 33 38 2770.92 0.040 
28 46 34 40 2410.07 0.040 
29 32 30 31 1556.00 0.040 
29 35 31 33 2898.77 0.040 
29 38 32 35 3306.56 0.040 
29 41 33 37 3027.50 0.040 
29 44 34 39 2697.30 0.040 
29 47 35 41 2333.27 0.040 
30 33 31 32 1851.46 0.040 
30 36 32 34 2807.25 0.040 
30 39 33 36 3302.79 0.040 
30 42 34 38 2906.90 0.040 
30 45 35 40 2584.66 0.040 
30 48 36 42 2287.47 0.040 
31 34 32 33 1793.39 0.040 
31 37 33 35 3064.38 0.040 
31 40 34 37 3286.90 0.040 
31 43 35 39 2966.94 0.040 
31 46 36 41 2526.26 0.040 
32 35 33 34 1994.37 0.040 
32 38 34 36 3227.66 0.040 
32 41 35 38 3112.78 0.040 
32 44 36 40 2932.61 0.040 
32 47 37 42 2425.55 0.040 
33 36 34 35 2118.51 0.040 
33 39 35 37 3121.06 0.040 
33 42 36 39 3003.82 0.040 
33 45 37 41 2717.09 0.040 
33 48 38 43 2361.39 0.040 
34 37 35 36 2159.30 0.040 
34 40 36 38 2836.70 0.040 
34 43 37 40 3079.19 0.040 
34 46 38 42 2674.79 0.040 
35 38 36 37 2243.73 0.040 
35 41 37 39 2750.79 0.040 
35 44 38 41 3072.47 0.040 
35 47 39 43 2374.96 0.040 
36 39 37 38 1973.64 0.040 
36 42 38 40 2984.74 0.040 
36 45 39 42 2841.45 0.040 
36 48 40 44 2242.95 0.040 
37 40 38 39 2205.69 0.040 
37 43 39 41 2933.77 0.040 
37 46 40 43 2454.23 0.040 
38 41 39 40 2134.23 0.040 
38 44 40 42 2550.77 0.040 
38 47 41 44 2193.04 0.040 
39 42 40 41 2003.05 0.040 
39 45 41 43 2194.20 0.040 
39 48 42 45 2454.18 0.040 
40 43 41 42 2048.85 0.040 
40 46 42 44 2236.41 0.040 
41 44 42 43 1635.61 0.040 
41 47 43 45 2746.83 0.040 
42 45 43 44 2020.85 0.040 
42 48 44 46 2916.30 0.040 
43 46 44 45 2348.46 0.040 
44 47 45 46 2264.38 0.040 
45 48 46 47 2980.36 0.040 
