48 	 # Number of sensors 
# x z 
0	-12.84
5	-12.287
10	-11.663
15	-10.922
20	-10.506
25	-11.024
30	-12.656
35	-13.592
40	-14.218
45	-14.316
50	-14.493
55	-16.285
60	-17.049
65	-17.027
70	-17.965
75	-17.73
80	-17.054
85	-17.483
90	-17.268
95	-15.194
100	-12.564
105	-10.231
110	-9.606
115	-9.353
120	-10.28
125	-9.83
130	-9.427
135	-9.285
140	-9.466
145	-9.526
150	-9.197
155	-8.806
160	-9.361
165	-8.826
170	-8.009
175	-8.78
180	-8.13
185	-8.497
190	-6.324
195	-5.137
200	-4.451
205	-4.905
210	-5.304
215	-4.587
220	-2.937
225	-1.113
230	0
235	-0.252
360 	 # Number of measurements 
# a b m n rhoa err
1 4 2 3 7554.10 0.040 
1 7 3 5 9114.19 0.040 
1 10 4 7 10961.91 0.040 
1 13 5 9 9227.96 0.040 
1 16 6 11 11409.45 0.040 
1 19 7 13 11726.18 0.040 
1 22 8 15 12877.54 0.040 
1 25 9 17 13075.35 0.040 
1 28 10 19 14093.69 0.040 
1 31 11 21 14308.91 0.040 
1 34 12 23 14531.65 0.040 
1 37 13 25 15990.43 0.040 
1 40 14 27 15666.30 0.040 
1 43 15 29 15074.41 0.040 
1 46 16 31 14859.38 0.040 
2 5 3 4 4555.61 0.040 
2 8 4 6 9084.75 0.040 
2 11 5 8 8391.75 0.040 
2 14 6 10 9954.90 0.040 
2 17 7 12 11808.98 0.040 
2 20 8 14 11401.80 0.040 
2 23 9 16 14052.64 0.040 
2 26 10 18 12917.86 0.040 
2 29 11 20 13739.46 0.040 
2 32 12 22 14270.03 0.040 
2 35 13 24 16022.03 0.040 
2 38 14 26 16595.43 0.040 
2 41 15 28 14999.62 0.040 
2 44 16 30 14936.67 0.040 
2 47 17 32 15623.21 0.040 
3 6 4 5 7804.76 0.040 
3 9 5 7 7472.11 0.040 
3 12 6 9 7621.48 0.040 
3 15 7 11 11203.16 0.040 
3 18 8 13 11214.08 0.040 
3 21 9 15 12652.34 0.040 
3 24 10 17 12854.99 0.040 
3 27 11 19 12858.82 0.040 
3 30 12 21 14304.59 0.040 
3 33 13 23 15094.65 0.040 
3 36 14 25 17596.49 0.040 
3 39 15 27 15034.72 0.040 
3 42 16 29 14333.50 0.040 
3 45 17 31 14189.48 0.040 
3 48 18 33 15715.37 0.040 
4 7 5 6 4861.14 0.040 
4 10 6 8 5739.09 0.040 
4 13 7 10 8266.21 0.040 
4 16 8 12 10329.88 0.040 
4 19 9 14 10826.19 0.040 
4 22 10 16 12304.79 0.040 
4 25 11 18 10784.41 0.040 
4 28 12 20 13125.30 0.040 
4 31 13 22 14580.96 0.040 
4 34 14 24 15884.54 0.040 
4 37 15 26 15779.75 0.040 
4 40 16 28 15193.36 0.040 
4 43 17 30 15496.32 0.040 
4 46 18 32 15314.53 0.040 
5 8 6 7 3859.30 0.040 
5 11 7 9 5914.58 0.040 
5 14 8 11 11955.13 0.040 
5 17 9 13 10811.51 0.040 
5 20 10 15 11518.57 0.040 
5 23 11 17 10824.01 0.040 
5 26 12 19 11838.94 0.040 
5 29 13 21 14482.22 0.040 
5 32 14 23 15366.48 0.040 
5 35 15 25 16731.49 0.040 
5 38 16 27 15544.68 0.040 
5 41 17 29 15171.78 0.040 
5 44 18 31 15702.98 0.040 
5 47 19 33 15539.78 0.040 
6 9 7 8 3900.72 0.040 
6 12 8 10 6118.85 0.040 
6 15 9 12 10453.52 0.040 
6 18 10 14 9542.80 0.040 
6 21 11 16 9620.30 0.040 
6 24 12 18 10320.91 0.040 
6 27 13 20 13601.06 0.040 
6 30 14 22 14714.96 0.040 
6 33 15 24 15306.49 0.040 
6 36 16 26 16190.54 0.040 
6 39 17 28 15632.35 0.040 
6 42 18 30 15666.58 0.040 
6 45 19 32 15180.91 0.040 
6 48 20 34 16090.28 0.040 
7 10 8 9 2969.65 0.040 
7 13 9 11 7996.74 0.040 
7 16 10 13 8041.16 0.040 
7 19 11 15 7935.84 0.040 
7 22 12 17 9099.63 0.040 
7 25 13 19 11279.33 0.040 
7 28 14 21 13934.54 0.040 
7 31 15 23 13777.72 0.040 
7 34 16 25 15383.90 0.040 
7 37 17 27 15073.30 0.040 
7 40 18 29 15204.47 0.040 
7 43 19 31 15562.97 0.040 
7 46 20 33 14757.23 0.040 
8 11 9 10 3552.25 0.040 
8 14 10 12 7387.47 0.040 
8 17 11 14 5744.17 0.040 
8 20 12 16 7630.18 0.040 
8 23 13 18 9707.27 0.040 
8 26 14 20 12506.95 0.040 
8 29 15 22 12870.59 0.040 
8 32 16 24 14097.01 0.040 
8 35 17 26 15510.60 0.040 
8 38 18 28 15500.98 0.040 
8 41 19 30 14753.28 0.040 
8 44 20 32 15090.25 0.040 
8 47 21 34 15052.67 0.040 
9 12 10 11 4310.64 0.040 
9 15 11 13 4077.62 0.040 
9 18 12 15 6761.09 0.040 
9 21 13 17 7907.23 0.040 
9 24 14 19 10988.08 0.040 
9 27 15 21 11754.40 0.040 
9 30 16 23 12642.81 0.040 
9 33 17 25 14944.90 0.040 
9 36 18 27 15351.81 0.040 
9 39 19 29 14779.13 0.040 
9 42 20 31 14981.22 0.040 
9 45 21 33 14425.90 0.040 
9 48 22 35 16138.12 0.040 
10 13 11 12 2788.86 0.040 
10 16 12 14 3613.20 0.040 
10 19 13 16 7808.13 0.040 
10 22 14 18 9040.00 0.040 
10 25 15 20 10602.04 0.040 
10 28 16 22 11878.16 0.040 
10 31 17 24 14008.40 0.040 
10 34 18 26 15400.04 0.040 
10 37 19 28 14776.66 0.040 
10 40 20 30 14691.82 0.040 
10 43 21 32 15469.09 0.040 
10 46 22 34 14845.53 0.040 
11 14 12 13 2463.09 0.040 
11 17 13 15 5462.65 0.040 
11 20 14 17 8008.41 0.040 
11 23 15 19 9424.63 0.040 
11 26 16 21 10863.90 0.040 
11 29 17 23 12672.54 0.040 
11 32 18 25 14992.85 0.040 
11 35 19 27 14931.97 0.040 
11 38 20 29 14993.24 0.040 
11 41 21 31 15077.37 0.040 
11 44 22 33 15529.65 0.040 
11 47 23 35 15194.92 0.040 
12 15 13 14 2076.78 0.040 
12 18 14 16 5871.59 0.040 
12 21 15 18 6300.59 0.040 
12 24 16 20 9587.33 0.040 
12 27 17 22 11387.04 0.040 
12 30 18 24 13492.69 0.040 
12 33 19 26 14227.74 0.040 
12 36 20 28 14691.46 0.040 
12 39 21 30 14774.42 0.040 
12 42 22 32 15506.94 0.040 
12 45 23 34 14854.74 0.040 
12 48 24 36 15417.30 0.040 
13 16 14 15 3265.49 0.040 
13 19 15 17 3911.91 0.040 
13 22 16 19 6974.11 0.040 
13 25 17 21 9107.11 0.040 
13 28 18 23 11001.87 0.040 
13 31 19 25 13273.45 0.040 
13 34 20 27 12978.81 0.040 
13 37 21 29 13798.98 0.040 
13 40 22 31 14610.32 0.040 
13 43 23 33 15112.04 0.040 
13 46 24 35 13720.80 0.040 
14 17 15 16 2582.11 0.040 
14 20 16 18 3526.08 0.040 
14 23 17 20 8545.54 0.040 
14 26 18 22 9078.51 0.040 
14 29 19 24 11378.76 0.040 
14 32 20 26 12373.60 0.040 
14 35 21 28 13257.69 0.040 
14 38 22 30 14011.94 0.040 
14 41 23 32 14309.68 0.040 
14 44 24 34 13787.52 0.040 
14 47 25 36 12970.21 0.040 
15 18 16 17 2044.36 0.040 
15 21 17 19 4924.74 0.040 
15 24 18 21 8123.64 0.040 
15 27 19 23 8975.03 0.040 
15 30 20 25 11674.93 0.040 
15 33 21 27 12022.33 0.040 
15 36 22 29 13844.05 0.040 
15 39 23 31 14640.21 0.040 
15 42 24 33 14289.62 0.040 
15 45 25 35 12699.57 0.040 
15 48 26 37 13225.78 0.040 
16 19 17 18 2309.62 0.040 
16 22 18 20 6349.90 0.040 
16 25 19 22 7563.18 0.040 
16 28 20 24 9736.99 0.040 
16 31 21 26 11580.48 0.040 
16 34 22 28 12452.24 0.040 
16 37 23 30 13404.38 0.040 
16 40 24 32 13697.12 0.040 
16 43 25 34 13521.39 0.040 
16 46 26 36 12460.09 0.040 
17 20 18 19 2853.72 0.040 
17 23 19 21 5870.76 0.040 
17 26 20 23 7076.54 0.040 
17 29 21 25 10389.83 0.040 
17 32 22 27 10822.35 0.040 
17 35 23 29 12313.32 0.040 
17 38 24 31 12985.19 0.040 
17 41 25 33 12685.32 0.040 
17 44 26 35 12733.46 0.040 
17 47 27 37 13188.85 0.040 
18 21 19 20 3248.77 0.040 
18 24 20 22 5216.31 0.040 
18 27 21 24 9151.15 0.040 
18 30 22 26 10555.58 0.040 
18 33 23 28 11217.41 0.040 
18 36 24 30 12363.77 0.040 
18 39 25 32 12698.48 0.040 
18 42 26 34 13028.58 0.040 
18 45 27 36 12430.65 0.040 
18 48 28 38 12885.77 0.040 
19 22 20 21 3289.04 0.040 
19 25 21 23 5153.06 0.040 
19 28 22 25 10229.86 0.040 
19 31 23 27 10598.30 0.040 
19 34 24 29 11063.34 0.040 
19 37 25 31 11987.30 0.040 
19 40 26 33 13104.27 0.040 
19 43 27 35 13559.90 0.040 
19 46 28 37 13181.38 0.040 
20 23 21 22 4552.98 0.040 
20 26 22 24 7089.38 0.040 
20 29 23 26 11047.53 0.040 
20 32 24 28 10309.84 0.040 
20 35 25 30 11212.13 0.040 
20 38 26 32 13021.50 0.040 
20 41 27 34 13920.38 0.040 
20 44 28 36 13279.64 0.040 
20 47 29 38 13680.25 0.040 
21 24 22 23 4013.95 0.040 
21 27 23 25 8773.18 0.040 
21 30 24 27 9193.06 0.040 
21 33 25 29 9167.26 0.040 
21 36 26 31 12027.50 0.040 
21 39 27 33 13487.08 0.040 
21 42 28 35 13550.71 0.040 
21 45 29 37 13718.75 0.040 
21 48 30 39 13920.02 0.040 
22 25 23 24 5278.46 0.040 
22 28 24 26 7598.00 0.040 
22 31 25 28 8511.28 0.040 
22 34 26 30 9730.97 0.040 
22 37 27 32 12588.94 0.040 
22 40 28 34 13500.65 0.040 
22 43 29 36 13597.09 0.040 
22 46 30 38 13298.96 0.040 
23 26 24 25 4557.70 0.040 
23 29 25 27 5861.85 0.040 
23 32 26 29 8062.54 0.040 
23 35 27 31 11064.77 0.040 
23 38 28 33 12964.68 0.040 
23 41 29 35 13173.37 0.040 
23 44 30 37 13656.16 0.040 
23 47 31 39 13727.22 0.040 
24 27 25 26 3546.84 0.040 
24 30 26 28 6318.33 0.040 
24 33 27 30 9971.46 0.040 
24 36 28 32 12039.82 0.040 
24 39 29 34 13548.02 0.040 
24 42 30 36 13129.85 0.040 
24 45 31 38 13484.07 0.040 
24 48 32 40 14425.00 0.040 
25 28 26 27 2956.81 0.040 
25 31 27 29 6974.98 0.040 
25 34 28 31 10138.46 0.040 
25 37 29 33 12099.55 0.040 
25 40 30 35 12710.68 0.040 
25 43 31 37 14162.15 0.040 
25 46 32 39 13450.51 0.040 
26 29 27 28 3865.80 0.040 
26 32 28 30 6906.70 0.040 
26 35 29 32 10383.75 0.040 
26 38 30 34 11801.96 0.040 
26 41 31 36 11797.42 0.040 
26 44 32 38 12879.33 0.040 
26 47 33 40 14105.38 0.040 
27 30 28 29 3097.09 0.040 
27 33 29 31 6927.08 0.040 
27 36 30 33 10165.62 0.040 
27 39 31 35 11018.33 0.040 
27 42 32 37 12098.49 0.040 
27 45 33 39 12392.45 0.040 
27 48 34 41 13952.68 0.040 
28 31 29 30 3734.84 0.040 
28 34 30 32 6692.56 0.040 
28 37 31 34 9976.87 0.040 
28 40 32 36 9986.13 0.040 
28 43 33 38 12134.53 0.040 
28 46 34 40 12976.99 0.040 
29 32 30 31 3235.81 0.040 
29 35 31 33 6700.44 0.040 
29 38 32 35 8883.40 0.040 
29 41 33 37 10531.68 0.040 
29 44 34 39 11620.17 0.040 
29 47 35 41 14610.67 0.040 
30 33 31 32 3650.52 0.040 
30 36 32 34 6626.22 0.040 
30 39 33 36 8303.62 0.040 
30 42 34 38 10288.07 0.040 
30 45 35 40 12789.63 0.040 
30 48 36 42 14713.62 0.040 
31 34 32 33 3255.70 0.040 
31 37 33 35 5462.75 0.040 
31 40 34 37 8932.96 0.040 
31 43 35 39 11439.62 0.040 
31 46 36 41 13884.04 0.040 
32 35 33 34 3500.83 0.040 
32 38 34 36 4963.89 0.040 
32 41 35 38 9197.44 0.040 
32 44 36 40 12344.11 0.040 
32 47 37 42 13725.51 0.040 
33 36 34 35 3283.58 0.040 
33 39 35 37 6904.31 0.040 
33 42 36 39 9812.17 0.040 
33 45 37 41 12138.31 0.040 
33 48 38 43 13602.08 0.040 
34 37 35 36 2573.99 0.040 
34 40 36 38 7131.02 0.040 
34 43 37 40 10638.75 0.040 
34 46 38 42 12419.81 0.040 
35 38 36 37 4918.75 0.040 
35 41 37 39 5826.91 0.040 
35 44 38 41 11499.81 0.040 
35 47 39 43 11911.25 0.040 
36 39 37 38 2889.64 0.040 
36 42 38 40 7179.32 0.040 
36 45 39 42 10877.35 0.040 
36 48 40 44 12952.88 0.040 
37 40 38 39 3723.47 0.040 
37 43 39 41 8856.82 0.040 
37 46 40 43 9791.34 0.040 
38 41 39 40 4550.50 0.040 
38 44 40 42 7577.85 0.040 
38 47 41 44 11721.26 0.040 
39 42 40 41 4829.34 0.040 
39 45 41 43 6113.94 0.040 
39 48 42 45 14974.69 0.040 
40 43 41 42 4703.87 0.040 
40 46 42 44 8825.11 0.040 
41 44 42 43 3800.16 0.040 
41 47 43 45 12964.65 0.040 
42 45 43 44 6672.91 0.040 
42 48 44 46 12028.92 0.040 
43 46 44 45 6639.10 0.040 
44 47 45 46 10045.23 0.040 
45 48 46 47 8053.27 0.040 
