120 	 # Number of sensors 
# x z 
0.00 0.00 
5.00 0.00 
10.00 0.00 
15.00 0.10 
20.00 0.10 
25.00 0.10 
30.00 0.10 
35.00 0.10 
40.00 0.10 
45.00 0.10 
50.00 0.10 
55.00 0.10 
60.00 0.10 
65.00 0.10 
70.00 0.70 
75.00 1.00 
80.00 0.50 
85.00 0.50 
90.00 1.60 
95.00 3.60 
100.00 5.20 
105.00 6.50 
110.00 7.60 
115.00 8.50 
120.00 8.50 
125.00 8.40 
130.00 8.40 
135.00 8.90 
140.00 9.40 
145.00 9.60 
150.00 9.00 
155.00 7.70 
160.00 6.30 
165.00 5.40 
170.00 5.10 
175.00 5.30 
180.00 5.80 
185.00 6.20 
190.00 7.90 
195.00 9.90 
200.00 11.10 
205.00 12.70 
210.00 14.30 
215.00 16.10 
220.00 18.10 
225.00 19.40 
230.00 20.90 
235.00 22.40 
240.00 22.70 
245.00 24.90 
250.00 25.20 
255.00 24.50 
260.00 24.40 
265.00 26.60 
270.00 28.70 
275.00 28.90 
280.00 28.50 
285.00 27.60 
290.00 27.60 
295.00 28.10 
300.00 28.30 
305.00 28.60 
310.00 29.30 
315.00 29.70 
320.00 29.60 
325.00 29.60 
330.00 29.40 
335.00 29.70 
340.00 30.30 
345.00 30.70 
350.00 31.10 
355.00 31.00 
360.00 31.40 
365.00 32.10 
370.00 33.50 
375.00 34.70 
380.00 36.40 
385.00 37.60 
390.00 37.40 
395.00 38.00 
400.00 38.60 
405.00 40.90 
410.00 41.40 
415.00 43.20 
420.00 44.10 
425.00 44.40 
430.00 44.80 
435.00 45.30 
440.00 46.20 
445.00 47.10 
450.00 48.80 
455.00 50.50 
460.00 51.80 
465.00 53.10 
470.00 54.40 
475.00 55.90 
480.00 57.00 
485.00 58.10 
490.00 59.30 
495.00 60.00 
500.00 60.90 
505.00 61.70 
510.00 62.40 
515.00 63.60 
520.00 64.80 
525.00 65.60 
530.00 66.10 
535.00 65.80 
540.00 65.00 
545.00 64.60 
550.00 64.70 
555.00 65.60 
560.00 66.90 
565.00 67.80 
570.00 68.50 
575.00 69.60 
580.00 70.40 
585.00 71.50 
590.00 73.00 
595.00 75.00 
952 	 # Number of measurements 
# a b m n rhoa err
1 4 2 3 641.94 0.040 
2 5 3 4 497.41 0.040 
4 7 5 6 399.94 0.040 
5 8 6 7 397.41 0.040 
6 9 7 8 431.35 0.040 
7 10 8 9 460.64 0.040 
8 11 9 10 526.59 0.040 
9 12 10 11 494.19 0.040 
10 13 11 12 441.70 0.040 
11 14 12 13 433.43 0.040 
12 15 13 14 399.98 0.040 
15 18 16 17 770.27 0.040 
16 19 17 18 583.23 0.040 
17 20 18 19 1563.90 0.040 
18 21 19 20 2582.90 0.040 
19 22 20 21 5753.20 0.040 
20 23 21 22 6195.80 0.040 
21 24 22 23 12091.00 0.040 
22 25 23 24 10143.00 0.040 
23 26 24 25 13298.00 0.040 
24 27 25 26 7560.00 0.040 
25 28 26 27 7700.60 0.040 
26 29 27 28 5922.70 0.040 
27 30 28 29 7787.30 0.040 
28 31 29 30 7866.00 0.040 
29 32 30 31 8514.00 0.040 
30 33 31 32 7373.30 0.040 
31 34 32 33 4786.40 0.040 
32 35 33 34 2704.60 0.040 
33 36 34 35 509.18 0.040 
35 38 36 37 769.32 0.040 
36 39 37 38 594.81 0.040 
37 40 38 39 5070.00 0.040 
38 41 39 40 2610.10 0.040 
39 42 40 41 4129.20 0.040 
40 43 41 42 1955.00 0.040 
41 44 42 43 1845.50 0.040 
42 45 43 44 1837.10 0.040 
43 46 44 45 2101.60 0.040 
44 47 45 46 2802.70 0.040 
45 48 46 47 4266.00 0.040 
46 49 47 48 4357.90 0.040 
47 50 48 49 6492.60 0.040 
48 51 49 50 7463.80 0.040 
49 52 50 51 8210.30 0.040 
50 53 51 52 4339.00 0.040 
51 54 52 53 9754.20 0.040 
52 55 53 54 29870.00 0.040 
53 56 54 55 12451.00 0.040 
57 60 58 59 10071.00 0.040 
58 61 59 60 10818.00 0.040 
60 63 61 62 36916.00 0.040 
70 73 71 72 41595.00 0.040 
71 74 72 73 48610.00 0.040 
72 75 73 74 43369.00 0.040 
74 77 75 76 27589.00 0.040 
75 78 76 77 88869.00 0.040 
77 80 78 79 28919.00 0.040 
78 81 79 80 14973.00 0.040 
79 82 80 81 12541.00 0.040 
80 83 81 82 20633.00 0.040 
81 84 82 83 15886.00 0.040 
82 85 83 84 30242.00 0.040 
83 86 84 85 22733.00 0.040 
84 87 85 86 26035.00 0.040 
85 88 86 87 18885.00 0.040 
86 89 87 88 17849.00 0.040 
87 90 88 89 18172.00 0.040 
88 91 89 90 19380.00 0.040 
89 92 90 91 30582.00 0.040 
90 93 91 92 27198.00 0.040 
91 94 92 93 37486.00 0.040 
92 95 93 94 47497.00 0.040 
93 96 94 95 68930.00 0.040 
94 97 95 96 70293.00 0.040 
95 98 96 97 100165.00 0.040 
97 100 98 99 104536.00 0.040 
98 101 99 100 128800.00 0.040 
99 102 100 101 124011.00 0.040 
100 103 101 102 150065.00 0.040 
101 104 102 103 133483.00 0.040 
102 105 103 104 143300.00 0.040 
103 106 104 105 169453.00 0.040 
104 107 105 106 160610.00 0.040 
105 108 106 107 226513.00 0.040 
106 109 107 108 191317.00 0.040 
107 110 108 109 318146.00 0.040 
117 120 118 119 15297.00 0.040 
3 9 5 7 656.89 0.040 
4 10 6 8 613.63 0.040 
5 11 7 9 607.17 0.040 
6 12 8 10 689.54 0.040 
7 13 9 11 732.58 0.040 
8 14 10 12 682.59 0.040 
9 15 11 13 541.30 0.040 
12 18 14 16 832.11 0.040 
13 19 15 17 643.37 0.040 
15 21 17 19 1316.20 0.040 
16 22 18 20 3102.00 0.040 
17 23 19 21 5315.40 0.040 
18 24 20 22 5179.80 0.040 
19 25 21 23 5455.90 0.040 
20 26 22 24 8324.70 0.040 
21 27 23 25 10675.00 0.040 
22 28 24 26 9667.10 0.040 
23 29 25 27 9345.80 0.040 
24 30 26 28 9560.70 0.040 
25 31 27 29 9008.40 0.040 
26 32 28 30 8360.20 0.040 
27 33 29 31 8325.50 0.040 
28 34 30 32 7852.20 0.040 
29 35 31 33 7171.90 0.040 
30 36 32 34 4890.90 0.040 
31 37 33 35 2419.90 0.040 
32 38 34 36 1234.20 0.040 
33 39 35 37 1219.20 0.040 
34 40 36 38 947.47 0.040 
35 41 37 39 3878.60 0.040 
36 42 38 40 5826.50 0.040 
37 43 39 41 3950.60 0.040 
38 44 40 42 2224.20 0.040 
39 45 41 43 3203.70 0.040 
40 46 42 44 4027.10 0.040 
41 47 43 45 4452.40 0.040 
42 48 44 46 5809.80 0.040 
43 49 45 47 6966.90 0.040 
44 50 46 48 7740.10 0.040 
45 51 47 49 7830.80 0.040 
46 52 48 50 14036.00 0.040 
47 53 49 51 18873.00 0.040 
48 54 50 52 10264.00 0.040 
49 55 51 53 13509.00 0.040 
52 58 54 56 19621.00 0.040 
53 59 55 57 21436.00 0.040 
54 60 56 58 24079.00 0.040 
55 61 57 59 22125.00 0.040 
56 62 58 60 16233.00 0.040 
57 63 59 61 24596.00 0.040 
65 71 67 69 67994.00 0.040 
69 75 71 73 82171.00 0.040 
71 77 73 75 54732.00 0.040 
72 78 74 76 48650.00 0.040 
73 79 75 77 104045.00 0.040 
74 80 76 78 108303.00 0.040 
75 81 77 79 43327.00 0.040 
77 83 79 81 35464.00 0.040 
78 84 80 82 33890.00 0.040 
79 85 81 83 37359.00 0.040 
80 86 82 84 42364.00 0.040 
81 87 83 85 50268.00 0.040 
82 88 84 86 47065.00 0.040 
83 89 85 87 43432.00 0.040 
84 90 86 88 39873.00 0.040 
85 91 87 89 39337.00 0.040 
86 92 88 90 40191.00 0.040 
87 93 89 91 55361.00 0.040 
88 94 90 92 63902.00 0.040 
89 95 91 93 59816.00 0.040 
90 96 92 94 78697.00 0.040 
91 97 93 95 111736.00 0.040 
92 98 94 96 121077.00 0.040 
93 99 95 97 141049.00 0.040 
94 100 96 98 156828.00 0.040 
95 101 97 99 169155.00 0.040 
97 103 99 101 204089.00 0.040 
99 105 101 103 235610.00 0.040 
100 106 102 104 224247.00 0.040 
101 107 103 105 247599.00 0.040 
102 108 104 106 272449.00 0.040 
106 112 108 110 345632.00 0.040 
108 114 110 112 364196.00 0.040 
113 119 115 117 167361.00 0.040 
114 120 116 118 215813.00 0.040 
3 12 6 9 796.19 0.040 
4 13 7 10 863.94 0.040 
5 14 8 11 922.10 0.040 
6 15 9 12 810.03 0.040 
7 16 10 13 633.93 0.040 
10 19 13 16 838.17 0.040 
11 20 14 17 905.54 0.040 
12 21 15 18 783.48 0.040 
13 22 16 19 1301.70 0.040 
14 23 17 20 2294.80 0.040 
15 24 18 21 3860.60 0.040 
16 25 19 22 3162.50 0.040 
17 26 20 23 4443.10 0.040 
18 27 21 24 5965.40 0.040 
19 28 22 25 8109.00 0.040 
20 29 23 26 8922.10 0.040 
21 30 24 27 9351.00 0.040 
22 31 25 28 6354.70 0.040 
23 32 26 29 6069.60 0.040 
24 33 27 30 5928.80 0.040 
25 34 28 31 7354.80 0.040 
26 35 29 32 8441.00 0.040 
27 36 30 33 8795.00 0.040 
28 37 31 34 6386.60 0.040 
29 38 32 35 4362.90 0.040 
30 39 33 36 2364.10 0.040 
31 40 34 37 1344.60 0.040 
32 41 35 38 1374.00 0.040 
33 42 36 39 4689.10 0.040 
34 43 37 40 6912.60 0.040 
35 44 38 41 7460.00 0.040 
36 45 39 42 5204.90 0.040 
37 46 40 43 3641.80 0.040 
38 47 41 44 3862.40 0.040 
39 48 42 45 6049.80 0.040 
40 49 43 46 7976.30 0.040 
41 50 44 47 9777.00 0.040 
42 51 45 48 10152.00 0.040 
43 52 46 49 13247.00 0.040 
44 53 47 50 20472.00 0.040 
45 54 48 51 19910.00 0.040 
46 55 49 52 18496.00 0.040 
47 56 50 53 18850.00 0.040 
48 57 51 54 36819.00 0.040 
49 58 52 55 36631.00 0.040 
51 60 54 57 27670.00 0.040 
52 61 55 58 30407.00 0.040 
53 62 56 59 22252.00 0.040 
54 63 57 60 26672.00 0.040 
55 64 58 61 29957.00 0.040 
61 70 64 67 53721.00 0.040 
62 71 65 68 55809.00 0.040 
63 72 66 69 71534.00 0.040 
65 74 68 71 80734.00 0.040 
69 78 72 75 77178.00 0.040 
70 79 73 76 64448.00 0.040 
71 80 74 77 108274.00 0.040 
72 81 75 78 116912.00 0.040 
73 82 76 79 130439.00 0.040 
74 83 77 80 60904.00 0.040 
75 84 78 81 56195.00 0.040 
77 86 80 83 54481.00 0.040 
78 87 81 84 71012.00 0.040 
79 88 82 85 74659.00 0.040 
80 89 83 86 81291.00 0.040 
81 90 84 87 70941.00 0.040 
82 91 85 88 66094.00 0.040 
83 92 86 89 57819.00 0.040 
85 94 88 91 84129.00 0.040 
86 95 89 92 89613.00 0.040 
87 96 90 93 96440.00 0.040 
88 97 91 94 102245.00 0.040 
89 98 92 95 131293.00 0.040 
90 99 93 96 162971.00 0.040 
91 100 94 97 187481.00 0.040 
92 101 95 98 199825.00 0.040 
93 102 96 99 202672.00 0.040 
94 103 97 100 237168.00 0.040 
97 106 100 103 316638.00 0.040 
98 107 101 104 314301.00 0.040 
99 108 102 105 328084.00 0.040 
100 109 103 106 329764.00 0.040 
105 114 108 111 400724.00 0.040 
106 115 109 112 415290.00 0.040 
108 117 111 114 324709.00 0.040 
110 119 113 116 144089.00 0.040 
111 120 114 117 159604.00 0.040 
4 16 8 12 897.42 0.040 
5 17 9 13 824.00 0.040 
6 18 10 14 744.35 0.040 
8 20 12 16 891.19 0.040 
9 21 13 17 908.00 0.040 
10 22 14 18 987.39 0.040 
11 23 15 19 1377.90 0.040 
12 24 16 20 1906.50 0.040 
13 25 17 21 2291.50 0.040 
16 28 20 24 6072.20 0.040 
17 29 21 25 7449.50 0.040 
18 30 22 26 6899.70 0.040 
19 31 23 27 5806.00 0.040 
20 32 24 28 4141.10 0.040 
21 33 25 29 3229.40 0.040 
22 34 26 30 2987.70 0.040 
23 35 27 31 4555.30 0.040 
24 36 28 32 6972.10 0.040 
25 37 29 33 8588.70 0.040 
26 38 30 34 7950.10 0.040 
27 39 31 35 5955.40 0.040 
28 40 32 36 3391.40 0.040 
29 41 33 37 2131.60 0.040 
30 42 34 38 1564.70 0.040 
31 43 35 39 5283.30 0.040 
32 44 36 40 8315.00 0.040 
33 45 37 41 8898.10 0.040 
34 46 38 42 9572.50 0.040 
35 47 39 43 7127.40 0.040 
36 48 40 44 5799.10 0.040 
37 49 41 45 6553.50 0.040 
38 50 42 46 8113.20 0.040 
39 51 43 47 10689.00 0.040 
40 52 44 48 14074.00 0.040 
41 53 45 49 18105.00 0.040 
42 54 46 50 22101.00 0.040 
43 55 47 51 25932.00 0.040 
44 56 48 52 21916.00 0.040 
45 57 49 53 25836.00 0.040 
46 58 50 54 44794.00 0.040 
47 59 51 55 43480.00 0.040 
48 60 52 56 55910.00 0.040 
49 61 53 57 50675.00 0.040 
50 62 54 58 37322.00 0.040 
51 63 55 59 34173.00 0.040 
52 64 56 60 27168.00 0.040 
53 65 57 61 32435.00 0.040 
60 72 64 68 67549.00 0.040 
61 73 65 69 75627.00 0.040 
63 75 67 71 106037.00 0.040 
65 77 69 73 95234.00 0.040 
69 81 73 77 133169.00 0.040 
70 82 74 78 126505.00 0.040 
71 83 75 79 137633.00 0.040 
72 84 76 80 139283.00 0.040 
73 85 77 81 73335.00 0.040 
74 86 78 82 80969.00 0.040 
75 87 79 83 68953.00 0.040 
77 89 81 85 107995.00 0.040 
78 90 82 86 111691.00 0.040 
79 91 83 87 112990.00 0.040 
80 92 84 88 94688.00 0.040 
81 93 85 89 88363.00 0.040 
82 94 86 90 85642.00 0.040 
83 95 87 91 103655.00 0.040 
84 96 88 92 109799.00 0.040 
85 97 89 93 128575.00 0.040 
86 98 90 94 145637.00 0.040 
87 99 91 95 164105.00 0.040 
88 100 92 96 184072.00 0.040 
89 101 93 97 215057.00 0.040 
90 102 94 98 236295.00 0.040 
91 103 95 99 248626.00 0.040 
92 104 96 100 283459.00 0.040 
93 105 97 101 287016.00 0.040 
94 106 98 102 330967.00 0.040 
95 107 99 103 360221.00 0.040 
96 108 100 104 317594.00 0.040 
100 112 104 108 284480.00 0.040 
102 114 106 110 349871.00 0.040 
105 117 109 113 475420.00 0.040 
107 119 111 115 262419.00 0.040 
4 19 9 14 974.17 0.040 
5 20 10 15 973.55 0.040 
6 21 11 16 993.94 0.040 
7 22 12 17 982.52 0.040 
8 23 13 18 968.43 0.040 
9 24 14 19 1257.20 0.040 
10 25 15 20 1470.30 0.040 
11 26 16 21 1985.40 0.040 
12 27 17 22 2361.70 0.040 
13 28 18 23 3792.70 0.040 
14 29 19 24 5631.90 0.040 
15 30 20 25 6395.90 0.040 
16 31 21 26 4802.90 0.040 
17 32 22 27 3363.40 0.040 
18 33 23 28 2113.90 0.040 
19 34 24 29 2000.60 0.040 
20 35 25 30 2429.20 0.040 
21 36 26 31 3316.60 0.040 
22 37 27 32 3930.00 0.040 
23 38 28 33 5391.90 0.040 
24 39 29 34 6565.60 0.040 
25 40 30 35 6801.20 0.040 
26 41 31 36 4935.10 0.040 
27 42 32 37 3422.30 0.040 
28 43 33 38 2220.40 0.040 
29 44 34 39 5674.30 0.040 
30 45 35 40 9149.90 0.040 
31 46 36 41 10384.00 0.040 
32 47 37 42 11253.00 0.040 
33 48 38 43 11871.00 0.040 
34 49 39 44 9796.10 0.040 
35 50 40 45 8215.90 0.040 
36 51 41 46 9046.60 0.040 
37 52 42 47 12664.00 0.040 
38 53 43 48 16323.00 0.040 
39 54 44 49 19130.00 0.040 
40 55 45 50 27030.00 0.040 
41 56 46 51 28876.00 0.040 
42 57 47 52 26955.00 0.040 
43 58 48 53 32644.00 0.040 
44 59 49 54 56208.00 0.040 
45 60 50 55 56208.00 0.040 
46 61 51 56 59293.00 0.040 
47 62 52 57 57910.00 0.040 
48 63 53 58 55911.00 0.040 
49 64 54 59 39305.00 0.040 
50 65 55 60 38509.00 0.040 
51 66 56 61 40474.00 0.040 
52 67 57 62 61404.00 0.040 
53 68 58 63 68944.00 0.040 
60 75 65 70 84749.00 0.040 
62 77 67 72 107128.00 0.040 
63 78 68 73 105106.00 0.040 
65 80 70 75 120972.00 0.040 
69 84 74 79 150796.00 0.040 
70 85 75 80 141955.00 0.040 
71 86 76 81 143609.00 0.040 
72 87 77 82 90315.00 0.040 
73 88 78 83 96201.00 0.040 
74 89 79 84 106565.00 0.040 
75 90 80 85 119883.00 0.040 
77 92 82 87 140390.00 0.040 
78 93 83 88 141495.00 0.040 
79 94 84 89 126114.00 0.040 
80 95 85 90 117618.00 0.040 
81 96 86 91 119922.00 0.040 
82 97 87 92 125080.00 0.040 
83 98 88 93 132533.00 0.040 
84 99 89 94 165506.00 0.040 
85 100 90 95 196161.00 0.040 
86 101 91 96 215646.00 0.040 
87 102 92 97 238887.00 0.040 
88 103 93 98 266010.00 0.040 
89 104 94 99 288592.00 0.040 
90 105 95 100 302831.00 0.040 
91 106 96 101 334388.00 0.040 
92 107 97 102 362400.00 0.040 
93 108 98 103 379881.00 0.040 
94 109 99 104 370420.00 0.040 
99 114 104 109 304763.00 0.040 
100 115 105 110 360683.00 0.040 
102 117 107 112 472524.00 0.040 
104 119 109 114 376101.00 0.040 
105 120 110 115 310968.00 0.040 
5 23 11 17 1054.80 0.040 
6 24 12 18 971.42 0.040 
7 25 13 19 1075.00 0.040 
8 26 14 20 1428.60 0.040 
9 27 15 21 1863.00 0.040 
10 28 16 22 2273.60 0.040 
11 29 17 23 3505.50 0.040 
12 30 18 24 4743.00 0.040 
13 31 19 25 4326.70 0.040 
14 32 20 26 2901.00 0.040 
15 33 21 27 2117.60 0.040 
16 34 22 28 1829.80 0.040 
17 35 23 29 2013.10 0.040 
18 36 24 30 2241.10 0.040 
19 37 25 31 2621.30 0.040 
20 38 26 32 3330.60 0.040 
21 39 27 33 3331.10 0.040 
22 40 28 34 3397.90 0.040 
23 41 29 35 4306.40 0.040 
24 42 30 36 5339.90 0.040 
25 43 31 37 4820.70 0.040 
26 44 32 38 3341.60 0.040 
27 45 33 39 6578.90 0.040 
28 46 34 40 9926.70 0.040 
29 47 35 41 11425.00 0.040 
30 48 36 42 12229.00 0.040 
31 49 37 43 13037.00 0.040 
32 50 38 44 13725.00 0.040 
33 51 39 45 11464.00 0.040 
34 52 40 46 11801.00 0.040 
35 53 41 47 15324.00 0.040 
36 54 42 48 16623.00 0.040 
37 55 43 49 20724.00 0.040 
38 56 44 50 26414.00 0.040 
39 57 45 51 31865.00 0.040 
40 58 46 52 32311.00 0.040 
41 59 47 53 39151.00 0.040 
42 60 48 54 68612.00 0.040 
43 61 49 55 65745.00 0.040 
44 62 50 56 66000.00 0.040 
45 63 51 57 58988.00 0.040 
46 64 52 58 66382.00 0.040 
47 65 53 59 59062.00 0.040 
48 66 54 60 43830.00 0.040 
49 67 55 61 52897.00 0.040 
50 68 56 62 61624.00 0.040 
51 69 57 63 75467.00 0.040 
52 70 58 64 85925.00 0.040 
53 71 59 65 99624.00 0.040 
54 72 60 66 113932.00 0.040 
55 73 61 67 102039.00 0.040 
60 78 66 72 95327.00 0.040 
61 79 67 73 105102.00 0.040 
62 80 68 74 117464.00 0.040 
63 81 69 75 115804.00 0.040 
65 83 71 77 189482.00 0.040 
69 87 75 81 154535.00 0.040 
70 88 76 82 161918.00 0.040 
71 89 77 83 108877.00 0.040 
72 90 78 84 129308.00 0.040 
73 91 79 85 136471.00 0.040 
74 92 80 86 150661.00 0.040 
75 93 81 87 160221.00 0.040 
77 95 83 89 164795.00 0.040 
78 96 84 90 150836.00 0.040 
79 97 85 91 164211.00 0.040 
80 98 86 92 145221.00 0.040 
81 99 87 93 156928.00 0.040 
82 100 88 94 173235.00 0.040 
83 101 89 95 208778.00 0.040 
84 102 90 96 235926.00 0.040 
85 103 91 97 257108.00 0.040 
86 104 92 98 294111.00 0.040 
87 105 93 99 303550.00 0.040 
88 106 94 100 337698.00 0.040 
89 107 95 101 351000.00 0.040 
90 108 96 102 388811.00 0.040 
91 109 97 103 407747.00 0.040 
92 110 98 104 379891.00 0.040 
93 111 99 105 343302.00 0.040 
94 112 100 106 280481.00 0.040 
99 117 105 111 411880.00 0.040 
101 119 107 113 362540.00 0.040 
102 120 108 114 397490.00 0.040 
5 26 12 19 1088.90 0.040 
6 27 13 20 1366.80 0.040 
7 28 14 21 1905.90 0.040 
8 29 15 22 2220.00 0.040 
9 30 16 23 2938.40 0.040 
10 31 17 24 3228.20 0.040 
11 32 18 25 2685.30 0.040 
12 33 19 26 1956.10 0.040 
13 34 20 27 1916.50 0.040 
14 35 21 28 1853.00 0.040 
15 36 22 29 2188.30 0.040 
16 37 23 30 2545.50 0.040 
17 38 24 31 2888.80 0.040 
18 39 25 32 2605.80 0.040 
19 40 26 33 2395.90 0.040 
20 41 27 34 2509.30 0.040 
21 42 28 35 2994.90 0.040 
22 43 29 36 3377.60 0.040 
23 44 30 37 4163.80 0.040 
24 45 31 38 4255.90 0.040 
25 46 32 39 7916.80 0.040 
26 47 33 40 11245.00 0.040 
27 48 34 41 12104.00 0.040 
28 49 35 42 12967.00 0.040 
29 50 36 43 13350.00 0.040 
30 51 37 44 13786.00 0.040 
31 52 38 45 16267.00 0.040 
32 53 39 46 16288.00 0.040 
33 54 40 47 16042.00 0.040 
34 55 41 48 19316.00 0.040 
35 56 42 49 21920.00 0.040 
36 57 43 50 29056.00 0.040 
37 58 44 51 34127.00 0.040 
38 59 45 52 33694.00 0.040 
39 60 46 53 44906.00 0.040 
40 61 47 54 75386.00 0.040 
41 62 48 55 68581.00 0.040 
42 63 49 56 73450.00 0.040 
43 64 50 57 68675.00 0.040 
44 65 51 58 70430.00 0.040 
45 66 52 59 70848.00 0.040 
46 67 53 60 70812.00 0.040 
47 68 54 61 55002.00 0.040 
48 69 55 62 73247.00 0.040 
49 70 56 63 81748.00 0.040 
50 71 57 64 92143.00 0.040 
51 72 58 65 98789.00 0.040 
52 73 59 66 91175.00 0.040 
53 74 60 67 100368.00 0.040 
57 78 64 71 95921.00 0.040 
60 81 67 74 119390.00 0.040 
61 82 68 75 124001.00 0.040 
62 83 69 76 133346.00 0.040 
63 84 70 77 187977.00 0.040 
65 86 72 79 182966.00 0.040 
69 90 76 83 180921.00 0.040 
70 91 77 84 140414.00 0.040 
71 92 78 85 159589.00 0.040 
72 93 79 86 172604.00 0.040 
73 94 80 87 173374.00 0.040 
74 95 81 88 187737.00 0.040 
75 96 82 89 172792.00 0.040 
77 98 84 91 179037.00 0.040 
78 99 85 92 179448.00 0.040 
79 100 86 93 171678.00 0.040 
80 101 87 94 184621.00 0.040 
81 102 88 95 206508.00 0.040 
82 103 89 96 231995.00 0.040 
83 104 90 97 263747.00 0.040 
84 105 91 98 285393.00 0.040 
85 106 92 99 318359.00 0.040 
86 107 93 100 362072.00 0.040 
87 108 94 101 384405.00 0.040 
88 109 95 102 393045.00 0.040 
89 110 96 103 395874.00 0.040 
91 112 98 105 308169.00 0.040 
92 113 99 106 276412.00 0.040 
93 114 100 107 277623.00 0.040 
94 115 101 108 291803.00 0.040 
98 119 105 112 339198.00 0.040 
99 120 106 113 327576.00 0.040 
4 28 12 20 1409.10 0.040 
5 29 13 21 1826.80 0.040 
6 30 14 22 2041.30 0.040 
7 31 15 23 2190.30 0.040 
8 32 16 24 2031.50 0.040 
9 33 17 25 1775.00 0.040 
10 34 18 26 1984.30 0.040 
11 35 19 27 1904.20 0.040 
12 36 20 28 2018.70 0.040 
13 37 21 29 2273.00 0.040 
14 38 22 30 2742.90 0.040 
15 39 23 31 2754.80 0.040 
16 40 24 32 2564.10 0.040 
17 41 25 33 2384.10 0.040 
18 42 26 34 2382.50 0.040 
19 43 27 35 2469.30 0.040 
20 44 28 36 2860.00 0.040 
21 45 29 37 3421.70 0.040 
22 46 30 38 3666.30 0.040 
23 47 31 39 8573.10 0.040 
24 48 32 40 12594.00 0.040 
25 49 33 41 13291.00 0.040 
26 50 34 42 13258.00 0.040 
27 51 35 43 13320.00 0.040 
28 52 36 44 15027.00 0.040 
29 53 37 45 17406.00 0.040 
30 54 38 46 19169.00 0.040 
31 55 39 47 20068.00 0.040 
32 56 40 48 20319.00 0.040 
33 57 41 49 23926.00 0.040 
34 58 42 50 33211.00 0.040 
35 59 43 51 39270.00 0.040 
36 60 44 52 38690.00 0.040 
37 61 45 53 48556.00 0.040 
38 62 46 54 71478.00 0.040 
39 63 47 55 72717.00 0.040 
40 64 48 56 86109.00 0.040 
41 65 49 57 76839.00 0.040 
42 66 50 58 85993.00 0.040 
43 67 51 59 77061.00 0.040 
44 68 52 60 73280.00 0.040 
45 69 53 61 70340.00 0.040 
46 70 54 62 77576.00 0.040 
47 71 55 63 86021.00 0.040 
48 72 56 64 87171.00 0.040 
49 73 57 65 91711.00 0.040 
50 74 58 66 94529.00 0.040 
51 75 59 67 98121.00 0.040 
53 77 61 69 98206.00 0.040 
55 79 63 71 102147.00 0.040 
60 84 68 76 135776.00 0.040 
61 85 69 77 176126.00 0.040 
62 86 70 78 193690.00 0.040 
63 87 71 79 190895.00 0.040 
69 93 77 85 176038.00 0.040 
71 95 79 87 193091.00 0.040 
72 96 80 88 188137.00 0.040 
73 97 81 89 183678.00 0.040 
74 98 82 90 177222.00 0.040 
75 99 83 91 191807.00 0.040 
77 101 85 93 197198.00 0.040 
78 102 86 94 194253.00 0.040 
79 103 87 95 207774.00 0.040 
80 104 88 96 228277.00 0.040 
81 105 89 97 266883.00 0.040 
82 106 90 98 287793.00 0.040 
83 107 91 99 310540.00 0.040 
84 108 92 100 378688.00 0.040 
85 109 93 101 402752.00 0.040 
86 110 94 102 386147.00 0.040 
87 111 95 103 380190.00 0.040 
88 112 96 104 323864.00 0.040 
89 113 97 105 277813.00 0.040 
90 114 98 106 279012.00 0.040 
91 115 99 107 298284.00 0.040 
93 117 101 109 296818.00 0.040 
95 119 103 111 268611.00 0.040 
96 120 104 112 277566.00 0.040 
5 32 14 23 1622.30 0.040 
6 33 15 24 1540.90 0.040 
7 34 16 25 1558.20 0.040 
8 35 17 26 1675.00 0.040 
9 36 18 27 1938.20 0.040 
10 37 19 28 2074.20 0.040 
11 38 20 29 2464.50 0.040 
12 39 21 30 2581.70 0.040 
13 40 22 31 2606.40 0.040 
14 41 23 32 2704.30 0.040 
15 42 24 33 2706.70 0.040 
16 43 25 34 2644.50 0.040 
17 44 26 35 2670.60 0.040 
18 45 27 36 2763.70 0.040 
19 46 28 37 3156.30 0.040 
20 47 29 38 3501.90 0.040 
21 48 30 39 8760.20 0.040 
25 52 34 43 14206.00 0.040 
26 53 35 44 16336.00 0.040 
27 54 36 45 17299.00 0.040 
28 55 37 46 20223.00 0.040 
29 56 38 47 23435.00 0.040 
30 57 39 48 23773.00 0.040 
31 58 40 49 27370.00 0.040 
32 59 41 50 35643.00 0.040 
33 60 42 51 42977.00 0.040 
34 61 43 52 41242.00 0.040 
35 62 44 53 47523.00 0.040 
36 63 45 54 75436.00 0.040 
37 64 46 55 75361.00 0.040 
38 65 47 56 86519.00 0.040 
39 66 48 57 84823.00 0.040 
40 67 49 58 96651.00 0.040 
41 68 50 59 82117.00 0.040 
42 69 51 60 72881.00 0.040 
43 70 52 61 80598.00 0.040 
44 71 53 62 91407.00 0.040 
45 72 54 63 85686.00 0.040 
49 76 58 67 98786.00 0.040 
50 77 59 68 88633.00 0.040 
51 78 60 69 97770.00 0.040 
52 79 61 70 89878.00 0.040 
53 80 62 71 94971.00 0.040 
54 81 63 72 119883.00 0.040 
55 82 64 73 123189.00 0.040 
56 83 65 74 142173.00 0.040 
60 87 69 78 181683.00 0.040 
61 88 70 79 192511.00 0.040 
62 89 71 80 197449.00 0.040 
63 90 72 81 201360.00 0.040 
65 92 74 83 204367.00 0.040 
69 96 78 87 208621.00 0.040 
73 100 82 91 201533.00 0.040 
74 101 83 92 211856.00 0.040 
75 102 84 93 187708.00 0.040 
76 103 85 94 193015.00 0.040 
77 104 86 95 222802.00 0.040 
78 105 87 96 244506.00 0.040 
79 106 88 97 271308.00 0.040 
80 107 89 98 282234.00 0.040 
81 108 90 99 306607.00 0.040 
82 109 91 100 329113.00 0.040 
83 110 92 101 354372.00 0.040 
85 112 94 103 340470.00 0.040 
86 113 95 104 302187.00 0.040 
87 114 96 105 307019.00 0.040 
88 115 97 106 296706.00 0.040 
90 117 99 108 285788.00 0.040 
92 119 101 110 246646.00 0.040 
93 120 102 111 241503.00 0.040 
4 34 14 24 1491.40 0.040 
5 35 15 25 1639.70 0.040 
6 36 16 26 1712.00 0.040 
7 37 17 27 1933.00 0.040 
8 38 18 28 2155.60 0.040 
9 39 19 29 2257.50 0.040 
10 40 20 30 2395.90 0.040 
11 41 21 31 2721.40 0.040 
12 42 22 32 2974.20 0.040 
13 43 23 33 3021.90 0.040 
14 44 24 34 2949.00 0.040 
15 45 25 35 2919.60 0.040 
16 46 26 36 3120.60 0.040 
17 47 27 37 3321.30 0.040 
18 48 28 38 3600.50 0.040 
25 55 35 45 17945.00 0.040 
26 56 36 46 20271.00 0.040 
27 57 37 47 24669.00 0.040 
28 58 38 48 29244.00 0.040 
29 59 39 49 31278.00 0.040 
30 60 40 50 39003.00 0.040 
31 61 41 51 44854.00 0.040 
32 62 42 52 41312.00 0.040 
33 63 43 53 50627.00 0.040 
34 64 44 54 81386.00 0.040 
35 65 45 55 83598.00 0.040 
36 66 46 56 96806.00 0.040 
37 67 47 57 93378.00 0.040 
38 68 48 58 93530.00 0.040 
39 69 49 59 85451.00 0.040 
40 70 50 60 81328.00 0.040 
41 71 51 61 82414.00 0.040 
42 72 52 62 94950.00 0.040 
49 79 59 69 86972.00 0.040 
50 80 60 70 95621.00 0.040 
51 81 61 71 105160.00 0.040 
52 82 62 72 104428.00 0.040 
53 83 63 73 120501.00 0.040 
54 84 64 74 139050.00 0.040 
55 85 65 75 144461.00 0.040 
56 86 66 76 156983.00 0.040 
60 90 70 80 192133.00 0.040 
61 91 71 81 191951.00 0.040 
62 92 72 82 210958.00 0.040 
63 93 73 83 213823.00 0.040 
65 95 75 85 250471.00 0.040 
73 103 83 93 189870.00 0.040 
74 104 84 94 206660.00 0.040 
75 105 85 95 203316.00 0.040 
77 107 87 97 272900.00 0.040 
78 108 88 98 300396.00 0.040 
79 109 89 99 327354.00 0.040 
80 110 90 100 322642.00 0.040 
81 111 91 101 307590.00 0.040 
82 112 92 102 303720.00 0.040 
83 113 93 103 281015.00 0.040 
84 114 94 104 297533.00 0.040 
85 115 95 105 308871.00 0.040 
87 117 97 107 305767.00 0.040 
89 119 99 109 235208.00 0.040 
90 120 100 110 243047.00 0.040 
3 36 14 25 1786.00 0.040 
4 37 15 26 1822.00 0.040 
5 38 16 27 1998.00 0.040 
6 39 17 28 1955.60 0.040 
7 40 18 29 2092.10 0.040 
8 41 19 30 2419.60 0.040 
9 42 20 31 2806.10 0.040 
10 43 21 32 3137.60 0.040 
11 44 22 33 3322.30 0.040 
12 45 23 34 3317.80 0.040 
13 46 24 35 3289.30 0.040 
14 47 25 36 3344.00 0.040 
15 48 26 37 3663.90 0.040 
25 58 36 47 26392.00 0.040 
26 59 37 48 30866.00 0.040 
27 60 38 49 37378.00 0.040 
28 61 39 50 42323.00 0.040 
29 62 40 51 44368.00 0.040 
30 63 41 52 42784.00 0.040 
31 64 42 53 53219.00 0.040 
32 65 43 54 80896.00 0.040 
33 66 44 55 88223.00 0.040 
34 67 45 56 97360.00 0.040 
35 68 46 57 92411.00 0.040 
36 69 47 58 92384.00 0.040 
37 70 48 59 93046.00 0.040 
38 71 49 60 90204.00 0.040 
39 72 50 61 82895.00 0.040 
49 82 60 71 103496.00 0.040 
50 83 61 72 119205.00 0.040 
51 84 62 73 115954.00 0.040 
52 85 63 74 121626.00 0.040 
53 86 64 75 130561.00 0.040 
54 87 65 76 151050.00 0.040 
56 89 67 78 217021.00 0.040 
60 93 71 82 219613.00 0.040 
61 94 72 83 209799.00 0.040 
63 96 74 85 245128.00 0.040 
73 106 84 95 215855.00 0.040 
74 107 85 96 229511.00 0.040 
75 108 86 97 257238.00 0.040 
77 110 88 99 280288.00 0.040 
78 111 89 100 303792.00 0.040 
79 112 90 101 285157.00 0.040 
80 113 91 102 271144.00 0.040 
81 114 92 103 270536.00 0.040 
82 115 93 104 284488.00 0.040 
84 117 95 106 293898.00 0.040 
86 119 97 108 239023.00 0.040 
87 120 98 109 242594.00 0.040 
1 37 13 25 1791.20 0.040 
2 38 14 26 1985.30 0.040 
3 39 15 27 1955.70 0.040 
4 40 16 28 1843.60 0.040 
5 41 17 29 2056.10 0.040 
6 42 18 30 2490.10 0.040 
7 43 19 31 2918.30 0.040 
8 44 20 32 3304.00 0.040 
9 45 21 33 3443.40 0.040 
10 46 22 34 3605.80 0.040 
12 48 24 36 3709.30 0.040 
25 61 37 49 37648.00 0.040 
26 62 38 50 45347.00 0.040 
27 63 39 51 46921.00 0.040 
28 64 40 52 45117.00 0.040 
29 65 41 53 53853.00 0.040 
30 66 42 54 86986.00 0.040 
31 67 43 55 91064.00 0.040 
32 68 44 56 98677.00 0.040 
33 69 45 57 93228.00 0.040 
34 70 46 58 100704.00 0.040 
35 71 47 59 88815.00 0.040 
36 72 48 60 81543.00 0.040 
49 85 61 73 118559.00 0.040 
50 86 62 74 125035.00 0.040 
51 87 63 75 131740.00 0.040 
52 88 64 76 130538.00 0.040 
53 89 65 77 183620.00 0.040 
54 90 66 78 212864.00 0.040 
55 91 67 79 217147.00 0.040 
56 92 68 80 223295.00 0.040 
60 96 72 84 235764.00 0.040 
73 109 85 97 243222.00 0.040 
74 110 86 98 266773.00 0.040 
75 111 87 99 244016.00 0.040 
77 113 89 101 243788.00 0.040 
78 114 90 102 274665.00 0.040 
79 115 91 103 280796.00 0.040 
81 117 93 105 269656.00 0.040 
83 119 95 107 222425.00 0.040 
84 120 96 108 232604.00 0.040 
1 40 14 27 1884.30 0.040 
2 41 15 28 1944.10 0.040 
3 42 16 29 2159.10 0.040 
4 43 17 30 2558.90 0.040 
5 44 18 31 3055.90 0.040 
6 45 19 32 3418.20 0.040 
7 46 20 33 3643.10 0.040 
8 47 21 34 4022.70 0.040 
9 48 22 35 3843.90 0.040 
26 65 39 52 47440.00 0.040 
27 66 40 53 58239.00 0.040 
28 67 41 54 87710.00 0.040 
29 68 42 55 87399.00 0.040 
30 69 43 56 93160.00 0.040 
31 70 44 57 96702.00 0.040 
32 71 45 58 96696.00 0.040 
33 72 46 59 85250.00 0.040 
49 88 62 75 125145.00 0.040 
50 89 63 76 141948.00 0.040 
51 90 64 77 179086.00 0.040 
52 91 65 78 179243.00 0.040 
53 92 66 79 189649.00 0.040 
54 93 67 80 217926.00 0.040 
55 94 68 81 223436.00 0.040 
56 95 69 82 224772.00 0.040 
73 112 86 99 195044.00 0.040 
74 113 87 100 203591.00 0.040 
75 114 88 101 208233.00 0.040 
78 117 91 104 268498.00 0.040 
80 119 93 106 220738.00 0.040 
81 120 94 107 212479.00 0.040 
1 43 15 29 2276.50 0.040 
2 44 16 30 2678.50 0.040 
3 45 17 31 3158.00 0.040 
4 46 18 32 3616.60 0.040 
5 47 19 33 3793.60 0.040 
6 48 20 34 3903.00 0.040 
25 67 39 53 60754.00 0.040 
26 68 40 54 87845.00 0.040 
27 69 41 55 85406.00 0.040 
28 70 42 56 98178.00 0.040 
29 71 43 57 91728.00 0.040 
30 72 44 58 91923.00 0.040 
49 91 63 77 174865.00 0.040 
50 92 64 78 196238.00 0.040 
51 93 65 79 188678.00 0.040 
52 94 66 80 184527.00 0.040 
53 95 67 81 189769.00 0.040 
54 96 68 82 217918.00 0.040 
75 117 89 103 234488.00 0.040 
77 119 91 105 209236.00 0.040 
78 120 92 106 210730.00 0.040 
1 46 16 31 3253.80 0.040 
2 47 17 32 3715.50 0.040 
3 48 18 33 3933.50 0.040 
25 70 40 55 90642.00 0.040 
26 71 41 56 94349.00 0.040 
27 72 42 57 90692.00 0.040 
50 95 65 80 189511.00 0.040 
74 119 89 104 172945.00 0.040 
75 120 90 105 175337.00 0.040 
