48 	 # Number of sensors 
# x z 
0	-69.36
5	-68.08
10	-65.46
15	-62.71
20	-60.8
25	-59.48
30	-57.97
35	-56.79
40	-55.83
45	-54.62
50	-54.07
55	-53.41
60	-52.49
65	-51.06
70	-48.87
75	-46.54
80	-45
85	-43.54
90	-41.65
95	-38.74
100	-35.6
105	-33.81
110	-32.79
115	-30.85
120	-28.64
125	-27.58
130	-26.05
135	-23.38
140	-22.02
145	-20.61
150	-18.72
155	-16.84
160	-15.45
165	-14.1
170	-13.05
175	-12
180	-11.91
185	-9.76
190	-8.53
195	-7.38
200	-5.94
205	-4.55
210	-4.99
215	-3.31
220	-2.4
225	-1.06
230	0
235	-2.24
360 	 # Number of measurements 
# a b m n rhoa err
1 46 16 31 8674.66 0.040 
1 43 15 29 9042.71 0.040 
1 40 14 27 10179.26 0.040 
1 37 13 25 11408.89 0.040 
1 34 12 23 13499.15 0.040 
1 31 11 21 14643.71 0.040 
1 28 10 19 14213.94 0.040 
1 25 9 17 11503.98 0.040 
1 22 8 15 14044.12 0.040 
1 19 7 13 11728.24 0.040 
1 16 6 11 9340.00 0.040 
1 13 5 9 9270.67 0.040 
1 10 4 7 8899.48 0.040 
1 7 3 5 8924.73 0.040 
1 4 2 3 6836.18 0.040 
2 47 17 32 9575.38 0.040 
2 44 16 30 8535.23 0.040 
2 41 15 28 10233.18 0.040 
2 38 14 26 11243.09 0.040 
2 35 13 24 13658.74 0.040 
2 32 12 22 14950.41 0.040 
2 29 11 20 13956.00 0.040 
2 26 10 18 12433.08 0.040 
2 23 9 16 13560.21 0.040 
2 20 8 14 13053.34 0.040 
2 17 7 12 11510.87 0.040 
2 14 6 10 9991.62 0.040 
2 11 5 8 8396.36 0.040 
2 8 4 6 7580.40 0.040 
2 5 3 4 8764.27 0.040 
3 48 18 33 8715.18 0.040 
3 45 17 31 8942.06 0.040 
3 42 16 29 9307.33 0.040 
3 39 15 27 10125.13 0.040 
3 36 14 25 13522.13 0.040 
3 33 13 23 16625.86 0.040 
3 30 12 21 15475.10 0.040 
3 27 11 19 14129.73 0.040 
3 24 10 17 13491.92 0.040 
3 21 9 15 15774.76 0.040 
3 18 8 13 14112.19 0.040 
3 15 7 11 10385.61 0.040 
3 12 6 9 10477.15 0.040 
3 9 5 7 7962.45 0.040 
3 6 4 5 6285.61 0.040 
4 46 18 32 9185.83 0.040 
4 43 17 30 9185.10 0.040 
4 40 16 28 8867.83 0.040 
4 37 15 26 12111.28 0.040 
4 34 14 24 15737.05 0.040 
4 31 13 22 17383.54 0.040 
4 28 12 20 15442.41 0.040 
4 25 11 18 14211.25 0.040 
4 22 10 16 18594.08 0.040 
4 19 9 14 15313.55 0.040 
4 16 8 12 12160.45 0.040 
4 13 7 10 10091.88 0.040 
4 10 6 8 9012.40 0.040 
4 7 5 6 5234.99 0.040 
5 47 19 33 8811.48 0.040 
5 44 18 31 9184.74 0.040 
5 41 17 29 10726.02 0.040 
5 38 16 27 11106.31 0.040 
5 35 15 25 15154.63 0.040 
5 32 14 23 19157.36 0.040 
5 29 13 21 16929.67 0.040 
5 26 12 19 15192.88 0.040 
5 23 11 17 15222.59 0.040 
5 20 10 15 19694.70 0.040 
5 17 9 13 14331.25 0.040 
5 14 8 11 12754.51 0.040 
5 11 7 9 9677.18 0.040 
5 8 6 7 8626.20 0.040 
6 48 20 34 8754.72 0.040 
6 45 19 32 9613.70 0.040 
6 42 18 30 10119.39 0.040 
6 39 17 28 12442.27 0.040 
6 36 16 26 14121.70 0.040 
6 33 15 24 18251.05 0.040 
6 30 14 22 18188.53 0.040 
6 27 13 20 17671.77 0.040 
6 24 12 18 14473.01 0.040 
6 21 11 16 20320.36 0.040 
6 18 10 14 17246.63 0.040 
6 15 9 12 11866.02 0.040 
6 12 8 10 9756.18 0.040 
6 9 7 8 4932.85 0.040 
7 46 20 33 9169.88 0.040 
7 43 19 31 9646.46 0.040 
7 40 18 29 11530.77 0.040 
7 37 17 27 12666.18 0.040 
7 34 16 25 15988.25 0.040 
7 31 15 23 19874.97 0.040 
7 28 14 21 19178.35 0.040 
7 25 13 19 16606.94 0.040 
7 22 12 17 18081.84 0.040 
7 19 11 15 22554.00 0.040 
7 16 10 13 13622.05 0.040 
7 13 9 11 11615.97 0.040 
7 10 8 9 10881.12 0.040 
8 47 21 34 8413.44 0.040 
8 44 20 32 9189.46 0.040 
8 41 19 30 11134.02 0.040 
8 38 18 28 12583.46 0.040 
8 35 17 26 16479.34 0.040 
8 32 16 24 20447.18 0.040 
8 29 15 22 18237.96 0.040 
8 26 14 20 18293.71 0.040 
8 23 13 18 15305.39 0.040 
8 20 12 16 22816.01 0.040 
8 17 11 14 15793.64 0.040 
8 14 10 12 12990.43 0.040 
8 11 9 10 6782.06 0.040 
9 48 22 35 7834.51 0.040 
9 45 21 33 10055.92 0.040 
9 42 20 31 10013.58 0.040 
9 39 19 29 12882.87 0.040 
9 36 18 27 15290.31 0.040 
9 33 17 25 20339.11 0.040 
9 30 16 23 20841.72 0.040 
9 27 15 21 19441.52 0.040 
9 24 14 19 17454.54 0.040 
9 21 13 17 19733.54 0.040 
9 18 12 15 26010.57 0.040 
9 15 11 13 12887.64 0.040 
9 12 10 11 13628.28 0.040 
10 46 22 34 9522.09 0.040 
10 43 21 32 9676.11 0.040 
10 40 20 30 11231.49 0.040 
10 37 19 28 13739.51 0.040 
10 34 18 26 18330.75 0.040 
10 31 17 24 23135.47 0.040 
10 28 16 22 20196.93 0.040 
10 25 15 20 18671.25 0.040 
10 22 14 18 17937.89 0.040 
10 19 13 16 26905.23 0.040 
10 16 12 14 12763.72 0.040 
10 13 11 12 11545.39 0.040 
11 47 23 35 9172.77 0.040 
11 44 22 33 10007.50 0.040 
11 41 21 31 10876.17 0.040 
11 38 20 29 12981.54 0.040 
11 35 19 27 17239.12 0.040 
11 32 18 25 23969.71 0.040 
11 29 17 23 23769.20 0.040 
11 26 16 21 19880.31 0.040 
11 23 15 19 17040.87 0.040 
11 20 14 17 21313.27 0.040 
11 17 13 15 25950.05 0.040 
11 14 12 13 15199.13 0.040 
12 48 24 36 9217.21 0.040 
12 45 23 34 11212.35 0.040 
12 42 22 32 10571.17 0.040 
12 39 21 30 13450.58 0.040 
12 36 20 28 15569.02 0.040 
12 33 19 26 23188.22 0.040 
12 30 18 24 26749.28 0.040 
12 27 17 22 24739.99 0.040 
12 24 16 20 19521.00 0.040 
12 21 15 18 17221.02 0.040 
12 18 14 16 32801.88 0.040 
12 15 13 14 13695.15 0.040 
13 46 24 35 10345.61 0.040 
13 43 23 33 11117.31 0.040 
13 40 22 31 12652.95 0.040 
13 37 21 29 15084.20 0.040 
13 34 20 27 19180.97 0.040 
13 31 19 25 26543.81 0.040 
13 28 18 23 29211.63 0.040 
13 25 17 21 24248.87 0.040 
13 22 16 19 18889.09 0.040 
13 19 15 17 19818.57 0.040 
13 16 14 15 21898.32 0.040 
14 47 25 36 9848.38 0.040 
14 44 24 34 11700.06 0.040 
14 41 23 32 12019.43 0.040 
14 38 22 30 14367.41 0.040 
14 35 21 28 19184.33 0.040 
14 32 20 26 26196.79 0.040 
14 29 19 24 29233.85 0.040 
14 26 18 22 27979.95 0.040 
14 23 17 20 24117.99 0.040 
14 20 16 18 13777.24 0.040 
14 17 15 16 24298.91 0.040 
15 48 26 37 11793.14 0.040 
15 45 25 35 13144.01 0.040 
15 42 24 33 13371.53 0.040 
15 39 23 31 14633.02 0.040 
15 36 22 29 20236.02 0.040 
15 33 21 27 25796.57 0.040 
15 30 20 25 30979.37 0.040 
15 27 19 23 35987.02 0.040 
15 24 18 21 32588.79 0.040 
15 21 17 19 27769.70 0.040 
15 18 16 17 15813.47 0.040 
16 46 26 36 12660.22 0.040 
16 43 25 34 14920.88 0.040 
16 40 24 32 15398.97 0.040 
16 37 23 30 17139.58 0.040 
16 34 22 28 23731.97 0.040 
16 31 21 26 31241.32 0.040 
16 28 20 24 35478.23 0.040 
16 25 19 22 35405.13 0.040 
16 22 18 20 39759.10 0.040 
16 19 17 18 23364.40 0.040 
17 47 27 37 13369.58 0.040 
17 44 26 35 13700.66 0.040 
17 41 25 33 15044.04 0.040 
17 38 24 31 15418.43 0.040 
17 35 23 29 20281.67 0.040 
17 32 22 27 26901.28 0.040 
17 29 21 25 29834.79 0.040 
17 26 20 23 32278.15 0.040 
17 23 19 21 29556.44 0.040 
17 20 18 19 25154.49 0.040 
18 48 28 38 12125.42 0.040 
18 45 27 36 14695.68 0.040 
18 42 26 34 15532.23 0.040 
18 39 25 32 15562.04 0.040 
18 36 24 30 18124.45 0.040 
18 33 23 28 23014.47 0.040 
18 30 22 26 28843.68 0.040 
18 27 21 24 32619.03 0.040 
18 24 20 22 24229.46 0.040 
18 21 19 20 26180.41 0.040 
19 46 28 37 14714.23 0.040 
19 43 27 35 16770.81 0.040 
19 40 26 33 17706.38 0.040 
19 37 25 31 17843.70 0.040 
19 34 24 29 21258.23 0.040 
19 31 23 27 24547.24 0.040 
19 28 22 25 30835.98 0.040 
19 25 21 23 31711.20 0.040 
19 22 20 21 26555.35 0.040 
20 47 29 38 15150.05 0.040 
20 44 28 36 18251.14 0.040 
20 41 27 34 20962.53 0.040 
20 38 26 32 19040.40 0.040 
20 35 25 30 23148.49 0.040 
20 32 24 28 25733.31 0.040 
20 29 23 26 27366.59 0.040 
20 26 22 24 33840.82 0.040 
20 23 21 22 24236.64 0.040 
21 48 30 39 16240.96 0.040 
21 45 29 37 19503.79 0.040 
21 42 28 35 20969.41 0.040 
21 39 27 33 22483.34 0.040 
21 36 26 31 22902.49 0.040 
21 33 25 29 27274.02 0.040 
21 30 24 27 23821.91 0.040 
21 27 23 25 26846.71 0.040 
21 24 22 23 32877.90 0.040 
22 46 30 38 19160.32 0.040 
22 43 29 36 21044.33 0.040 
22 40 28 34 25233.30 0.040 
22 37 27 32 23783.12 0.040 
22 34 26 30 23928.77 0.040 
22 31 25 28 26288.85 0.040 
22 28 24 26 24473.12 0.040 
22 25 23 24 26456.11 0.040 
23 47 31 39 21229.61 0.040 
23 44 30 37 24548.00 0.040 
23 41 29 35 24725.27 0.040 
23 38 28 33 26732.43 0.040 
23 35 27 31 28932.17 0.040 
23 32 26 29 28575.35 0.040 
23 29 25 27 24832.47 0.040 
23 26 24 25 20701.82 0.040 
24 48 32 40 20785.09 0.040 
24 45 31 38 25501.06 0.040 
24 42 30 36 26245.94 0.040 
24 39 29 34 28275.34 0.040 
24 36 28 32 28073.19 0.040 
24 33 27 30 30222.60 0.040 
24 30 26 28 24073.23 0.040 
24 27 25 26 24682.08 0.040 
25 46 32 39 23312.46 0.040 
25 43 31 37 27310.62 0.040 
25 40 30 35 27837.52 0.040 
25 37 29 33 26538.43 0.040 
25 34 28 31 25644.36 0.040 
25 31 27 29 26056.74 0.040 
25 28 26 27 13536.12 0.040 
26 47 33 40 21937.12 0.040 
26 44 32 38 26851.25 0.040 
26 41 31 36 28705.59 0.040 
26 38 30 34 29758.31 0.040 
26 35 29 32 25602.35 0.040 
26 32 28 30 22161.71 0.040 
26 29 27 28 18384.93 0.040 
27 48 34 41 17263.40 0.040 
27 45 33 39 23880.26 0.040 
27 42 32 37 27586.56 0.040 
27 39 31 35 27757.95 0.040 
27 36 30 33 28059.14 0.040 
27 33 29 31 21193.73 0.040 
27 30 28 29 14621.56 0.040 
28 46 34 40 19617.80 0.040 
28 43 33 38 26982.67 0.040 
28 40 32 36 30174.07 0.040 
28 37 31 34 29987.86 0.040 
28 34 30 32 21493.23 0.040 
28 31 29 30 13648.73 0.040 
29 47 35 41 18297.53 0.040 
29 44 34 39 20093.45 0.040 
29 41 33 37 28313.70 0.040 
29 38 32 35 26104.49 0.040 
29 35 31 33 26136.26 0.040 
29 32 30 31 16269.64 0.040 
30 48 36 42 16625.16 0.040 
30 45 35 40 20704.42 0.040 
30 42 34 38 22250.53 0.040 
30 39 33 36 26325.79 0.040 
30 36 32 34 32448.12 0.040 
30 33 31 32 18733.47 0.040 
31 46 36 41 18899.29 0.040 
31 43 35 39 21591.90 0.040 
31 40 34 37 25379.89 0.040 
31 37 33 35 25704.86 0.040 
31 34 32 33 21214.52 0.040 
32 47 37 42 15369.90 0.040 
32 44 36 40 20677.85 0.040 
32 41 35 38 25368.49 0.040 
32 38 34 36 21323.47 0.040 
32 35 33 34 30690.80 0.040 
33 48 38 43 14905.28 0.040 
33 45 37 41 20104.19 0.040 
33 42 36 39 25034.51 0.040 
33 39 35 37 27480.05 0.040 
33 36 34 35 26610.71 0.040 
34 46 38 42 20616.06 0.040 
34 43 37 40 21006.24 0.040 
34 40 36 38 32768.14 0.040 
34 37 35 36 28449.60 0.040 
35 47 39 43 17195.54 0.040 
35 44 38 41 20196.58 0.040 
35 41 37 39 21874.53 0.040 
35 38 36 37 32236.80 0.040 
36 48 40 44 17189.30 0.040 
36 45 39 42 24284.44 0.040 
36 42 38 40 18368.13 0.040 
36 39 37 38 26287.30 0.040 
37 46 40 43 23701.83 0.040 
37 43 39 41 23519.41 0.040 
37 40 38 39 22439.35 0.040 
38 47 41 44 17357.02 0.040 
38 44 40 42 26986.73 0.040 
38 41 39 40 19202.15 0.040 
39 48 42 45 13309.31 0.040 
39 45 41 43 24550.44 0.040 
39 42 40 41 26734.55 0.040 
40 46 42 44 18223.29 0.040 
40 43 41 42 30367.60 0.040 
41 47 43 45 16436.86 0.040 
41 44 42 43 22088.13 0.040 
42 48 44 46 17110.01 0.040 
42 45 43 44 30420.36 0.040 
43 46 44 45 17968.00 0.040 
44 47 45 46 24176.95 0.040 
45 48 46 47 20809.49 0.040 
