48 	 # Number of sensors 
# x z 
0	-21.8
5	-22.17
10	-22.98
15	-24.16
20	-24.67
25	-24.54
30	-24.01
35	-23.17
40	-22.54
45	-21.95
50	-21.14
55	-20.25
60	-19.56
65	-18.55
70	-17.02
75	-16.26
80	-15.19
85	-14.19
90	-13.23
95	-12.53
100	-11.21
105	-10.51
110	-9.63
115	-9.14
120	-8.66
125	-8.31
130	-7.86
135	-7.09
140	-6.68
145	-6.01
150	-5.21
155	-4.83
160	-4.47
165	-3.93
170	-3.16
175	-2.99
180	-2.86
185	-1.77
190	-1.19
195	-0.49
200	-0.05
205	0
210	-0.08
215	-0.2
220	-0.68
225	-0.8
230	-0.6
235	-0.47
896 	 # Number of measurements 
# a b m n rhoa err
2 1 3 4 17705.00 0.040 
3 2 4 5 10922.00 0.040 
4 3 5 6 10567.00 0.040 
5 4 6 7 12906.00 0.040 
6 5 7 8 13558.00 0.040 
7 6 8 9 13182.00 0.040 
8 7 9 10 20883.00 0.040 
9 8 10 11 17618.00 0.040 
10 9 11 12 18039.00 0.040 
11 10 12 13 12851.00 0.040 
12 11 13 14 21445.00 0.040 
13 12 14 15 15093.00 0.040 
14 13 15 16 13601.00 0.040 
15 14 16 17 24209.00 0.040 
16 15 17 18 12224.00 0.040 
17 16 18 19 17160.00 0.040 
18 17 19 20 17717.00 0.040 
19 18 20 21 22050.00 0.040 
20 19 21 22 15418.00 0.040 
21 20 22 23 24237.00 0.040 
22 21 23 24 15655.00 0.040 
23 22 24 25 23219.00 0.040 
24 23 25 26 16435.00 0.040 
25 24 26 27 18711.00 0.040 
26 25 27 28 14563.00 0.040 
27 26 28 29 22569.00 0.040 
28 27 29 30 18763.00 0.040 
29 28 30 31 21603.00 0.040 
30 29 31 32 30667.00 0.040 
31 30 32 33 16063.00 0.040 
32 31 33 34 24854.00 0.040 
33 32 34 35 15039.00 0.040 
34 33 35 36 20775.00 0.040 
35 34 36 37 16594.00 0.040 
36 35 37 38 23323.00 0.040 
37 36 38 39 14832.00 0.040 
38 37 39 40 30556.00 0.040 
39 38 40 41 36413.00 0.040 
40 39 41 42 54348.00 0.040 
41 40 42 43 24116.00 0.040 
42 41 43 44 23916.00 0.040 
43 42 44 45 17311.00 0.040 
44 43 45 46 16196.00 0.040 
45 44 46 47 19176.00 0.040 
46 45 47 48 17962.00 0.040 
2 1 4 5 24351.00 0.040 
3 2 5 6 16751.00 0.040 
4 3 6 7 22062.00 0.040 
5 4 7 8 22696.00 0.040 
6 5 8 9 21356.00 0.040 
7 6 9 10 26433.00 0.040 
8 7 10 11 32967.00 0.040 
9 8 11 12 32773.00 0.040 
10 9 12 13 22190.00 0.040 
11 10 13 14 30104.00 0.040 
12 11 14 15 37517.00 0.040 
13 12 15 16 17918.00 0.040 
14 13 16 17 33252.00 0.040 
15 14 17 18 35314.00 0.040 
16 15 18 19 22707.00 0.040 
17 16 19 20 27282.00 0.040 
18 17 20 21 36794.00 0.040 
19 18 21 22 28819.00 0.040 
20 19 22 23 29445.00 0.040 
21 20 23 24 32060.00 0.040 
22 21 24 25 35719.00 0.040 
23 22 25 26 32085.00 0.040 
24 23 26 27 26512.00 0.040 
25 24 27 28 26986.00 0.040 
26 25 28 29 36898.00 0.040 
27 26 29 30 38571.00 0.040 
28 27 30 31 30886.00 0.040 
29 28 31 32 47406.00 0.040 
30 29 32 33 36987.00 0.040 
31 30 33 34 39819.00 0.040 
32 31 34 35 41347.00 0.040 
33 32 35 36 26733.00 0.040 
34 33 36 37 33843.00 0.040 
35 34 37 38 49487.00 0.040 
36 35 38 39 27163.00 0.040 
37 36 39 40 31450.00 0.040 
38 37 40 41 39899.00 0.040 
39 38 41 42 40334.00 0.040 
40 39 42 43 57600.00 0.040 
41 40 43 44 37602.00 0.040 
42 41 44 45 36213.00 0.040 
43 42 45 46 27242.00 0.040 
44 43 46 47 35824.00 0.040 
45 44 47 48 38185.00 0.040 
2 1 5 6 31558.00 0.040 
3 2 6 7 28436.00 0.040 
4 3 7 8 35573.00 0.040 
5 4 8 9 29437.00 0.040 
6 5 9 10 33449.00 0.040 
7 6 10 11 37412.00 0.040 
8 7 11 12 52969.00 0.040 
9 8 12 13 33489.00 0.040 
10 9 13 14 37831.00 0.040 
11 10 14 15 49558.00 0.040 
12 11 15 16 36899.00 0.040 
13 12 16 17 37500.00 0.040 
15 14 18 19 53394.00 0.040 
16 15 19 20 31251.00 0.040 
17 16 20 21 52277.00 0.040 
18 17 21 22 42945.00 0.040 
19 18 22 23 47828.00 0.040 
20 19 23 24 33348.00 0.040 
21 20 24 25 59228.00 0.040 
22 21 25 26 42337.00 0.040 
23 22 26 27 47184.00 0.040 
24 23 27 28 33960.00 0.040 
25 24 28 29 53217.00 0.040 
26 25 29 30 59028.00 0.040 
27 26 30 31 51529.00 0.040 
28 27 31 32 54859.00 0.040 
29 28 32 33 47814.00 0.040 
30 29 33 34 70909.00 0.040 
31 30 34 35 54444.00 0.040 
32 31 35 36 58302.00 0.040 
33 32 36 37 36517.00 0.040 
34 33 37 38 81928.00 0.040 
35 34 38 39 41062.00 0.040 
36 35 39 40 49620.00 0.040 
37 36 40 41 36365.00 0.040 
38 37 41 42 59397.00 0.040 
39 38 42 43 44425.00 0.040 
40 39 43 44 70832.00 0.040 
41 40 44 45 50942.00 0.040 
42 41 45 46 46994.00 0.040 
43 42 46 47 47916.00 0.040 
44 43 47 48 51959.00 0.040 
2 1 6 7 46564.00 0.040 
3 2 7 8 41614.00 0.040 
4 3 8 9 43996.00 0.040 
5 4 9 10 42615.00 0.040 
6 5 10 11 42068.00 0.040 
7 6 11 12 54411.00 0.040 
8 7 12 13 48620.00 0.040 
9 8 13 14 61706.00 0.040 
10 9 14 15 62867.00 0.040 
11 10 15 16 43921.00 0.040 
12 11 16 17 68682.00 0.040 
13 12 17 18 44897.00 0.040 
14 13 18 19 63559.00 0.040 
15 14 19 20 64852.00 0.040 
16 15 20 21 52394.00 0.040 
17 16 21 22 57118.00 0.040 
18 17 22 23 62124.00 0.040 
19 18 23 24 49659.00 0.040 
20 19 24 25 58062.00 0.040 
21 20 25 26 65011.00 0.040 
22 21 26 27 58552.00 0.040 
23 22 27 28 56649.00 0.040 
24 23 28 29 63828.00 0.040 
25 24 29 30 75237.00 0.040 
26 25 30 31 72630.00 0.040 
27 26 31 32 80166.00 0.040 
28 27 32 33 48762.00 0.040 
29 28 33 34 84158.00 0.040 
30 29 34 35 84359.00 0.040 
31 30 35 36 67828.00 0.040 
32 31 36 37 72756.00 0.040 
33 32 37 38 86770.00 0.040 
34 33 38 39 58130.00 0.040 
35 34 39 40 70477.00 0.040 
36 35 40 41 51743.00 0.040 
37 36 41 42 51789.00 0.040 
38 37 42 43 69320.00 0.040 
39 38 43 44 55438.00 0.040 
40 39 44 45 83808.00 0.040 
41 40 45 46 59690.00 0.040 
42 41 46 47 74270.00 0.040 
43 42 47 48 60502.00 0.040 
2 1 7 8 74954.00 0.040 
3 2 8 9 50464.00 0.040 
4 3 9 10 59875.00 0.040 
5 4 10 11 52120.00 0.040 
6 5 11 12 58992.00 0.040 
7 6 12 13 47296.00 0.040 
8 7 13 14 85651.00 0.040 
9 8 14 15 80892.00 0.040 
10 9 15 16 51251.00 0.040 
11 10 16 17 76232.00 0.040 
12 11 17 18 80168.00 0.040 
13 12 18 19 58079.00 0.040 
14 13 19 20 74609.00 0.040 
15 14 20 21 102714.00 0.040 
16 15 21 22 53940.00 0.040 
17 16 22 23 78239.00 0.040 
18 17 23 24 61484.00 0.040 
19 18 24 25 80680.00 0.040 
20 19 25 26 60157.00 0.040 
21 20 26 27 86600.00 0.040 
22 21 27 28 67502.00 0.040 
23 22 28 29 100902.00 0.040 
24 23 29 30 84207.00 0.040 
25 24 30 31 82675.00 0.040 
26 25 31 32 108980.00 0.040 
27 26 32 33 67638.00 0.040 
28 27 33 34 80986.00 0.040 
29 28 34 35 97394.00 0.040 
30 29 35 36 96241.00 0.040 
31 30 36 37 76841.00 0.040 
32 31 37 38 168555.00 0.040 
33 32 38 39 55685.00 0.040 
34 33 39 40 101475.00 0.040 
35 34 40 41 69076.00 0.040 
36 35 41 42 68470.00 0.040 
37 36 42 43 58200.00 0.040 
38 37 43 44 90777.00 0.040 
39 38 44 45 61434.00 0.040 
40 39 45 46 92816.00 0.040 
41 40 46 47 88413.00 0.040 
42 41 47 48 86128.00 0.040 
2 1 8 9 79804.00 0.040 
3 2 9 10 69781.00 0.040 
4 3 10 11 71383.00 0.040 
5 4 11 12 70607.00 0.040 
6 5 12 13 48793.00 0.040 
7 6 13 14 76193.00 0.040 
8 7 14 15 110517.00 0.040 
9 8 15 16 63891.00 0.040 
10 9 16 17 88237.00 0.040 
11 10 17 18 85289.00 0.040 
12 11 18 19 98745.00 0.040 
13 12 19 20 65467.00 0.040 
14 13 20 21 114446.00 0.040 
15 14 21 22 103898.00 0.040 
16 15 22 23 72280.00 0.040 
17 16 23 24 74721.00 0.040 
18 17 24 25 96997.00 0.040 
19 18 25 26 82118.00 0.040 
20 19 26 27 78733.00 0.040 
21 20 27 28 96434.00 0.040 
22 21 28 29 115393.00 0.040 
23 22 29 30 130297.00 0.040 
24 23 30 31 91476.00 0.040 
25 24 31 32 105098.00 0.040 
26 25 32 33 91567.00 0.040 
27 26 33 34 110372.00 0.040 
28 27 34 35 87964.00 0.040 
29 28 35 36 104773.00 0.040 
30 29 36 37 105533.00 0.040 
31 30 37 38 175267.00 0.040 
32 31 38 39 94749.00 0.040 
33 32 39 40 103957.00 0.040 
34 33 40 41 95086.00 0.040 
35 34 41 42 87739.00 0.040 
36 35 42 43 74427.00 0.040 
37 36 43 44 73533.00 0.040 
38 37 44 45 119109.00 0.040 
39 38 45 46 85852.00 0.040 
40 39 46 47 136076.00 0.040 
41 40 47 48 96959.00 0.040 
2 1 9 10 96739.00 0.040 
3 2 10 11 71157.00 0.040 
4 3 11 12 92948.00 0.040 
5 4 12 13 57275.00 0.040 
7 6 14 15 90269.00 0.040 
8 7 15 16 86689.00 0.040 
9 8 16 17 101764.00 0.040 
10 9 17 18 100687.00 0.040 
11 10 18 19 102676.00 0.040 
12 11 19 20 108442.00 0.040 
13 12 20 21 97124.00 0.040 
14 13 21 22 112177.00 0.040 
15 14 22 23 135792.00 0.040 
16 15 23 24 66582.00 0.040 
17 16 24 25 113146.00 0.040 
18 17 25 26 93647.00 0.040 
19 18 26 27 104366.00 0.040 
20 19 27 28 85473.00 0.040 
21 20 28 29 152137.00 0.040 
22 21 29 30 142939.00 0.040 
23 22 30 31 138361.00 0.040 
24 23 31 32 121428.00 0.040 
25 24 32 33 77296.00 0.040 
26 25 33 34 147607.00 0.040 
27 26 34 35 111773.00 0.040 
28 27 35 36 91922.00 0.040 
29 28 36 37 113479.00 0.040 
30 29 37 38 224817.00 0.040 
31 30 38 39 79058.00 0.040 
32 31 39 40 183758.00 0.040 
33 32 40 41 93560.00 0.040 
34 33 41 42 116570.00 0.040 
35 34 42 43 91509.00 0.040 
36 35 43 44 90553.00 0.040 
37 36 44 45 94724.00 0.040 
38 37 45 46 122703.00 0.040 
39 38 46 47 117206.00 0.040 
40 39 47 48 147142.00 0.040 
2 1 10 11 120136.00 0.040 
3 2 11 12 99483.00 0.040 
4 3 12 13 74273.00 0.040 
5 4 13 14 65258.00 0.040 
6 5 14 15 96574.00 0.040 
7 6 15 16 69132.00 0.040 
8 7 16 17 127334.00 0.040 
9 8 17 18 107593.00 0.040 
10 9 18 19 112340.00 0.040 
11 10 19 20 110356.00 0.040 
12 11 20 21 158222.00 0.040 
13 12 21 22 93551.00 0.040 
14 13 22 23 139928.00 0.040 
15 14 23 24 121049.00 0.040 
16 15 24 25 99139.00 0.040 
17 16 25 26 108844.00 0.040 
18 17 26 27 116782.00 0.040 
19 18 27 28 110257.00 0.040 
20 19 28 29 138151.00 0.040 
21 20 29 30 193487.00 0.040 
22 21 30 31 148522.00 0.040 
23 22 31 32 175341.00 0.040 
24 23 32 33 92495.00 0.040 
25 24 33 34 113071.00 0.040 
27 26 35 36 116159.00 0.040 
28 27 36 37 97720.00 0.040 
29 28 37 38 235110.00 0.040 
30 29 38 39 115659.00 0.040 
31 30 39 40 163894.00 0.040 
32 31 40 41 161651.00 0.040 
33 32 41 42 111274.00 0.040 
34 33 42 43 119007.00 0.040 
35 34 43 44 109231.00 0.040 
36 35 44 45 117306.00 0.040 
37 36 45 46 95176.00 0.040 
38 37 46 47 164319.00 0.040 
39 38 47 48 127786.00 0.040 
2 1 11 12 146359.00 0.040 
3 2 12 13 77717.00 0.040 
4 3 13 14 116334.00 0.040 
5 4 14 15 110737.00 0.040 
6 5 15 16 69717.00 0.040 
7 6 16 17 105259.00 0.040 
8 7 17 18 140948.00 0.040 
9 8 18 19 125099.00 0.040 
10 9 19 20 115988.00 0.040 
11 10 20 21 156611.00 0.040 
12 11 21 22 149002.00 0.040 
13 12 22 23 113462.00 0.040 
14 13 23 24 123371.00 0.040 
15 14 24 25 177119.00 0.040 
16 15 25 26 92723.00 0.040 
17 16 26 27 134371.00 0.040 
18 17 27 28 121034.00 0.040 
19 18 28 29 173126.00 0.040 
20 19 29 30 163782.00 0.040 
21 20 30 31 189950.00 0.040 
22 21 31 32 186029.00 0.040 
23 22 32 33 132098.00 0.040 
24 23 33 34 140372.00 0.040 
25 24 34 35 104882.00 0.040 
27 26 36 37 123221.00 0.040 
28 27 37 38 207521.00 0.040 
29 28 38 39 130744.00 0.040 
30 29 39 40 210069.00 0.040 
31 30 40 41 140786.00 0.040 
32 31 41 42 186523.00 0.040 
33 32 42 43 113774.00 0.040 
34 33 43 44 140008.00 0.040 
35 34 44 45 142633.00 0.040 
36 35 45 46 111034.00 0.040 
37 36 46 47 125989.00 0.040 
38 37 47 48 172160.00 0.040 
2 1 12 13 111886.00 0.040 
3 2 13 14 123190.00 0.040 
4 3 14 15 141666.00 0.040 
5 4 15 16 77968.00 0.040 
6 5 16 17 103804.00 0.040 
8 7 18 19 154185.00 0.040 
9 8 19 20 127893.00 0.040 
11 10 21 22 147013.00 0.040 
12 11 22 23 178461.00 0.040 
13 12 23 24 98956.00 0.040 
14 13 24 25 177112.00 0.040 
15 14 25 26 157053.00 0.040 
16 15 26 27 112661.00 0.040 
17 16 27 28 137092.00 0.040 
18 17 28 29 186808.00 0.040 
19 18 29 30 204690.00 0.040 
20 19 30 31 160783.00 0.040 
21 20 31 32 241525.00 0.040 
22 21 32 33 137553.00 0.040 
23 22 33 34 200074.00 0.040 
24 23 34 35 140422.00 0.040 
27 26 37 38 286621.00 0.040 
28 27 38 39 96256.00 0.040 
29 28 39 40 226922.00 0.040 
30 29 40 41 175519.00 0.040 
31 30 41 42 162064.00 0.040 
32 31 42 43 187756.00 0.040 
33 32 43 44 130241.00 0.040 
34 33 44 45 186680.00 0.040 
35 34 45 46 119851.00 0.040 
36 35 46 47 147877.00 0.040 
37 36 47 48 129636.00 0.040 
2 1 13 14 172707.00 0.040 
3 2 14 15 151824.00 0.040 
4 3 15 16 97116.00 0.040 
5 4 16 17 116183.00 0.040 
6 5 17 18 108882.00 0.040 
7 6 18 19 121742.00 0.040 
8 7 19 20 160840.00 0.040 
9 8 20 21 178437.00 0.040 
10 9 21 22 151874.00 0.040 
11 10 22 23 173480.00 0.040 
12 11 23 24 153209.00 0.040 
13 12 24 25 139818.00 0.040 
14 13 25 26 128049.00 0.040 
15 14 26 27 189435.00 0.040 
16 15 27 28 113703.00 0.040 
17 16 28 29 208443.00 0.040 
18 17 29 30 216994.00 0.040 
19 18 30 31 201913.00 0.040 
20 19 31 32 199799.00 0.040 
21 20 32 33 170929.00 0.040 
22 21 33 34 202959.00 0.040 
23 22 34 35 199057.00 0.040 
24 23 35 36 133498.00 0.040 
28 27 39 40 181323.00 0.040 
29 28 40 41 187229.00 0.040 
30 29 41 42 204292.00 0.040 
31 30 42 43 158564.00 0.040 
32 31 43 44 211517.00 0.040 
33 32 44 45 138033.00 0.040 
34 33 45 46 136054.00 0.040 
35 34 46 47 167787.00 0.040 
36 35 47 48 148820.00 0.040 
2 1 14 15 204243.00 0.040 
3 2 15 16 102177.00 0.040 
4 3 16 17 145018.00 0.040 
5 4 17 18 119987.00 0.040 
6 5 18 19 120106.00 0.040 
7 6 19 20 110065.00 0.040 
8 7 20 21 221216.00 0.040 
9 8 21 22 163464.00 0.040 
10 9 22 23 179515.00 0.040 
11 10 23 24 149744.00 0.040 
12 11 24 25 220220.00 0.040 
13 12 25 26 108957.00 0.040 
14 13 26 27 192226.00 0.040 
15 14 27 28 188738.00 0.040 
16 15 28 29 171192.00 0.040 
17 16 29 30 242284.00 0.040 
18 17 30 31 211500.00 0.040 
19 18 31 32 238337.00 0.040 
20 19 32 33 144266.00 0.040 
21 20 33 34 257040.00 0.040 
22 21 34 35 198765.00 0.040 
23 22 35 36 186290.00 0.040 
24 23 36 37 133371.00 0.040 
27 26 39 40 214576.00 0.040 
28 27 40 41 149270.00 0.040 
29 28 41 42 210807.00 0.040 
30 29 42 43 195291.00 0.040 
31 30 43 44 178621.00 0.040 
32 31 44 45 235187.00 0.040 
33 32 45 46 174362.00 0.040 
34 33 46 47 204921.00 0.040 
35 34 47 48 173094.00 0.040 
2 1 15 16 139625.00 0.040 
3 2 16 17 149394.00 0.040 
5 4 18 19 134096.00 0.040 
6 5 19 20 122996.00 0.040 
7 6 20 21 164450.00 0.040 
8 7 21 22 201308.00 0.040 
9 8 22 23 190379.00 0.040 
10 9 23 24 151955.00 0.040 
11 10 24 25 202868.00 0.040 
12 11 25 26 193053.00 0.040 
13 12 26 27 142964.00 0.040 
14 13 27 28 188347.00 0.040 
15 14 28 29 281504.00 0.040 
16 15 29 30 196750.00 0.040 
17 16 30 31 234214.00 0.040 
18 17 31 32 248592.00 0.040 
19 18 32 33 137133.00 0.040 
20 19 33 34 208266.00 0.040 
21 20 34 35 249940.00 0.040 
22 21 35 36 185250.00 0.040 
23 22 36 37 186909.00 0.040 
24 23 37 38 162597.00 0.040 
27 26 40 41 175949.00 0.040 
28 27 41 42 166273.00 0.040 
29 28 42 43 201629.00 0.040 
30 29 43 44 218251.00 0.040 
31 30 44 45 202478.00 0.040 
32 31 45 46 273293.00 0.040 
33 32 46 47 191045.00 0.040 
34 33 47 48 212132.00 0.040 
2 1 16 17 201559.00 0.040 
3 2 17 18 157261.00 0.040 
4 3 18 19 166257.00 0.040 
5 4 19 20 133523.00 0.040 
6 5 20 21 156747.00 0.040 
7 6 21 22 151099.00 0.040 
8 7 22 23 229081.00 0.040 
9 8 23 24 160537.00 0.040 
10 9 24 25 211264.00 0.040 
11 10 25 26 182116.00 0.040 
12 11 26 27 228592.00 0.040 
13 12 27 28 146670.00 0.040 
14 13 28 29 278404.00 0.040 
15 14 29 30 316826.00 0.040 
16 15 30 31 188827.00 0.040 
17 16 31 32 268623.00 0.040 
18 17 32 33 177837.00 0.040 
19 18 33 34 250840.00 0.040 
20 19 34 35 200820.00 0.040 
21 20 35 36 231026.00 0.040 
22 21 36 37 183640.00 0.040 
23 22 37 38 266931.00 0.040 
24 23 38 39 270807.00 0.040 
27 26 41 42 195073.00 0.040 
28 27 42 43 157868.00 0.040 
29 28 43 44 222302.00 0.040 
30 29 44 45 252481.00 0.040 
31 30 45 46 211167.00 0.040 
32 31 46 47 303272.00 0.040 
33 32 47 48 184583.00 0.040 
2 1 17 18 209070.00 0.040 
3 2 18 19 171460.00 0.040 
4 3 19 20 162615.00 0.040 
5 4 20 21 179526.00 0.040 
6 5 21 22 151105.00 0.040 
7 6 22 23 176425.00 0.040 
8 7 23 24 194086.00 0.040 
9 8 24 25 222311.00 0.040 
10 9 25 26 183440.00 0.040 
11 10 26 27 215375.00 0.040 
12 11 27 28 223157.00 0.040 
13 12 28 29 204174.00 0.040 
14 13 29 30 315848.00 0.040 
15 14 30 31 301299.00 0.040 
16 15 31 32 215119.00 0.040 
17 16 32 33 191859.00 0.040 
18 17 33 34 257082.00 0.040 
19 18 34 35 241321.00 0.040 
20 19 35 36 184939.00 0.040 
21 20 36 37 228246.00 0.040 
22 21 37 38 272006.00 0.040 
23 22 38 39 323160.00 0.040 
24 23 39 40 250604.00 0.040 
27 26 42 43 184138.00 0.040 
28 27 43 44 173372.00 0.040 
29 28 44 45 247445.00 0.040 
30 29 45 46 242105.00 0.040 
31 30 46 47 246156.00 0.040 
32 31 47 48 289338.00 0.040 
2 1 18 19 222689.00 0.040 
3 2 19 20 173915.00 0.040 
4 3 20 21 222571.00 0.040 
5 4 21 22 163937.00 0.040 
6 5 22 23 171682.00 0.040 
7 6 23 24 147061.00 0.040 
8 7 24 25 262094.00 0.040 
9 8 25 26 194166.00 0.040 
10 9 26 27 215836.00 0.040 
11 10 27 28 208661.00 0.040 
12 11 28 29 327209.00 0.040 
13 12 29 30 244715.00 0.040 
14 13 30 31 299728.00 0.040 
15 14 31 32 353305.00 0.040 
16 15 32 33 153086.00 0.040 
17 16 33 34 281540.00 0.040 
18 17 34 35 245972.00 0.040 
19 18 35 36 219858.00 0.040 
20 19 36 37 181767.00 0.040 
21 20 37 38 350238.00 0.040 
22 21 38 39 295258.00 0.040 
23 22 39 40 340492.00 0.040 
24 23 40 41 194820.00 0.040 
27 26 43 44 202316.00 0.040 
28 27 44 45 200514.00 0.040 
29 28 45 46 247716.00 0.040 
30 29 46 47 294515.00 0.040 
31 30 47 48 246653.00 0.040 
2 1 19 20 228128.00 0.040 
3 2 20 21 233185.00 0.040 
4 3 21 22 198753.00 0.040 
5 4 22 23 186366.00 0.040 
6 5 23 24 143689.00 0.040 
7 6 24 25 203399.00 0.040 
8 7 25 26 236608.00 0.040 
9 8 26 27 226821.00 0.040 
10 9 27 28 208922.00 0.040 
11 10 28 29 302466.00 0.040 
12 11 29 30 369017.00 0.040 
13 12 30 31 230878.00 0.040 
14 13 31 32 339840.00 0.040 
15 14 32 33 248498.00 0.040 
16 15 33 34 224168.00 0.040 
17 16 34 35 269129.00 0.040 
18 17 35 36 222833.00 0.040 
19 18 36 37 217110.00 0.040 
20 19 37 38 281998.00 0.040 
21 20 38 39 344491.00 0.040 
22 21 39 40 322032.00 0.040 
23 22 40 41 264193.00 0.040 
24 23 41 42 209536.00 0.040 
25 24 42 43 369638.00 0.040 
27 26 44 45 276404.00 0.040 
28 27 45 46 185419.00 0.040 
29 28 46 47 292828.00 0.040 
30 29 47 48 291944.00 0.040 
2 1 20 21 303976.00 0.040 
3 2 21 22 208199.00 0.040 
4 3 22 23 224311.00 0.040 
5 4 23 24 155740.00 0.040 
6 5 24 25 194742.00 0.040 
7 6 25 26 174858.00 0.040 
8 7 26 27 276341.00 0.040 
9 8 27 28 218663.00 0.040 
10 9 28 29 303872.00 0.040 
11 10 29 30 342287.00 0.040 
12 11 30 31 346963.00 0.040 
13 12 31 32 248218.00 0.040 
14 13 32 33 239627.00 0.040 
15 14 33 34 348637.00 0.040 
16 15 34 35 213688.00 0.040 
17 16 35 36 242390.00 0.040 
18 17 36 37 219006.00 0.040 
19 18 37 38 342856.00 0.040 
20 19 38 39 266210.00 0.040 
21 20 39 40 391225.00 0.040 
22 21 40 41 249850.00 0.040 
23 22 41 42 283069.00 0.040 
24 23 42 43 193858.00 0.040 
25 24 43 44 370933.00 0.040 
27 26 45 46 182929.00 0.040 
28 27 46 47 226583.00 0.040 
29 28 47 48 292131.00 0.040 
2 1 21 22 271285.00 0.040 
3 2 22 23 231545.00 0.040 
4 3 23 24 187797.00 0.040 
5 4 24 25 211305.00 0.040 
6 5 25 26 171300.00 0.040 
7 6 26 27 216827.00 0.040 
8 7 27 28 264980.00 0.040 
9 8 28 29 317298.00 0.040 
10 9 29 30 339620.00 0.040 
11 10 30 31 321871.00 0.040 
12 11 31 32 386360.00 0.040 
13 12 32 33 181727.00 0.040 
14 13 33 34 346532.00 0.040 
15 14 34 35 328690.00 0.040 
16 15 35 36 190998.00 0.040 
17 16 36 37 239425.00 0.040 
18 17 37 38 343953.00 0.040 
19 18 38 39 312689.00 0.040 
20 19 39 40 306760.00 0.040 
21 20 40 41 302698.00 0.040 
22 21 41 42 266996.00 0.040 
23 22 42 43 262141.00 0.040 
24 23 43 44 207865.00 0.040 
25 24 44 45 380676.00 0.040 
27 26 46 47 266873.00 0.040 
28 27 47 48 222780.00 0.040 
2 1 22 23 302740.00 0.040 
3 2 23 24 193502.00 0.040 
4 3 24 25 254990.00 0.040 
5 4 25 26 178402.00 0.040 
6 5 26 27 199243.00 0.040 
8 7 28 29 379632.00 0.040 
9 8 29 30 354792.00 0.040 
10 9 30 31 318206.00 0.040 
11 10 31 32 358015.00 0.040 
12 11 32 33 273589.00 0.040 
13 12 33 34 265494.00 0.040 
14 13 34 35 327832.00 0.040 
15 14 35 36 298198.00 0.040 
16 15 36 37 188436.00 0.040 
17 16 37 38 380055.00 0.040 
18 17 38 39 311042.00 0.040 
19 18 39 40 367576.00 0.040 
20 19 40 41 237174.00 0.040 
21 20 41 42 322835.00 0.040 
22 21 42 43 245268.00 0.040 
23 22 43 44 280247.00 0.040 
24 23 44 45 228917.00 0.040 
25 24 45 46 424585.00 0.040 
27 26 47 48 246378.00 0.040 
2 1 23 24 251308.00 0.040 
3 2 24 25 279626.00 0.040 
4 3 25 26 223132.00 0.040 
5 4 26 27 214134.00 0.040 
6 5 27 28 190292.00 0.040 
8 7 29 30 430868.00 0.040 
9 8 30 31 331620.00 0.040 
10 9 31 32 361330.00 0.040 
11 10 32 33 250753.00 0.040 
12 11 33 34 399622.00 0.040 
13 12 34 35 262382.00 0.040 
14 13 35 36 293073.00 0.040 
15 14 36 37 289763.00 0.040 
16 15 37 38 298766.00 0.040 
17 16 38 39 335539.00 0.040 
18 17 39 40 365351.00 0.040 
19 18 40 41 281796.00 0.040 
20 19 41 42 252516.00 0.040 
21 20 42 43 295638.00 0.040 
22 21 43 44 262075.00 0.040 
23 22 44 45 314069.00 0.040 
24 23 45 46 221173.00 0.040 
25 24 46 47 437623.00 0.040 
2 1 24 25 363634.00 0.040 
3 2 25 26 212779.00 0.040 
5 4 27 28 204306.00 0.040 
6 5 28 29 272317.00 0.040 
8 7 30 31 401806.00 0.040 
9 8 31 32 370858.00 0.040 
10 9 32 33 253105.00 0.040 
11 10 33 34 362356.00 0.040 
12 11 34 35 378793.00 0.040 
13 12 35 36 223146.00 0.040 
14 13 36 37 287571.00 0.040 
15 14 37 38 455532.00 0.040 
16 15 38 39 263055.00 0.040 
17 16 39 40 401815.00 0.040 
18 17 40 41 280510.00 0.040 
19 18 41 42 298847.00 0.040 
20 19 42 43 230528.00 0.040 
21 20 43 44 315477.00 0.040 
22 21 44 45 292396.00 0.040 
23 22 45 46 296412.00 0.040 
24 23 46 47 257472.00 0.040 
25 24 47 48 446329.00 0.040 
2 1 25 26 259302.00 0.040 
3 2 26 27 264854.00 0.040 
4 3 27 28 244058.00 0.040 
5 4 28 29 292825.00 0.040 
6 5 29 30 305203.00 0.040 
8 7 31 32 436772.00 0.040 
10 9 33 34 360396.00 0.040 
11 10 34 35 342017.00 0.040 
12 11 35 36 333247.00 0.040 
13 12 36 37 219783.00 0.040 
14 13 37 38 457372.00 0.040 
15 14 38 39 394734.00 0.040 
16 15 39 40 314093.00 0.040 
17 16 40 41 306029.00 0.040 
18 17 41 42 296856.00 0.040 
19 18 42 43 272829.00 0.040 
20 19 43 44 245919.00 0.040 
21 20 44 45 357337.00 0.040 
22 21 45 46 273976.00 0.040 
23 22 46 47 345578.00 0.040 
24 23 47 48 251469.00 0.040 
2 1 26 27 336547.00 0.040 
3 2 27 28 251271.00 0.040 
4 3 28 29 322536.00 0.040 
5 4 29 30 326250.00 0.040 
6 5 30 31 283798.00 0.040 
8 7 32 33 305517.00 0.040 
9 8 33 34 374667.00 0.040 
11 10 35 36 304606.00 0.040 
12 11 36 37 328208.00 0.040 
13 12 37 38 351217.00 0.040 
14 13 38 39 391529.00 0.040 
15 14 39 40 467400.00 0.040 
16 15 40 41 239319.00 0.040 
17 16 41 42 323523.00 0.040 
18 17 42 43 270597.00 0.040 
19 18 43 44 288248.00 0.040 
20 19 44 45 282572.00 0.040 
21 20 45 46 327716.00 0.040 
22 21 46 47 319341.00 0.040 
23 22 47 48 333028.00 0.040 
2 1 27 28 317799.00 0.040 
3 2 28 29 359045.00 0.040 
4 3 29 30 362674.00 0.040 
5 4 30 31 302563.00 0.040 
6 5 31 32 314197.00 0.040 
8 7 33 34 448244.00 0.040 
9 8 34 35 352282.00 0.040 
11 10 36 37 298958.00 0.040 
12 11 37 38 524402.00 0.040 
13 12 38 39 297866.00 0.040 
14 13 39 40 471340.00 0.040 
15 14 40 41 357008.00 0.040 
16 15 41 42 252086.00 0.040 
17 16 42 43 294163.00 0.040 
18 17 43 44 288096.00 0.040 
19 18 44 45 294187.00 0.040 
20 19 45 46 253628.00 0.040 
21 20 46 47 382063.00 0.040 
22 21 47 48 311397.00 0.040 
2 1 28 29 460081.00 0.040 
3 2 29 30 400284.00 0.040 
4 3 30 31 359517.00 0.040 
5 4 31 32 335986.00 0.040 
6 5 32 33 219088.00 0.040 
8 7 34 35 422378.00 0.040 
9 8 35 36 311010.00 0.040 
10 9 36 37 294237.00 0.040 
11 10 37 38 480373.00 0.040 
12 11 38 39 445728.00 0.040 
13 12 39 40 361149.00 0.040 
14 13 40 41 357959.00 0.040 
15 14 41 42 377839.00 0.040 
16 15 42 43 229792.00 0.040 
17 16 43 44 309377.00 0.040 
18 17 44 45 349257.00 0.040 
19 18 45 46 300665.00 0.040 
20 19 46 47 295547.00 0.040 
21 20 47 48 373053.00 0.040 
2 1 29 30 508198.00 0.040 
3 2 30 31 368669.00 0.040 
4 3 31 32 397040.00 0.040 
5 4 32 33 234741.00 0.040 
6 5 33 34 327428.00 0.040 
8 7 35 36 371782.00 0.040 
9 8 36 37 303771.00 0.040 
11 10 38 39 399750.00 0.040 
12 11 39 40 536577.00 0.040 
13 12 40 41 272822.00 0.040 
14 13 41 42 376718.00 0.040 
15 14 42 43 339867.00 0.040 
16 15 43 44 243921.00 0.040 
17 16 44 45 309664.00 0.040 
18 17 45 46 294592.00 0.040 
19 18 46 47 347667.00 0.040 
20 19 47 48 289931.00 0.040 
2 1 30 31 462393.00 0.040 
3 2 31 32 399800.00 0.040 
4 3 32 33 278747.00 0.040 
5 4 33 34 322932.00 0.040 
6 5 34 35 294144.00 0.040 
8 7 36 37 365681.00 0.040 
9 8 37 38 490732.00 0.040 
10 9 38 39 387992.00 0.040 
11 10 39 40 487470.00 0.040 
12 11 40 41 407985.00 0.040 
13 12 41 42 286930.00 0.040 
14 13 42 43 340836.00 0.040 
15 14 43 44 358243.00 0.040 
16 15 44 45 302440.00 0.040 
17 16 45 46 321445.00 0.040 
18 17 46 47 342009.00 0.040 
19 18 47 48 335421.00 0.040 
4 3 33 34 399322.00 0.040 
5 4 34 35 312883.00 0.040 
6 5 35 36 259781.00 0.040 
8 7 37 38 594639.00 0.040 
9 8 38 39 401931.00 0.040 
10 9 39 40 471566.00 0.040 
11 10 40 41 365639.00 0.040 
12 11 41 42 424633.00 0.040 
13 12 42 43 259719.00 0.040 
14 13 43 44 358979.00 0.040 
15 14 44 45 359474.00 0.040 
16 15 45 46 248563.00 0.040 
17 16 46 47 371350.00 0.040 
18 17 47 48 331477.00 0.040 
3 2 33 34 406108.00 0.040 
4 3 34 35 373181.00 0.040 
5 4 35 36 275803.00 0.040 
6 5 36 37 253762.00 0.040 
8 7 38 39 475657.00 0.040 
9 8 39 40 489051.00 0.040 
10 9 40 41 357044.00 0.040 
11 10 41 42 385261.00 0.040 
12 11 42 43 387571.00 0.040 
13 12 43 44 272658.00 0.040 
14 13 44 45 392688.00 0.040 
15 14 45 46 364844.00 0.040 
16 15 46 47 288007.00 0.040 
17 16 47 48 354843.00 0.040 
2 1 33 34 498952.00 0.040 
3 2 34 35 379365.00 0.040 
4 3 35 36 325401.00 0.040 
5 4 36 37 269016.00 0.040 
6 5 37 38 411588.00 0.040 
8 7 39 40 591815.00 0.040 
9 8 40 41 369715.00 0.040 
10 9 41 42 375612.00 0.040 
11 10 42 43 346276.00 0.040 
12 11 43 44 413424.00 0.040 
13 12 44 45 300471.00 0.040 
14 13 45 46 365723.00 0.040 
15 14 46 47 422497.00 0.040 
16 15 47 48 274608.00 0.040 
2 1 34 35 463209.00 0.040 
3 2 35 36 328390.00 0.040 
4 3 36 37 317686.00 0.040 
5 4 37 38 435423.00 0.040 
6 5 38 39 323522.00 0.040 
8 7 40 41 442408.00 0.040 
9 8 41 42 387206.00 0.040 
10 9 42 43 337596.00 0.040 
11 10 43 44 357858.00 0.040 
12 11 44 45 601666.00 0.040 
13 12 45 46 277957.00 0.040 
14 13 46 47 422950.00 0.040 
15 14 47 48 416241.00 0.040 
