48 	 # Number of sensors 
# x z 
0.00 0.00 
5.00 -0.50 
10.00 1.00 
15.00 2.20 
20.00 2.00 
25.00 3.70 
30.00 4.80 
35.00 5.20 
40.00 5.20 
45.00 5.40 
50.00 7.60 
55.00 8.70 
60.00 10.20 
65.00 10.50 
70.00 10.80 
75.00 10.30 
80.00 11.10 
85.00 13.40 
90.00 15.70 
95.00 15.90 
100.00 16.30 
105.00 16.00 
110.00 18.50 
115.00 19.50 
120.00 19.80 
125.00 20.00 
130.00 22.50 
135.00 23.40 
140.00 24.10 
145.00 25.00 
150.00 26.30 
155.00 26.90 
160.00 27.50 
165.00 28.60 
170.00 29.10 
175.00 30.20 
180.00 30.90 
185.00 31.20 
190.00 32.10 
195.00 32.80 
200.00 33.10 
205.00 34.10 
210.00 34.80 
215.00 35.30 
220.00 36.00 
225.00 36.40 
230.00 36.70 
235.00 37.30 
360 	 # Number of measurements 
# a b m n rhoa err
1 46 16 31 133658.52 0.040 
1 43 15 29 142326.70 0.040 
1 40 14 27 155101.86 0.040 
1 37 13 25 161759.50 0.040 
1 34 12 23 184911.19 0.040 
1 31 11 21 196478.91 0.040 
1 28 10 19 203202.66 0.040 
1 25 9 17 194371.41 0.040 
1 22 8 15 185058.08 0.040 
1 19 7 13 174345.53 0.040 
1 16 6 11 170628.20 0.040 
1 13 5 9 147940.45 0.040 
1 10 4 7 132842.23 0.040 
1 7 3 5 106554.16 0.040 
1 4 2 3 76310.78 0.040 
2 47 17 32 130967.37 0.040 
2 44 16 30 139165.67 0.040 
2 41 15 28 153480.11 0.040 
2 38 14 26 159516.62 0.040 
2 35 13 24 180645.55 0.040 
2 32 12 22 182008.50 0.040 
2 29 11 20 199279.52 0.040 
2 26 10 18 200430.78 0.040 
2 23 9 16 175594.12 0.040 
2 20 8 14 161071.77 0.040 
2 17 7 12 163323.84 0.040 
2 14 6 10 149877.27 0.040 
2 11 5 8 120144.05 0.040 
2 8 4 6 84587.95 0.040 
2 5 3 4 60675.02 0.040 
3 48 18 33 135965.45 0.040 
3 45 17 31 150395.03 0.040 
3 42 16 29 160959.95 0.040 
3 39 15 27 171037.19 0.040 
3 36 14 25 177663.44 0.040 
3 33 13 23 196444.19 0.040 
3 30 12 21 196576.83 0.040 
3 27 11 19 202919.25 0.040 
3 24 10 17 180075.80 0.040 
3 21 9 15 172035.22 0.040 
3 18 8 13 159461.34 0.040 
3 15 7 11 143283.75 0.040 
3 12 6 9 127083.29 0.040 
3 9 5 7 102973.91 0.040 
3 6 4 5 56948.06 0.040 
4 46 18 32 147808.53 0.040 
4 43 17 30 161830.73 0.040 
4 40 16 28 174419.47 0.040 
4 37 15 26 174516.98 0.040 
4 34 14 24 201315.02 0.040 
4 31 13 22 194912.70 0.040 
4 28 12 20 199649.36 0.040 
4 25 11 18 203732.19 0.040 
4 22 10 16 173864.16 0.040 
4 19 9 14 156834.27 0.040 
4 16 8 12 153374.59 0.040 
4 13 7 10 121865.05 0.040 
4 10 6 8 102030.83 0.040 
4 7 5 6 48263.64 0.040 
5 47 19 33 153163.81 0.040 
5 44 18 31 161169.61 0.040 
5 41 17 29 177121.92 0.040 
5 38 16 27 183169.91 0.040 
5 35 15 25 188671.86 0.040 
5 32 14 23 207762.62 0.040 
5 29 13 21 201014.56 0.040 
5 26 12 19 192344.42 0.040 
5 23 11 17 170182.88 0.040 
5 20 10 15 152199.95 0.040 
5 17 9 13 144994.97 0.040 
5 14 8 11 119263.61 0.040 
5 11 7 9 85382.82 0.040 
5 8 6 7 62015.62 0.040 
6 48 20 34 153273.62 0.040 
6 45 19 32 162511.09 0.040 
6 42 18 30 171238.75 0.040 
6 39 17 28 189094.39 0.040 
6 36 16 26 181887.53 0.040 
6 33 15 24 203962.59 0.040 
6 30 14 22 198164.31 0.040 
6 27 13 20 197601.31 0.040 
6 24 12 18 173619.86 0.040 
6 21 11 16 151027.36 0.040 
6 18 10 14 126541.56 0.040 
6 15 9 12 122355.31 0.040 
6 12 8 10 83960.29 0.040 
6 9 7 8 46756.28 0.040 
7 46 20 33 165235.97 0.040 
7 43 19 31 176182.64 0.040 
7 40 18 29 179871.70 0.040 
7 37 17 27 190814.84 0.040 
7 34 16 25 193501.86 0.040 
7 31 15 23 205051.22 0.040 
7 28 14 21 198933.19 0.040 
7 25 13 19 184736.44 0.040 
7 22 12 17 146377.70 0.040 
7 19 11 15 133095.45 0.040 
7 16 10 13 114103.12 0.040 
7 13 9 11 86373.39 0.040 
7 10 8 9 49206.34 0.040 
8 47 21 34 168055.17 0.040 
8 44 20 32 173927.83 0.040 
8 41 19 30 187222.00 0.040 
8 38 18 28 189535.59 0.040 
8 35 17 26 189783.31 0.040 
8 32 16 24 205320.27 0.040 
8 29 15 22 192174.88 0.040 
8 26 14 20 149767.61 0.040 
8 23 13 18 161505.64 0.040 
8 20 12 16 119289.98 0.040 
8 17 11 14 105521.73 0.040 
8 14 10 12 88994.30 0.040 
8 11 9 10 49020.12 0.040 
9 48 22 35 177386.58 0.040 
9 45 21 33 181463.84 0.040 
9 42 20 31 189024.81 0.040 
9 39 19 29 193354.25 0.040 
9 36 18 27 188409.06 0.040 
9 33 17 25 193257.98 0.040 
9 30 16 23 200952.75 0.040 
9 27 15 21 185924.86 0.040 
9 24 14 19 162874.38 0.040 
9 21 13 17 123288.88 0.040 
9 18 12 15 92852.52 0.040 
9 15 11 13 78439.48 0.040 
9 12 10 11 41004.77 0.040 
10 46 22 34 184168.09 0.040 
10 43 21 32 187044.17 0.040 
10 40 20 30 187025.09 0.040 
10 37 19 28 194806.23 0.040 
10 34 18 26 181212.41 0.040 
10 31 17 24 200530.72 0.040 
10 28 16 22 177818.11 0.040 
10 25 15 20 173574.86 0.040 
10 22 14 18 146596.08 0.040 
10 19 13 16 98923.77 0.040 
10 16 12 14 62558.83 0.040 
10 13 11 12 49294.75 0.040 
11 47 23 35 185220.78 0.040 
11 44 22 33 192420.34 0.040 
11 41 21 31 207414.94 0.040 
11 38 20 29 193946.28 0.040 
11 35 19 27 192216.20 0.040 
11 32 18 25 175041.36 0.040 
11 29 17 23 191095.72 0.040 
11 26 16 21 167565.48 0.040 
11 23 15 19 135821.31 0.040 
11 20 14 17 98499.50 0.040 
11 17 13 15 70917.11 0.040 
11 14 12 13 32831.46 0.040 
12 48 24 36 193317.42 0.040 
12 45 23 34 194171.88 0.040 
12 42 22 32 205665.86 0.040 
12 39 21 30 201272.27 0.040 
12 36 20 28 197013.48 0.040 
12 33 19 26 175049.55 0.040 
12 30 18 24 181542.97 0.040 
12 27 17 22 166730.52 0.040 
12 24 16 20 143385.41 0.040 
12 21 15 18 114548.96 0.040 
12 18 14 16 73410.89 0.040 
12 15 13 14 34738.31 0.040 
13 46 24 35 195453.14 0.040 
13 43 23 33 194524.48 0.040 
13 40 22 31 203169.45 0.040 
13 37 21 29 195575.66 0.040 
13 34 20 27 182479.66 0.040 
13 31 19 25 163666.89 0.040 
13 28 18 23 157619.14 0.040 
13 25 17 21 145585.23 0.040 
13 22 16 19 107787.92 0.040 
13 19 15 17 65408.06 0.040 
13 16 14 15 39337.58 0.040 
14 47 25 36 201875.55 0.040 
14 44 24 34 189810.48 0.040 
14 41 23 32 197394.55 0.040 
14 38 22 30 197300.81 0.040 
14 35 21 28 190809.70 0.040 
14 32 20 26 153962.38 0.040 
14 29 19 24 160774.36 0.040 
14 26 18 22 123466.55 0.040 
14 23 17 20 111557.35 0.040 
14 20 16 18 73769.02 0.040 
14 17 15 16 37570.73 0.040 
15 48 26 37 191505.39 0.040 
15 45 25 35 207137.09 0.040 
15 42 24 33 201477.66 0.040 
15 39 23 31 203138.66 0.040 
15 36 22 29 194721.36 0.040 
15 33 21 27 174040.86 0.040 
15 30 20 25 142219.89 0.040 
15 27 19 23 138624.02 0.040 
15 24 18 21 94440.12 0.040 
15 21 17 19 76007.45 0.040 
15 18 16 17 29480.39 0.040 
16 46 26 36 187840.16 0.040 
16 43 25 34 200587.30 0.040 
16 40 24 32 196385.98 0.040 
16 37 23 30 185394.95 0.040 
16 34 22 28 184831.59 0.040 
16 31 21 26 139269.22 0.040 
16 28 20 24 132476.69 0.040 
16 25 19 22 99835.17 0.040 
16 22 18 20 69784.34 0.040 
16 19 17 18 48502.82 0.040 
17 47 27 37 204557.38 0.040 
17 44 26 35 193591.16 0.040 
17 41 25 33 210089.61 0.040 
17 38 24 31 196021.59 0.040 
17 35 23 29 181354.22 0.040 
17 32 22 27 160405.56 0.040 
17 29 21 25 121469.77 0.040 
17 26 20 23 106638.69 0.040 
17 23 19 21 66405.04 0.040 
17 20 18 19 26569.99 0.040 
18 48 28 38 197877.81 0.040 
18 45 27 36 216154.97 0.040 
18 42 26 34 198533.67 0.040 
18 39 25 32 215241.09 0.040 
18 36 24 30 184934.31 0.040 
18 33 23 28 168334.45 0.040 
18 30 22 26 127310.14 0.040 
18 27 21 24 114824.71 0.040 
18 24 20 22 60766.56 0.040 
18 21 19 20 41688.67 0.040 
19 46 28 37 200531.20 0.040 
19 43 27 35 207865.72 0.040 
19 40 26 33 181224.30 0.040 
19 37 25 31 199575.69 0.040 
19 34 24 29 168225.00 0.040 
19 31 23 27 133686.67 0.040 
19 28 22 25 99705.17 0.040 
19 25 21 23 80562.63 0.040 
19 22 20 21 31639.51 0.040 
20 47 29 38 205789.84 0.040 
20 44 28 36 197949.33 0.040 
20 41 27 34 207952.05 0.040 
20 38 26 32 189164.39 0.040 
20 35 25 30 185756.55 0.040 
20 32 24 28 146396.83 0.040 
20 29 23 26 93187.95 0.040 
20 26 22 24 89109.23 0.040 
20 23 21 22 33115.54 0.040 
21 48 30 39 200902.22 0.040 
21 45 29 37 206657.52 0.040 
21 42 28 35 194642.20 0.040 
21 39 27 33 201273.45 0.040 
21 36 26 31 174174.33 0.040 
21 33 25 29 163653.94 0.040 
21 30 24 27 107479.02 0.040 
21 27 23 25 60889.27 0.040 
21 24 22 23 44062.27 0.040 
22 46 30 38 198075.56 0.040 
22 43 29 36 198543.28 0.040 
22 40 28 34 174462.41 0.040 
22 37 27 32 182079.02 0.040 
22 34 26 30 141079.88 0.040 
22 31 25 28 130127.59 0.040 
22 28 24 26 60175.82 0.040 
22 25 23 24 45254.38 0.040 
23 47 31 39 190556.69 0.040 
23 44 30 37 199784.56 0.040 
23 41 29 35 197601.97 0.040 
23 38 28 33 172430.42 0.040 
23 35 27 31 171666.20 0.040 
23 32 26 29 127000.98 0.040 
23 29 25 27 93255.92 0.040 
23 26 24 25 25083.37 0.040 
24 48 32 40 205392.33 0.040 
24 45 31 38 187132.03 0.040 
24 42 30 36 198277.12 0.040 
24 39 29 34 181494.58 0.040 
24 36 28 32 150640.48 0.040 
24 33 27 30 134203.97 0.040 
24 30 26 28 93580.36 0.040 
24 27 25 26 46165.70 0.040 
25 46 32 39 189277.83 0.040 
25 43 31 37 171707.19 0.040 
25 40 30 35 170685.64 0.040 
25 37 29 33 151176.83 0.040 
25 34 28 31 120260.16 0.040 
25 31 27 29 90030.28 0.040 
25 28 26 27 37678.66 0.040 
26 47 33 40 188522.02 0.040 
26 44 32 38 185326.02 0.040 
26 41 31 36 158440.98 0.040 
26 38 30 34 143544.44 0.040 
26 35 29 32 135046.91 0.040 
26 32 28 30 81267.77 0.040 
26 29 27 28 53528.49 0.040 
27 48 34 41 154586.59 0.040 
27 45 33 39 179331.75 0.040 
27 42 32 37 182268.83 0.040 
27 39 31 35 151316.81 0.040 
27 36 30 33 131537.08 0.040 
27 33 29 31 99955.36 0.040 
27 30 28 29 38665.32 0.040 
28 46 34 40 129538.33 0.040 
28 43 33 38 174513.75 0.040 
28 40 32 36 165425.34 0.040 
28 37 31 34 122885.63 0.040 
28 34 30 32 100727.84 0.040 
28 31 29 30 52837.89 0.040 
29 47 35 41 158568.81 0.040 
29 44 34 39 165591.97 0.040 
29 41 33 37 177550.25 0.040 
29 38 32 35 139223.88 0.040 
29 35 31 33 88669.12 0.040 
29 32 30 31 58552.45 0.040 
30 48 36 42 169665.33 0.040 
30 45 35 40 178067.69 0.040 
30 42 34 38 153917.61 0.040 
30 39 33 36 140210.44 0.040 
30 36 32 34 99729.49 0.040 
30 33 31 32 43463.08 0.040 
31 46 36 41 275499.19 0.040 
31 43 35 39 162183.86 0.040 
31 40 34 37 134652.44 0.040 
31 37 33 35 102808.88 0.040 
31 34 32 33 59084.71 0.040 
32 47 37 42 141369.20 0.040 
32 44 36 40 158545.70 0.040 
32 41 35 38 140449.03 0.040 
32 38 34 36 98116.87 0.040 
32 35 33 34 50327.38 0.040 
33 48 38 43 172056.11 0.040 
33 45 37 41 138085.08 0.040 
33 42 36 39 133913.84 0.040 
33 39 35 37 113356.99 0.040 
33 36 34 35 52333.93 0.040 
34 46 38 42 150320.72 0.040 
34 43 37 40 120015.33 0.040 
34 40 36 38 96580.93 0.040 
34 37 35 36 57229.15 0.040 
35 47 39 43 161185.44 0.040 
35 44 38 41 124780.16 0.040 
35 41 37 39 77649.70 0.040 
35 38 36 37 63360.45 0.040 
36 48 40 44 142609.20 0.040 
36 45 39 42 135632.16 0.040 
36 42 38 40 112550.28 0.040 
36 39 37 38 48728.09 0.040 
37 46 40 43 145919.11 0.040 
37 43 39 41 88055.35 0.040 
37 40 38 39 57337.46 0.040 
38 47 41 44 106971.22 0.040 
38 44 40 42 84756.38 0.040 
38 41 39 40 67104.42 0.040 
39 48 42 45 125450.66 0.040 
39 45 41 43 79596.74 0.040 
39 42 40 41 46228.44 0.040 
40 46 42 44 138997.52 0.040 
40 43 41 42 34120.38 0.040 
41 47 43 45 92578.25 0.040 
41 44 42 43 77113.29 0.040 
42 48 44 46 88311.76 0.040 
42 45 43 44 47563.71 0.040 
43 46 44 45 73462.07 0.040 
44 47 45 46 73555.16 0.040 
45 48 46 47 77743.95 0.040 
