48 	 # Number of sensors 
# x z 
0	0
5	-1.369
10	-3.055
15	-4.783
20	-4.715
25	-5.281
30	-5.522
35	-6.631
40	-6.801
45	-6.848
50	-7.158
55	-8.252
60	-8.375
65	-9.641
70	-10.036
75	-11.028
80	-11.873
85	-11.796
90	-13.964
95	-14.551
100	-13.293
105	-14.114
110	-14.583
115	-15.756
120	-15.992
125	-17.052
130	-18.051
135	-17.988
140	-17.326
145	-17.961
150	-17.992
155	-17.705
160	-17.012
165	-16.159
170	-18.371
175	-19.946
180	-18.674
185	-18.774
190	-18.705
195	-20.053
200	-21.377
205	-22.27
210	-22.846
215	-23.111
220	-22.926
225	-23.811
230	-23.741
235	-23.55
356 	 # Number of measurements 
# a b m n rhoa err
4 1 3 2 6236.60 0.040 
5 2 4 3 14705.00 0.040 
6 3 5 4 6244.90 0.040 
7 4 6 5 14223.00 0.040 
8 5 7 6 9627.80 0.040 
9 6 8 7 10049.00 0.040 
10 7 9 8 7266.90 0.040 
11 8 10 9 10875.00 0.040 
12 9 11 10 11738.00 0.040 
13 10 12 11 16447.00 0.040 
14 11 13 12 8714.80 0.040 
15 12 14 13 25284.00 0.040 
16 13 15 14 6637.30 0.040 
17 14 16 15 14503.00 0.040 
18 15 17 16 8072.20 0.040 
19 16 18 17 7698.80 0.040 
20 17 19 18 8545.10 0.040 
21 18 20 19 7371.20 0.040 
22 19 21 20 10419.00 0.040 
23 20 22 21 8865.10 0.040 
24 21 23 22 13888.00 0.040 
26 23 25 24 5236.60 0.040 
28 25 27 26 7320.90 0.040 
29 26 28 27 8312.50 0.040 
30 27 29 28 5115.40 0.040 
31 28 30 29 4803.10 0.040 
32 29 31 30 4723.60 0.040 
33 30 32 31 4357.40 0.040 
34 31 33 32 5494.30 0.040 
35 32 34 33 3285.50 0.040 
36 33 35 34 7102.50 0.040 
37 34 36 35 4993.80 0.040 
38 35 37 36 5359.00 0.040 
39 36 38 37 5944.70 0.040 
40 37 39 38 6967.50 0.040 
41 38 40 39 6732.40 0.040 
42 39 41 40 7570.20 0.040 
43 40 42 41 7263.70 0.040 
44 41 43 42 4098.60 0.040 
45 42 44 43 6822.60 0.040 
46 43 45 44 3151.50 0.040 
47 44 46 45 4260.80 0.040 
48 45 47 46 3856.30 0.040 
7 1 5 3 10924.00 0.040 
8 2 6 4 11270.00 0.040 
9 3 7 5 13355.00 0.040 
10 4 8 6 11915.00 0.040 
11 5 9 7 9329.60 0.040 
12 6 10 8 12572.00 0.040 
13 7 11 9 18045.00 0.040 
14 8 12 10 12608.00 0.040 
15 9 13 11 9264.50 0.040 
16 10 14 12 15142.00 0.040 
17 11 15 13 15982.00 0.040 
18 12 16 14 10763.00 0.040 
19 13 17 15 8908.90 0.040 
20 14 18 16 10642.00 0.040 
21 15 19 17 9990.30 0.040 
22 16 20 18 9637.40 0.040 
23 17 21 19 7196.90 0.040 
24 18 22 20 8401.50 0.040 
25 19 23 21 14971.00 0.040 
26 20 24 22 11204.00 0.040 
27 21 25 23 5364.40 0.040 
28 22 26 24 5738.60 0.040 
29 23 27 25 13040.00 0.040 
30 24 28 26 11231.00 0.040 
31 25 29 27 7625.60 0.040 
32 26 30 28 5331.40 0.040 
33 27 31 29 5711.80 0.040 
34 28 32 30 6943.80 0.040 
35 29 33 31 6065.50 0.040 
36 30 34 32 5086.90 0.040 
37 31 35 33 7023.40 0.040 
38 32 36 34 8371.70 0.040 
39 33 37 35 6691.20 0.040 
40 34 38 36 5384.90 0.040 
41 35 39 37 5876.60 0.040 
42 36 40 38 5920.20 0.040 
43 37 41 39 6350.90 0.040 
44 38 42 40 5536.70 0.040 
45 39 43 41 4549.50 0.040 
46 40 44 42 4217.50 0.040 
47 41 45 43 4014.90 0.040 
48 42 46 44 3175.10 0.040 
10 1 7 4 12782.00 0.040 
11 2 8 5 13019.00 0.040 
12 3 9 6 10459.00 0.040 
13 4 10 7 13885.00 0.040 
14 5 11 8 12143.00 0.040 
15 6 12 9 13942.00 0.040 
16 7 13 10 11592.00 0.040 
17 8 14 11 13322.00 0.040 
18 9 15 12 10841.00 0.040 
19 10 16 13 13177.00 0.040 
20 11 17 14 9863.90 0.040 
21 12 18 15 10431.00 0.040 
22 13 19 16 9093.80 0.040 
23 14 20 17 9429.00 0.040 
24 15 21 18 8718.90 0.040 
25 16 22 19 9962.90 0.040 
26 17 23 20 11277.00 0.040 
27 18 24 21 9492.40 0.040 
28 19 25 22 5954.20 0.040 
29 20 26 23 4718.80 0.040 
30 21 27 24 6398.10 0.040 
31 22 28 25 10453.00 0.040 
32 23 29 26 11332.00 0.040 
33 24 30 27 9073.50 0.040 
34 25 31 28 6703.40 0.040 
35 26 32 29 5449.90 0.040 
36 27 33 30 5652.10 0.040 
37 28 34 31 5657.50 0.040 
38 29 35 32 7180.80 0.040 
39 30 36 33 7635.10 0.040 
40 31 37 34 8129.80 0.040 
41 32 38 35 5888.00 0.040 
42 33 39 36 4915.60 0.040 
43 34 40 37 4875.50 0.040 
44 35 41 38 5337.30 0.040 
45 36 42 39 6087.40 0.040 
46 37 43 40 5158.60 0.040 
47 38 44 41 4499.10 0.040 
48 39 45 42 3802.50 0.040 
13 1 9 5 13006.00 0.040 
14 2 10 6 11825.00 0.040 
15 3 11 7 11944.00 0.040 
16 4 12 8 11944.00 0.040 
17 5 13 9 11101.00 0.040 
18 6 14 10 13896.00 0.040 
19 7 15 11 10992.00 0.040 
20 8 16 12 10654.00 0.040 
21 9 17 13 11022.00 0.040 
22 10 18 14 8747.80 0.040 
23 11 19 15 9328.90 0.040 
24 12 20 16 8597.00 0.040 
25 13 21 17 8914.70 0.040 
26 14 22 18 10730.00 0.040 
27 15 23 19 9090.40 0.040 
28 16 24 20 7504.90 0.040 
29 17 25 21 6397.40 0.040 
30 18 26 22 5745.80 0.040 
31 19 27 23 5837.00 0.040 
32 20 28 24 7074.50 0.040 
33 21 29 25 9150.40 0.040 
34 22 30 26 9666.70 0.040 
35 23 31 27 8402.00 0.040 
36 24 32 28 5952.80 0.040 
37 25 33 29 5003.70 0.040 
38 26 34 30 4674.20 0.040 
39 27 35 31 6250.70 0.040 
40 28 36 32 6896.40 0.040 
41 29 37 33 6531.60 0.040 
42 30 38 34 6741.70 0.040 
43 31 39 35 5389.90 0.040 
44 32 40 36 4893.50 0.040 
45 33 41 37 5050.00 0.040 
46 34 42 38 4830.60 0.040 
47 35 43 39 5421.80 0.040 
48 36 44 40 5431.50 0.040 
16 1 11 6 11746.00 0.040 
17 2 12 7 11310.00 0.040 
18 3 13 8 9930.20 0.040 
19 4 14 9 12252.00 0.040 
20 5 15 10 10545.00 0.040 
21 6 16 11 11220.00 0.040 
22 7 17 12 10316.00 0.040 
23 8 18 13 9814.20 0.040 
24 9 19 14 7771.90 0.040 
25 10 20 15 8904.90 0.040 
26 11 21 16 8760.60 0.040 
27 12 22 17 8698.30 0.040 
28 13 23 18 7876.20 0.040 
29 14 24 19 7465.50 0.040 
30 15 25 20 6149.80 0.040 
31 16 26 21 6654.20 0.040 
32 17 27 22 6627.80 0.040 
33 18 28 23 6531.90 0.040 
34 19 29 24 7526.60 0.040 
35 20 30 25 7602.60 0.040 
36 21 31 26 7159.70 0.040 
37 22 32 27 6537.20 0.040 
38 23 33 28 5762.40 0.040 
39 24 34 29 5077.70 0.040 
40 25 35 30 5053.50 0.040 
41 26 36 31 5061.70 0.040 
42 27 37 32 5254.80 0.040 
43 28 38 33 5639.40 0.040 
44 29 39 34 6085.40 0.040 
45 30 40 35 5296.80 0.040 
46 31 41 36 5054.00 0.040 
47 32 42 37 5158.60 0.040 
48 33 43 38 5161.20 0.040 
19 1 13 7 9370.40 0.040 
20 2 14 8 10862.00 0.040 
21 3 15 9 10550.00 0.040 
22 4 16 10 10423.00 0.040 
23 5 17 11 8899.30 0.040 
24 6 18 12 9282.80 0.040 
25 7 19 13 10551.00 0.040 
26 8 20 14 7783.80 0.040 
27 9 21 15 7403.40 0.040 
28 10 22 16 7166.10 0.040 
29 11 23 17 7720.60 0.040 
30 12 24 18 7313.60 0.040 
31 13 25 19 5654.90 0.040 
32 14 26 20 6773.30 0.040 
33 15 27 21 7022.30 0.040 
34 16 28 22 7519.40 0.040 
35 17 29 23 6326.50 0.040 
36 18 30 24 6136.00 0.040 
37 19 31 25 6840.20 0.040 
38 20 32 26 6305.50 0.040 
39 21 33 27 5917.40 0.040 
40 22 34 28 4827.70 0.040 
41 23 35 29 5238.50 0.040 
42 24 36 30 4950.20 0.040 
43 25 37 31 4541.50 0.040 
44 26 38 32 4432.20 0.040 
45 27 39 33 4889.10 0.040 
46 28 40 34 5875.70 0.040 
47 29 41 35 5382.60 0.040 
48 30 42 36 5243.40 0.040 
22 1 15 8 9413.80 0.040 
23 2 16 9 9790.10 0.040 
24 3 17 10 9067.70 0.040 
25 4 18 11 9312.40 0.040 
26 5 19 12 8669.00 0.040 
27 6 20 13 9120.80 0.040 
28 7 21 14 6987.20 0.040 
29 8 22 15 7111.10 0.040 
30 9 23 16 6701.80 0.040 
31 10 24 17 6729.90 0.040 
32 11 25 18 6444.40 0.040 
33 12 26 19 6027.80 0.040 
34 13 27 20 6466.80 0.040 
35 14 28 21 7528.70 0.040 
36 15 29 22 6671.20 0.040 
37 16 30 23 5981.00 0.040 
38 17 31 24 6003.30 0.040 
39 18 32 25 6486.60 0.040 
40 19 33 26 6069.00 0.040 
41 20 34 27 4969.30 0.040 
42 21 35 28 4679.20 0.040 
43 22 36 29 4764.40 0.040 
44 23 37 30 4727.00 0.040 
45 24 38 31 4680.60 0.040 
46 25 39 32 4402.20 0.040 
47 26 40 33 4657.50 0.040 
48 27 41 34 5483.30 0.040 
25 1 17 9 9538.30 0.040 
26 2 18 10 9070.60 0.040 
27 3 19 11 8169.10 0.040 
28 4 20 12 7711.00 0.040 
29 5 21 13 7603.50 0.040 
30 6 22 14 6909.80 0.040 
31 7 23 15 7285.30 0.040 
32 8 24 16 6537.60 0.040 
33 9 25 17 5750.50 0.040 
34 10 26 18 6225.20 0.040 
35 11 27 19 6078.50 0.040 
36 12 28 20 6519.40 0.040 
37 13 29 21 6569.30 0.040 
38 14 30 22 6649.80 0.040 
39 15 31 23 5869.30 0.040 
40 16 32 24 5780.50 0.040 
41 17 33 25 6053.70 0.040 
42 18 34 26 5303.40 0.040 
43 19 35 27 5246.10 0.040 
44 20 36 28 4528.10 0.040 
45 21 37 29 4461.10 0.040 
46 22 38 30 4507.50 0.040 
47 23 39 31 4769.50 0.040 
48 24 40 32 4947.70 0.040 
28 1 19 10 8002.60 0.040 
29 2 20 11 7518.10 0.040 
30 3 21 12 7051.10 0.040 
31 4 22 13 7778.40 0.040 
33 6 24 15 6898.40 0.040 
34 7 25 16 6198.40 0.040 
35 8 26 17 5820.90 0.040 
36 9 27 18 5807.80 0.040 
37 10 28 19 6030.00 0.040 
38 11 29 20 6381.10 0.040 
39 12 30 21 6546.60 0.040 
40 13 31 22 5799.00 0.040 
41 14 32 23 5621.60 0.040 
42 15 33 24 5426.00 0.040 
43 16 34 25 5718.00 0.040 
44 17 35 26 5549.40 0.040 
45 18 36 27 5167.10 0.040 
46 19 37 28 4676.70 0.040 
47 20 38 29 4453.50 0.040 
48 21 39 30 4506.20 0.040 
31 1 21 11 7197.10 0.040 
32 2 22 12 7308.30 0.040 
34 4 24 14 6653.30 0.040 
35 5 25 15 5927.10 0.040 
36 6 26 16 5897.00 0.040 
37 7 27 17 6048.60 0.040 
38 8 28 18 6253.40 0.040 
39 9 29 19 5851.90 0.040 
40 10 30 20 5979.00 0.040 
41 11 31 21 6046.20 0.040 
42 12 32 22 5610.00 0.040 
43 13 33 23 5046.10 0.040 
44 14 34 24 5262.80 0.040 
45 15 35 25 5873.70 0.040 
46 16 36 26 5729.20 0.040 
47 17 37 27 5235.10 0.040 
48 18 38 28 4720.10 0.040 
34 1 23 12 7355.80 0.040 
35 2 24 13 7329.30 0.040 
36 3 25 14 5783.80 0.040 
37 4 26 15 6045.40 0.040 
38 5 27 16 5873.20 0.040 
39 6 28 17 6260.20 0.040 
40 7 29 18 6232.40 0.040 
41 8 30 19 5697.10 0.040 
42 9 31 20 5465.70 0.040 
43 10 32 21 5661.90 0.040 
44 11 33 22 5385.30 0.040 
45 12 34 23 4978.70 0.040 
46 13 35 24 5235.80 0.040 
47 14 36 25 6101.00 0.040 
48 15 37 26 5707.30 0.040 
37 1 25 13 6746.50 0.040 
38 2 26 14 5968.50 0.040 
39 3 27 15 6145.10 0.040 
40 4 28 16 6191.90 0.040 
41 5 29 17 5936.80 0.040 
42 6 30 18 5926.30 0.040 
43 7 31 19 5597.60 0.040 
44 8 32 20 5449.00 0.040 
45 9 33 21 5410.30 0.040 
46 10 34 22 5184.90 0.040 
47 11 35 23 5265.10 0.040 
48 12 36 24 5504.90 0.040 
40 1 27 14 6122.90 0.040 
41 2 28 15 6297.50 0.040 
42 3 29 16 5944.40 0.040 
43 4 30 17 5914.80 0.040 
44 5 31 18 5604.50 0.040 
45 6 32 19 5518.20 0.040 
46 7 33 20 5568.90 0.040 
47 8 34 21 5433.90 0.040 
48 9 35 22 5382.70 0.040 
43 1 29 15 6286.70 0.040 
44 2 30 16 5927.70 0.040 
45 3 31 17 5745.00 0.040 
46 4 32 18 5741.00 0.040 
47 5 33 19 5437.80 0.040 
48 6 34 20 5517.50 0.040 
46 1 31 16 5928.20 0.040 
47 2 32 17 5862.30 0.040 
48 3 33 18 5714.80 0.040 
