48 	 # Number of sensors 
# x z 
0.00 -9.30 
4.90 -8.60 
9.90 -7.90 
14.90 -7.40 
19.90 -7.10 
24.90 -6.90 
29.90 -6.80 
34.90 -6.70 
39.90 -6.60 
44.90 -6.30 
49.80 -6.20 
54.80 -5.70 
59.80 -5.00 
64.80 -4.50 
69.70 -4.20 
74.70 -3.80 
79.70 -3.20 
84.70 -2.80 
89.70 -2.50 
94.70 -2.20 
99.70 -2.00 
104.60 -1.80 
109.60 -1.60 
114.60 -1.30 
119.60 -1.20 
124.60 -1.00 
129.60 -0.80 
134.60 -0.40 
139.60 -0.30 
144.60 -0.10 
149.60 -0.10 
154.60 0.00 
159.60 -0.40 
164.60 -1.00 
169.50 -1.30 
174.50 -1.40 
179.50 -1.60 
184.50 -1.70 
189.50 -1.60 
194.50 -1.60 
199.50 -1.60 
204.50 -1.70 
209.50 -2.30 
214.50 -2.90 
219.40 -3.40 
224.40 -3.40 
229.40 -3.30 
234.40 -3.20 
792 	 # Number of measurements 
# a b m n rhoa err
1 2 3 4 62.79 0.040 
2 3 4 5 32.63 0.040 
3 4 5 6 57.11 0.040 
4 5 6 7 125.78 0.040 
5 6 7 8 149.50 0.040 
6 7 8 9 100.24 0.040 
7 8 9 10 77.66 0.040 
10 11 12 13 23.07 0.040 
11 12 13 14 16.86 0.040 
13 14 15 16 57.24 0.040 
14 15 16 17 73.28 0.040 
15 16 17 18 173.27 0.040 
16 17 18 19 197.84 0.040 
17 18 19 20 438.71 0.040 
18 19 20 21 268.09 0.040 
19 20 21 22 313.29 0.040 
20 21 22 23 226.90 0.040 
21 22 23 24 258.65 0.040 
22 23 24 25 201.32 0.040 
23 24 25 26 177.20 0.040 
25 26 27 28 229.81 0.040 
26 27 28 29 180.92 0.040 
27 28 29 30 227.44 0.040 
28 29 30 31 152.17 0.040 
29 30 31 32 185.65 0.040 
30 31 32 33 167.26 0.040 
31 32 33 34 239.11 0.040 
32 33 34 35 258.27 0.040 
33 34 35 36 97.96 0.040 
34 35 36 37 116.49 0.040 
35 36 37 38 110.57 0.040 
36 37 38 39 163.07 0.040 
37 38 39 40 111.09 0.040 
38 39 40 41 188.15 0.040 
39 40 41 42 139.60 0.040 
41 42 43 44 318.15 0.040 
42 43 44 45 247.40 0.040 
43 44 45 46 522.73 0.040 
44 45 46 47 283.67 0.040 
45 46 47 48 365.14 0.040 
2 3 5 6 37.22 0.040 
3 4 6 7 77.44 0.040 
4 5 7 8 200.36 0.040 
5 6 8 9 76.53 0.040 
6 7 9 10 60.95 0.040 
9 10 12 13 25.44 0.040 
11 12 14 15 29.25 0.040 
12 13 15 16 84.84 0.040 
13 14 16 17 103.35 0.040 
14 15 17 18 237.35 0.040 
15 16 18 19 240.34 0.040 
16 17 19 20 293.25 0.040 
17 18 20 21 340.88 0.040 
18 19 21 22 549.24 0.040 
19 20 22 23 438.91 0.040 
20 21 23 24 282.81 0.040 
21 22 24 25 424.86 0.040 
22 23 25 26 392.59 0.040 
23 24 26 27 284.59 0.040 
24 25 27 28 323.25 0.040 
25 26 28 29 361.88 0.040 
26 27 29 30 298.12 0.040 
27 28 30 31 307.57 0.040 
28 29 31 32 230.17 0.040 
29 30 32 33 269.61 0.040 
30 31 33 34 292.75 0.040 
31 32 34 35 257.36 0.040 
32 33 35 36 109.21 0.040 
33 34 36 37 175.89 0.040 
34 35 37 38 218.53 0.040 
35 36 38 39 96.40 0.040 
36 37 39 40 59.57 0.040 
37 38 40 41 341.72 0.040 
38 39 41 42 222.24 0.040 
40 41 43 44 659.82 0.040 
42 43 45 46 448.47 0.040 
43 44 46 47 462.19 0.040 
44 45 47 48 355.39 0.040 
1 2 5 6 74.47 0.040 
2 3 6 7 77.44 0.040 
3 4 7 8 117.23 0.040 
4 5 8 9 98.56 0.040 
5 6 9 10 47.23 0.040 
6 7 10 11 64.40 0.040 
7 8 11 12 67.89 0.040 
8 9 12 13 55.44 0.040 
10 11 14 15 35.83 0.040 
11 12 15 16 50.22 0.040 
12 13 16 17 124.32 0.040 
13 14 17 18 279.21 0.040 
14 15 18 19 285.00 0.040 
15 16 19 20 307.55 0.040 
16 17 20 21 204.73 0.040 
17 18 21 22 659.35 0.040 
18 19 22 23 614.80 0.040 
19 20 23 24 467.80 0.040 
20 21 24 25 383.31 0.040 
21 22 25 26 737.97 0.040 
22 23 26 27 508.65 0.040 
23 24 27 28 497.09 0.040 
24 25 28 29 401.73 0.040 
25 26 29 30 497.56 0.040 
26 27 30 31 329.41 0.040 
27 28 31 32 399.39 0.040 
28 29 32 33 312.18 0.040 
29 30 33 34 407.30 0.040 
30 31 34 35 268.41 0.040 
31 32 35 36 111.01 0.040 
32 33 36 37 196.95 0.040 
33 34 37 38 392.48 0.040 
34 35 38 39 209.64 0.040 
35 36 39 40 34.04 0.040 
36 37 40 41 189.81 0.040 
37 38 41 42 413.71 0.040 
38 39 42 43 335.03 0.040 
39 40 43 44 220.35 0.040 
40 41 44 45 707.62 0.040 
42 43 46 47 415.73 0.040 
43 44 47 48 496.74 0.040 
1 2 6 7 112.87 0.040 
2 3 7 8 130.14 0.040 
3 4 8 9 57.22 0.040 
5 6 10 11 46.25 0.040 
6 7 11 12 42.56 0.040 
8 9 13 14 61.55 0.040 
9 10 14 15 41.29 0.040 
10 11 15 16 57.22 0.040 
11 12 16 17 68.56 0.040 
12 13 17 18 311.69 0.040 
13 14 18 19 320.46 0.040 
14 15 19 20 336.62 0.040 
15 16 20 21 221.35 0.040 
16 17 21 22 384.46 0.040 
17 18 22 23 708.51 0.040 
18 19 23 24 611.66 0.040 
19 20 24 25 606.28 0.040 
20 21 25 26 602.05 0.040 
21 22 26 27 855.92 0.040 
22 23 27 28 798.28 0.040 
23 24 28 29 535.16 0.040 
24 25 29 30 502.52 0.040 
25 26 30 31 499.65 0.040 
26 27 31 32 397.14 0.040 
27 28 32 33 511.09 0.040 
28 29 33 34 450.28 0.040 
29 30 34 35 351.52 0.040 
30 31 35 36 114.55 0.040 
31 32 36 37 205.64 0.040 
32 33 37 38 439.59 0.040 
33 34 38 39 360.49 0.040 
34 35 39 40 85.15 0.040 
35 36 40 41 103.52 0.040 
36 37 41 42 204.06 0.040 
37 38 42 43 557.70 0.040 
38 39 43 44 481.53 0.040 
40 41 45 46 879.70 0.040 
41 42 46 47 423.22 0.040 
2 3 8 9 55.58 0.040 
4 5 10 11 61.62 0.040 
5 6 11 12 34.49 0.040 
7 8 13 14 216.48 0.040 
8 9 14 15 94.88 0.040 
9 10 15 16 68.57 0.040 
10 11 16 17 73.72 0.040 
11 12 17 18 164.10 0.040 
12 13 18 19 346.76 0.040 
13 14 19 20 356.95 0.040 
14 15 20 21 235.79 0.040 
15 16 21 22 422.92 0.040 
16 17 22 23 396.05 0.040 
17 18 23 24 692.95 0.040 
18 19 24 25 763.31 0.040 
19 20 25 26 932.94 0.040 
20 21 26 27 647.72 0.040 
21 22 27 28 1230.60 0.040 
22 23 28 29 797.79 0.040 
23 24 29 30 630.13 0.040 
24 25 30 31 480.95 0.040 
25 26 31 32 575.32 0.040 
26 27 32 33 476.99 0.040 
27 28 33 34 677.04 0.040 
28 29 34 35 372.91 0.040 
29 30 35 36 157.23 0.040 
30 31 36 37 221.93 0.040 
31 32 37 38 455.79 0.040 
32 33 38 39 374.97 0.040 
33 34 39 40 146.29 0.040 
34 35 40 41 244.04 0.040 
35 36 41 42 124.43 0.040 
36 37 42 43 278.46 0.040 
37 38 43 44 750.80 0.040 
38 39 44 45 448.62 0.040 
39 40 45 46 272.59 0.040 
40 41 46 47 576.35 0.040 
41 42 47 48 359.85 0.040 
3 4 10 11 28.12 0.040 
4 5 11 12 41.17 0.040 
5 6 12 13 94.62 0.040 
6 7 13 14 129.20 0.040 
8 9 15 16 153.87 0.040 
9 10 16 17 85.09 0.040 
10 11 17 18 176.62 0.040 
11 12 18 19 175.15 0.040 
12 13 19 20 370.63 0.040 
13 14 20 21 243.63 0.040 
14 15 21 22 427.94 0.040 
15 16 22 23 437.06 0.040 
16 17 23 24 375.98 0.040 
17 18 24 25 848.51 0.040 
18 19 25 26 1135.00 0.040 
19 20 26 27 986.79 0.040 
20 21 27 28 904.40 0.040 
21 22 28 29 1163.70 0.040 
22 23 29 30 907.32 0.040 
23 24 30 31 574.45 0.040 
24 25 31 32 534.49 0.040 
25 26 32 33 666.15 0.040 
26 27 33 34 668.93 0.040 
27 28 34 35 536.41 0.040 
28 29 35 36 160.81 0.040 
29 30 36 37 287.78 0.040 
30 31 37 38 468.27 0.040 
31 32 38 39 386.53 0.040 
32 33 39 40 134.80 0.040 
33 34 40 41 392.37 0.040 
34 35 41 42 265.89 0.040 
35 36 42 43 122.62 0.040 
36 37 43 44 336.06 0.040 
37 38 44 45 662.80 0.040 
38 39 45 46 585.58 0.040 
39 40 46 47 184.21 0.040 
40 41 47 48 536.93 0.040 
3 4 11 12 20.48 0.040 
5 6 13 14 103.30 0.040 
6 7 14 15 180.26 0.040 
7 8 15 16 437.41 0.040 
8 9 16 17 187.57 0.040 
9 10 17 18 212.67 0.040 
10 11 18 19 192.67 0.040 
11 12 19 20 173.75 0.040 
12 13 20 21 249.86 0.040 
13 14 21 22 427.51 0.040 
14 15 22 23 419.27 0.040 
15 16 23 24 403.50 0.040 
16 17 24 25 446.08 0.040 
17 18 25 26 1244.00 0.040 
18 19 26 27 1174.20 0.040 
19 20 27 28 1372.20 0.040 
20 21 28 29 831.06 0.040 
21 22 29 30 1279.90 0.040 
22 23 30 31 807.54 0.040 
23 24 31 32 621.69 0.040 
24 25 32 33 617.71 0.040 
25 26 33 34 737.84 0.040 
27 28 35 36 240.89 0.040 
28 29 36 37 314.09 0.040 
29 30 37 38 630.18 0.040 
30 31 38 39 409.99 0.040 
31 32 39 40 139.45 0.040 
32 33 40 41 408.36 0.040 
33 34 41 42 443.91 0.040 
34 35 42 43 290.90 0.040 
35 36 43 44 199.50 0.040 
36 37 44 45 296.27 0.040 
37 38 45 46 868.25 0.040 
38 39 46 47 443.96 0.040 
39 40 47 48 165.39 0.040 
3 4 12 13 60.77 0.040 
5 6 14 15 148.34 0.040 
6 7 15 16 267.90 0.040 
7 8 16 17 512.93 0.040 
8 9 17 18 456.73 0.040 
9 10 18 19 245.21 0.040 
10 11 19 20 201.20 0.040 
11 12 20 21 115.48 0.040 
12 13 21 22 429.46 0.040 
13 14 22 23 405.08 0.040 
14 15 23 24 375.00 0.040 
15 16 24 25 470.45 0.040 
16 17 25 26 642.51 0.040 
17 18 26 27 1258.20 0.040 
18 19 27 28 1636.00 0.040 
19 20 28 29 1267.90 0.040 
20 21 29 30 902.59 0.040 
21 22 30 31 1117.00 0.040 
22 23 31 32 867.08 0.040 
23 24 32 33 697.22 0.040 
24 25 33 34 723.53 0.040 
25 26 34 35 747.33 0.040 
26 27 35 36 207.48 0.040 
27 28 36 37 424.11 0.040 
28 29 37 38 630.18 0.040 
29 30 38 39 519.16 0.040 
30 31 39 40 150.52 0.040 
31 32 40 41 412.15 0.040 
32 33 41 42 374.00 0.040 
33 34 42 43 429.17 0.040 
34 35 43 44 411.34 0.040 
35 36 44 45 136.28 0.040 
36 37 45 46 397.37 0.040 
37 38 46 47 604.13 0.040 
38 39 47 48 409.07 0.040 
4 5 14 15 188.18 0.040 
5 6 15 16 235.12 0.040 
6 7 16 17 310.03 0.040 
7 8 17 18 1214.20 0.040 
8 9 18 19 529.82 0.040 
9 10 19 20 279.39 0.040 
10 11 20 21 134.66 0.040 
11 12 21 22 199.31 0.040 
12 13 22 23 398.42 0.040 
13 14 23 24 353.67 0.040 
14 15 24 25 425.97 0.040 
15 16 25 26 659.72 0.040 
16 17 26 27 629.08 0.040 
17 18 27 28 1740.20 0.040 
18 19 28 29 1495.10 0.040 
19 20 29 30 1390.50 0.040 
20 21 30 31 791.06 0.040 
21 22 31 32 1182.40 0.040 
22 23 32 33 947.63 0.040 
23 24 33 34 842.75 0.040 
24 25 34 35 616.64 0.040 
25 26 35 36 274.35 0.040 
26 27 36 37 351.83 0.040 
27 28 37 38 898.52 0.040 
28 29 38 39 547.16 0.040 
29 30 39 40 190.13 0.040 
30 31 40 41 395.68 0.040 
31 32 41 42 364.55 0.040 
32 33 42 43 497.97 0.040 
33 34 43 44 647.06 0.040 
34 35 44 45 323.46 0.040 
35 36 45 46 201.03 0.040 
36 37 46 47 233.92 0.040 
37 38 47 48 616.85 0.040 
1 2 12 13 66.47 0.040 
5 6 16 17 269.45 0.040 
6 7 17 18 748.93 0.040 
7 8 18 19 1332.90 0.040 
8 9 19 20 596.30 0.040 
9 10 20 21 189.68 0.040 
10 11 21 22 223.97 0.040 
11 12 22 23 188.28 0.040 
12 13 23 24 342.05 0.040 
13 14 24 25 390.90 0.040 
14 15 25 26 583.61 0.040 
15 16 26 27 636.20 0.040 
16 17 27 28 862.63 0.040 
17 18 28 29 1571.40 0.040 
18 19 29 30 1632.20 0.040 
19 20 30 31 1221.00 0.040 
20 21 31 32 821.17 0.040 
21 22 32 33 1290.80 0.040 
22 23 33 34 1142.50 0.040 
23 24 34 35 610.08 0.040 
24 25 35 36 233.68 0.040 
25 26 36 37 453.90 0.040 
26 27 37 38 764.87 0.040 
27 28 38 39 713.12 0.040 
28 29 39 40 193.80 0.040 
29 30 40 41 533.58 0.040 
30 31 41 42 435.28 0.040 
31 32 42 43 487.71 0.040 
32 33 43 44 539.40 0.040 
33 34 44 45 482.69 0.040 
34 35 45 46 431.61 0.040 
36 37 47 48 268.20 0.040 
2 3 14 15 99.33 0.040 
5 6 17 18 665.30 0.040 
6 7 18 19 835.70 0.040 
7 8 19 20 1407.10 0.040 
8 9 20 21 395.29 0.040 
9 10 21 22 300.46 0.040 
10 11 22 23 200.06 0.040 
11 12 23 24 157.54 0.040 
12 13 24 25 372.16 0.040 
13 14 25 26 529.92 0.040 
14 15 26 27 552.24 0.040 
15 16 27 28 844.77 0.040 
16 17 28 29 757.61 0.040 
17 18 29 30 1699.30 0.040 
18 19 30 31 1432.60 0.040 
19 20 31 32 1287.30 0.040 
20 21 32 33 913.27 0.040 
21 22 33 34 1525.80 0.040 
22 23 34 35 822.31 0.040 
23 24 35 36 254.68 0.040 
24 25 36 37 402.35 0.040 
25 26 37 38 987.00 0.040 
26 27 38 39 581.70 0.040 
28 29 40 41 505.27 0.040 
29 30 41 42 443.41 0.040 
30 31 42 43 371.53 0.040 
31 32 43 44 516.51 0.040 
32 33 44 45 542.38 0.040 
33 34 45 46 679.62 0.040 
34 35 46 47 289.34 0.040 
3 4 16 17 176.64 0.040 
5 6 18 19 758.25 0.040 
6 7 19 20 909.42 0.040 
7 8 20 21 944.32 0.040 
8 9 21 22 611.75 0.040 
9 10 22 23 248.64 0.040 
10 11 23 24 167.80 0.040 
11 12 24 25 169.80 0.040 
12 13 25 26 497.45 0.040 
13 14 26 27 488.19 0.040 
14 15 27 28 726.07 0.040 
15 16 28 29 733.83 0.040 
16 17 29 30 819.36 0.040 
17 18 30 31 1475.60 0.040 
18 19 31 32 1490.40 0.040 
19 20 32 33 1424.00 0.040 
20 21 33 34 1047.90 0.040 
21 22 34 35 1085.40 0.040 
22 23 35 36 339.79 0.040 
23 24 36 37 439.07 0.040 
24 25 37 38 838.84 0.040 
25 26 38 39 726.94 0.040 
26 27 39 40 191.68 0.040 
27 28 40 41 683.37 0.040 
28 29 41 42 537.66 0.040 
29 30 42 43 616.08 0.040 
30 31 43 44 616.66 0.040 
31 32 44 45 534.55 0.040 
32 33 45 46 675.04 0.040 
33 34 46 47 466.73 0.040 
1 2 15 16 182.85 0.040 
5 6 19 20 849.58 0.040 
6 7 20 21 605.64 0.040 
7 8 21 22 1466.30 0.040 
8 9 22 23 527.28 0.040 
9 10 23 24 212.23 0.040 
10 11 24 25 181.87 0.040 
11 12 25 26 221.42 0.040 
12 13 26 27 454.24 0.040 
13 14 27 28 641.43 0.040 
14 15 28 29 623.03 0.040 
15 16 29 30 780.09 0.040 
16 17 30 31 693.51 0.040 
17 18 31 32 1534.20 0.040 
18 19 32 33 1642.70 0.040 
19 20 33 34 1649.40 0.040 
20 21 34 35 769.78 0.040 
21 22 35 36 452.68 0.040 
22 23 36 37 578.23 0.040 
23 24 37 38 900.64 0.040 
24 25 38 39 623.68 0.040 
25 26 39 40 236.52 0.040 
26 27 40 41 610.06 0.040 
27 28 41 42 718.44 0.040 
28 29 42 43 454.22 0.040 
29 30 43 44 612.48 0.040 
30 31 44 45 432.15 0.040 
31 32 45 46 628.26 0.040 
32 33 46 47 399.06 0.040 
33 34 47 48 503.16 0.040 
3 4 18 19 544.12 0.040 
5 6 20 21 563.51 0.040 
6 7 21 22 926.65 0.040 
7 8 22 23 1213.10 0.040 
8 9 23 24 414.15 0.040 
9 10 24 25 227.16 0.040 
10 11 25 26 236.91 0.040 
11 12 26 27 201.77 0.040 
12 13 27 28 589.55 0.040 
13 14 28 29 536.94 0.040 
14 15 29 30 655.59 0.040 
15 16 30 31 658.74 0.040 
16 17 31 32 730.50 0.040 
17 18 32 33 1676.00 0.040 
18 19 33 34 1904.10 0.040 
19 20 34 35 1201.40 0.040 
20 21 35 36 295.06 0.040 
21 22 36 37 772.35 0.040 
22 23 37 38 1200.40 0.040 
23 24 38 39 665.08 0.040 
24 25 39 40 227.98 0.040 
25 26 40 41 790.13 0.040 
27 28 42 43 615.61 0.040 
28 29 43 44 743.71 0.040 
29 30 44 45 652.29 0.040 
30 31 45 46 539.75 0.040 
31 32 46 47 402.69 0.040 
32 33 47 48 468.92 0.040 
5 6 21 22 841.90 0.040 
6 7 22 23 743.24 0.040 
7 8 23 24 1011.80 0.040 
8 9 24 25 473.82 0.040 
9 10 25 26 302.09 0.040 
10 11 26 27 214.75 0.040 
11 12 27 28 250.51 0.040 
12 13 28 29 493.29 0.040 
13 14 29 30 567.34 0.040 
14 15 30 31 550.34 0.040 
15 16 31 32 683.00 0.040 
16 17 32 33 771.43 0.040 
17 18 33 34 1931.50 0.040 
18 19 34 35 1385.60 0.040 
19 20 35 36 486.53 0.040 
20 21 36 37 580.71 0.040 
21 22 37 38 1556.30 0.040 
22 23 38 39 859.42 0.040 
23 24 39 40 253.87 0.040 
24 25 40 41 617.26 0.040 
27 28 43 44 877.17 0.040 
28 29 44 45 529.48 0.040 
29 30 45 46 759.18 0.040 
31 32 47 48 422.88 0.040 
1 2 18 19 636.76 0.040 
5 6 22 23 656.37 0.040 
6 7 23 24 622.87 0.040 
7 8 24 25 1066.60 0.040 
8 9 25 26 570.97 0.040 
9 10 26 27 271.87 0.040 
10 11 27 28 279.39 0.040 
11 12 28 29 209.80 0.040 
12 13 29 30 514.90 0.040 
13 14 30 31 464.81 0.040 
14 15 31 32 564.18 0.040 
15 16 32 33 725.67 0.040 
16 17 33 34 911.94 0.040 
17 18 34 35 1407.60 0.040 
18 19 35 36 518.60 0.040 
19 20 36 37 846.62 0.040 
20 21 37 38 1012.10 0.040 
21 22 38 39 1152.80 0.040 
22 23 39 40 315.98 0.040 
23 24 40 41 638.83 0.040 
24 25 41 42 571.25 0.040 
26 27 43 44 610.26 0.040 
27 28 44 45 714.65 0.040 
28 29 45 46 631.04 0.040 
29 30 46 47 466.96 0.040 
30 31 47 48 359.97 0.040 
3 4 21 22 590.06 0.040 
5 6 23 24 547.95 0.040 
6 7 24 25 649.88 0.040 
7 8 25 26 1369.90 0.040 
8 9 26 27 564.63 0.040 
9 10 27 28 376.71 0.040 
10 11 28 29 232.86 0.040 
11 12 29 30 212.88 0.040 
12 13 30 31 423.00 0.040 
13 14 31 32 487.46 0.040 
14 15 32 33 596.88 0.040 
15 16 33 34 837.12 0.040 
16 17 34 35 628.56 0.040 
17 18 35 36 544.03 0.040 
18 19 36 37 1016.20 0.040 
19 20 37 38 1669.00 0.040 
20 21 38 39 865.73 0.040 
21 22 39 40 431.59 0.040 
22 23 40 41 865.71 0.040 
23 24 41 42 611.66 0.040 
24 25 42 43 613.07 0.040 
26 27 44 45 697.02 0.040 
27 28 45 46 938.55 0.040 
29 30 47 48 507.50 0.040 
5 6 24 25 570.81 0.040 
6 7 25 26 842.99 0.040 
7 8 26 27 1220.40 0.040 
8 9 27 28 709.55 0.040 
9 10 28 29 313.51 0.040 
10 11 29 30 244.25 0.040 
11 12 30 31 177.52 0.040 
12 13 31 32 435.78 0.040 
13 14 32 33 494.65 0.040 
14 15 33 34 685.72 0.040 
15 16 34 35 580.66 0.040 
16 17 35 36 260.99 0.040 
17 18 36 37 963.27 0.040 
18 19 37 38 1820.10 0.040 
19 20 38 39 1266.80 0.040 
21 22 40 41 1093.40 0.040 
22 23 41 42 817.09 0.040 
23 24 42 43 642.04 0.040 
24 25 43 44 753.15 0.040 
26 27 45 46 813.53 0.040 
27 28 46 47 588.34 0.040 
28 29 47 48 398.24 0.040 
3 4 23 24 344.80 0.040 
5 6 25 26 740.32 0.040 
6 7 26 27 741.10 0.040 
7 8 27 28 1605.90 0.040 
8 9 28 29 630.44 0.040 
9 10 29 30 336.91 0.040 
10 11 30 31 201.73 0.040 
11 12 31 32 176.09 0.040 
12 13 32 33 449.88 0.040 
13 14 33 34 593.13 0.040 
14 15 34 35 476.47 0.040 
15 16 35 36 236.21 0.040 
16 17 36 37 417.76 0.040 
17 18 37 38 1889.70 0.040 
18 19 38 39 1472.40 0.040 
19 20 39 40 371.38 0.040 
20 21 40 41 803.20 0.040 
21 22 41 42 1065.90 0.040 
22 23 42 43 842.60 0.040 
23 24 43 44 841.90 0.040 
24 25 44 45 631.72 0.040 
25 26 45 46 1019.60 0.040 
26 27 46 47 462.93 0.040 
27 28 47 48 668.62 0.040 
5 6 26 27 651.36 0.040 
6 7 27 28 1004.30 0.040 
7 8 28 29 1330.10 0.040 
8 9 29 30 633.04 0.040 
9 10 30 31 279.45 0.040 
10 11 31 32 205.06 0.040 
11 12 32 33 189.77 0.040 
12 13 33 34 523.24 0.040 
13 14 34 35 381.21 0.040 
14 15 35 36 186.92 0.040 
15 16 36 37 395.75 0.040 
16 17 37 38 887.12 0.040 
17 18 38 39 1385.70 0.040 
19 20 40 41 1277.30 0.040 
20 21 41 42 633.18 0.040 
21 22 42 43 1016.50 0.040 
22 23 43 44 1068.20 0.040 
23 24 44 45 624.93 0.040 
24 25 45 46 804.02 0.040 
25 26 46 47 516.49 0.040 
26 27 47 48 500.82 0.040 
5 6 27 28 897.47 0.040 
6 7 28 29 820.73 0.040 
7 8 29 30 1384.10 0.040 
8 9 30 31 579.14 0.040 
9 10 31 32 289.88 0.040 
10 11 32 33 212.84 0.040 
11 12 33 34 204.92 0.040 
12 13 34 35 354.91 0.040 
13 14 35 36 160.61 0.040 
14 15 36 37 324.67 0.040 
15 16 37 38 787.43 0.040 
18 19 40 41 1434.00 0.040 
20 21 42 43 737.48 0.040 
21 22 43 44 1374.70 0.040 
22 23 44 45 854.68 0.040 
23 24 45 46 837.47 0.040 
24 25 46 47 508.77 0.040 
25 26 47 48 633.65 0.040 
5 6 28 29 731.74 0.040 
6 7 29 30 866.98 0.040 
7 8 30 31 1148.80 0.040 
8 9 31 32 517.06 0.040 
9 10 32 33 290.66 0.040 
10 11 33 34 252.20 0.040 
11 12 34 35 148.71 0.040 
12 13 35 36 142.71 0.040 
13 14 36 37 259.82 0.040 
14 15 37 38 631.85 0.040 
15 16 38 39 572.53 0.040 
17 18 40 41 1492.70 0.040 
18 19 41 42 1169.80 0.040 
20 21 43 44 848.86 0.040 
21 22 44 45 1041.30 0.040 
22 23 45 46 1123.50 0.040 
23 24 46 47 539.61 0.040 
24 25 47 48 541.47 0.040 
5 6 29 30 779.25 0.040 
6 7 30 31 710.36 0.040 
7 8 31 32 1158.80 0.040 
8 9 32 33 610.24 0.040 
9 10 33 34 371.35 0.040 
10 11 34 35 176.44 0.040 
11 12 35 36 56.20 0.040 
12 13 36 37 226.43 0.040 
13 14 37 38 538.23 0.040 
14 15 38 39 456.29 0.040 
15 16 39 40 204.68 0.040 
18 19 42 43 1313.10 0.040 
20 21 44 45 858.59 0.040 
21 22 45 46 1363.40 0.040 
22 23 46 47 677.08 0.040 
23 24 47 48 570.30 0.040 
5 6 30 31 639.75 0.040 
6 7 31 32 735.40 0.040 
7 8 32 33 1196.60 0.040 
8 9 33 34 655.24 0.040 
9 10 34 35 256.17 0.040 
10 11 35 36 61.91 0.040 
11 12 36 37 95.42 0.040 
12 13 37 38 487.67 0.040 
13 14 38 39 359.18 0.040 
14 15 39 40 147.93 0.040 
15 16 40 41 536.99 0.040 
18 19 43 44 1565.50 0.040 
19 20 44 45 1399.80 0.040 
21 22 46 47 879.58 0.040 
22 23 47 48 765.48 0.040 
5 6 31 32 664.65 0.040 
6 7 32 33 737.30 0.040 
7 8 33 34 1424.80 0.040 
9 10 35 36 83.91 0.040 
10 11 36 37 116.07 0.040 
11 12 37 38 183.60 0.040 
12 13 38 39 312.66 0.040 
14 15 40 41 445.28 0.040 
15 16 41 42 479.35 0.040 
18 19 44 45 1482.50 0.040 
19 20 45 46 1406.20 0.040 
21 22 47 48 919.00 0.040 
5 6 32 33 652.60 0.040 
6 7 33 34 913.23 0.040 
7 8 34 35 1020.80 0.040 
9 10 36 37 168.05 0.040 
10 11 37 38 230.91 0.040 
11 12 38 39 139.76 0.040 
12 13 39 40 116.74 0.040 
14 15 41 42 394.02 0.040 
15 16 42 43 510.77 0.040 
18 19 45 46 1425.80 0.040 
19 20 46 47 933.78 0.040 
5 6 33 34 841.32 0.040 
6 7 34 35 627.23 0.040 
7 8 35 36 337.50 0.040 
9 10 37 38 346.60 0.040 
10 11 38 39 146.34 0.040 
12 13 40 41 325.23 0.040 
14 15 42 43 406.39 0.040 
15 16 43 44 623.41 0.040 
17 18 45 46 1582.10 0.040 
19 20 47 48 832.41 0.040 
5 6 34 35 566.31 0.040 
6 7 35 36 215.97 0.040 
7 8 36 37 634.93 0.040 
11 12 40 41 141.55 0.040 
12 13 41 42 306.71 0.040 
14 15 43 44 503.23 0.040 
15 16 44 45 502.54 0.040 
17 18 46 47 1071.50 0.040 
6 7 36 37 401.18 0.040 
7 8 37 38 1303.50 0.040 
8 9 38 39 522.27 0.040 
10 11 40 41 176.02 0.040 
12 13 42 43 303.25 0.040 
14 15 44 45 421.80 0.040 
15 16 45 46 619.99 0.040 
17 18 47 48 921.52 0.040 
5 6 36 37 365.46 0.040 
6 7 37 38 853.81 0.040 
9 10 40 41 276.75 0.040 
10 11 41 42 159.32 0.040 
12 13 43 44 382.44 0.040 
14 15 45 46 494.32 0.040 
15 16 46 47 396.09 0.040 
5 6 37 38 766.58 0.040 
10 11 42 43 164.34 0.040 
12 13 44 45 286.76 0.040 
13 14 45 46 422.32 0.040 
14 15 46 47 337.46 0.040 
15 16 47 48 405.18 0.040 
7 8 40 41 1106.00 0.040 
9 10 42 43 232.93 0.040 
10 11 43 44 207.88 0.040 
11 12 44 45 156.56 0.040 
12 13 45 46 401.08 0.040 
13 14 46 47 259.85 0.040 
14 15 47 48 309.17 0.040 
6 7 40 41 657.28 0.040 
8 9 42 43 526.52 0.040 
10 11 44 45 164.02 0.040 
12 13 46 47 220.61 0.040 
13 14 47 48 316.12 0.040 
5 6 40 41 599.10 0.040 
6 7 41 42 627.95 0.040 
8 9 43 44 558.73 0.040 
9 10 44 45 240.66 0.040 
10 11 45 46 194.63 0.040 
12 13 47 48 268.18 0.040 
6 7 42 43 607.22 0.040 
7 8 43 44 1109.90 0.040 
9 10 45 46 326.96 0.040 
10 11 46 47 136.62 0.040 
6 7 43 44 815.35 0.040 
7 8 44 45 1105.90 0.040 
9 10 46 47 224.52 0.040 
10 11 47 48 122.38 0.040 
5 6 43 44 830.23 0.040 
7 8 45 46 1152.10 0.040 
9 10 47 48 213.98 0.040 
6 7 45 46 785.92 0.040 
7 8 46 47 797.26 0.040 
5 6 45 46 693.39 0.040 
6 7 46 47 473.50 0.040 
5 6 46 47 470.84 0.040 
6 7 47 48 510.01 0.040 
5 6 47 48 464.10 0.040 
