48 	 # Number of sensors 
# x z 
0.00 -6.55 
2.00 -6.34 
4.00 -6.13 
6.00 -5.88 
7.90 -5.63 
9.90 -5.36 
11.90 -5.10 
13.90 -4.80 
15.90 -4.62 
17.90 -4.38 
19.90 -4.22 
21.90 -4.09 
23.80 -3.86 
25.80 -3.65 
27.80 -3.55 
29.80 -3.17 
31.80 -2.91 
33.80 -2.69 
35.80 -2.60 
37.80 -2.45 
39.70 -2.26 
41.70 -2.19 
43.70 -2.03 
45.70 -1.87 
47.70 -1.59 
49.70 -1.46 
51.70 -1.29 
53.70 -1.08 
55.70 -0.94 
57.70 -0.80 
59.70 -0.65 
61.70 -0.52 
63.70 -0.48 
65.70 -0.24 
67.70 -0.11 
69.60 0.00 
71.60 0.07 
73.60 0.15 
75.60 0.26 
77.60 0.34 
79.60 0.43 
81.60 0.58 
83.60 0.70 
85.60 0.81 
87.60 0.96 
89.60 1.03 
91.60 1.09 
93.60 1.15 
337 	 # Number of measurements 
# a b m n rhoa err
1 46 16 31 775.29 0.040 
1 43 15 29 755.43 0.040 
1 40 14 27 707.37 0.040 
1 37 13 25 656.01 0.040 
1 34 12 23 628.82 0.040 
1 31 11 21 637.30 0.040 
1 28 10 19 566.92 0.040 
1 25 9 17 526.17 0.040 
1 19 7 13 467.84 0.040 
1 16 6 11 440.74 0.040 
1 13 5 9 406.18 0.040 
1 10 4 7 349.51 0.040 
1 7 3 5 305.86 0.040 
1 4 2 3 213.35 0.040 
2 47 17 32 769.82 0.040 
2 44 16 30 759.39 0.040 
2 41 15 28 716.67 0.040 
2 38 14 26 668.44 0.040 
2 35 13 24 619.59 0.040 
2 32 12 22 631.52 0.040 
2 29 11 20 566.15 0.040 
2 26 10 18 543.09 0.040 
2 23 9 16 479.81 0.040 
2 17 7 12 430.81 0.040 
2 14 6 10 396.84 0.040 
2 5 3 4 207.30 0.040 
3 48 18 33 748.68 0.040 
3 45 17 31 759.57 0.040 
3 42 16 29 732.80 0.040 
3 39 15 27 683.49 0.040 
3 36 14 25 627.67 0.040 
3 33 13 23 623.20 0.040 
3 30 12 21 622.37 0.040 
3 27 11 19 545.68 0.040 
3 24 10 17 494.20 0.040 
3 21 9 15 441.31 0.040 
3 15 7 11 391.80 0.040 
3 12 6 9 357.83 0.040 
3 9 5 7 282.18 0.040 
3 6 4 5 211.02 0.040 
4 46 18 32 745.15 0.040 
4 43 17 30 741.85 0.040 
4 40 16 28 696.83 0.040 
4 37 15 26 648.03 0.040 
4 34 14 24 602.10 0.040 
4 31 13 22 611.44 0.040 
4 28 12 20 549.29 0.040 
4 25 11 18 523.66 0.040 
4 22 10 16 445.68 0.040 
4 19 9 14 412.78 0.040 
4 13 7 10 348.45 0.040 
4 10 6 8 35.26 0.040 
4 7 5 6 200.21 0.040 
5 47 19 33 739.42 0.040 
5 44 18 31 737.06 0.040 
5 41 17 29 706.76 0.040 
5 38 16 27 667.87 0.040 
5 35 15 25 604.12 0.040 
5 32 14 23 605.04 0.040 
5 29 13 21 600.53 0.040 
5 26 12 19 534.77 0.040 
5 23 11 17 465.06 0.040 
5 20 10 15 431.23 0.040 
5 17 9 13 380.33 0.040 
5 11 7 9 295.54 0.040 
6 48 20 34 764.55 0.040 
6 45 19 32 726.27 0.040 
6 42 18 30 702.02 0.040 
6 39 17 28 671.23 0.040 
6 36 16 26 620.40 0.040 
6 33 15 24 598.23 0.040 
6 30 14 22 593.85 0.040 
6 27 13 20 523.11 0.040 
6 24 12 18 496.93 0.040 
6 21 11 16 413.86 0.040 
6 18 10 14 371.26 0.040 
6 15 9 12 317.51 0.040 
6 9 7 8 74.40 0.040 
7 46 20 33 722.57 0.040 
7 43 19 31 707.49 0.040 
7 40 18 29 661.40 0.040 
7 37 17 27 637.65 0.040 
7 34 16 25 578.23 0.040 
7 31 15 23 577.38 0.040 
7 28 14 21 576.89 0.040 
7 25 13 19 501.40 0.040 
7 22 12 17 427.83 0.040 
7 19 11 15 377.66 0.040 
7 16 10 13 323.59 0.040 
7 13 9 11 256.84 0.040 
9 48 22 35 694.70 0.040 
9 45 21 33 657.07 0.040 
9 42 20 31 681.03 0.040 
9 39 19 29 627.93 0.040 
9 36 18 27 588.55 0.040 
9 33 17 25 567.84 0.040 
9 30 16 23 553.02 0.040 
9 27 15 21 550.11 0.040 
9 24 14 19 463.38 0.040 
9 21 13 17 381.85 0.040 
9 18 12 15 335.45 0.040 
9 15 11 13 255.36 0.040 
9 12 10 11 160.36 0.040 
10 46 22 34 681.88 0.040 
10 43 21 32 633.19 0.040 
10 40 20 30 632.25 0.040 
10 37 19 28 590.22 0.040 
10 34 18 26 537.54 0.040 
10 31 17 24 536.26 0.040 
10 28 16 22 531.03 0.040 
10 25 15 20 459.71 0.040 
10 22 14 18 401.34 0.040 
10 19 13 16 325.25 0.040 
10 16 12 14 262.16 0.040 
10 13 11 12 139.46 0.040 
11 47 23 35 675.59 0.040 
11 44 22 33 626.19 0.040 
11 41 21 31 588.72 0.040 
11 38 20 29 595.00 0.040 
11 35 19 27 539.65 0.040 
11 32 18 25 510.11 0.040 
11 29 17 23 510.20 0.040 
11 26 16 21 517.60 0.040 
11 23 15 19 408.10 0.040 
11 20 14 17 349.60 0.040 
11 17 13 15 263.01 0.040 
11 14 12 13 160.97 0.040 
12 48 24 36 654.40 0.040 
12 45 23 34 657.41 0.040 
12 42 22 32 590.15 0.040 
12 39 21 30 542.14 0.040 
12 36 20 28 548.33 0.040 
12 33 19 26 511.08 0.040 
12 30 18 24 477.53 0.040 
12 27 17 22 489.00 0.040 
12 24 16 20 407.19 0.040 
12 21 15 18 343.29 0.040 
12 18 14 16 255.49 0.040 
12 15 13 14 149.33 0.040 
13 46 24 35 648.02 0.040 
13 43 23 33 595.08 0.040 
13 40 22 31 546.91 0.040 
13 37 21 29 504.27 0.040 
13 34 20 27 507.43 0.040 
13 31 19 25 464.93 0.040 
13 28 18 23 446.22 0.040 
13 25 17 21 472.47 0.040 
13 22 16 19 345.94 0.040 
13 19 15 17 259.19 0.040 
13 16 14 15 161.47 0.040 
14 47 25 36 631.06 0.040 
14 44 24 34 633.07 0.040 
14 41 23 32 552.66 0.040 
14 38 22 30 503.56 0.040 
14 35 21 28 454.99 0.040 
14 32 20 26 477.12 0.040 
14 29 19 24 426.44 0.040 
14 26 18 22 427.62 0.040 
14 23 17 20 345.56 0.040 
14 20 16 18 300.68 0.040 
14 17 15 16 164.91 0.040 
15 48 26 37 593.85 0.040 
15 45 25 35 620.17 0.040 
15 42 24 33 558.94 0.040 
15 39 23 31 514.36 0.040 
15 36 22 29 458.12 0.040 
15 33 21 27 434.67 0.040 
15 30 20 25 432.73 0.040 
15 27 19 23 394.97 0.040 
15 24 18 21 390.29 0.040 
15 21 17 19 278.90 0.040 
15 18 16 17 171.81 0.040 
16 46 26 36 588.72 0.040 
16 43 25 34 600.63 0.040 
16 40 24 32 518.29 0.040 
16 37 23 30 471.64 0.040 
16 34 22 28 415.46 0.040 
16 31 21 26 383.14 0.040 
16 28 20 24 393.47 0.040 
16 25 19 22 370.05 0.040 
16 22 18 20 248.70 0.040 
16 19 17 18 184.84 0.040 
17 47 27 37 555.44 0.040 
17 44 26 35 583.34 0.040 
17 41 25 33 520.62 0.040 
17 38 24 31 485.43 0.040 
17 35 23 29 426.37 0.040 
17 32 22 27 393.34 0.040 
17 29 21 25 327.45 0.040 
17 26 20 23 364.93 0.040 
17 23 19 21 313.58 0.040 
17 20 18 19 180.34 0.040 
18 48 28 38 539.81 0.040 
18 45 27 36 553.19 0.040 
18 42 26 34 560.20 0.040 
18 39 25 32 493.26 0.040 
18 36 24 30 444.05 0.040 
18 33 23 28 418.40 0.040 
18 30 22 26 348.64 0.040 
18 27 21 24 289.25 0.040 
18 24 20 22 319.11 0.040 
18 21 19 20 149.16 0.040 
19 46 28 37 522.74 0.040 
19 43 27 35 539.93 0.040 
19 40 26 33 477.09 0.040 
19 37 25 31 457.75 0.040 
19 34 24 29 403.17 0.040 
19 31 23 27 368.36 0.040 
19 28 22 25 279.91 0.040 
19 25 21 23 229.06 0.040 
19 22 20 21 217.09 0.040 
20 47 29 38 507.69 0.040 
20 44 28 36 513.08 0.040 
20 41 27 34 498.75 0.040 
20 38 26 32 441.13 0.040 
20 35 25 30 402.02 0.040 
20 32 24 28 377.48 0.040 
20 29 23 26 301.42 0.040 
20 26 22 24 221.10 0.040 
20 23 21 22 134.07 0.040 
21 48 30 39 513.21 0.040 
21 45 29 37 505.34 0.040 
21 42 28 35 510.17 0.040 
21 39 27 33 442.00 0.040 
21 36 26 31 420.51 0.040 
21 33 25 29 407.36 0.040 
21 30 24 27 343.40 0.040 
21 27 23 25 242.61 0.040 
21 24 22 23 132.03 0.040 
22 46 30 38 484.28 0.040 
22 43 29 36 482.37 0.040 
22 40 28 34 460.55 0.040 
22 37 27 32 391.23 0.040 
22 34 26 30 357.28 0.040 
22 31 25 28 336.88 0.040 
22 28 24 26 238.30 0.040 
22 25 23 24 125.79 0.040 
23 47 31 39 459.20 0.040 
23 44 30 37 451.26 0.040 
23 41 29 35 436.40 0.040 
23 38 28 33 363.95 0.040 
23 35 27 31 322.99 0.040 
23 32 26 29 304.64 0.040 
23 29 25 27 238.19 0.040 
23 26 24 25 124.71 0.040 
24 48 32 40 433.33 0.040 
24 45 31 38 424.87 0.040 
24 42 30 36 417.11 0.040 
24 39 29 34 390.52 0.040 
24 36 28 32 303.82 0.040 
24 33 27 30 279.65 0.040 
24 30 26 28 235.34 0.040 
24 27 25 26 134.82 0.040 
25 46 32 39 406.95 0.040 
25 43 31 37 388.83 0.040 
25 40 30 35 376.62 0.040 
25 37 29 33 293.94 0.040 
25 34 28 31 246.73 0.040 
25 31 27 29 209.53 0.040 
25 28 26 27 134.05 0.040 
26 47 33 40 399.98 0.040 
26 44 32 38 379.88 0.040 
26 41 31 36 354.73 0.040 
26 38 30 34 339.75 0.040 
26 35 29 32 235.02 0.040 
26 32 28 30 196.43 0.040 
26 29 27 28 131.81 0.040 
27 48 34 41 338.58 0.040 
27 45 33 39 372.21 0.040 
27 42 32 37 336.02 0.040 
27 39 31 35 320.05 0.040 
27 36 30 33 231.86 0.040 
27 33 29 31 189.27 0.040 
27 30 28 29 116.39 0.040 
28 46 34 40 310.60 0.040 
28 43 33 38 335.54 0.040 
28 40 32 36 299.15 0.040 
28 37 31 34 275.48 0.040 
28 34 30 32 177.24 0.040 
28 31 29 30 114.90 0.040 
29 47 35 41 294.34 0.040 
29 44 34 39 276.78 0.040 
29 41 33 37 279.01 0.040 
29 38 32 35 257.05 0.040 
29 35 31 33 156.03 0.040 
29 32 30 31 105.61 0.040 
30 48 36 42 283.46 0.040 
30 45 35 40 259.54 0.040 
30 42 34 38 224.49 0.040 
30 39 33 36 238.79 0.040 
30 36 32 34 192.61 0.040 
30 33 31 32 107.26 0.040 
31 46 36 41 254.89 0.040 
31 43 35 39 218.59 0.040 
31 40 34 37 167.09 0.040 
31 37 33 35 187.78 0.040 
31 34 32 33 83.23 0.040 
32 47 37 42 250.76 0.040 
32 44 36 40 217.08 0.040 
32 41 35 38 155.49 0.040 
32 38 34 36 122.31 0.040 
32 35 33 34 119.09 0.040 
33 48 38 43 242.53 0.040 
33 45 37 41 216.40 0.040 
33 42 36 39 164.23 0.040 
33 39 35 37 98.75 0.040 
33 36 34 35 67.26 0.040 
34 46 38 42 216.70 0.040 
34 43 37 40 190.43 0.040 
34 40 36 38 113.95 0.040 
34 37 35 36 62.02 0.040 
35 47 39 43 203.29 0.040 
35 44 38 41 177.95 0.040 
35 41 37 39 122.26 0.040 
35 38 36 37 48.47 0.040 
36 48 40 44 205.31 0.040 
36 45 39 42 151.02 0.040 
36 42 38 40 118.01 0.040 
36 39 37 38 53.70 0.040 
37 46 40 43 144.80 0.040 
37 43 39 41 107.35 0.040 
37 40 38 39 53.60 0.040 
38 47 41 44 156.92 0.040 
38 44 40 42 99.89 0.040 
38 41 39 40 49.57 0.040 
39 48 42 45 187.66 0.040 
39 45 41 43 99.15 0.040 
39 42 40 41 49.52 0.040 
40 46 42 44 118.05 0.040 
40 43 41 42 47.62 0.040 
41 47 43 45 144.46 0.040 
41 44 42 43 61.20 0.040 
42 48 44 46 153.08 0.040 
42 45 43 44 72.93 0.040 
43 46 44 45 96.16 0.040 
44 47 45 46 102.78 0.040 
45 48 46 47 92.78 0.040 
