48 	 # Number of sensors 
# x z 
0	-25.32
5	-24.81
10	-24.61
15	-24.4
20	-24.13
25	-23.95
30	-23.68
35	-23.29
40	-23.01
45	-22.6
50	-22.17
55	-21.8
60	-21.52
65	-21.14
70	-20.83
75	-20.21
80	-19.67
85	-19.36
90	-18.89
95	-17.98
100	-17.57
105	-16.99
110	-16.37
115	-15.4
120	-14.78
125	-14.05
130	-13.66
135	-13.14
140	-12.53
145	-12.01
150	-11.33
155	-10.84
160	-10.26
165	-9.71
170	-9.13
175	-8.53
180	-7.89
185	-7.21
190	-6.62
195	-5.91
200	-5.2
205	-4.54
210	-3.76
215	-3.06
220	-2.18
225	-1.3
230	-0.65
235	0
1035 	 # Number of measurements 
# a b m n rhoa err
1 2 3 4 887.81 0.040 
1 2 4 5 1214.60 0.040 
1 2 5 6 1756.87 0.040 
1 2 6 7 1857.02 0.040 
1 2 7 8 2123.72 0.040 
1 2 8 9 2363.88 0.040 
1 2 9 10 2714.56 0.040 
1 2 10 11 2880.24 0.040 
1 2 11 12 3405.01 0.040 
1 2 12 13 3517.47 0.040 
1 2 13 14 4356.29 0.040 
1 2 14 15 4621.57 0.040 
1 2 15 16 5574.38 0.040 
1 2 16 17 5741.43 0.040 
1 2 17 18 5729.80 0.040 
1 2 18 19 5746.63 0.040 
1 2 19 20 7041.82 0.040 
1 2 20 21 5829.23 0.040 
1 2 21 22 7624.87 0.040 
1 2 22 23 8516.04 0.040 
1 2 23 24 7235.24 0.040 
1 2 24 25 8509.41 0.040 
1 2 25 26 8150.07 0.040 
1 2 26 27 7350.86 0.040 
1 2 27 28 8785.51 0.040 
1 2 28 29 9883.95 0.040 
1 2 29 30 9600.71 0.040 
1 2 30 31 9601.58 0.040 
1 2 31 32 11006.34 0.040 
1 2 32 33 11266.41 0.040 
1 2 33 34 12388.92 0.040 
1 2 34 35 13902.39 0.040 
1 2 35 36 13436.52 0.040 
1 2 36 37 13159.84 0.040 
1 2 37 38 13855.95 0.040 
1 2 38 39 14712.98 0.040 
1 2 39 40 14973.83 0.040 
1 2 40 41 14506.23 0.040 
1 2 41 42 14310.91 0.040 
1 2 42 43 13684.96 0.040 
1 2 43 44 14061.62 0.040 
1 2 44 45 12836.05 0.040 
1 2 45 46 12812.48 0.040 
1 2 46 47 10630.87 0.040 
1 2 47 48 10820.40 0.040 
2 3 4 5 938.31 0.040 
2 3 5 6 1717.18 0.040 
2 3 6 7 1944.33 0.040 
2 3 7 8 2280.47 0.040 
2 3 8 9 2566.03 0.040 
2 3 9 10 3006.00 0.040 
2 3 10 11 3133.19 0.040 
2 3 11 12 3778.92 0.040 
2 3 12 13 3945.89 0.040 
2 3 13 14 4903.66 0.040 
2 3 14 15 5192.73 0.040 
2 3 15 16 6313.22 0.040 
2 3 16 17 6496.29 0.040 
2 3 17 18 6531.24 0.040 
2 3 18 19 6614.71 0.040 
2 3 19 20 8114.48 0.040 
2 3 20 21 6775.75 0.040 
2 3 21 22 8839.42 0.040 
2 3 22 23 10049.66 0.040 
2 3 23 24 8293.44 0.040 
2 3 24 25 9896.97 0.040 
2 3 25 26 9519.53 0.040 
2 3 26 27 8738.69 0.040 
2 3 27 28 10315.33 0.040 
2 3 28 29 11792.39 0.040 
2 3 29 30 11249.19 0.040 
2 3 30 31 11517.83 0.040 
2 3 31 32 12920.18 0.040 
2 3 32 33 13653.71 0.040 
2 3 33 34 14651.75 0.040 
2 3 34 35 16927.99 0.040 
2 3 35 36 15704.75 0.040 
2 3 36 37 16229.92 0.040 
2 3 37 38 16084.65 0.040 
2 3 38 39 18296.07 0.040 
2 3 39 40 17395.31 0.040 
2 3 40 41 18021.15 0.040 
2 3 41 42 16768.74 0.040 
2 3 42 43 17131.77 0.040 
2 3 43 44 15983.23 0.040 
2 3 44 45 16364.64 0.040 
2 3 45 46 14398.21 0.040 
2 3 46 47 13560.03 0.040 
2 3 47 48 11790.03 0.040 
3 4 5 6 1092.86 0.040 
3 4 6 7 1533.96 0.040 
3 4 7 8 1958.66 0.040 
3 4 8 9 2300.92 0.040 
3 4 9 10 2757.12 0.040 
3 4 10 11 2956.02 0.040 
3 4 11 12 3597.09 0.040 
3 4 12 13 3792.10 0.040 
3 4 13 14 4741.86 0.040 
3 4 14 15 5008.97 0.040 
3 4 15 16 6090.23 0.040 
3 4 16 17 6364.01 0.040 
3 4 17 18 6419.09 0.040 
3 4 18 19 6505.53 0.040 
3 4 19 20 7997.45 0.040 
3 4 20 21 6710.59 0.040 
3 4 21 22 8808.34 0.040 
3 4 22 23 9945.83 0.040 
3 4 23 24 8343.17 0.040 
3 4 24 25 9865.32 0.040 
3 4 25 26 9620.35 0.040 
3 4 26 27 8743.27 0.040 
3 4 27 28 10517.55 0.040 
3 4 28 29 11847.97 0.040 
3 4 29 30 11565.50 0.040 
3 4 30 31 11618.86 0.040 
3 4 31 32 13422.63 0.040 
3 4 32 33 13728.17 0.040 
3 4 33 34 15249.67 0.040 
3 4 34 35 17114.06 0.040 
3 4 35 36 16644.82 0.040 
3 4 36 37 16260.48 0.040 
3 4 37 38 17240.99 0.040 
3 4 38 39 18338.72 0.040 
3 4 39 40 18741.48 0.040 
3 4 40 41 18196.55 0.040 
3 4 41 42 18049.81 0.040 
3 4 42 43 17157.63 0.040 
3 4 43 44 17630.24 0.040 
3 4 44 45 16060.89 0.040 
3 4 45 46 16043.58 0.040 
3 4 46 47 13186.01 0.040 
3 4 47 48 13542.74 0.040 
4 5 6 7 845.89 0.040 
4 5 7 8 1312.74 0.040 
4 5 8 9 1676.63 0.040 
4 5 9 10 2113.06 0.040 
4 5 10 11 2312.52 0.040 
4 5 11 12 2869.17 0.040 
4 5 12 13 3074.66 0.040 
4 5 13 14 3891.46 0.040 
4 5 14 15 4156.18 0.040 
4 5 15 16 5091.52 0.040 
4 5 16 17 5303.04 0.040 
4 5 17 18 5410.79 0.040 
4 5 18 19 5537.21 0.040 
4 5 19 20 6910.62 0.040 
4 5 20 21 5786.05 0.040 
4 5 21 22 7646.22 0.040 
4 5 22 23 8740.11 0.040 
4 5 23 24 7286.01 0.040 
4 5 24 25 8729.90 0.040 
4 5 25 26 8452.43 0.040 
4 5 26 27 7773.64 0.040 
4 5 27 28 9273.80 0.040 
4 5 28 29 10576.24 0.040 
4 5 29 30 10213.90 0.040 
4 5 30 31 10426.49 0.040 
4 5 31 32 11908.58 0.040 
4 5 32 33 12455.28 0.040 
4 5 33 34 13642.55 0.040 
4 5 34 35 15608.37 0.040 
4 5 35 36 14746.13 0.040 
4 5 36 37 14986.12 0.040 
4 5 37 38 15252.34 0.040 
4 5 38 39 16917.96 0.040 
4 5 39 40 16608.70 0.040 
4 5 40 41 16746.44 0.040 
4 5 41 42 16051.69 0.040 
4 5 42 43 15908.25 0.040 
4 5 43 44 15516.34 0.040 
4 5 44 45 15083.31 0.040 
4 5 45 46 14045.21 0.040 
4 5 46 47 12464.84 0.040 
4 5 47 48 11523.87 0.040 
5 6 7 8 997.80 0.040 
5 6 8 9 1536.80 0.040 
5 6 9 10 2127.30 0.040 
5 6 10 11 2455.57 0.040 
5 6 11 12 3162.97 0.040 
5 6 12 13 3462.09 0.040 
5 6 13 14 4375.83 0.040 
5 6 14 15 4667.20 0.040 
5 6 15 16 5763.62 0.040 
5 6 16 17 6035.88 0.040 
5 6 17 18 6172.71 0.040 
5 6 18 19 6304.59 0.040 
5 6 19 20 7683.61 0.040 
5 6 20 21 6624.09 0.040 
5 6 21 22 8631.64 0.040 
5 6 22 23 9778.30 0.040 
5 6 23 24 8343.42 0.040 
5 6 24 25 9922.71 0.040 
5 6 25 26 9685.89 0.040 
5 6 26 27 8881.12 0.040 
5 6 27 28 10669.76 0.040 
5 6 28 29 12130.10 0.040 
5 6 29 30 11826.40 0.040 
5 6 30 31 12016.75 0.040 
5 6 31 32 13836.35 0.040 
5 6 32 33 14355.65 0.040 
5 6 33 34 15918.79 0.040 
5 6 34 35 18026.79 0.040 
5 6 35 36 17445.24 0.040 
5 6 36 37 17375.09 0.040 
5 6 37 38 18146.01 0.040 
5 6 38 39 19742.09 0.040 
5 6 39 40 19885.50 0.040 
5 6 40 41 19721.78 0.040 
5 6 41 42 19271.37 0.040 
5 6 42 43 18730.64 0.040 
5 6 43 44 18939.76 0.040 
5 6 44 45 17749.38 0.040 
5 6 45 46 17139.72 0.040 
5 6 46 47 14707.50 0.040 
5 6 47 48 14451.31 0.040 
6 7 8 9 908.67 0.040 
6 7 9 10 1564.00 0.040 
6 7 10 11 1948.85 0.040 
6 7 11 12 2655.64 0.040 
6 7 12 13 3021.07 0.040 
6 7 13 14 3890.67 0.040 
6 7 14 15 4182.72 0.040 
6 7 15 16 5198.65 0.040 
6 7 16 17 5504.13 0.040 
6 7 17 18 5659.71 0.040 
6 7 18 19 5818.46 0.040 
6 7 19 20 7084.54 0.040 
6 7 20 21 6173.34 0.040 
6 7 21 22 8029.46 0.040 
6 7 22 23 9136.18 0.040 
6 7 23 24 7834.08 0.040 
6 7 24 25 9370.52 0.040 
6 7 25 26 9139.34 0.040 
6 7 26 27 8427.09 0.040 
6 7 27 28 10120.35 0.040 
6 7 28 29 11568.88 0.040 
6 7 29 30 11259.10 0.040 
6 7 30 31 11517.58 0.040 
6 7 31 32 13212.80 0.040 
6 7 32 33 13847.65 0.040 
6 7 33 34 15278.95 0.040 
6 7 34 35 17463.21 0.040 
6 7 35 36 16770.71 0.040 
6 7 36 37 16981.34 0.040 
6 7 37 38 17522.22 0.040 
6 7 38 39 19364.78 0.040 
6 7 39 40 19281.80 0.040 
6 7 40 41 19426.16 0.040 
6 7 41 42 18740.77 0.040 
6 7 42 43 18468.91 0.040 
6 7 43 44 18328.82 0.040 
6 7 44 45 17609.54 0.040 
6 7 45 46 16696.81 0.040 
6 7 46 47 14671.19 0.040 
6 7 47 48 13831.04 0.040 
7 8 9 10 973.93 0.040 
7 8 10 11 1466.32 0.040 
7 8 11 12 2202.32 0.040 
7 8 12 13 2661.03 0.040 
7 8 13 14 3549.04 0.040 
7 8 14 15 3887.08 0.040 
7 8 15 16 4885.58 0.040 
7 8 16 17 5236.86 0.040 
7 8 17 18 5442.37 0.040 
7 8 18 19 5639.93 0.040 
7 8 19 20 6893.68 0.040 
7 8 20 21 6067.16 0.040 
7 8 21 22 7910.21 0.040 
7 8 22 23 9028.28 0.040 
7 8 23 24 7806.33 0.040 
7 8 24 25 9350.71 0.040 
7 8 25 26 9174.93 0.040 
7 8 26 27 8464.25 0.040 
7 8 27 28 10208.93 0.040 
7 8 28 29 11691.11 0.040 
7 8 29 30 11431.64 0.040 
7 8 30 31 11705.69 0.040 
7 8 31 32 13524.07 0.040 
7 8 32 33 14138.18 0.040 
7 8 33 34 15720.83 0.040 
7 8 34 35 17949.51 0.040 
7 8 35 36 17327.57 0.040 
7 8 36 37 17481.62 0.040 
7 8 37 38 18211.13 0.040 
7 8 38 39 19959.84 0.040 
7 8 39 40 20119.00 0.040 
7 8 40 41 20057.20 0.040 
7 8 41 42 19619.62 0.040 
7 8 42 43 19202.47 0.040 
7 8 43 44 19326.00 0.040 
7 8 44 45 18306.51 0.040 
7 8 45 46 17510.94 0.040 
7 8 46 47 15255.05 0.040 
7 8 47 48 14730.89 0.040 
8 9 10 11 821.11 0.040 
8 9 11 12 1559.53 0.040 
8 9 12 13 2106.26 0.040 
8 9 13 14 2978.57 0.040 
8 9 14 15 3356.46 0.040 
8 9 15 16 4307.41 0.040 
8 9 16 17 4704.40 0.040 
8 9 17 18 4947.24 0.040 
8 9 18 19 5175.12 0.040 
8 9 19 20 6291.52 0.040 
8 9 20 21 5657.09 0.040 
8 9 21 22 7329.97 0.040 
8 9 22 23 8383.51 0.040 
8 9 23 24 7334.57 0.040 
8 9 24 25 8819.46 0.040 
8 9 25 26 8663.90 0.040 
8 9 26 27 8049.17 0.040 
8 9 27 28 9704.61 0.040 
8 9 28 29 11169.61 0.040 
8 9 29 30 10934.93 0.040 
8 9 30 31 11267.36 0.040 
8 9 31 32 12986.76 0.040 
8 9 32 33 13695.17 0.040 
8 9 33 34 15163.83 0.040 
8 9 34 35 17472.25 0.040 
8 9 35 36 16816.53 0.040 
8 9 36 37 17166.53 0.040 
8 9 37 38 17745.97 0.040 
8 9 38 39 19750.95 0.040 
8 9 39 40 19703.23 0.040 
8 9 40 41 19919.17 0.040 
8 9 41 42 19323.65 0.040 
8 9 42 43 19171.90 0.040 
8 9 43 44 18938.48 0.040 
8 9 44 45 18427.55 0.040 
8 9 45 46 17355.03 0.040 
8 9 46 47 15433.77 0.040 
8 9 47 48 14480.95 0.040 
9 10 11 12 875.35 0.040 
9 10 12 13 1511.59 0.040 
9 10 13 14 2374.56 0.040 
9 10 14 15 2821.77 0.040 
9 10 15 16 3725.10 0.040 
9 10 16 17 4162.15 0.040 
9 10 17 18 4460.02 0.040 
9 10 18 19 4728.22 0.040 
9 10 19 20 5760.65 0.040 
9 10 20 21 5267.53 0.040 
9 10 21 22 6824.95 0.040 
9 10 22 23 7823.46 0.040 
9 10 23 24 6933.99 0.040 
9 10 24 25 8352.46 0.040 
9 10 25 26 8263.31 0.040 
9 10 26 27 7686.46 0.040 
9 10 27 28 9329.78 0.040 
9 10 28 29 10751.15 0.040 
9 10 29 30 10579.97 0.040 
9 10 30 31 10908.47 0.040 
9 10 31 32 12665.37 0.040 
9 10 32 33 13330.24 0.040 
9 10 33 34 14888.27 0.040 
9 10 34 35 17119.94 0.040 
9 10 35 36 16661.03 0.040 
9 10 36 37 16893.21 0.040 
9 10 37 38 17677.49 0.040 
9 10 38 39 19524.53 0.040 
9 10 39 40 19753.01 0.040 
9 10 40 41 19813.08 0.040 
9 10 41 42 19448.46 0.040 
9 10 42 43 19151.30 0.040 
9 10 43 44 19282.83 0.040 
9 10 44 45 18435.93 0.040 
9 10 45 46 17632.33 0.040 
9 10 46 47 15414.95 0.040 
9 10 47 48 14854.68 0.040 
10 11 12 13 815.55 0.040 
10 11 13 14 1612.50 0.040 
10 11 14 15 2096.58 0.040 
10 11 15 16 2883.47 0.040 
10 11 16 17 3306.26 0.040 
10 11 17 18 3627.23 0.040 
10 11 18 19 3918.11 0.040 
10 11 19 20 4839.79 0.040 
10 11 20 21 4462.67 0.040 
10 11 21 22 5816.94 0.040 
10 11 22 23 6720.49 0.040 
10 11 23 24 5968.58 0.040 
10 11 24 25 7333.29 0.040 
10 11 25 26 7222.73 0.040 
10 11 26 27 6756.49 0.040 
10 11 27 28 8212.18 0.040 
10 11 28 29 9518.21 0.040 
10 11 29 30 9377.44 0.040 
10 11 30 31 9749.58 0.040 
10 11 31 32 11331.09 0.040 
10 11 32 33 12023.15 0.040 
10 11 33 34 13410.49 0.040 
10 11 34 35 15560.12 0.040 
10 11 35 36 15055.16 0.040 
10 11 36 37 15433.07 0.040 
10 11 37 38 16067.03 0.040 
10 11 38 39 17981.85 0.040 
10 11 39 40 18001.60 0.040 
10 11 40 41 18272.80 0.040 
10 11 41 42 17819.09 0.040 
10 11 42 43 17698.88 0.040 
10 11 43 44 17631.25 0.040 
10 11 44 45 17145.13 0.040 
10 11 45 46 16206.90 0.040 
10 11 46 47 14452.90 0.040 
10 11 47 48 13590.15 0.040 
11 12 13 14 977.54 0.040 
11 12 14 15 1558.70 0.040 
11 12 15 16 2334.40 0.040 
11 12 16 17 2839.51 0.040 
11 12 17 18 3235.65 0.040 
11 12 18 19 3586.36 0.040 
11 12 19 20 4495.36 0.040 
11 12 20 21 4219.76 0.040 
11 12 21 22 5530.08 0.040 
11 12 22 23 6441.76 0.040 
11 12 23 24 5803.51 0.040 
11 12 24 25 7023.47 0.040 
11 12 25 26 7052.00 0.040 
11 12 26 27 6614.04 0.040 
11 12 27 28 8090.38 0.040 
11 12 28 29 9394.50 0.040 
11 12 29 30 9316.36 0.040 
11 12 30 31 9688.10 0.040 
11 12 31 32 11336.16 0.040 
11 12 32 33 12044.21 0.040 
11 12 33 34 13524.25 0.040 
11 12 34 35 15696.84 0.040 
11 12 35 36 15288.20 0.040 
11 12 36 37 15655.10 0.040 
11 12 37 38 16435.76 0.040 
11 12 38 39 18291.17 0.040 
11 12 39 40 18509.89 0.040 
11 12 40 41 18706.92 0.040 
11 12 41 42 18398.90 0.040 
11 12 42 43 18255.00 0.040 
11 12 43 44 18368.28 0.040 
11 12 44 45 17757.05 0.040 
11 12 45 46 16896.20 0.040 
11 12 46 47 14869.33 0.040 
11 12 47 48 14207.69 0.040 
12 13 14 15 874.42 0.040 
12 13 15 16 1556.90 0.040 
12 13 16 17 2070.91 0.040 
12 13 17 18 2494.34 0.040 
12 13 18 19 2875.02 0.040 
12 13 19 20 3639.49 0.040 
12 13 20 21 3527.24 0.040 
12 13 21 22 4608.31 0.040 
12 13 22 23 5380.82 0.040 
12 13 23 24 4937.42 0.040 
12 13 24 25 6027.27 0.040 
12 13 25 26 6053.48 0.040 
12 13 26 27 5710.64 0.040 
12 13 27 28 6990.20 0.040 
12 13 28 29 8173.04 0.040 
12 13 29 30 8108.31 0.040 
12 13 30 31 8483.58 0.040 
12 13 31 32 9928.97 0.040 
12 13 32 33 10594.84 0.040 
12 13 33 34 11920.54 0.040 
12 13 34 35 13896.54 0.040 
12 13 35 36 13565.61 0.040 
12 13 36 37 14020.92 0.040 
12 13 37 38 14672.95 0.040 
12 13 38 39 16476.18 0.040 
12 13 39 40 16705.00 0.040 
12 13 40 41 16953.21 0.040 
12 13 41 42 16669.45 0.040 
12 13 42 43 16564.15 0.040 
12 13 43 44 16695.49 0.040 
12 13 44 45 16148.23 0.040 
12 13 45 46 15454.09 0.040 
12 13 46 47 13668.91 0.040 
12 13 47 48 13048.00 0.040 
13 14 15 16 1208.61 0.040 
13 14 16 17 1824.39 0.040 
13 14 17 18 2362.40 0.040 
13 14 18 19 2866.34 0.040 
13 14 19 20 3656.52 0.040 
13 14 20 21 3717.35 0.040 
13 14 21 22 4786.97 0.040 
13 14 22 23 5556.20 0.040 
13 14 23 24 5251.00 0.040 
13 14 24 25 6375.41 0.040 
13 14 25 26 6425.31 0.040 
13 14 26 27 6072.52 0.040 
13 14 27 28 7442.42 0.040 
13 14 28 29 8697.39 0.040 
13 14 29 30 8663.80 0.040 
13 14 30 31 9053.63 0.040 
13 14 31 32 10610.86 0.040 
13 14 32 33 11291.19 0.040 
13 14 33 34 12760.78 0.040 
13 14 34 35 14891.68 0.040 
13 14 35 36 14662.73 0.040 
13 14 36 37 15135.38 0.040 
13 14 37 38 16000.09 0.040 
13 14 38 39 17936.23 0.040 
13 14 39 40 18287.72 0.040 
13 14 40 41 18631.09 0.040 
13 14 41 42 18456.06 0.040 
13 14 42 43 18362.33 0.040 
13 14 43 44 18534.43 0.040 
13 14 44 45 18050.96 0.040 
13 14 45 46 17222.34 0.040 
13 14 46 47 15339.51 0.040 
13 14 47 48 14771.40 0.040 
14 15 16 17 1198.07 0.040 
14 15 17 18 1740.52 0.040 
14 15 18 19 2332.18 0.040 
14 15 19 20 3126.98 0.040 
14 15 20 21 3292.07 0.040 
14 15 21 22 4280.95 0.040 
14 15 22 23 5020.93 0.040 
14 15 23 24 4830.71 0.040 
14 15 24 25 5906.62 0.040 
14 15 25 26 5969.16 0.040 
14 15 26 27 5686.36 0.040 
14 15 27 28 6955.13 0.040 
14 15 28 29 8192.90 0.040 
14 15 29 30 8140.70 0.040 
14 15 30 31 8584.07 0.040 
14 15 31 32 10021.62 0.040 
14 15 32 33 10803.46 0.040 
14 15 33 34 12113.81 0.040 
14 15 34 35 14339.73 0.040 
14 15 35 36 14003.84 0.040 
14 15 36 37 14753.17 0.040 
14 15 37 38 15349.06 0.040 
14 15 38 39 17658.58 0.040 
14 15 39 40 17620.26 0.040 
14 15 40 41 18405.78 0.040 
14 15 41 42 17907.28 0.040 
14 15 42 43 18414.69 0.040 
14 15 43 44 17964.71 0.040 
14 15 44 45 18231.58 0.040 
14 15 45 46 16760.44 0.040 
14 15 46 47 15741.76 0.040 
14 15 47 48 14258.05 0.040 
15 16 17 18 1177.09 0.040 
15 16 18 19 1943.03 0.040 
15 16 19 20 2867.25 0.040 
15 16 20 21 3162.86 0.040 
15 16 21 22 4253.94 0.040 
15 16 22 23 5112.07 0.040 
15 16 23 24 4997.62 0.040 
15 16 24 25 6192.57 0.040 
15 16 25 26 6320.52 0.040 
15 16 26 27 6060.07 0.040 
15 16 27 28 7459.72 0.040 
15 16 28 29 8834.84 0.040 
15 16 29 30 8846.58 0.040 
15 16 30 31 9371.58 0.040 
15 16 31 32 11006.85 0.040 
15 16 32 33 11947.33 0.040 
15 16 33 34 13448.23 0.040 
15 16 34 35 15984.83 0.040 
15 16 35 36 15673.50 0.040 
15 16 36 37 16627.88 0.040 
15 16 37 38 17341.14 0.040 
15 16 38 39 19934.87 0.040 
15 16 39 40 20185.77 0.040 
15 16 40 41 21009.40 0.040 
15 16 41 42 20597.02 0.040 
15 16 42 43 20973.89 0.040 
15 16 43 44 20738.53 0.040 
15 16 44 45 21095.82 0.040 
15 16 45 46 19449.86 0.040 
15 16 46 47 18196.96 0.040 
15 16 47 48 16307.08 0.040 
16 17 18 19 1094.11 0.040 
16 17 19 20 2009.63 0.040 
16 17 20 21 2401.29 0.040 
16 17 21 22 3374.58 0.040 
16 17 22 23 4193.85 0.040 
16 17 23 24 4183.43 0.040 
16 17 24 25 5295.42 0.040 
16 17 25 26 5457.63 0.040 
16 17 26 27 5299.00 0.040 
16 17 27 28 6550.06 0.040 
16 17 28 29 7832.11 0.040 
16 17 29 30 7852.53 0.040 
16 17 30 31 8418.62 0.040 
16 17 31 32 9909.96 0.040 
16 17 32 33 10837.80 0.040 
16 17 33 34 12232.96 0.040 
16 17 34 35 14725.04 0.040 
16 17 35 36 14401.54 0.040 
16 17 36 37 15436.07 0.040 
16 17 37 38 16037.40 0.040 
16 17 38 39 18872.56 0.040 
16 17 39 40 18656.86 0.040 
16 17 40 41 19933.79 0.040 
16 17 41 42 19294.18 0.040 
16 17 42 43 20280.68 0.040 
16 17 43 44 19496.31 0.040 
16 17 44 45 20401.73 0.040 
16 17 45 46 18250.57 0.040 
16 17 46 47 17674.36 0.040 
16 17 47 48 15542.10 0.040 
17 18 19 20 1195.47 0.040 
17 18 20 21 1671.48 0.040 
17 18 21 22 2512.33 0.040 
17 18 22 23 3291.02 0.040 
17 18 23 24 3396.17 0.040 
17 18 24 25 4363.14 0.040 
17 18 25 26 4571.85 0.040 
17 18 26 27 4452.99 0.040 
17 18 27 28 5565.06 0.040 
17 18 28 29 6654.14 0.040 
17 18 29 30 6751.81 0.040 
17 18 30 31 7209.79 0.040 
17 18 31 32 8609.80 0.040 
17 18 32 33 9352.21 0.040 
17 18 33 34 10742.59 0.040 
17 18 34 35 12791.36 0.040 
17 18 35 36 12858.10 0.040 
17 18 36 37 13514.06 0.040 
17 18 37 38 14497.64 0.040 
17 18 38 39 16526.47 0.040 
17 18 39 40 17129.61 0.040 
17 18 40 41 17713.47 0.040 
17 18 41 42 17747.42 0.040 
17 18 42 43 17939.29 0.040 
17 18 43 44 18319.38 0.040 
17 18 44 45 18022.78 0.040 
17 18 45 46 17427.61 0.040 
17 18 46 47 15640.05 0.040 
17 18 47 48 15068.79 0.040 
18 19 20 21 1041.30 0.040 
18 19 21 22 1794.21 0.040 
18 19 22 23 2537.57 0.040 
18 19 23 24 2757.20 0.040 
18 19 24 25 3636.40 0.040 
18 19 25 26 3880.51 0.040 
18 19 26 27 3822.72 0.040 
18 19 27 28 4792.82 0.040 
18 19 28 29 5764.14 0.040 
18 19 29 30 5865.25 0.040 
18 19 30 31 6298.27 0.040 
18 19 31 32 7535.15 0.040 
18 19 32 33 8226.91 0.040 
18 19 33 34 9470.70 0.040 
18 19 34 35 11341.31 0.040 
18 19 35 36 11441.57 0.040 
18 19 36 37 12138.59 0.040 
18 19 37 38 13023.26 0.040 
18 19 38 39 14991.99 0.040 
18 19 39 40 15513.29 0.040 
18 19 40 41 16219.20 0.040 
18 19 41 42 16206.88 0.040 
18 19 42 43 16548.47 0.040 
18 19 43 44 16867.05 0.040 
18 19 44 45 16765.79 0.040 
18 19 45 46 16133.23 0.040 
18 19 46 47 14618.49 0.040 
18 19 47 48 13968.54 0.040 
19 20 21 22 1476.50 0.040 
19 20 22 23 2271.48 0.040 
19 20 23 24 2742.71 0.040 
19 20 24 25 3683.44 0.040 
19 20 25 26 4008.83 0.040 
19 20 26 27 4002.49 0.040 
19 20 27 28 5018.17 0.040 
19 20 28 29 6011.21 0.040 
19 20 29 30 6089.16 0.040 
19 20 30 31 6484.37 0.040 
19 20 31 32 7686.05 0.040 
19 20 32 33 8290.28 0.040 
19 20 33 34 9528.28 0.040 
19 20 34 35 11355.31 0.040 
19 20 35 36 11709.41 0.040 
19 20 36 37 12379.82 0.040 
19 20 37 38 13469.51 0.040 
19 20 38 39 15359.03 0.040 
19 20 39 40 16160.41 0.040 
19 20 40 41 16915.99 0.040 
19 20 41 42 17099.02 0.040 
19 20 42 43 17447.88 0.040 
19 20 43 44 17934.88 0.040 
19 20 44 45 17872.86 0.040 
19 20 45 46 17512.19 0.040 
19 20 46 47 15907.12 0.040 
19 20 47 48 15462.57 0.040 
20 21 22 23 1335.82 0.040 
20 21 23 24 1806.77 0.040 
20 21 24 25 2673.53 0.040 
20 21 25 26 3034.20 0.040 
20 21 26 27 3079.66 0.040 
20 21 27 28 3892.31 0.040 
20 21 28 29 4715.00 0.040 
20 21 29 30 4799.14 0.040 
20 21 30 31 5184.39 0.040 
20 21 31 32 6236.12 0.040 
20 21 32 33 6855.96 0.040 
20 21 33 34 7947.07 0.040 
20 21 34 35 9619.49 0.040 
20 21 35 36 9780.18 0.040 
20 21 36 37 10487.52 0.040 
20 21 37 38 11345.81 0.040 
20 21 38 39 13210.19 0.040 
20 21 39 40 13771.65 0.040 
20 21 40 41 14529.35 0.040 
20 21 41 42 14661.71 0.040 
20 21 42 43 15097.27 0.040 
20 21 43 44 15489.62 0.040 
20 21 44 45 15540.49 0.040 
20 21 45 46 14972.15 0.040 
20 21 46 47 13723.44 0.040 
20 21 47 48 13114.77 0.040 
21 22 23 24 2038.53 0.040 
21 22 24 25 3111.19 0.040 
21 22 25 26 3670.41 0.040 
21 22 26 27 3825.64 0.040 
21 22 27 28 4839.60 0.040 
21 22 28 29 5802.23 0.040 
21 22 29 30 5794.11 0.040 
21 22 30 31 6164.52 0.040 
21 22 31 32 7291.76 0.040 
21 22 32 33 7884.50 0.040 
21 22 33 34 9065.76 0.040 
21 22 34 35 10869.54 0.040 
21 22 35 36 11192.73 0.040 
21 22 36 37 11969.25 0.040 
21 22 37 38 13040.58 0.040 
21 22 38 39 15085.49 0.040 
21 22 39 40 15902.13 0.040 
21 22 40 41 16828.84 0.040 
21 22 41 42 17069.46 0.040 
21 22 42 43 17627.20 0.040 
21 22 43 44 18163.74 0.040 
21 22 44 45 18351.21 0.040 
21 22 45 46 17838.06 0.040 
21 22 46 47 16464.89 0.040 
21 22 47 48 15808.51 0.040 
22 23 24 25 2244.46 0.040 
22 23 25 26 3091.32 0.040 
22 23 26 27 3501.59 0.040 
22 23 27 28 4607.94 0.040 
22 23 28 29 5621.39 0.040 
22 23 29 30 5638.50 0.040 
22 23 30 31 6003.64 0.040 
22 23 31 32 7092.85 0.040 
22 23 32 33 7647.70 0.040 
22 23 33 34 8769.99 0.040 
22 23 34 35 10526.04 0.040 
22 23 35 36 10881.85 0.040 
22 23 36 37 11675.75 0.040 
22 23 37 38 12769.33 0.040 
22 23 38 39 14827.51 0.040 
22 23 39 40 15701.61 0.040 
22 23 40 41 16705.84 0.040 
22 23 41 42 17030.01 0.040 
22 23 42 43 17696.10 0.040 
22 23 43 44 18327.74 0.040 
22 23 44 45 18547.65 0.040 
22 23 45 46 18156.61 0.040 
22 23 46 47 16767.67 0.040 
22 23 47 48 16211.80 0.040 
23 24 25 26 1778.43 0.040 
23 24 26 27 2298.82 0.040 
23 24 27 28 3246.58 0.040 
23 24 28 29 4144.11 0.040 
23 24 29 30 4223.43 0.040 
23 24 30 31 4559.33 0.040 
23 24 31 32 5460.54 0.040 
23 24 32 33 5932.26 0.040 
23 24 33 34 6873.25 0.040 
23 24 34 35 8305.06 0.040 
23 24 35 36 8575.72 0.040 
23 24 36 37 9221.23 0.040 
23 24 37 38 10171.63 0.040 
23 24 38 39 11902.17 0.040 
23 24 39 40 12726.40 0.040 
23 24 40 41 13406.15 0.040 
23 24 41 42 13914.06 0.040 
23 24 42 43 14325.23 0.040 
23 24 43 44 15186.86 0.040 
23 24 44 45 15088.37 0.040 
23 24 45 46 14943.86 0.040 
23 24 46 47 13555.93 0.040 
23 24 47 48 13539.17 0.040 
24 25 26 27 1961.21 0.040 
24 25 27 28 3005.79 0.040 
24 25 28 29 4066.28 0.040 
24 25 29 30 4225.86 0.040 
24 25 30 31 4586.76 0.040 
24 25 31 32 5455.41 0.040 
24 25 32 33 5921.19 0.040 
24 25 33 34 6760.65 0.040 
24 25 34 35 8243.10 0.040 
24 25 35 36 8446.43 0.040 
24 25 36 37 9135.71 0.040 
24 25 37 38 10052.07 0.040 
24 25 38 39 11847.11 0.040 
24 25 39 40 12648.30 0.040 
24 25 40 41 13554.03 0.040 
24 25 41 42 13975.36 0.040 
24 25 42 43 14638.73 0.040 
24 25 43 44 15373.54 0.040 
24 25 44 45 15623.84 0.040 
24 25 45 46 15380.36 0.040 
24 25 46 47 14186.96 0.040 
24 25 47 48 13848.15 0.040 
25 26 27 28 2113.90 0.040 
25 26 28 29 3148.08 0.040 
25 26 29 30 3432.71 0.040 
25 26 30 31 3841.32 0.040 
25 26 31 32 4634.76 0.040 
25 26 32 33 4982.68 0.040 
25 26 33 34 5637.90 0.040 
25 26 34 35 6924.72 0.040 
25 26 35 36 7082.24 0.040 
25 26 36 37 7671.81 0.040 
25 26 37 38 8468.78 0.040 
25 26 38 39 9978.95 0.040 
25 26 39 40 10746.38 0.040 
25 26 40 41 11524.96 0.040 
25 26 41 42 11973.88 0.040 
25 26 42 43 12521.07 0.040 
25 26 43 44 13305.20 0.040 
25 26 44 45 13576.98 0.040 
25 26 45 46 13429.91 0.040 
25 26 46 47 12366.42 0.040 
25 26 47 48 12030.92 0.040 
26 27 28 29 2006.22 0.040 
26 27 29 30 2381.07 0.040 
26 27 30 31 2827.50 0.040 
26 27 31 32 3524.83 0.040 
26 27 32 33 3856.88 0.040 
26 27 33 34 4487.88 0.040 
26 27 34 35 5206.74 0.040 
26 27 35 36 5476.66 0.040 
26 27 36 37 5957.09 0.040 
26 27 37 38 6577.22 0.040 
26 27 38 39 7824.61 0.040 
26 27 39 40 8417.68 0.040 
26 27 40 41 9114.61 0.040 
26 27 41 42 9487.12 0.040 
26 27 42 43 10047.29 0.040 
26 27 43 44 10667.17 0.040 
26 27 44 45 10988.11 0.040 
26 27 45 46 10866.85 0.040 
26 27 46 47 10105.32 0.040 
26 27 47 48 9860.51 0.040 
27 28 29 30 2193.94 0.040 
27 28 30 31 2725.89 0.040 
27 28 31 32 3530.57 0.040 
27 28 32 33 3934.31 0.040 
27 28 33 34 4526.37 0.040 
27 28 34 35 5406.15 0.040 
27 28 35 36 5572.79 0.040 
27 28 36 37 6040.47 0.040 
27 28 37 38 6697.72 0.040 
27 28 38 39 7969.18 0.040 
27 28 39 40 8629.30 0.040 
27 28 40 41 9352.19 0.040 
27 28 41 42 9833.69 0.040 
27 28 42 43 10449.58 0.040 
27 28 43 44 11244.91 0.040 
27 28 44 45 11517.21 0.040 
27 28 45 46 11508.56 0.040 
27 28 46 47 10631.01 0.040 
27 28 47 48 10658.69 0.040 
28 29 30 31 2117.15 0.040 
28 29 31 32 3022.94 0.040 
28 29 32 33 3554.19 0.040 
28 29 33 34 4202.22 0.040 
28 29 34 35 5068.97 0.040 
28 29 35 36 5209.88 0.040 
28 29 36 37 5684.89 0.040 
28 29 37 38 6291.24 0.040 
28 29 38 39 7569.25 0.040 
28 29 39 40 8186.77 0.040 
28 29 40 41 8967.38 0.040 
28 29 41 42 9453.08 0.040 
28 29 42 43 10176.39 0.040 
28 29 43 44 10960.53 0.040 
28 29 44 45 11397.58 0.040 
28 29 45 46 11284.53 0.040 
28 29 46 47 10599.57 0.040 
28 29 47 48 10447.05 0.040 
29 30 31 32 2231.45 0.040 
29 30 32 33 2784.71 0.040 
29 30 33 34 3382.94 0.040 
29 30 34 35 4138.38 0.040 
29 30 35 36 4248.72 0.040 
29 30 36 37 4644.45 0.040 
29 30 37 38 5149.79 0.040 
29 30 38 39 6205.96 0.040 
29 30 39 40 6746.37 0.040 
29 30 40 41 7383.81 0.040 
29 30 41 42 7866.91 0.040 
29 30 42 43 8485.64 0.040 
29 30 43 44 9284.77 0.040 
29 30 44 45 9605.18 0.040 
29 30 45 46 9637.29 0.040 
29 30 46 47 8934.47 0.040 
29 30 47 48 9039.06 0.040 
30 31 32 33 1956.87 0.040 
30 31 33 34 2601.73 0.040 
30 31 34 35 3293.61 0.040 
30 31 35 36 3451.89 0.040 
30 31 36 37 3819.00 0.040 
30 31 37 38 4248.03 0.040 
30 31 38 39 5137.79 0.040 
30 31 39 40 5608.74 0.040 
30 31 40 41 6190.11 0.040 
30 31 41 42 6618.74 0.040 
30 31 42 43 7218.32 0.040 
30 31 43 44 7912.32 0.040 
30 31 44 45 8316.45 0.040 
30 31 45 46 8335.58 0.040 
30 31 46 47 7853.36 0.040 
30 31 47 48 7842.58 0.040 
31 32 33 34 2194.64 0.040 
31 32 34 35 2915.64 0.040 
31 32 35 36 3161.95 0.040 
31 32 36 37 3557.67 0.040 
31 32 37 38 3976.61 0.040 
31 32 38 39 4811.91 0.040 
31 32 39 40 5289.98 0.040 
31 32 40 41 5850.90 0.040 
31 32 41 42 6292.50 0.040 
31 32 42 43 6896.99 0.040 
31 32 43 44 7645.04 0.040 
31 32 44 45 8065.10 0.040 
31 32 45 46 8177.67 0.040 
31 32 46 47 7720.64 0.040 
31 32 47 48 7834.44 0.040 
32 33 34 35 2316.67 0.040 
32 33 35 36 2561.08 0.040 
32 33 36 37 2960.89 0.040 
32 33 37 38 3380.97 0.040 
32 33 38 39 4132.05 0.040 
32 33 39 40 4568.74 0.040 
32 33 40 41 5078.79 0.040 
32 33 41 42 5490.11 0.040 
32 33 42 43 6048.36 0.040 
32 33 43 44 6760.60 0.040 
32 33 44 45 7211.92 0.040 
32 33 45 46 7361.45 0.040 
32 33 46 47 6976.26 0.040 
32 33 47 48 7081.54 0.040 
33 34 35 36 2194.20 0.040 
33 34 36 37 2562.16 0.040 
33 34 37 38 2964.26 0.040 
33 34 38 39 3689.08 0.040 
33 34 39 40 4134.62 0.040 
33 34 40 41 4624.01 0.040 
33 34 41 42 5035.52 0.040 
33 34 42 43 5593.64 0.040 
33 34 43 44 6306.11 0.040 
33 34 44 45 6794.15 0.040 
33 34 45 46 6935.27 0.040 
33 34 46 47 6681.60 0.040 
33 34 47 48 6782.69 0.040 
34 35 36 37 2301.54 0.040 
34 35 37 38 2665.66 0.040 
34 35 38 39 3389.81 0.040 
34 35 39 40 3843.49 0.040 
34 35 40 41 4340.16 0.040 
34 35 41 42 4744.68 0.040 
34 35 42 43 5333.84 0.040 
34 35 43 44 6026.29 0.040 
34 35 44 45 6470.76 0.040 
34 35 45 46 6630.38 0.040 
34 35 46 47 6145.79 0.040 
34 35 47 48 4602.27 0.040 
35 36 37 38 2181.48 0.040 
35 36 38 39 2716.96 0.040 
35 36 39 40 3124.44 0.040 
35 36 40 41 3566.74 0.040 
35 36 41 42 3924.26 0.040 
35 36 42 43 4452.35 0.040 
35 36 43 44 5102.08 0.040 
35 36 44 45 5633.34 0.040 
35 36 45 46 5756.57 0.040 
35 36 46 47 5707.26 0.040 
35 36 47 48 6134.44 0.040 
36 37 38 39 2427.73 0.040 
36 37 39 40 2638.47 0.040 
36 37 40 41 2992.33 0.040 
36 37 41 42 3325.89 0.040 
36 37 42 43 3831.02 0.040 
36 37 43 44 4385.28 0.040 
36 37 44 45 4890.53 0.040 
36 37 45 46 4991.70 0.040 
36 37 46 47 5105.49 0.040 
36 37 47 48 5750.83 0.040 
37 38 39 40 2523.77 0.040 
37 38 40 41 2651.40 0.040 
37 38 41 42 2954.88 0.040 
37 38 42 43 3404.68 0.040 
37 38 43 44 3982.24 0.040 
37 38 44 45 4386.49 0.040 
37 38 45 46 4570.23 0.040 
37 38 46 47 4446.39 0.040 
37 38 47 48 4901.35 0.040 
38 39 40 41 2742.78 0.040 
38 39 41 42 2800.70 0.040 
38 39 42 43 3173.22 0.040 
38 39 43 44 3702.72 0.040 
38 39 44 45 4167.67 0.040 
38 39 45 46 4357.92 0.040 
38 39 46 47 4346.39 0.040 
38 39 47 48 4669.52 0.040 
39 40 41 42 2725.16 0.040 
39 40 42 43 2815.56 0.040 
39 40 43 44 3217.33 0.040 
39 40 44 45 3665.47 0.040 
39 40 45 46 3875.60 0.040 
39 40 46 47 3870.89 0.040 
39 40 47 48 4204.57 0.040 
40 41 42 43 2946.53 0.040 
40 41 43 44 2867.60 0.040 
40 41 44 45 3210.42 0.040 
40 41 45 46 3420.96 0.040 
40 41 46 47 3476.01 0.040 
40 41 47 48 3836.31 0.040 
41 42 43 44 2565.45 0.040 
41 42 44 45 2711.38 0.040 
41 42 45 46 2895.02 0.040 
41 42 46 47 2996.61 0.040 
41 42 47 48 3416.25 0.040 
42 43 44 45 2633.08 0.040 
42 43 45 46 2578.63 0.040 
42 43 46 47 2692.64 0.040 
42 43 47 48 3160.25 0.040 
43 44 45 46 2717.13 0.040 
43 44 46 47 2604.85 0.040 
43 44 47 48 3108.88 0.040 
44 45 46 47 2633.48 0.040 
44 45 47 48 2923.72 0.040 
45 46 47 48 2924.61 0.040 
