96 	 # Number of sensors 
# x z 
0.00 0.00 
3.00 0.00 
6.00 -0.20 
9.00 -0.40 
12.00 -0.70 
15.00 -1.00 
18.00 -1.20 
21.00 -1.50 
24.00 -1.90 
27.00 -2.50 
30.00 -3.00 
33.00 -3.50 
36.00 -3.90 
39.00 -4.30 
42.00 -4.60 
45.00 -5.10 
48.00 -5.40 
51.00 -5.80 
54.00 -6.10 
57.00 -6.50 
60.00 -6.90 
63.00 -7.60 
66.00 -8.00 
69.00 -8.60 
72.00 -9.10 
75.00 -9.40 
78.00 -9.90 
81.00 -10.50 
84.00 -11.30 
87.00 -12.00 
90.00 -12.60 
93.00 -12.60 
96.00 -12.80 
99.00 -13.10 
102.00 -13.40 
105.00 -14.00 
108.00 -14.40 
111.00 -14.30 
114.00 -14.50 
117.00 -14.90 
120.00 -15.20 
123.00 -15.20 
126.00 -15.10 
129.00 -15.20 
132.00 -15.20 
135.00 -15.00 
138.00 -15.90 
141.00 -15.90 
144.00 -16.00 
147.00 -16.60 
150.00 -17.20 
153.00 -17.70 
156.00 -18.00 
159.00 -18.30 
162.00 -18.50 
165.00 -18.60 
168.00 -18.50 
171.00 -18.50 
174.00 -18.40 
177.00 -18.50 
180.00 -18.80 
183.00 -19.10 
186.00 -20.60 
189.00 -20.80 
192.00 -21.10 
195.00 -21.40 
198.00 -21.40 
201.00 -21.80 
204.00 -22.00 
207.00 -22.00 
210.00 -22.10 
213.00 -22.60 
216.00 -23.10 
219.00 -23.30 
222.00 -23.50 
225.00 -23.40 
228.00 -23.30 
231.00 -23.20 
234.00 -23.40 
237.00 -23.60 
240.00 -23.80 
243.00 -24.00 
246.00 -24.30 
249.00 -24.40 
252.00 -24.70 
255.00 -25.00 
258.00 -25.40 
261.00 -25.30 
264.00 -25.20 
267.00 -25.30 
270.00 -25.40 
273.00 -25.50 
276.00 -25.80 
279.00 -26.10 
282.00 -26.20 
285.00 -26.20 
891 	 # Number of measurements 
# a b m n rhoa err
1 46 16 31 31885.91 0.040 
1 43 15 29 34253.41 0.040 
1 40 14 27 34774.00 0.040 
1 37 13 25 31449.44 0.040 
1 34 12 23 28664.34 0.040 
1 31 11 21 25504.27 0.040 
1 28 10 19 24166.84 0.040 
1 25 9 17 21941.92 0.040 
1 22 8 15 19285.36 0.040 
1 19 7 13 15645.71 0.040 
1 16 6 11 13058.12 0.040 
1 13 5 9 13976.95 0.040 
1 10 4 7 15072.51 0.040 
1 7 3 5 15998.04 0.040 
3 48 18 33 30624.35 0.040 
3 45 17 31 34332.14 0.040 
3 42 16 29 36334.93 0.040 
3 39 15 27 33628.54 0.040 
3 36 14 25 31823.90 0.040 
3 33 13 23 28543.61 0.040 
3 30 12 21 25763.57 0.040 
3 27 11 19 24726.98 0.040 
3 24 10 17 22146.55 0.040 
3 21 9 15 19296.43 0.040 
3 18 8 13 15360.57 0.040 
3 15 7 11 12635.64 0.040 
3 12 6 9 10154.45 0.040 
3 9 5 7 13190.44 0.040 
3 6 4 5 9540.84 0.040 
4 46 18 32 37666.44 0.040 
4 43 17 30 40172.40 0.040 
4 40 16 28 39215.45 0.040 
4 37 15 26 34503.52 0.040 
4 34 14 24 30952.13 0.040 
4 31 13 22 28450.63 0.040 
4 28 12 20 26555.07 0.040 
4 25 11 18 23992.34 0.040 
4 22 10 16 22378.44 0.040 
4 19 9 14 17715.15 0.040 
4 16 8 12 14757.95 0.040 
4 13 7 10 10922.73 0.040 
4 10 6 8 9611.00 0.040 
4 7 5 6 11118.28 0.040 
5 47 19 33 37472.91 0.040 
5 44 18 31 39433.27 0.040 
5 41 17 29 38141.10 0.040 
5 38 16 27 33782.44 0.040 
5 35 15 25 31446.49 0.040 
5 32 14 23 29782.30 0.040 
5 29 13 21 27151.51 0.040 
5 26 12 19 24169.56 0.040 
5 23 11 17 21720.72 0.040 
5 20 10 15 19235.67 0.040 
5 17 9 13 15307.23 0.040 
5 14 8 11 11981.55 0.040 
5 11 7 9 7537.54 0.040 
5 8 6 7 5552.52 0.040 
6 48 20 34 33454.10 0.040 
6 45 19 32 39176.45 0.040 
6 42 18 30 41294.66 0.040 
6 39 17 28 37305.19 0.040 
6 36 16 26 33046.88 0.040 
6 33 15 24 29264.76 0.040 
6 30 14 22 27679.53 0.040 
6 27 13 20 25738.15 0.040 
6 24 12 18 22235.62 0.040 
6 21 11 16 20015.01 0.040 
6 18 10 14 16000.95 0.040 
6 15 9 12 13026.26 0.040 
6 12 8 10 8196.29 0.040 
6 9 7 8 4591.62 0.040 
7 46 20 33 37940.61 0.040 
7 43 19 31 42327.40 0.040 
7 40 18 29 38576.18 0.040 
7 37 17 27 30864.10 0.040 
7 34 16 25 28589.30 0.040 
7 31 15 23 30259.82 0.040 
7 28 14 21 24916.58 0.040 
7 25 13 19 21427.42 0.040 
7 22 12 17 19638.31 0.040 
7 19 11 15 15644.70 0.040 
7 16 10 13 12383.42 0.040 
7 13 9 11 8651.78 0.040 
7 10 8 9 4103.79 0.040 
8 47 21 34 35233.38 0.040 
8 44 20 32 41411.02 0.040 
8 41 19 30 39414.42 0.040 
8 38 18 28 34978.21 0.040 
8 35 17 26 28824.74 0.040 
8 32 16 24 25999.96 0.040 
8 29 15 22 24422.49 0.040 
8 26 14 20 21440.29 0.040 
8 23 13 18 18155.81 0.040 
8 20 12 16 15645.13 0.040 
8 17 11 14 11305.38 0.040 
8 14 10 12 8939.40 0.040 
8 11 9 10 4474.05 0.040 
9 48 22 35 31345.94 0.040 
9 45 21 33 37028.40 0.040 
9 42 20 31 41440.42 0.040 
9 39 19 29 35027.64 0.040 
9 36 18 27 28434.69 0.040 
9 33 17 25 25161.91 0.040 
9 30 16 23 25237.84 0.040 
9 27 15 21 21455.55 0.040 
9 24 14 19 17846.43 0.040 
9 21 13 17 15346.37 0.040 
9 18 12 15 11497.41 0.040 
9 15 11 13 8048.04 0.040 
9 12 10 11 4790.57 0.040 
10 46 22 34 35678.80 0.040 
10 43 21 32 41978.50 0.040 
10 40 20 30 39682.41 0.040 
10 37 19 28 30739.12 0.040 
10 34 18 26 26043.23 0.040 
10 31 17 24 24072.06 0.040 
10 28 16 22 20574.95 0.040 
10 25 15 20 17532.38 0.040 
10 22 14 18 15747.46 0.040 
10 19 13 16 11737.33 0.040 
10 16 12 14 7509.92 0.040 
10 13 11 12 4493.90 0.040 
11 47 23 35 32451.40 0.040 
11 44 22 33 40224.95 0.040 
11 41 21 31 39035.71 0.040 
11 38 20 29 33121.36 0.040 
11 35 19 27 25936.99 0.040 
11 32 18 25 23357.74 0.040 
11 29 17 23 23406.23 0.040 
11 26 16 21 17760.78 0.040 
11 23 15 19 14280.60 0.040 
11 20 14 17 12585.09 0.040 
11 17 13 15 8344.78 0.040 
11 14 12 13 4570.64 0.040 
12 48 24 36 29188.16 0.040 
12 45 23 34 34825.68 0.040 
12 42 22 32 42905.18 0.040 
12 39 21 30 36832.34 0.040 
12 36 20 28 29144.31 0.040 
12 33 19 26 24038.14 0.040 
12 30 18 24 22774.57 0.040 
12 27 17 22 18398.23 0.040 
12 24 16 20 14369.31 0.040 
12 21 15 18 11854.86 0.040 
12 18 14 16 8913.46 0.040 
12 15 13 14 4238.83 0.040 
13 46 24 35 33777.81 0.040 
13 43 23 33 38817.92 0.040 
13 40 22 31 40351.07 0.040 
13 37 21 29 29547.49 0.040 
13 34 20 27 23037.21 0.040 
13 31 19 25 22585.96 0.040 
13 28 18 23 20482.48 0.040 
13 25 17 21 14368.07 0.040 
13 22 16 19 11398.47 0.040 
13 19 15 17 8374.40 0.040 
13 16 14 15 5196.64 0.040 
14 47 25 36 31396.06 0.040 
14 44 24 34 36486.18 0.040 
14 41 23 32 37893.56 0.040 
14 38 22 30 34111.75 0.040 
14 35 21 28 26004.94 0.040 
14 32 20 26 21659.29 0.040 
14 29 19 24 20233.19 0.040 
14 26 18 22 14456.62 0.040 
14 23 17 20 10536.90 0.040 
14 20 16 18 7839.94 0.040 
14 17 15 16 4853.53 0.040 
15 48 26 37 29841.95 0.040 
15 45 25 35 33457.96 0.040 
15 42 24 33 39482.88 0.040 
15 39 23 31 34696.16 0.040 
15 36 22 29 27433.48 0.040 
15 33 21 27 20380.60 0.040 
15 30 20 25 19856.83 0.040 
15 27 19 23 18226.26 0.040 
15 24 18 21 11012.85 0.040 
15 21 17 19 7660.08 0.040 
15 18 16 17 4935.97 0.040 
16 46 26 36 31084.63 0.040 
16 43 25 34 38099.21 0.040 
16 40 24 32 39302.82 0.040 
16 37 23 30 28283.76 0.040 
16 34 22 28 23099.37 0.040 
16 31 21 26 20000.72 0.040 
16 28 20 24 16752.96 0.040 
16 25 19 22 11477.89 0.040 
16 22 18 20 8288.00 0.040 
16 19 17 18 4720.04 0.040 
17 47 27 37 32664.46 0.040 
17 44 26 35 35011.70 0.040 
17 41 25 33 37078.18 0.040 
17 38 24 31 31558.59 0.040 
17 35 23 29 21601.59 0.040 
17 32 22 27 17657.78 0.040 
17 29 21 25 17259.34 0.040 
17 26 20 23 13574.74 0.040 
17 23 19 21 7675.23 0.040 
17 20 18 19 4481.02 0.040 
18 48 28 38 27276.64 0.040 
18 45 27 36 31381.05 0.040 
18 42 26 34 36744.07 0.040 
18 39 25 32 35049.89 0.040 
18 36 24 30 26358.33 0.040 
18 33 23 28 17661.59 0.040 
18 30 22 26 17464.97 0.040 
18 27 21 24 13793.10 0.040 
18 24 20 22 7580.95 0.040 
18 21 19 20 4753.04 0.040 
19 46 28 37 30295.69 0.040 
19 43 27 35 35576.79 0.040 
19 40 26 33 36041.15 0.040 
19 37 25 31 27743.95 0.040 
19 34 24 29 18211.74 0.040 
19 31 23 27 13194.69 0.040 
19 28 22 25 13213.80 0.040 
19 25 21 23 9836.04 0.040 
19 22 20 21 4895.50 0.040 
20 47 29 38 28657.12 0.040 
20 44 28 36 29057.82 0.040 
20 41 27 34 34652.55 0.040 
20 38 26 32 31587.42 0.040 
20 35 25 30 22002.24 0.040 
20 32 24 28 15063.77 0.040 
20 29 23 26 12464.70 0.040 
20 26 22 24 9732.53 0.040 
20 23 21 22 4104.73 0.040 
21 48 30 39 24249.23 0.040 
21 45 29 37 29271.91 0.040 
21 42 28 35 32554.89 0.040 
21 39 27 33 33182.76 0.040 
21 36 26 31 24292.78 0.040 
21 33 25 29 15199.18 0.040 
21 30 24 27 10428.24 0.040 
21 27 23 25 8226.78 0.040 
21 24 22 23 6603.27 0.040 
22 46 30 38 24832.77 0.040 
22 43 29 36 29329.91 0.040 
22 40 28 34 31367.11 0.040 
22 37 27 32 27973.30 0.040 
22 34 26 30 18063.37 0.040 
22 31 25 28 13119.29 0.040 
22 28 24 26 8724.91 0.040 
22 25 23 24 3959.01 0.040 
23 47 31 39 24255.38 0.040 
23 44 30 37 27756.83 0.040 
23 41 29 35 30493.87 0.040 
23 38 28 33 28866.75 0.040 
23 35 27 31 22385.73 0.040 
23 32 26 29 12418.09 0.040 
23 29 25 27 7833.39 0.040 
23 26 24 25 4805.46 0.040 
24 48 32 40 19631.27 0.040 
24 45 31 38 22239.05 0.040 
24 42 30 36 24858.79 0.040 
24 39 29 34 27306.48 0.040 
24 36 28 32 23320.04 0.040 
24 33 27 30 16271.88 0.040 
24 30 26 28 9909.84 0.040 
24 27 25 26 6351.16 0.040 
25 46 32 39 19498.34 0.040 
25 43 31 37 23564.64 0.040 
25 40 30 35 24000.56 0.040 
25 37 29 33 22592.46 0.040 
25 34 28 31 15635.15 0.040 
25 31 27 29 11733.85 0.040 
25 28 26 27 2945.35 0.040 
26 47 33 40 18929.98 0.040 
26 44 32 38 18321.77 0.040 
26 41 31 36 19388.11 0.040 
26 38 30 34 20932.43 0.040 
26 35 29 32 18568.53 0.040 
26 32 28 30 11284.88 0.040 
26 29 27 28 10066.63 0.040 
27 48 34 41 18511.66 0.040 
27 45 33 39 16180.81 0.040 
27 42 32 37 17530.09 0.040 
27 39 31 35 16919.05 0.040 
27 36 30 33 16037.69 0.040 
27 33 29 31 11518.19 0.040 
27 30 28 29 4987.98 0.040 
28 46 34 40 17139.63 0.040 
28 43 33 38 16330.00 0.040 
28 40 32 36 14046.92 0.040 
28 37 31 34 14186.50 0.040 
28 34 30 32 12302.20 0.040 
28 31 29 30 10497.75 0.040 
29 47 35 41 19737.31 0.040 
29 44 34 39 15413.13 0.040 
29 41 33 37 15275.68 0.040 
29 38 32 35 11406.67 0.040 
29 35 31 33 11149.27 0.040 
29 32 30 31 7131.42 0.040 
30 48 36 42 26851.50 0.040 
30 45 35 40 16155.64 0.040 
30 42 34 38 14331.69 0.040 
30 39 33 36 9698.95 0.040 
30 36 32 34 9424.78 0.040 
30 33 31 32 8530.28 0.040 
31 46 36 41 20021.50 0.040 
31 43 35 39 15532.03 0.040 
31 40 34 37 12980.49 0.040 
31 37 33 35 7575.88 0.040 
31 34 32 33 5502.62 0.040 
32 47 37 42 25180.79 0.040 
32 44 36 40 15792.50 0.040 
32 41 35 38 16014.58 0.040 
32 38 34 36 6749.78 0.040 
32 35 33 34 4197.41 0.040 
33 48 38 43 27475.42 0.040 
33 45 37 41 15902.64 0.040 
33 42 36 39 13419.00 0.040 
33 39 35 37 8614.45 0.040 
33 36 34 35 4485.66 0.040 
34 46 38 42 22516.06 0.040 
34 43 37 40 11118.88 0.040 
34 40 36 38 9592.97 0.040 
34 37 35 36 2347.00 0.040 
35 47 39 43 25446.90 0.040 
35 41 37 39 8063.84 0.040 
35 38 36 37 6861.24 0.040 
36 48 40 44 30098.44 0.040 
36 45 39 42 18686.91 0.040 
36 42 38 40 7775.85 0.040 
36 39 37 38 2704.05 0.040 
37 46 40 43 23093.17 0.040 
37 43 39 41 12421.86 0.040 
37 40 38 39 6549.55 0.040 
38 41 39 40 6237.75 0.040 
39 48 42 45 23026.20 0.040 
39 45 41 43 13892.77 0.040 
39 42 40 41 4628.91 0.040 
40 46 42 44 17119.75 0.040 
40 43 41 42 12849.36 0.040 
41 47 43 45 22706.46 0.040 
42 48 44 46 16000.58 0.040 
42 45 43 44 16663.01 0.040 
43 46 44 45 11859.86 0.040 
45 48 46 47 8993.02 0.040 
25 70 40 55 40168.09 0.040 
25 67 39 53 40426.68 0.040 
25 64 38 51 39805.27 0.040 
25 61 37 49 36941.78 0.040 
25 58 36 47 32397.67 0.040 
25 55 35 45 28298.39 0.040 
25 52 34 43 24195.03 0.040 
25 49 33 41 22326.62 0.040 
26 71 41 56 37172.23 0.040 
26 68 40 54 41807.17 0.040 
26 65 39 52 40266.30 0.040 
26 62 38 50 39373.75 0.040 
26 59 37 48 34661.50 0.040 
26 56 36 46 30568.71 0.040 
26 53 35 44 25987.52 0.040 
26 50 34 42 22637.82 0.040 
27 72 42 57 35379.51 0.040 
27 69 41 55 38068.37 0.040 
27 66 40 53 41612.96 0.040 
27 63 39 51 40857.90 0.040 
27 60 38 49 37977.21 0.040 
27 57 37 47 31305.65 0.040 
27 54 36 45 28452.06 0.040 
27 51 35 43 23355.56 0.040 
28 70 42 56 38009.50 0.040 
28 67 41 54 40388.54 0.040 
28 64 40 52 43523.91 0.040 
28 61 39 50 41690.61 0.040 
28 58 38 48 36392.79 0.040 
28 55 37 46 29743.37 0.040 
28 52 36 44 30500.22 0.040 
28 49 35 42 23649.54 0.040 
29 71 43 57 36827.84 0.040 
29 68 42 55 39429.00 0.040 
29 65 41 53 41022.66 0.040 
29 62 40 51 44966.84 0.040 
29 59 39 49 40695.95 0.040 
29 56 38 47 32624.04 0.040 
29 53 37 45 29059.78 0.040 
29 50 36 43 25607.59 0.040 
30 72 44 58 34765.14 0.040 
30 69 43 56 40609.74 0.040 
30 66 42 54 43545.11 0.040 
30 63 41 52 42937.25 0.040 
30 60 40 50 46259.57 0.040 
30 57 39 48 33691.70 0.040 
30 54 38 46 32582.09 0.040 
30 51 37 44 29848.52 0.040 
31 70 44 57 35598.24 0.040 
31 67 43 55 42043.93 0.040 
31 64 42 53 44561.43 0.040 
31 61 41 51 43931.49 0.040 
31 58 40 49 45543.43 0.040 
31 55 39 47 35640.74 0.040 
31 52 38 45 33359.28 0.040 
31 49 37 43 25999.46 0.040 
32 71 45 58 33512.12 0.040 
32 68 44 56 37138.34 0.040 
32 65 43 54 44040.11 0.040 
32 62 42 52 44580.91 0.040 
32 59 41 50 43166.91 0.040 
32 56 40 48 41116.28 0.040 
32 53 39 46 33996.57 0.040 
32 50 38 44 31902.07 0.040 
33 72 46 59 32436.92 0.040 
33 69 45 57 33336.07 0.040 
33 66 44 55 37711.93 0.040 
33 63 43 53 43763.75 0.040 
33 60 42 51 43351.38 0.040 
33 57 41 49 40240.80 0.040 
33 54 40 47 35878.56 0.040 
33 51 39 45 34205.66 0.040 
34 70 46 58 32018.36 0.040 
34 67 45 56 32430.07 0.040 
34 64 44 54 37160.55 0.040 
34 61 43 52 40501.27 0.040 
34 58 42 50 39892.25 0.040 
34 55 41 48 33288.66 0.040 
34 52 40 46 20632.89 0.040 
34 49 39 44 30743.86 0.040 
35 71 47 59 29160.48 0.040 
35 68 46 57 30848.00 0.040 
35 65 45 55 31955.88 0.040 
35 62 44 53 35701.71 0.040 
35 59 43 51 38570.38 0.040 
35 56 42 49 35390.37 0.040 
35 53 41 47 28377.40 0.040 
35 50 40 45 33165.55 0.040 
36 72 48 60 24223.39 0.040 
36 69 47 58 28354.44 0.040 
36 66 46 56 29315.77 0.040 
36 63 45 54 31048.09 0.040 
36 60 44 52 32138.76 0.040 
36 57 43 50 34614.07 0.040 
36 54 42 48 27816.68 0.040 
36 51 41 46 26120.54 0.040 
37 70 48 59 24591.79 0.040 
37 67 47 57 27667.31 0.040 
37 64 46 55 29958.05 0.040 
37 61 45 53 30338.56 0.040 
37 58 44 51 30844.02 0.040 
37 55 43 49 30709.39 0.040 
37 52 42 47 27629.48 0.040 
37 49 41 45 26205.07 0.040 
38 71 49 60 19588.46 0.040 
38 68 48 58 23987.40 0.040 
38 65 47 56 26751.87 0.040 
38 62 46 54 30792.63 0.040 
38 59 45 52 26722.11 0.040 
38 56 44 50 27690.99 0.040 
38 53 43 48 26690.97 0.040 
38 50 42 46 23373.45 0.040 
39 72 50 61 16258.18 0.040 
39 69 49 59 18935.23 0.040 
39 66 48 57 22354.39 0.040 
39 63 47 55 26513.16 0.040 
39 60 46 53 27511.72 0.040 
39 57 45 51 24975.37 0.040 
39 54 44 49 22856.09 0.040 
39 51 43 47 21919.34 0.040 
40 70 50 60 15917.40 0.040 
40 67 49 58 18006.15 0.040 
40 64 48 56 22164.00 0.040 
40 61 47 54 26368.27 0.040 
40 58 46 52 23464.91 0.040 
40 55 45 50 20462.24 0.040 
40 52 44 48 21368.74 0.040 
40 49 43 46 19360.00 0.040 
41 71 51 61 15222.90 0.040 
41 68 50 59 18044.98 0.040 
41 65 49 57 19283.67 0.040 
41 62 48 55 25253.49 0.040 
41 59 47 53 28910.51 0.040 
41 56 46 51 26056.74 0.040 
41 53 45 49 21484.06 0.040 
41 50 44 47 18159.19 0.040 
42 72 52 62 14423.40 0.040 
42 69 51 60 15295.28 0.040 
42 66 50 58 17633.76 0.040 
42 63 49 56 19281.84 0.040 
42 60 48 54 25884.54 0.040 
42 57 47 52 25650.47 0.040 
42 54 46 50 22619.47 0.040 
42 51 45 48 17591.78 0.040 
43 70 52 61 14894.23 0.040 
43 67 51 59 15446.45 0.040 
43 64 50 57 16565.93 0.040 
43 61 49 55 20051.49 0.040 
43 58 48 53 23799.08 0.040 
43 55 47 51 23130.23 0.040 
43 52 46 49 21479.79 0.040 
43 49 45 47 12001.78 0.040 
44 71 53 62 12482.37 0.040 
44 68 52 60 16007.04 0.040 
44 65 51 58 15994.89 0.040 
44 62 50 56 17697.78 0.040 
44 59 49 54 21339.68 0.040 
44 56 48 52 21457.45 0.040 
44 53 47 50 22906.56 0.040 
44 50 46 48 17190.79 0.040 
45 72 54 63 11431.15 0.040 
45 69 53 61 12869.79 0.040 
45 66 52 59 15282.38 0.040 
45 63 51 57 14934.96 0.040 
45 60 50 55 17597.41 0.040 
45 57 49 53 18571.62 0.040 
45 54 48 51 19310.46 0.040 
45 51 47 49 18143.19 0.040 
46 70 54 62 10992.75 0.040 
46 67 53 60 11743.27 0.040 
46 64 52 58 13663.83 0.040 
46 61 51 56 13131.86 0.040 
46 58 50 54 15457.80 0.040 
46 55 49 52 12854.84 0.040 
46 52 48 50 15511.93 0.040 
46 49 47 48 8431.14 0.040 
47 71 55 63 10720.26 0.040 
47 68 54 61 10497.69 0.040 
47 65 53 59 10626.53 0.040 
47 62 52 57 11972.16 0.040 
47 59 51 55 12275.77 0.040 
47 56 50 53 12366.30 0.040 
47 53 49 51 10759.53 0.040 
47 50 48 49 9720.48 0.040 
48 72 56 64 11972.22 0.040 
48 69 55 62 10819.65 0.040 
48 66 54 60 9558.10 0.040 
48 63 53 58 9732.65 0.040 
48 60 52 56 11117.62 0.040 
48 57 51 54 11322.54 0.040 
48 54 50 52 8492.58 0.040 
48 51 49 50 7184.63 0.040 
49 70 56 63 11756.47 0.040 
49 67 55 61 10085.96 0.040 
49 64 54 59 9009.23 0.040 
49 61 53 57 7783.42 0.040 
49 58 52 55 10937.82 0.040 
49 55 51 53 8680.57 0.040 
49 52 50 51 8264.18 0.040 
50 71 57 64 12313.69 0.040 
50 68 56 62 11112.86 0.040 
50 65 55 60 8482.30 0.040 
50 62 54 58 7140.84 0.040 
50 59 53 56 6322.55 0.040 
50 56 52 54 9195.95 0.040 
50 53 51 52 4383.91 0.040 
51 72 58 65 12403.01 0.040 
51 69 57 63 11602.76 0.040 
51 66 56 61 9872.45 0.040 
51 63 55 59 7825.95 0.040 
51 60 54 57 4561.59 0.040 
51 57 53 55 5405.78 0.040 
51 54 52 53 6580.21 0.040 
52 70 58 64 10803.49 0.040 
52 67 57 62 10358.06 0.040 
52 64 56 60 8183.76 0.040 
52 61 55 58 5125.47 0.040 
52 58 54 56 2884.32 0.040 
52 55 53 54 3010.54 0.040 
53 71 59 65 10823.29 0.040 
53 68 58 63 9809.51 0.040 
53 65 57 61 8588.94 0.040 
53 62 56 59 6663.77 0.040 
53 59 55 57 2482.00 0.040 
53 56 54 55 1857.49 0.040 
54 72 60 66 10145.25 0.040 
54 69 59 64 9508.55 0.040 
54 66 58 62 8465.54 0.040 
54 63 57 60 7107.46 0.040 
54 60 56 58 4116.74 0.040 
54 57 55 56 1135.32 0.040 
55 70 60 65 9731.08 0.040 
55 67 59 63 7805.36 0.040 
55 64 58 61 6620.38 0.040 
55 61 57 59 4988.28 0.040 
55 58 56 57 1533.67 0.040 
56 71 61 66 8202.41 0.040 
56 68 60 64 7827.53 0.040 
56 65 59 62 5769.51 0.040 
56 62 58 60 4306.84 0.040 
56 59 57 58 2506.23 0.040 
57 72 62 67 8278.92 0.040 
57 69 61 65 8416.82 0.040 
57 66 60 63 6228.32 0.040 
57 63 59 61 4557.40 0.040 
57 60 58 59 3078.96 0.040 
58 70 62 66 8041.38 0.040 
58 67 61 64 6898.94 0.040 
58 64 60 62 5280.83 0.040 
58 61 59 60 2693.44 0.040 
59 71 63 67 8398.91 0.040 
59 68 62 65 8159.46 0.040 
59 65 61 63 4824.06 0.040 
59 62 60 61 3523.36 0.040 
60 72 64 68 8005.21 0.040 
60 69 63 66 7598.08 0.040 
60 66 62 64 5428.67 0.040 
60 63 61 62 3336.79 0.040 
61 70 64 67 7335.73 0.040 
61 67 63 65 6899.62 0.040 
61 64 62 63 3228.41 0.040 
62 71 65 68 6554.13 0.040 
62 68 64 66 5969.03 0.040 
62 65 63 64 3514.63 0.040 
63 72 66 69 7108.98 0.040 
63 69 65 67 5129.51 0.040 
63 66 64 65 4842.33 0.040 
64 70 66 68 6503.10 0.040 
64 67 65 66 2672.77 0.040 
65 71 67 69 6664.18 0.040 
65 68 66 67 4540.33 0.040 
66 72 68 70 6554.86 0.040 
66 69 67 68 4227.84 0.040 
67 70 68 69 3662.05 0.040 
68 71 69 70 4276.39 0.040 
69 72 70 71 4347.25 0.040 
49 94 64 79 11347.80 0.040 
49 91 63 77 12305.16 0.040 
49 88 62 75 12500.21 0.040 
49 85 61 73 12571.66 0.040 
49 82 60 71 12741.00 0.040 
49 79 59 69 12834.33 0.040 
49 76 58 67 13170.07 0.040 
49 73 57 65 13357.08 0.040 
50 95 65 80 10662.63 0.040 
50 92 64 78 11158.17 0.040 
50 89 63 76 12183.02 0.040 
50 86 62 74 12228.80 0.040 
50 83 61 72 12290.82 0.040 
50 80 60 70 12566.37 0.040 
50 77 59 68 12701.86 0.040 
50 74 58 66 12429.94 0.040 
51 96 66 81 10124.04 0.040 
51 93 65 79 10339.84 0.040 
51 90 64 77 11207.68 0.040 
51 87 63 75 11797.37 0.040 
51 84 62 73 11679.41 0.040 
51 81 61 71 11992.22 0.040 
51 78 60 69 12584.65 0.040 
51 75 59 67 11922.65 0.040 
52 94 66 80 9715.88 0.040 
52 91 65 78 9801.77 0.040 
52 88 64 76 10798.59 0.040 
52 85 63 74 11096.90 0.040 
52 82 62 72 11009.23 0.040 
52 79 61 70 11639.44 0.040 
52 76 60 68 11667.18 0.040 
52 73 59 66 11013.53 0.040 
53 95 67 81 9490.46 0.040 
53 92 66 79 9516.55 0.040 
53 89 65 77 9789.87 0.040 
53 86 64 75 10224.42 0.040 
53 83 63 73 10540.30 0.040 
53 80 62 71 10869.46 0.040 
53 77 61 69 11043.26 0.040 
53 74 60 67 10980.91 0.040 
54 96 68 82 8829.53 0.040 
54 93 67 80 9089.75 0.040 
54 90 66 78 9067.80 0.040 
54 87 65 76 9346.84 0.040 
54 84 64 74 9648.34 0.040 
54 81 63 72 10011.32 0.040 
54 78 62 70 10595.96 0.040 
54 75 61 68 10378.03 0.040 
55 94 68 81 8531.62 0.040 
55 91 67 79 8655.45 0.040 
55 88 66 77 8829.45 0.040 
55 85 65 75 8517.51 0.040 
55 82 64 73 8821.59 0.040 
55 79 63 71 9883.85 0.040 
55 76 62 69 9571.74 0.040 
55 73 61 67 9496.53 0.040 
56 95 69 82 7898.91 0.040 
56 92 68 80 8206.62 0.040 
56 89 67 78 8135.66 0.040 
56 86 66 76 8095.39 0.040 
56 83 65 74 7904.73 0.040 
56 80 64 72 8286.95 0.040 
56 77 63 70 8937.67 0.040 
56 74 62 68 8679.84 0.040 
57 96 70 83 7115.71 0.040 
57 93 69 81 7927.94 0.040 
57 90 68 79 8013.61 0.040 
57 87 67 77 8061.19 0.040 
57 84 66 75 7569.10 0.040 
57 81 65 73 7337.49 0.040 
57 78 64 71 8576.55 0.040 
57 75 63 69 8516.03 0.040 
58 94 70 82 7400.63 0.040 
58 91 69 80 8286.33 0.040 
58 88 68 78 7993.01 0.040 
58 85 67 76 8019.63 0.040 
58 82 66 74 7850.29 0.040 
58 79 65 72 8005.92 0.040 
58 76 64 70 8559.68 0.040 
58 73 63 68 8746.19 0.040 
59 95 71 83 7059.16 0.040 
59 92 70 81 7947.56 0.040 
59 89 69 79 8394.63 0.040 
59 86 68 77 8393.94 0.040 
59 83 67 75 8065.77 0.040 
59 80 66 73 8129.63 0.040 
59 77 65 71 8373.32 0.040 
59 74 64 69 8468.84 0.040 
60 96 72 84 6785.84 0.040 
60 93 71 82 7351.33 0.040 
60 90 70 80 8107.01 0.040 
60 87 69 78 8134.83 0.040 
60 84 68 76 8200.07 0.040 
60 81 67 74 8042.67 0.040 
60 78 66 72 8406.28 0.040 
60 75 65 70 7860.67 0.040 
61 94 72 83 6969.71 0.040 
61 91 71 81 7856.65 0.040 
61 88 70 79 8048.32 0.040 
61 85 69 77 8319.26 0.040 
61 82 68 75 8017.63 0.040 
61 79 67 73 8393.56 0.040 
61 76 66 71 8421.24 0.040 
61 73 65 69 7553.71 0.040 
62 95 73 84 7278.05 0.040 
62 92 72 82 1715.69 0.040 
62 89 71 80 7934.53 0.040 
62 86 70 78 7726.20 0.040 
62 83 69 76 8224.13 0.040 
62 80 68 74 8598.93 0.040 
62 77 67 72 8128.87 0.040 
62 74 66 70 8060.07 0.040 
63 96 74 85 6901.63 0.040 
63 93 73 83 7149.12 0.040 
63 90 72 81 7842.59 0.040 
63 87 71 79 7695.70 0.040 
63 84 70 77 7966.29 0.040 
63 81 69 75 7893.41 0.040 
63 78 68 73 8318.24 0.040 
63 75 67 71 8021.64 0.040 
64 94 74 84 6761.52 0.040 
64 91 73 82 7639.66 0.040 
64 88 72 80 7855.95 0.040 
64 85 71 78 7170.27 0.040 
64 82 70 76 7686.65 0.040 
64 79 69 74 8789.63 0.040 
64 76 68 72 7706.01 0.040 
64 73 67 70 7513.21 0.040 
65 95 75 85 6703.17 0.040 
65 92 74 83 7340.72 0.040 
65 89 73 81 8269.60 0.040 
65 86 72 79 7668.91 0.040 
65 83 71 77 7916.81 0.040 
65 80 70 75 8181.60 0.040 
65 77 69 73 8042.48 0.040 
65 74 68 71 7899.41 0.040 
66 96 76 86 6187.64 0.040 
66 93 75 84 6619.28 0.040 
66 90 74 82 7477.54 0.040 
66 87 73 80 7779.44 0.040 
66 84 72 78 6997.72 0.040 
66 81 71 76 7212.00 0.040 
66 78 70 74 8472.66 0.040 
66 75 69 72 7085.89 0.040 
67 94 76 85 6552.18 0.040 
67 91 75 83 7113.10 0.040 
67 88 74 81 7950.74 0.040 
67 85 73 79 7446.18 0.040 
67 82 72 77 7577.52 0.040 
67 79 71 75 7853.32 0.040 
67 76 70 73 6952.66 0.040 
67 73 69 71 6715.83 0.040 
68 95 77 86 6319.68 0.040 
68 92 76 84 6964.33 0.040 
68 89 75 82 7585.34 0.040 
68 86 74 80 7619.72 0.040 
68 83 73 78 7347.70 0.040 
68 80 72 76 8044.82 0.040 
68 77 71 74 7501.18 0.040 
68 74 70 72 5869.75 0.040 
69 96 78 87 6257.43 0.040 
69 93 77 85 6772.13 0.040 
69 90 76 83 7340.02 0.040 
69 87 75 81 7892.07 0.040 
69 84 74 79 7225.66 0.040 
69 81 73 77 7694.13 0.040 
69 78 72 75 7940.21 0.040 
69 75 71 73 5810.53 0.040 
70 94 78 86 6476.47 0.040 
70 91 77 84 7068.83 0.040 
70 88 76 82 7652.28 0.040 
70 85 75 80 7491.70 0.040 
70 82 74 78 6640.84 0.040 
70 79 73 76 8421.81 0.040 
70 76 72 74 7223.15 0.040 
70 73 71 72 3807.61 0.040 
71 95 79 87 5886.65 0.040 
71 92 78 85 7178.62 0.040 
71 89 77 83 7313.63 0.040 
71 86 76 81 7742.28 0.040 
71 83 75 79 7101.57 0.040 
71 80 74 77 7810.37 0.040 
71 77 73 75 6877.63 0.040 
71 74 72 73 4099.58 0.040 
72 96 80 88 5136.29 0.040 
72 93 79 86 6172.34 0.040 
72 90 78 84 7430.15 0.040 
72 87 77 82 7338.76 0.040 
72 84 76 80 7045.10 0.040 
72 81 75 78 6175.59 0.040 
72 78 74 76 7204.72 0.040 
72 75 73 74 5831.04 0.040 
73 94 80 87 5408.61 0.040 
73 91 79 85 7028.67 0.040 
73 88 78 83 7650.46 0.040 
73 85 77 81 7192.45 0.040 
73 82 76 79 6320.68 0.040 
73 79 75 77 7666.00 0.040 
73 76 74 75 4143.35 0.040 
74 95 81 88 5126.08 0.040 
74 92 80 86 6489.83 0.040 
74 89 79 84 7828.65 0.040 
74 86 78 82 8388.87 0.040 
74 83 77 80 7302.25 0.040 
74 80 76 78 6388.29 0.040 
74 77 75 76 5928.88 0.040 
75 96 82 89 4923.82 0.040 
75 93 81 87 5353.27 0.040 
75 90 80 85 7033.47 0.040 
75 87 79 83 7634.07 0.040 
75 84 78 81 8185.73 0.040 
75 81 77 79 5662.60 0.040 
75 78 76 77 6581.47 0.040 
76 94 82 88 5485.90 0.040 
76 91 81 86 6223.21 0.040 
76 88 80 84 7464.42 0.040 
76 85 79 82 7940.29 0.040 
76 82 78 80 7543.72 0.040 
76 79 77 78 4135.67 0.040 
77 95 83 89 5691.69 0.040 
77 92 82 87 6220.35 0.040 
77 89 81 85 6850.47 0.040 
77 86 80 83 7130.16 0.040 
77 83 79 81 8056.01 0.040 
77 80 78 79 6331.70 0.040 
78 96 84 90 5375.61 0.040 
78 93 83 88 5846.56 0.040 
78 90 82 86 6192.71 0.040 
78 87 81 84 5920.80 0.040 
78 84 80 82 5967.49 0.040 
78 81 79 80 4786.74 0.040 
79 94 84 89 5585.67 0.040 
79 91 83 87 6253.62 0.040 
79 88 82 85 6034.55 0.040 
79 85 81 83 4623.91 0.040 
79 82 80 81 5212.95 0.040 
80 95 85 90 5694.85 0.040 
80 92 84 88 6029.07 0.040 
80 89 83 86 6122.01 0.040 
80 86 82 84 4897.87 0.040 
80 83 81 82 3933.49 0.040 
81 96 86 91 5931.11 0.040 
81 93 85 89 5792.07 0.040 
81 90 84 87 5893.09 0.040 
81 87 83 85 5571.39 0.040 
81 84 82 83 3657.69 0.040 
82 94 86 90 5709.15 0.040 
82 91 85 88 5606.03 0.040 
82 88 84 86 4839.06 0.040 
82 85 83 84 3980.55 0.040 
83 95 87 91 5762.10 0.040 
83 92 86 89 5564.90 0.040 
83 89 85 87 4355.90 0.040 
83 86 84 85 3781.28 0.040 
84 96 88 92 5991.50 0.040 
84 93 87 90 5711.42 0.040 
84 90 86 88 4962.82 0.040 
84 87 85 86 3348.94 0.040 
85 94 88 91 5750.75 0.040 
85 91 87 89 5509.27 0.040 
85 88 86 87 3954.31 0.040 
86 95 89 92 5798.23 0.040 
86 92 88 90 5229.54 0.040 
86 89 87 88 3866.85 0.040 
87 96 90 93 5931.33 0.040 
87 93 89 91 5333.32 0.040 
87 90 88 89 4261.18 0.040 
88 94 90 92 5480.87 0.040 
88 91 89 90 4678.88 0.040 
89 95 91 93 5835.12 0.040 
89 92 90 91 5108.74 0.040 
90 96 92 94 5608.74 0.040 
90 93 91 92 5038.15 0.040 
91 94 92 93 4680.27 0.040 
92 95 93 94 4675.48 0.040 
93 96 94 95 3291.55 0.040 
