48 	 # Number of sensors 
# x z 
0.00 -12.51 
5.00 -12.37 
10.00 -13.52 
15.00 -13.47 
20.00 -13.50 
25.00 -12.88 
30.00 -12.92 
35.00 -12.82 
40.00 -13.62 
45.00 -12.96 
50.00 -11.52 
55.00 -10.64 
60.00 -10.19 
65.00 -8.64 
70.00 -6.64 
75.00 -5.66 
80.00 -3.50 
85.00 -3.17 
90.00 -3.11 
95.00 -2.78 
100.00 -2.38 
105.00 -1.68 
110.00 -1.29 
115.00 -0.21 
120.00 -1.30 
125.00 -1.96 
130.00 -0.96 
135.00 0.00 
140.00 -1.19 
145.00 -2.18 
150.00 -3.30 
155.00 -2.64 
160.00 -3.05 
165.00 -3.02 
170.00 -3.01 
175.00 -3.05 
180.00 -3.48 
185.00 -4.95 
190.00 -6.02 
195.00 -5.53 
200.00 -5.44 
205.00 -5.50 
210.00 -6.38 
215.00 -6.70 
220.00 -7.74 
225.00 -7.88 
230.00 -8.12 
235.00 -8.28 
340 	 # Number of measurements 
# a b m n rhoa err
1 4 2 3 6896.50 0.040 
2 5 3 4 6363.60 0.040 
3 6 4 5 6079.00 0.040 
4 7 5 6 5613.90 0.040 
5 8 6 7 5509.20 0.040 
6 9 7 8 6304.10 0.040 
7 10 8 9 9025.80 0.040 
8 11 9 10 10615.00 0.040 
9 12 10 11 14741.00 0.040 
10 13 11 12 26149.00 0.040 
11 14 12 13 47615.00 0.040 
13 16 14 15 79367.00 0.040 
16 19 17 18 76964.00 0.040 
17 20 18 19 62450.00 0.040 
19 22 20 21 46646.00 0.040 
20 23 21 22 34718.00 0.040 
21 24 22 23 26019.00 0.040 
22 25 23 24 23665.00 0.040 
23 26 24 25 17223.00 0.040 
24 27 25 26 20219.00 0.040 
25 28 26 27 19551.00 0.040 
26 29 27 28 19279.00 0.040 
27 30 28 29 36743.00 0.040 
28 31 29 30 76757.00 0.040 
29 32 30 31 49905.00 0.040 
30 33 31 32 79241.00 0.040 
31 34 32 33 28309.00 0.040 
32 35 33 34 22871.00 0.040 
33 36 34 35 30563.00 0.040 
34 37 35 36 40841.00 0.040 
35 38 36 37 47113.00 0.040 
38 41 39 40 47244.00 0.040 
40 43 41 42 37516.00 0.040 
41 44 42 43 22484.00 0.040 
42 45 43 44 25093.00 0.040 
43 46 44 45 18910.00 0.040 
44 47 45 46 17005.00 0.040 
45 48 46 47 13783.00 0.040 
1 7 3 5 9303.30 0.040 
2 8 4 6 8958.00 0.040 
3 9 5 7 9041.20 0.040 
4 10 6 8 10190.00 0.040 
5 11 7 9 12378.00 0.040 
6 12 8 10 14269.00 0.040 
7 13 9 11 15117.00 0.040 
8 14 10 12 24553.00 0.040 
10 16 12 14 46378.00 0.040 
11 17 13 15 54056.00 0.040 
13 19 15 17 61450.00 0.040 
14 20 16 18 66373.00 0.040 
16 22 18 20 63385.00 0.040 
17 23 19 21 61611.00 0.040 
19 25 21 23 48833.00 0.040 
20 26 22 24 47180.00 0.040 
21 27 23 25 37101.00 0.040 
22 28 24 26 35331.00 0.040 
23 29 25 27 42578.00 0.040 
24 30 26 28 31493.00 0.040 
25 31 27 29 34960.00 0.040 
26 32 28 30 48943.00 0.040 
27 33 29 31 58301.00 0.040 
28 34 30 32 54639.00 0.040 
29 35 31 33 49619.00 0.040 
31 37 33 35 34580.00 0.040 
32 38 34 36 55554.00 0.040 
34 40 36 38 43997.00 0.040 
35 41 37 39 46370.00 0.040 
37 43 39 41 50820.00 0.040 
40 46 42 44 32233.00 0.040 
41 47 43 45 32947.00 0.040 
42 48 44 46 30019.00 0.040 
1 10 4 7 10506.00 0.040 
2 11 5 8 11890.00 0.040 
3 12 6 9 13383.00 0.040 
4 13 7 10 13517.00 0.040 
5 14 8 11 13171.00 0.040 
6 15 9 12 16729.00 0.040 
7 16 10 13 27002.00 0.040 
8 17 11 14 33081.00 0.040 
9 18 12 15 38862.00 0.040 
10 19 13 16 40885.00 0.040 
11 20 14 17 40643.00 0.040 
12 21 15 18 37753.00 0.040 
13 22 16 19 46500.00 0.040 
14 23 17 20 51993.00 0.040 
16 25 19 22 54758.00 0.040 
17 26 20 23 54211.00 0.040 
18 27 21 24 52556.00 0.040 
19 28 22 25 50594.00 0.040 
20 29 23 26 50355.00 0.040 
21 30 24 27 35747.00 0.040 
22 31 25 28 31001.00 0.040 
23 32 26 29 27115.00 0.040 
24 33 27 30 42174.00 0.040 
25 34 28 31 61289.00 0.040 
26 35 29 32 80418.00 0.040 
27 36 30 33 55323.00 0.040 
28 37 31 34 34437.00 0.040 
29 38 32 35 25364.00 0.040 
30 39 33 36 38744.00 0.040 
31 40 34 37 40773.00 0.040 
32 41 35 38 52091.00 0.040 
33 42 36 39 43995.00 0.040 
34 43 37 40 38855.00 0.040 
35 44 38 41 43228.00 0.040 
36 45 39 42 42425.00 0.040 
37 46 40 43 37443.00 0.040 
38 47 41 44 34712.00 0.040 
39 48 42 45 34640.00 0.040 
1 13 5 9 11684.00 0.040 
2 14 6 10 12424.00 0.040 
3 15 7 11 11449.00 0.040 
4 16 8 12 13081.00 0.040 
5 17 9 13 18319.00 0.040 
6 18 10 14 22270.00 0.040 
7 19 11 15 26176.00 0.040 
8 20 12 16 29022.00 0.040 
9 21 13 17 29223.00 0.040 
10 22 14 18 29145.00 0.040 
11 23 15 19 29908.00 0.040 
12 24 16 20 32553.00 0.040 
13 25 17 21 43243.00 0.040 
14 26 18 22 46438.00 0.040 
15 27 19 23 54926.00 0.040 
16 28 20 24 58669.00 0.040 
17 29 21 25 54480.00 0.040 
18 30 22 26 42244.00 0.040 
19 31 23 27 30371.00 0.040 
20 32 24 28 21051.00 0.040 
21 33 25 29 24804.00 0.040 
22 34 26 30 39483.00 0.040 
23 35 27 31 54313.00 0.040 
24 36 28 32 74393.00 0.040 
25 37 29 33 72208.00 0.040 
26 38 30 34 48506.00 0.040 
28 40 32 36 25406.00 0.040 
29 41 33 37 27223.00 0.040 
30 42 34 38 32525.00 0.040 
31 43 35 39 37682.00 0.040 
32 44 36 40 41553.00 0.040 
33 45 37 41 35049.00 0.040 
34 46 38 42 28536.00 0.040 
35 47 39 43 27332.00 0.040 
36 48 40 44 30522.00 0.040 
1 16 6 11 8991.70 0.040 
2 17 7 12 10672.00 0.040 
3 18 8 13 14012.00 0.040 
4 19 9 14 16344.00 0.040 
5 20 10 15 18486.00 0.040 
6 21 11 16 21591.00 0.040 
7 22 12 17 24106.00 0.040 
8 23 13 18 23974.00 0.040 
9 24 14 19 25832.00 0.040 
10 25 15 20 30903.00 0.040 
11 26 16 21 34842.00 0.040 
12 27 17 22 38212.00 0.040 
13 28 18 23 49882.00 0.040 
14 29 19 24 55945.00 0.040 
15 30 20 25 39839.00 0.040 
16 31 21 26 28039.00 0.040 
17 32 22 27 19514.00 0.040 
18 33 23 28 16522.00 0.040 
19 34 24 29 19516.00 0.040 
20 35 25 30 33582.00 0.040 
21 36 26 31 44807.00 0.040 
22 37 27 32 53093.00 0.040 
23 38 28 33 61841.00 0.040 
24 39 29 34 59980.00 0.040 
25 40 30 35 45206.00 0.040 
26 41 31 36 32508.00 0.040 
27 42 32 37 21284.00 0.040 
28 43 33 38 21446.00 0.040 
29 44 34 39 23631.00 0.040 
30 45 35 40 30608.00 0.040 
31 46 36 41 30096.00 0.040 
32 47 37 42 30188.00 0.040 
33 48 38 43 25060.00 0.040 
1 19 7 13 10872.00 0.040 
2 20 8 14 12731.00 0.040 
3 21 9 15 14710.00 0.040 
4 22 10 16 17930.00 0.040 
5 23 11 17 19520.00 0.040 
6 24 12 18 22209.00 0.040 
7 25 13 19 26470.00 0.040 
8 26 14 20 29895.00 0.040 
9 27 15 21 33741.00 0.040 
10 28 16 22 40498.00 0.040 
11 29 17 23 46106.00 0.040 
12 30 18 24 34803.00 0.040 
13 31 19 25 22642.00 0.040 
14 32 20 26 13949.00 0.040 
15 33 21 27 13119.00 0.040 
16 34 22 28 14131.00 0.040 
17 35 23 29 15435.00 0.040 
18 36 24 30 23537.00 0.040 
19 37 25 31 31151.00 0.040 
20 38 26 32 38114.00 0.040 
21 39 27 33 41676.00 0.040 
22 40 28 34 48799.00 0.040 
23 41 29 35 55041.00 0.040 
24 42 30 36 44715.00 0.040 
25 43 31 37 31381.00 0.040 
26 44 32 38 19101.00 0.040 
27 45 33 39 18371.00 0.040 
28 46 34 40 18068.00 0.040 
29 47 35 41 19304.00 0.040 
30 48 36 42 21730.00 0.040 
1 22 8 15 12118.00 0.040 
2 23 9 16 15116.00 0.040 
3 24 10 17 17610.00 0.040 
4 25 11 18 20909.00 0.040 
5 26 12 19 25643.00 0.040 
6 27 13 20 28175.00 0.040 
7 28 14 21 36124.00 0.040 
8 29 15 22 40058.00 0.040 
9 30 16 23 30045.00 0.040 
10 31 17 24 19426.00 0.040 
11 32 18 25 9366.20 0.040 
12 33 19 26 8328.40 0.040 
13 34 20 27 9154.40 0.040 
14 35 21 28 9700.50 0.040 
15 36 22 29 11107.00 0.040 
16 37 23 30 16135.00 0.040 
17 38 24 31 20221.00 0.040 
18 39 25 32 26169.00 0.040 
19 40 26 33 28025.00 0.040 
20 41 27 34 31000.00 0.040 
21 42 28 35 40521.00 0.040 
22 43 29 36 45815.00 0.040 
23 44 30 37 38565.00 0.040 
24 45 31 38 27020.00 0.040 
25 46 32 39 16624.00 0.040 
26 47 33 40 15366.00 0.040 
27 48 34 41 16411.00 0.040 
1 25 9 17 16114.00 0.040 
2 26 10 18 19051.00 0.040 
3 27 11 19 23588.00 0.040 
4 28 12 20 29612.00 0.040 
5 29 13 21 35222.00 0.040 
6 30 14 22 26555.00 0.040 
7 31 15 23 17411.00 0.040 
8 32 16 24 9110.10 0.040 
9 33 17 25 7219.60 0.040 
10 34 18 26 6845.20 0.040 
11 35 19 27 6436.00 0.040 
12 36 20 28 6089.60 0.040 
13 37 21 29 7232.80 0.040 
14 38 22 30 10624.00 0.040 
15 39 23 31 14372.00 0.040 
16 40 24 32 17123.00 0.040 
17 41 25 33 18356.00 0.040 
18 42 26 34 19860.00 0.040 
19 43 27 35 25133.00 0.040 
20 44 28 36 32855.00 0.040 
21 45 29 37 40841.00 0.040 
22 46 30 38 31743.00 0.040 
23 47 31 39 22106.00 0.040 
24 48 32 40 15534.00 0.040 
1 28 10 19 23194.00 0.040 
2 29 11 20 28069.00 0.040 
3 30 12 21 23965.00 0.040 
4 31 13 22 15911.00 0.040 
5 32 14 23 8914.00 0.040 
6 33 15 24 7601.30 0.040 
7 34 16 25 6732.00 0.040 
8 35 17 26 6223.60 0.040 
9 36 18 27 5105.80 0.040 
10 37 19 28 4438.80 0.040 
11 38 20 29 4964.20 0.040 
12 39 21 30 7507.20 0.040 
13 40 22 31 8509.90 0.040 
14 41 23 32 10311.00 0.040 
15 42 24 33 11496.00 0.040 
16 43 25 34 13739.00 0.040 
17 44 26 35 16323.00 0.040 
18 45 27 36 20231.00 0.040 
19 46 28 37 26313.00 0.040 
20 47 29 38 31047.00 0.040 
21 48 30 39 26988.00 0.040 
1 31 11 21 13497.00 0.040 
2 32 12 22 8506.50 0.040 
3 33 13 23 7615.70 0.040 
4 34 14 24 7305.90 0.040 
5 35 15 25 6359.70 0.040 
6 36 16 26 5173.90 0.040 
7 37 17 27 4111.80 0.040 
8 38 18 28 3589.00 0.040 
10 40 20 30 5261.90 0.040 
11 41 21 31 5349.50 0.040 
12 42 22 32 6357.30 0.040 
13 43 23 33 7054.60 0.040 
14 44 24 34 7982.00 0.040 
15 45 25 35 10123.00 0.040 
16 46 26 36 13300.00 0.040 
17 47 27 37 16173.00 0.040 
18 48 28 38 20540.00 0.040 
1 34 12 23 6841.50 0.040 
2 35 13 24 6861.90 0.040 
3 36 14 25 5555.70 0.040 
4 37 15 26 4361.10 0.040 
5 38 16 27 3599.70 0.040 
6 39 17 28 3150.10 0.040 
7 40 18 29 3119.20 0.040 
8 41 19 30 4088.00 0.040 
9 42 20 31 4546.90 0.040 
10 43 21 32 5118.90 0.040 
11 44 22 33 4646.10 0.040 
12 45 23 34 4548.00 0.040 
13 46 24 35 5833.10 0.040 
14 47 25 36 8038.40 0.040 
15 48 26 37 10165.00 0.040 
1 37 13 25 4498.40 0.040 
2 38 14 26 3976.50 0.040 
3 39 15 27 3328.10 0.040 
4 40 16 28 2769.80 0.040 
5 41 17 29 2624.30 0.040 
6 42 18 30 3672.60 0.040 
7 43 19 31 3980.40 0.040 
9 45 21 33 3689.50 0.040 
10 46 22 34 3422.00 0.040 
11 47 23 35 3705.90 0.040 
12 48 24 36 4716.20 0.040 
1 40 14 27 2978.80 0.040 
2 41 15 28 2613.20 0.040 
3 42 16 29 2482.80 0.040 
4 43 17 30 3067.90 0.040 
5 44 18 31 3595.30 0.040 
6 45 19 32 3671.40 0.040 
7 46 20 33 3242.50 0.040 
8 47 21 34 2971.90 0.040 
9 48 22 35 3157.80 0.040 
1 43 15 29 2341.30 0.040 
2 44 16 30 2890.30 0.040 
3 45 17 31 2932.20 0.040 
4 46 18 32 3184.30 0.040 
5 47 19 33 2934.20 0.040 
6 48 20 34 2857.30 0.040 
1 46 16 31 2623.90 0.040 
2 47 17 32 2929.40 0.040 
3 48 18 33 2827.40 0.040 
