0.0 0.0
3.0 -0.1
6.0 0.0
9.0 -0.1
12.0 0.0
15.0 0.2
18.0 0.6
21.0 1.4
24.0 1.5
27.0 1.8
30.0 1.6
33.0 2.3
36.0 2.3
39.0 2.2
42.0 2.2
45.0 2.3
48.0 2.3
51.0 2.4
54.0 2.4
57.0 2.7
60.0 2.8
63.0 3.0
66.0 3.0
69.0 3.1
72.0 2.7
75.0 2.4
78.0 2.2
81.0 1.7
84.0 1.4
87.0 0.8
90.0 0.1
93.0 -0.9
96.0 -1.5
99.0 -2.4
102.0 -3.5
105.0 -4.1
108.0 -4.7
111.0 -4.9
114.0 -5.0
117.0 -5.1
120.0 -5.1
123.0 -5.1
126.0 -5.1
129.0 -5.1
132.0 -5.1
135.0 -5.1
138.0 -5.2
141.0 -5.4
144.0 -5.5
147.0 -5.8
150.0 -6.2
153.0 -6.3
156.0 -6.5
159.0 -6.6
162.0 -6.6
165.0 -6.8
168.0 -7.0
171.0 -7.1
174.0 -7.2
177.0 -7.3
180.0 -7.6
183.0 -7.7
186.0 -7.8
189.0 -8.0
192.0 -8.1
195.0 -8.4
198.0 -8.6
201.0 -8.8
204.0 -9.1
207.0 -9.4
210.0 -9.5