48 	 # Number of sensors 
# x z 
0	-12.51
5	-12.37
10	-13.52
15	-13.47
20	-13.5
25	-12.88
30	-12.92
35	-12.82
40	-13.62
45	-12.96
50	-11.52
55	-10.64
60	-10.19
65	-8.64
70	-6.64
75	-5.66
80	-3.5
85	-3.17
90	-3.11
95	-2.78
100	-2.38
105	-1.68
110	-1.29
115	-0.21
120	-1.3
125	-1.96
130	-0.96
135	0
140	-1.19
145	-2.18
150	-3.3
155	-2.64
160	-3.05
165	-3.02
170	-3.01
175	-3.05
180	-3.48
185	-4.95
190	-6.02
195	-5.53
200	-5.44
205	-5.5
210	-6.38
215	-6.7
220	-7.74
225	-7.88
230	-8.12
235	-8.28
360 	 # Number of measurements 
# a b m n rhoa err
1 46 16 31 3258.80 0.001 
1 43 15 29 4238.03 0.001 
1 40 14 27 3099.72 0.001 
1 37 13 25 4625.31 0.001 
1 34 12 23 7850.30 0.001 
1 31 11 21 9418.70 0.001 
1 28 10 19 29341.05 0.001 
1 25 9 17 21159.03 0.001 
1 22 8 15 16931.78 0.001 
1 19 7 13 18333.58 0.001 
1 16 6 11 17620.70 0.001 
1 13 5 9 18229.09 0.001 
1 10 4 7 10460.26 0.001 
1 7 3 5 7524.58 0.001 
1 4 2 3 6292.51 0.001 
2 47 17 32 3232.98 0.001 
2 44 16 30 4558.17 0.001 
2 41 15 28 3270.95 0.001 
2 38 14 26 4077.94 0.001 
2 35 13 24 6931.04 0.001 
2 32 12 22 8412.78 0.001 
2 29 11 20 19083.06 0.001 
2 26 10 18 26079.77 0.001 
2 23 9 16 20538.16 0.001 
2 20 8 14 18920.98 0.001 
2 17 7 12 22650.88 0.001 
2 14 6 10 16700.99 0.001 
2 11 5 8 16278.04 0.001 
2 8 4 6 8480.62 0.001 
2 5 3 4 5275.42 0.001 
3 48 18 33 3052.06 0.001 
3 45 17 31 3871.16 0.001 
3 42 16 29 4639.46 0.001 
3 39 15 27 3623.65 0.001 
3 36 14 25 5616.81 0.001 
3 33 13 23 7966.13 0.001 
3 30 12 21 11798.11 0.001 
3 27 11 19 31384.79 0.001 
3 24 10 17 22348.91 0.001 
3 21 9 15 18990.04 0.001 
3 18 8 13 25689.85 0.001 
3 15 7 11 21508.46 0.001 
3 12 6 9 21834.36 0.001 
3 9 5 7 10048.98 0.001 
3 6 4 5 9086.92 0.001 
4 46 18 32 3417.24 0.001 
4 43 17 30 5289.84 0.001 
4 40 16 28 3716.69 0.001 
4 37 15 26 4471.78 0.001 
4 34 14 24 7980.44 0.001 
4 31 13 22 9206.95 0.001 
4 28 12 20 31528.06 0.001 
4 25 11 18 25339.13 0.001 
4 22 10 16 21582.52 0.001 
4 19 9 14 23707.06 0.001 
4 16 8 12 27947.96 0.001 
4 13 7 10 18177.85 0.001 
4 10 6 8 14724.46 0.001 
4 7 5 6 8349.68 0.001 
5 47 19 33 3107.41 0.001 
5 44 18 31 4583.46 0.001 
5 41 17 29 5218.23 0.001 
5 38 16 27 3837.38 0.001 
5 35 15 25 6473.87 0.001 
5 32 14 23 7857.00 0.001 
5 29 13 21 19820.79 0.001 
5 26 12 19 29450.94 0.001 
5 23 11 17 24709.71 0.001 
5 20 10 15 25285.33 0.001 
5 17 9 13 32865.55 0.001 
5 14 8 11 25896.12 0.001 
5 11 7 9 23237.60 0.001 
5 8 6 7 13592.98 0.001 
6 48 20 34 2978.23 0.001 
6 45 19 32 3936.94 0.001 
6 42 18 30 5716.39 0.001 
6 39 17 28 4381.61 0.001 
6 36 16 26 5250.32 0.001 
6 33 15 24 7843.74 0.001 
6 30 14 22 11255.10 0.001 
6 27 13 20 32450.94 0.001 
6 24 12 18 25372.52 0.001 
6 21 11 16 24424.38 0.001 
6 18 10 14 34398.89 0.001 
6 15 9 12 34007.41 0.001 
6 12 8 10 19766.63 0.001 
6 9 7 8 13076.60 0.001 
7 46 20 33 3511.15 0.001 
7 43 19 31 5553.32 0.001 
7 40 18 29 6758.57 0.001 
7 37 17 27 4629.61 0.001 
7 34 16 25 7888.46 0.001 
7 31 15 23 9266.68 0.001 
7 28 14 21 33528.92 0.001 
7 25 13 19 28741.38 0.001 
7 22 12 17 26210.76 0.001 
7 19 11 15 34017.82 0.001 
7 16 10 13 43949.38 0.001 
7 13 9 11 28640.20 0.001 
7 10 8 9 20040.93 0.001 
8 47 21 34 3499.00 0.001 
8 44 20 32 5304.18 0.001 
8 41 19 30 7170.69 0.001 
8 38 18 28 5681.31 0.001 
8 35 17 26 7191.58 0.001 
8 32 16 24 9212.15 0.001 
8 29 15 22 20894.12 0.001 
8 26 14 20 32639.89 0.001 
8 23 13 18 30653.24 0.001 
8 20 12 16 35247.64 0.001 
8 17 11 14 47930.12 0.001 
8 14 10 12 45594.12 0.001 
8 11 9 10 14852.58 0.001 
9 48 22 35 4385.79 0.001 
9 45 21 33 4722.19 0.001 
9 42 20 31 6846.10 0.001 
9 39 19 29 9358.64 0.001 
9 36 18 27 6938.72 0.001 
9 33 17 25 9902.98 0.001 
9 30 16 23 14124.18 0.001 
9 27 15 21 37615.80 0.001 
9 24 14 19 33705.02 0.001 
9 21 13 17 34643.96 0.001 
9 18 12 15 51583.03 0.001 
9 15 11 13 58411.82 0.001 
9 12 10 11 31422.77 0.001 
10 46 22 34 4361.54 0.001 
10 43 21 32 6749.94 0.001 
10 40 20 30 9753.22 0.001 
10 37 19 28 7184.54 0.001 
10 34 18 26 9423.68 0.001 
10 31 17 24 11971.08 0.001 
10 28 16 22 34360.38 0.001 
10 25 15 20 33193.17 0.001 
10 22 14 18 34145.65 0.001 
10 19 13 16 44791.86 0.001 
10 16 12 14 53270.76 0.001 
10 13 11 12 42757.37 0.001 
11 47 23 35 5944.09 0.001 
11 44 22 33 6989.97 0.001 
11 41 21 31 9031.53 0.001 
11 38 20 29 12469.86 0.001 
11 35 19 27 9413.35 0.001 
11 32 18 25 12689.36 0.001 
11 29 17 23 24735.05 0.001 
11 26 16 21 38719.57 0.001 
11 23 15 19 41362.25 0.001 
11 20 14 17 47853.49 0.001 
11 17 13 15 61084.10 0.001 
11 14 12 13 52357.91 0.001 
12 48 24 36 7886.62 0.001 
12 45 23 34 7959.26 0.001 
12 42 22 32 10328.59 0.001 
12 39 21 30 15072.27 0.001 
12 36 20 28 12103.70 0.001 
12 33 19 26 13719.39 0.001 
12 30 18 24 21436.66 0.001 
12 27 17 22 43540.78 0.001 
12 24 16 20 44356.12 0.001 
12 21 15 18 49988.32 0.001 
12 18 14 16 66638.65 0.001 
12 15 13 14 54507.46 0.001 
13 46 24 35 9961.09 0.001 
13 43 23 33 12364.62 0.001 
13 40 22 31 15371.26 0.001 
13 37 21 29 18199.57 0.001 
13 34 20 27 15019.80 0.001 
13 31 19 25 19287.58 0.001 
13 28 18 23 43308.00 0.001 
13 25 17 21 49345.30 0.001 
13 22 16 19 54262.98 0.001 
13 19 15 17 64320.67 0.001 
13 16 14 15 61799.32 0.001 
14 47 25 36 12637.38 0.001 
14 44 24 34 13039.13 0.001 
14 41 23 32 16399.11 0.001 
14 38 22 30 22102.45 0.001 
14 35 21 28 16409.01 0.001 
14 32 20 26 17815.02 0.001 
14 29 19 24 32322.94 0.001 
14 26 18 22 47119.23 0.001 
14 23 17 20 53655.00 0.001 
14 20 16 18 59068.61 0.001 
14 17 15 16 57496.27 0.001 
15 48 26 37 16456.74 0.001 
15 45 25 35 16305.63 0.001 
15 42 24 33 17626.72 0.001 
15 39 23 31 23680.63 0.001 
15 36 22 29 26268.20 0.001 
15 33 21 27 16505.93 0.001 
15 30 20 25 24782.33 0.001 
15 27 19 23 42983.90 0.001 
15 24 18 21 52409.89 0.001 
15 21 17 19 56204.56 0.001 
15 18 16 17 53053.30 0.001 
16 46 26 36 20211.71 0.001 
16 43 25 34 20390.54 0.001 
16 40 24 32 24275.83 0.001 
16 37 23 30 31564.88 0.001 
16 34 22 28 21814.37 0.001 
16 31 21 26 19504.96 0.001 
16 28 20 24 42788.49 0.001 
16 25 19 22 43198.66 0.001 
16 22 18 20 50855.62 0.001 
16 19 17 18 47311.34 0.001 
17 47 27 37 25245.92 0.001 
17 44 26 35 25748.49 0.001 
17 41 25 33 25491.22 0.001 
17 38 24 31 30708.36 0.001 
17 35 23 29 36439.08 0.001 
17 32 22 27 18553.74 0.001 
17 29 21 25 27877.71 0.001 
17 26 20 23 36885.33 0.001 
17 23 19 21 42569.37 0.001 
17 20 18 19 42477.42 0.001 
18 48 28 38 27673.79 0.001 
18 45 27 36 30906.02 0.001 
18 42 26 34 28605.90 0.001 
18 39 25 32 33003.13 0.001 
18 36 24 30 39874.72 0.001 
18 33 23 28 24148.14 0.001 
18 30 22 26 21487.22 0.001 
18 27 21 24 33784.77 0.001 
18 24 20 22 33671.26 0.001 
18 21 19 20 28519.05 0.001 
19 46 28 37 33082.55 0.001 
19 43 27 35 36696.42 0.001 
19 40 26 33 35740.54 0.001 
19 37 25 31 39633.67 0.001 
19 34 24 29 42313.45 0.001 
19 31 23 27 20664.34 0.001 
19 28 22 25 32276.37 0.001 
19 25 21 23 22801.05 0.001 
19 22 20 21 25051.64 0.001 
20 47 29 38 22277.20 0.001 
20 44 28 36 38711.12 0.001 
20 41 27 34 37766.83 0.001 
20 38 26 32 41851.60 0.001 
20 35 25 30 48995.09 0.001 
20 32 24 28 21234.37 0.001 
20 29 23 26 25127.50 0.001 
20 26 22 24 23611.45 0.001 
20 23 21 22 14684.70 0.001 
21 48 30 39 15003.97 0.001 
21 45 29 37 26026.35 0.001 
21 42 28 35 40430.73 0.001 
21 39 27 33 44346.29 0.001 
21 36 26 31 47649.33 0.001 
21 33 25 29 41037.64 0.001 
21 30 24 27 16303.29 0.001 
21 27 23 25 25048.39 0.001 
21 24 22 23 10620.98 0.001 
22 46 30 38 15683.78 0.001 
22 43 29 36 28190.09 0.001 
22 40 28 34 40118.46 0.001 
22 37 27 32 47277.66 0.001 
22 34 26 30 54799.35 0.001 
22 31 25 28 19555.82 0.001 
22 28 24 26 21514.34 0.001 
22 25 23 24 13357.80 0.001 
23 47 31 39 13539.48 0.001 
23 44 30 37 19567.32 0.001 
23 41 29 35 26673.16 0.001 
23 38 28 33 43033.31 0.001 
23 35 27 31 52229.94 0.001 
23 32 26 29 38440.20 0.001 
23 29 25 27 16883.82 0.001 
23 26 24 25 9164.85 0.001 
24 48 32 40 13620.88 0.001 
24 45 31 38 16379.27 0.001 
24 42 30 36 19768.02 0.001 
24 39 29 34 26784.32 0.001 
24 36 28 32 50116.41 0.001 
24 33 27 30 53011.42 0.001 
24 30 26 28 21796.60 0.001 
24 27 25 26 11333.57 0.001 
25 46 32 39 13715.71 0.001 
25 43 31 37 20062.71 0.001 
25 40 30 35 19748.45 0.001 
25 37 29 33 28066.12 0.001 
25 34 28 31 52975.14 0.001 
25 31 27 29 42255.04 0.001 
25 28 26 27 17848.97 0.001 
26 47 33 40 14465.81 0.001 
26 44 32 38 18142.00 0.001 
26 41 31 36 18993.21 0.001 
26 38 30 34 15941.13 0.001 
26 35 29 32 32562.08 0.001 
26 32 28 30 46199.47 0.001 
26 29 27 28 36316.81 0.001 
27 48 34 41 15699.08 0.001 
27 45 33 39 16701.26 0.001 
27 42 32 37 19896.75 0.001 
27 39 31 35 20377.68 0.001 
27 36 30 33 17789.27 0.001 
27 33 29 31 28617.48 0.001 
27 30 28 29 51753.18 0.001 
28 46 34 40 19577.98 0.001 
28 43 33 38 24078.79 0.001 
28 40 32 36 24558.28 0.001 
28 37 31 34 16786.67 0.001 
28 34 30 32 26603.35 0.001 
28 31 29 30 43127.44 0.001 
29 47 35 41 27435.08 0.001 
29 44 34 39 35425.82 0.001 
29 41 33 37 34393.02 0.001 
29 38 32 35 30076.13 0.001 
29 35 31 33 28536.75 0.001 
29 32 30 31 31703.50 0.001 
30 48 36 42 26972.24 0.001 
30 45 35 40 35073.64 0.001 
30 42 34 38 41493.39 0.001 
30 39 33 36 39345.52 0.001 
30 36 32 34 19347.68 0.001 
30 33 31 32 21139.67 0.001 
31 46 36 41 27128.78 0.001 
31 43 35 39 35714.67 0.001 
31 40 34 37 43038.42 0.001 
31 37 33 35 28841.45 0.001 
31 34 32 33 13151.27 0.001 
32 47 37 42 23497.01 0.001 
32 44 36 40 31878.69 0.001 
32 41 35 38 35239.94 0.001 
32 38 34 36 40798.82 0.001 
32 35 33 34 12666.25 0.001 
33 48 38 43 20343.62 0.001 
33 45 37 41 26180.36 0.001 
33 42 36 39 28046.32 0.001 
33 39 35 37 37390.96 0.001 
33 36 34 35 28971.52 0.001 
34 46 38 42 21435.40 0.001 
34 43 37 40 27258.14 0.001 
34 40 36 38 28054.20 0.001 
34 37 35 36 25245.14 0.001 
35 47 39 43 24414.49 0.001 
35 44 38 41 32670.37 0.001 
35 41 37 39 27534.04 0.001 
35 38 36 37 30072.95 0.001 
36 48 40 44 25961.90 0.001 
36 45 39 42 31921.50 0.001 
36 42 38 40 31155.89 0.001 
36 39 37 38 25102.69 0.001 
37 46 40 43 25856.17 0.001 
37 43 39 41 36911.15 0.001 
37 40 38 39 22934.08 0.001 
38 47 41 44 22695.98 0.001 
38 44 40 42 28870.14 0.001 
38 41 39 40 24659.12 0.001 
39 48 42 45 24116.15 0.001 
39 45 41 43 19264.54 0.001 
39 42 40 41 21145.54 0.001 
40 46 42 44 19023.73 0.001 
40 43 41 42 17936.84 0.001 
41 47 43 45 25447.55 0.001 
41 44 42 43 13322.09 0.001 
42 48 44 46 23960.89 0.001 
42 45 43 44 17901.95 0.001 
43 46 44 45 14938.34 0.001 
44 47 45 46 13986.97 0.001 
45 48 46 47 9404.04 0.001 
