72 	 # Number of sensors 
# x z 
0.00 4585.41 
5.00 4585.21 
10.00 4584.89 
15.00 4584.22 
20.00 4583.84 
25.00 4583.08 
30.00 4582.45 
35.00 4582.04 
40.00 4581.68 
45.00 4581.37 
50.00 4580.81 
55.00 4580.37 
60.00 4580.36 
65.00 4579.81 
70.00 4579.54 
75.00 4579.08 
80.00 4578.78 
85.00 4578.33 
90.00 4577.86 
95.00 4576.99 
100.00 4576.12 
105.00 4575.38 
110.00 4574.48 
115.00 4573.93 
120.00 4572.93 
125.00 4572.11 
130.00 4571.64 
135.00 4571.11 
140.00 4570.11 
145.00 4569.62 
150.00 4569.14 
155.00 4568.41 
160.00 4568.00 
165.00 4567.50 
170.00 4567.22 
175.00 4566.96 
180.00 4566.69 
185.00 4566.64 
190.00 4566.48 
195.00 4566.25 
200.00 4566.07 
205.00 4565.93 
210.00 4565.83 
215.00 4565.86 
220.00 4565.99 
225.00 4566.25 
230.00 4566.48 
235.00 4566.67 
240.00 4567.58 
245.00 4568.05 
250.00 4568.49 
255.00 4569.37 
260.00 4570.58 
265.00 4572.03 
270.00 4572.88 
275.00 4573.45 
280.00 4573.37 
285.00 4572.73 
290.00 4574.20 
295.00 4574.66 
300.00 4578.13 
305.00 4578.81 
310.00 4578.30 
315.00 4581.24 
320.00 4583.77 
325.00 4581.51 
330.00 4583.54 
335.00 4584.59 
340.00 4583.54 
345.00 4583.56 
350.00 4584.51 
355.00 4585.94 
1516 	 # Number of measurements 
# a b m n rhoa err
1 2 3 4 536.87 0.040 
1 2 4 5 1048.92 0.040 
1 2 5 6 1294.95 0.040 
1 2 6 7 1373.41 0.040 
1 2 7 8 1564.97 0.040 
1 2 8 9 1407.33 0.040 
1 2 9 10 1565.45 0.040 
1 2 10 11 1835.23 0.040 
1 2 11 12 2196.06 0.040 
1 2 12 13 2377.63 0.040 
1 2 13 14 2333.62 0.040 
1 2 14 15 1589.85 0.040 
1 2 15 16 2376.15 0.040 
1 2 16 17 3290.45 0.040 
1 2 17 18 3594.51 0.040 
1 2 18 19 4237.80 0.040 
1 2 19 20 4801.92 0.040 
1 2 20 21 5365.80 0.040 
1 2 21 22 6707.93 0.040 
1 2 22 23 5466.66 0.040 
1 2 23 24 6006.75 0.040 
1 2 24 25 7558.43 0.040 
1 2 25 26 5370.15 0.040 
1 2 26 27 5828.47 0.040 
1 2 27 28 7422.25 0.040 
1 2 28 29 5661.59 0.040 
1 2 29 30 6147.05 0.040 
1 2 30 31 4300.79 0.040 
1 2 31 32 3365.84 0.040 
1 2 32 33 3478.64 0.040 
1 2 33 34 4083.02 0.040 
1 2 34 35 3362.84 0.040 
1 2 35 36 3268.32 0.040 
1 2 36 37 3012.14 0.040 
1 2 37 38 2912.64 0.040 
1 2 38 39 3954.13 0.040 
1 2 39 40 3710.45 0.040 
1 2 40 41 2931.70 0.040 
1 2 41 42 2830.44 0.040 
1 2 42 43 2510.68 0.040 
1 2 43 44 2892.37 0.040 
1 2 44 45 2486.35 0.040 
1 2 45 46 4215.87 0.040 
1 2 46 47 949.78 0.040 
1 2 47 48 6845.96 0.040 
2 3 4 5 657.28 0.040 
2 3 5 6 941.99 0.040 
2 3 6 7 1089.75 0.040 
2 3 7 8 1324.62 0.040 
2 3 8 9 1223.14 0.040 
2 3 9 10 1345.41 0.040 
2 3 10 11 1663.34 0.040 
2 3 11 12 1974.87 0.040 
2 3 12 13 1951.05 0.040 
2 3 13 14 1998.28 0.040 
2 3 14 15 1918.41 0.040 
2 3 15 16 2281.73 0.040 
2 3 16 17 3091.03 0.040 
2 3 17 18 3358.09 0.040 
2 3 18 19 3930.28 0.040 
2 3 19 20 4515.71 0.040 
2 3 20 21 5241.97 0.040 
2 3 21 22 5980.00 0.040 
2 3 22 23 5768.27 0.040 
2 3 23 24 6193.98 0.040 
2 3 24 25 7702.42 0.040 
2 3 25 26 5370.80 0.040 
2 3 26 27 5907.69 0.040 
2 3 27 28 6607.99 0.040 
2 3 28 29 6631.24 0.040 
2 3 29 30 6174.94 0.040 
2 3 30 31 4593.23 0.040 
2 3 31 32 3499.47 0.040 
2 3 32 33 3560.65 0.040 
2 3 33 34 3929.21 0.040 
2 3 34 35 3592.12 0.040 
2 3 35 36 3279.95 0.040 
2 3 36 37 2684.03 0.040 
2 3 37 38 3221.70 0.040 
2 3 38 39 4458.60 0.040 
2 3 39 40 3800.00 0.040 
2 3 40 41 2870.35 0.040 
2 3 41 42 2698.67 0.040 
2 3 42 43 2911.40 0.040 
2 3 43 44 2822.30 0.040 
2 3 44 45 2025.18 0.040 
2 3 45 46 2714.10 0.040 
2 3 46 47 2131.91 0.040 
2 3 47 48 2903.59 0.040 
3 4 5 6 560.68 0.040 
3 4 6 7 777.40 0.040 
3 4 7 8 1025.46 0.040 
3 4 8 9 989.86 0.040 
3 4 9 10 1123.52 0.040 
3 4 10 11 1391.55 0.040 
3 4 11 12 1701.42 0.040 
3 4 12 13 1704.35 0.040 
3 4 13 14 1770.26 0.040 
3 4 14 15 1708.74 0.040 
3 4 15 16 1948.04 0.040 
3 4 16 17 2722.94 0.040 
3 4 17 18 2986.82 0.040 
3 4 18 19 3563.63 0.040 
3 4 19 20 4081.04 0.040 
3 4 20 21 4671.47 0.040 
3 4 21 22 5756.43 0.040 
3 4 22 23 5047.54 0.040 
3 4 23 24 5452.78 0.040 
3 4 24 25 6975.47 0.040 
3 4 25 26 4845.57 0.040 
3 4 26 27 5410.76 0.040 
3 4 27 28 6704.83 0.040 
3 4 28 29 5545.74 0.040 
3 4 29 30 5831.47 0.040 
3 4 30 31 4175.51 0.040 
3 4 31 32 3188.75 0.040 
3 4 32 33 3283.35 0.040 
3 4 33 34 3978.74 0.040 
3 4 34 35 3391.19 0.040 
3 4 35 36 3106.26 0.040 
3 4 36 37 2728.92 0.040 
3 4 37 38 2986.83 0.040 
3 4 38 39 3259.23 0.040 
3 4 39 40 3743.96 0.040 
3 4 40 41 2781.45 0.040 
3 4 41 42 2785.14 0.040 
3 4 42 43 2760.40 0.040 
3 4 43 44 2976.12 0.040 
3 4 44 45 1750.66 0.040 
3 4 45 46 3766.66 0.040 
3 4 46 47 1515.90 0.040 
3 4 47 48 5773.40 0.040 
4 5 6 7 695.18 0.040 
4 5 7 8 1057.10 0.040 
4 5 8 9 1097.66 0.040 
4 5 9 10 1307.71 0.040 
4 5 10 11 1692.50 0.040 
4 5 11 12 2060.92 0.040 
4 5 12 13 2098.39 0.040 
4 5 13 14 2216.20 0.040 
4 5 14 15 2199.01 0.040 
4 5 15 16 2549.43 0.040 
4 5 16 17 3492.95 0.040 
4 5 17 18 3825.74 0.040 
4 5 18 19 4461.75 0.040 
4 5 19 20 5120.80 0.040 
4 5 20 21 5921.74 0.040 
4 5 21 22 6808.49 0.040 
4 5 22 23 6660.20 0.040 
4 5 23 24 7003.46 0.040 
4 5 24 25 9132.87 0.040 
4 5 25 26 6201.96 0.040 
4 5 26 27 6929.12 0.040 
4 5 27 28 7712.01 0.040 
4 5 28 29 7920.32 0.040 
4 5 29 30 7175.44 0.040 
4 5 30 31 5468.81 0.040 
4 5 31 32 4263.39 0.040 
4 5 32 33 4414.26 0.040 
4 5 33 34 4905.17 0.040 
4 5 34 35 4768.76 0.040 
4 5 35 36 3843.93 0.040 
4 5 36 37 3362.48 0.040 
4 5 37 38 4303.66 0.040 
4 5 38 39 4928.72 0.040 
4 5 39 40 4720.51 0.040 
4 5 40 41 3895.08 0.040 
4 5 41 42 3460.33 0.040 
4 5 42 43 3748.20 0.040 
4 5 43 44 3602.33 0.040 
4 5 44 45 2918.12 0.040 
4 5 45 46 3663.34 0.040 
4 5 46 47 2953.42 0.040 
4 5 47 48 3622.44 0.040 
5 6 7 8 647.67 0.040 
5 6 8 9 789.43 0.040 
5 6 9 10 1003.52 0.040 
5 6 10 11 1350.35 0.040 
5 6 11 12 1724.10 0.040 
5 6 12 13 1796.38 0.040 
5 6 13 14 1876.17 0.040 
5 6 14 15 1958.82 0.040 
5 6 15 16 2138.49 0.040 
5 6 16 17 3148.58 0.040 
5 6 17 18 3307.93 0.040 
5 6 18 19 4182.72 0.040 
5 6 19 20 4519.96 0.040 
5 6 20 21 5663.45 0.040 
5 6 21 22 6329.70 0.040 
5 6 22 23 6423.86 0.040 
5 6 23 24 6347.37 0.040 
5 6 24 25 8860.68 0.040 
5 6 25 26 5427.32 0.040 
5 6 26 27 7146.89 0.040 
5 6 27 28 7203.14 0.040 
5 6 28 29 7950.01 0.040 
5 6 29 30 6404.97 0.040 
5 6 30 31 6050.91 0.040 
5 6 31 32 3016.90 0.040 
5 6 32 33 4626.31 0.040 
5 6 33 34 4415.87 0.040 
5 6 34 35 5740.45 0.040 
5 6 35 36 3608.11 0.040 
5 6 36 37 4172.16 0.040 
5 6 37 38 625.68 0.040 
5 6 38 39 8236.98 0.040 
5 6 39 40 3497.94 0.040 
5 6 40 41 5088.06 0.040 
5 6 41 42 1185.75 0.040 
5 6 42 43 5901.01 0.040 
5 6 43 44 2676.31 0.040 
5 6 44 45 6802.22 0.040 
5 6 45 46 1086.50 0.040 
5 6 46 47 6436.52 0.040 
5 6 47 48 1572.07 0.040 
6 7 8 9 413.04 0.040 
6 7 9 10 623.07 0.040 
6 7 10 11 910.54 0.040 
6 7 11 12 1226.66 0.040 
6 7 12 13 1315.65 0.040 
6 7 13 14 1419.71 0.040 
6 7 14 15 1458.51 0.040 
6 7 15 16 1698.98 0.040 
6 7 16 17 2400.11 0.040 
6 7 17 18 2661.58 0.040 
6 7 18 19 3181.70 0.040 
6 7 19 20 3692.07 0.040 
6 7 20 21 4391.76 0.040 
6 7 21 22 5115.75 0.040 
6 7 22 23 5084.24 0.040 
6 7 23 24 5423.84 0.040 
6 7 24 25 7109.70 0.040 
6 7 25 26 4842.35 0.040 
6 7 26 27 5500.37 0.040 
6 7 27 28 6118.50 0.040 
6 7 28 29 6410.75 0.040 
6 7 29 30 5839.83 0.040 
6 7 30 31 4506.43 0.040 
6 7 31 32 3400.73 0.040 
6 7 32 33 3542.47 0.040 
6 7 33 34 4012.60 0.040 
6 7 34 35 3733.87 0.040 
6 7 35 36 3154.08 0.040 
6 7 36 37 3123.18 0.040 
6 7 37 38 3650.06 0.040 
6 7 38 39 4461.57 0.040 
6 7 39 40 3992.36 0.040 
6 7 40 41 3208.39 0.040 
6 7 41 42 3014.04 0.040 
6 7 42 43 3175.09 0.040 
6 7 43 44 3217.69 0.040 
6 7 44 45 2242.73 0.040 
6 7 45 46 3095.38 0.040 
6 7 46 47 2614.48 0.040 
6 7 47 48 3128.97 0.040 
7 8 9 10 388.76 0.040 
7 8 10 11 648.70 0.040 
7 8 11 12 939.35 0.040 
7 8 12 13 1059.30 0.040 
7 8 13 14 1188.65 0.040 
7 8 14 15 1265.91 0.040 
7 8 15 16 1454.63 0.040 
7 8 16 17 2082.02 0.040 
7 8 17 18 2337.40 0.040 
7 8 18 19 2782.45 0.040 
7 8 19 20 3233.24 0.040 
7 8 20 21 3777.50 0.040 
7 8 21 22 4630.08 0.040 
7 8 22 23 4264.36 0.040 
7 8 23 24 4634.46 0.040 
7 8 24 25 6165.14 0.040 
7 8 25 26 4249.25 0.040 
7 8 26 27 4894.66 0.040 
7 8 27 28 5849.14 0.040 
7 8 28 29 5135.53 0.040 
7 8 29 30 5152.54 0.040 
7 8 30 31 3884.82 0.040 
7 8 31 32 3098.36 0.040 
7 8 32 33 3234.33 0.040 
7 8 33 34 3691.03 0.040 
7 8 34 35 3605.38 0.040 
7 8 35 36 2452.87 0.040 
7 8 36 37 3098.07 0.040 
7 8 37 38 2192.00 0.040 
7 8 38 39 4687.72 0.040 
7 8 39 40 3318.36 0.040 
7 8 40 41 3275.63 0.040 
7 8 41 42 2716.30 0.040 
7 8 42 43 2963.33 0.040 
7 8 43 44 2907.54 0.040 
7 8 44 45 2562.90 0.040 
7 8 45 46 3787.38 0.040 
7 8 46 47 2097.43 0.040 
7 8 47 48 5488.66 0.040 
8 9 10 11 350.04 0.040 
8 9 11 12 593.85 0.040 
8 9 12 13 717.48 0.040 
8 9 13 14 834.62 0.040 
8 9 14 15 906.99 0.040 
8 9 15 16 1058.87 0.040 
8 9 16 17 1543.31 0.040 
8 9 17 18 1735.32 0.040 
8 9 18 19 2096.70 0.040 
8 9 19 20 2423.08 0.040 
8 9 20 21 2914.07 0.040 
8 9 21 22 3418.86 0.040 
8 9 22 23 3454.83 0.040 
8 9 23 24 3585.39 0.040 
8 9 24 25 5015.70 0.040 
8 9 25 26 3333.74 0.040 
8 9 26 27 3892.56 0.040 
8 9 27 28 4281.61 0.040 
8 9 28 29 4537.54 0.040 
8 9 29 30 4032.22 0.040 
8 9 30 31 3206.83 0.040 
8 9 31 32 2516.95 0.040 
8 9 32 33 2656.40 0.040 
8 9 33 34 2944.65 0.040 
8 9 34 35 2920.41 0.040 
8 9 35 36 2412.41 0.040 
8 9 36 37 2351.03 0.040 
8 9 37 38 2681.88 0.040 
8 9 38 39 3197.79 0.040 
8 9 39 40 2965.71 0.040 
8 9 40 41 2555.11 0.040 
8 9 41 42 2346.63 0.040 
8 9 42 43 2549.18 0.040 
8 9 43 44 2377.97 0.040 
8 9 44 45 2438.00 0.040 
8 9 45 46 2430.13 0.040 
8 9 46 47 2685.14 0.040 
8 9 47 48 2205.33 0.040 
9 10 11 12 350.69 0.040 
9 10 12 13 504.13 0.040 
9 10 13 14 642.12 0.040 
9 10 14 15 723.76 0.040 
9 10 15 16 863.07 0.040 
9 10 16 17 1288.16 0.040 
9 10 17 18 1475.35 0.040 
9 10 18 19 1808.43 0.040 
9 10 19 20 2121.64 0.040 
9 10 20 21 2598.17 0.040 
9 10 21 22 3051.89 0.040 
9 10 22 23 3182.09 0.040 
9 10 23 24 3318.93 0.040 
9 10 24 25 4653.12 0.040 
9 10 25 26 3087.07 0.040 
9 10 26 27 3651.17 0.040 
9 10 27 28 3964.72 0.040 
9 10 28 29 4378.56 0.040 
9 10 29 30 3833.28 0.040 
9 10 30 31 3066.99 0.040 
9 10 31 32 2350.98 0.040 
9 10 32 33 2539.34 0.040 
9 10 33 34 2829.85 0.040 
9 10 34 35 2798.98 0.040 
9 10 35 36 2255.57 0.040 
9 10 36 37 2233.28 0.040 
9 10 37 38 2622.49 0.040 
9 10 38 39 3060.57 0.040 
9 10 39 40 2843.77 0.040 
9 10 40 41 2486.81 0.040 
9 10 41 42 2214.01 0.040 
9 10 42 43 2428.33 0.040 
9 10 43 44 2268.17 0.040 
9 10 44 45 2306.63 0.040 
9 10 45 46 2274.27 0.040 
9 10 46 47 2671.00 0.040 
9 10 47 48 1747.51 0.040 
10 11 12 13 340.04 0.040 
10 11 13 14 526.63 0.040 
10 11 14 15 640.96 0.040 
10 11 15 16 785.42 0.040 
10 11 16 17 1208.95 0.040 
10 11 17 18 1413.67 0.040 
10 11 18 19 1758.00 0.040 
10 11 19 20 2076.64 0.040 
10 11 20 21 2563.41 0.040 
10 11 21 22 3067.31 0.040 
10 11 22 23 3173.27 0.040 
10 11 23 24 3329.17 0.040 
10 11 24 25 4757.50 0.040 
10 11 25 26 3139.36 0.040 
10 11 26 27 3768.61 0.040 
10 11 27 28 4144.28 0.040 
10 11 28 29 4465.48 0.040 
10 11 29 30 3943.02 0.040 
10 11 30 31 3210.41 0.040 
10 11 31 32 2524.18 0.040 
10 11 32 33 2663.23 0.040 
10 11 33 34 2960.39 0.040 
10 11 34 35 2908.96 0.040 
10 11 35 36 2580.05 0.040 
10 11 36 37 2464.14 0.040 
10 11 37 38 2760.80 0.040 
10 11 38 39 3258.30 0.040 
10 11 39 40 3081.21 0.040 
10 11 40 41 2666.44 0.040 
10 11 41 42 2370.30 0.040 
10 11 42 43 2649.42 0.040 
10 11 43 44 2561.12 0.040 
10 11 44 45 2586.61 0.040 
10 11 45 46 2525.39 0.040 
10 11 46 47 3129.92 0.040 
10 11 47 48 2150.06 0.040 
11 12 13 14 351.89 0.040 
11 12 14 15 509.83 0.040 
11 12 15 16 670.99 0.040 
11 12 16 17 1065.39 0.040 
11 12 17 18 1298.98 0.040 
11 12 18 19 1602.12 0.040 
11 12 19 20 1945.22 0.040 
11 12 20 21 2361.41 0.040 
11 12 21 22 2881.49 0.040 
11 12 22 23 2949.06 0.040 
11 12 23 24 3190.06 0.040 
11 12 24 25 4509.17 0.040 
11 12 25 26 3119.58 0.040 
11 12 26 27 3582.35 0.040 
11 12 27 28 4093.65 0.040 
11 12 28 29 4212.54 0.040 
11 12 29 30 3823.97 0.040 
11 12 30 31 3067.13 0.040 
11 12 31 32 2446.80 0.040 
11 12 32 33 2632.66 0.040 
11 12 33 34 2939.58 0.040 
11 12 34 35 2941.96 0.040 
11 12 35 36 2453.10 0.040 
11 12 36 37 2391.43 0.040 
11 12 37 38 2473.81 0.040 
11 12 38 39 3554.93 0.040 
11 12 39 40 3087.90 0.040 
11 12 40 41 2685.37 0.040 
11 12 41 42 2449.87 0.040 
11 12 42 43 2733.82 0.040 
11 12 43 44 2539.40 0.040 
11 12 44 45 2641.88 0.040 
11 12 45 46 2886.71 0.040 
11 12 46 47 2580.62 0.040 
11 12 47 48 3142.12 0.040 
12 13 14 15 317.39 0.040 
12 13 15 16 472.02 0.040 
12 13 16 17 798.51 0.040 
12 13 17 18 1021.81 0.040 
12 13 18 19 1282.31 0.040 
12 13 19 20 1588.23 0.040 
12 13 20 21 1953.98 0.040 
12 13 21 22 2391.74 0.040 
12 13 22 23 2512.53 0.040 
12 13 23 24 2729.88 0.040 
12 13 24 25 3922.61 0.040 
12 13 25 26 2706.61 0.040 
12 13 26 27 3144.12 0.040 
12 13 27 28 3546.61 0.040 
12 13 28 29 3791.42 0.040 
12 13 29 30 3360.46 0.040 
12 13 30 31 2749.45 0.040 
12 13 31 32 2172.08 0.040 
12 13 32 33 2353.28 0.040 
12 13 33 34 2622.47 0.040 
12 13 34 35 2658.98 0.040 
12 13 35 36 2229.24 0.040 
12 13 36 37 2151.01 0.040 
12 13 37 38 2475.88 0.040 
12 13 38 39 3033.42 0.040 
12 13 39 40 2846.96 0.040 
12 13 40 41 2478.71 0.040 
12 13 41 42 2302.83 0.040 
12 13 42 43 2551.11 0.040 
12 13 43 44 2401.18 0.040 
12 13 44 45 2366.40 0.040 
12 13 45 46 2526.42 0.040 
12 13 46 47 2652.91 0.040 
12 13 47 48 2378.78 0.040 
13 14 15 16 293.73 0.040 
13 14 16 17 570.84 0.040 
13 14 17 18 792.42 0.040 
13 14 18 19 1031.33 0.040 
13 14 19 20 1319.19 0.040 
13 14 20 21 1650.87 0.040 
13 14 21 22 2058.40 0.040 
13 14 22 23 2202.42 0.040 
13 14 23 24 2436.98 0.040 
13 14 24 25 3517.71 0.040 
13 14 25 26 2435.33 0.040 
13 14 26 27 2864.20 0.040 
13 14 27 28 3249.61 0.040 
13 14 28 29 3510.60 0.040 
13 14 29 30 3129.72 0.040 
13 14 30 31 2556.62 0.040 
13 14 31 32 2053.80 0.040 
13 14 32 33 2193.82 0.040 
13 14 33 34 2468.76 0.040 
13 14 34 35 2486.94 0.040 
13 14 35 36 2099.62 0.040 
13 14 36 37 2145.03 0.040 
13 14 37 38 2321.33 0.040 
13 14 38 39 2887.55 0.040 
13 14 39 40 2703.50 0.040 
13 14 40 41 2340.02 0.040 
13 14 41 42 2179.36 0.040 
13 14 42 43 2387.62 0.040 
13 14 43 44 2265.69 0.040 
13 14 44 45 2252.96 0.040 
13 14 45 46 2432.91 0.040 
13 14 46 47 2416.68 0.040 
13 14 47 48 2200.54 0.040 
14 15 16 17 357.56 0.040 
14 15 17 18 594.39 0.040 
14 15 18 19 821.18 0.040 
14 15 19 20 1099.99 0.040 
14 15 20 21 1391.97 0.040 
14 15 21 22 1768.01 0.040 
14 15 22 23 1771.01 0.040 
14 15 23 24 2226.03 0.040 
14 15 24 25 3290.27 0.040 
14 15 25 26 2205.32 0.040 
14 15 26 27 2620.01 0.040 
14 15 27 28 2937.16 0.040 
14 15 28 29 3200.42 0.040 
14 15 29 30 2822.30 0.040 
14 15 30 31 2341.52 0.040 
14 15 31 32 1904.34 0.040 
14 15 32 33 2055.08 0.040 
14 15 33 34 2298.36 0.040 
14 15 34 35 2348.33 0.040 
14 15 35 36 1991.60 0.040 
14 15 36 37 2011.08 0.040 
14 15 37 38 2235.29 0.040 
14 15 38 39 2684.39 0.040 
14 15 39 40 2567.54 0.040 
14 15 40 41 2273.96 0.040 
14 15 41 42 2099.65 0.040 
14 15 42 43 2304.11 0.040 
14 15 43 44 2218.97 0.040 
14 15 44 45 2129.32 0.040 
14 15 45 46 2347.39 0.040 
14 15 46 47 2583.05 0.040 
14 15 47 48 2014.65 0.040 
15 16 17 18 398.51 0.040 
15 16 18 19 645.94 0.040 
15 16 19 20 942.07 0.040 
15 16 20 21 1243.06 0.040 
15 16 21 22 1643.41 0.040 
15 16 22 23 1898.04 0.040 
15 16 23 24 1995.05 0.040 
15 16 24 25 3019.08 0.040 
15 16 25 26 2209.43 0.040 
15 16 26 27 2621.25 0.040 
15 16 27 28 3099.24 0.040 
15 16 28 29 3224.44 0.040 
15 16 29 30 3000.02 0.040 
15 16 30 31 2428.70 0.040 
15 16 31 32 1993.93 0.040 
15 16 32 33 2125.01 0.040 
15 16 33 34 2422.60 0.040 
15 16 34 35 2482.49 0.040 
15 16 35 36 2126.68 0.040 
15 16 36 37 2052.90 0.040 
15 16 37 38 2439.11 0.040 
15 16 38 39 2788.50 0.040 
15 16 39 40 2738.36 0.040 
15 16 40 41 2345.96 0.040 
15 16 41 42 2292.62 0.040 
15 16 42 43 2422.66 0.040 
15 16 43 44 2431.94 0.040 
15 16 44 45 2164.58 0.040 
15 16 45 46 2759.41 0.040 
15 16 46 47 2421.35 0.040 
15 16 47 48 3309.47 0.040 
16 17 18 19 514.21 0.040 
16 17 19 20 907.45 0.040 
16 17 20 21 1279.14 0.040 
16 17 21 22 1764.12 0.040 
16 17 22 23 2018.34 0.040 
16 17 23 24 2390.05 0.040 
16 17 24 25 3659.96 0.040 
16 17 25 26 2654.39 0.040 
16 17 26 27 3196.65 0.040 
16 17 27 28 3757.45 0.040 
16 17 28 29 4107.45 0.040 
16 17 29 30 3722.90 0.040 
16 17 30 31 3102.73 0.040 
16 17 31 32 2551.75 0.040 
16 17 32 33 2757.77 0.040 
16 17 33 34 3104.22 0.040 
16 17 34 35 3209.84 0.040 
16 17 35 36 2750.16 0.040 
16 17 36 37 2693.54 0.040 
16 17 37 38 3140.51 0.040 
16 17 38 39 3746.37 0.040 
16 17 39 40 3591.53 0.040 
16 17 40 41 3176.98 0.040 
16 17 41 42 3019.86 0.040 
16 17 42 43 3316.57 0.040 
16 17 43 44 3211.01 0.040 
16 17 44 45 3277.25 0.040 
16 17 45 46 3352.76 0.040 
16 17 46 47 3629.71 0.040 
16 17 47 48 3330.59 0.040 
17 18 19 20 570.00 0.040 
17 18 20 21 920.13 0.040 
17 18 21 22 1379.69 0.040 
17 18 22 23 1658.59 0.040 
17 18 23 24 2042.80 0.040 
17 18 24 25 3220.13 0.040 
17 18 25 26 2376.49 0.040 
17 18 26 27 2961.82 0.040 
17 18 27 28 3557.24 0.040 
17 18 28 29 3939.36 0.040 
17 18 29 30 3679.73 0.040 
17 18 30 31 3049.04 0.040 
17 18 31 32 2513.80 0.040 
17 18 32 33 2707.96 0.040 
17 18 33 34 3122.61 0.040 
17 18 34 35 3198.52 0.040 
17 18 35 36 2816.03 0.040 
17 18 36 37 2720.33 0.040 
17 18 37 38 3281.48 0.040 
17 18 38 39 3749.45 0.040 
17 18 39 40 3699.24 0.040 
17 18 40 41 3255.90 0.040 
17 18 41 42 3136.71 0.040 
17 18 42 43 3371.86 0.040 
17 18 43 44 3396.39 0.040 
17 18 44 45 3296.31 0.040 
17 18 45 46 3608.22 0.040 
17 18 46 47 3737.66 0.040 
17 18 47 48 3658.86 0.040 
18 19 20 21 630.41 0.040 
18 19 21 22 1086.50 0.040 
18 19 22 23 1391.18 0.040 
18 19 23 24 1805.61 0.040 
18 19 24 25 2962.78 0.040 
18 19 25 26 2274.01 0.040 
18 19 26 27 2884.75 0.040 
18 19 27 28 3554.90 0.040 
18 19 28 29 4008.78 0.040 
18 19 29 30 3768.78 0.040 
18 19 30 31 3190.92 0.040 
18 19 31 32 2659.13 0.040 
18 19 32 33 2921.49 0.040 
18 19 33 34 3356.67 0.040 
18 19 34 35 3509.67 0.040 
18 19 35 36 3031.16 0.040 
18 19 36 37 3011.23 0.040 
18 19 37 38 3570.59 0.040 
18 19 38 39 4290.13 0.040 
18 19 39 40 4100.23 0.040 
18 19 40 41 3673.90 0.040 
18 19 41 42 3504.58 0.040 
18 19 42 43 3875.04 0.040 
18 19 43 44 3813.10 0.040 
18 19 44 45 3831.69 0.040 
18 19 45 46 4083.54 0.040 
18 19 46 47 4362.98 0.040 
18 19 47 48 4119.38 0.040 
19 20 21 22 691.00 0.040 
19 20 22 23 993.57 0.040 
19 20 23 24 1377.74 0.040 
19 20 24 25 2370.53 0.040 
19 20 25 26 1883.35 0.040 
19 20 26 27 2497.14 0.040 
19 20 27 28 3179.49 0.040 
19 20 28 29 3686.06 0.040 
19 20 29 30 3565.91 0.040 
19 20 30 31 3050.44 0.040 
19 20 31 32 2556.61 0.040 
19 20 32 33 2840.22 0.040 
19 20 33 34 3313.30 0.040 
19 20 34 35 3485.69 0.040 
19 20 35 36 3028.80 0.040 
19 20 36 37 3020.11 0.040 
19 20 37 38 3519.06 0.040 
19 20 38 39 4387.64 0.040 
19 20 39 40 4261.04 0.040 
19 20 40 41 3793.08 0.040 
19 20 41 42 3679.25 0.040 
19 20 42 43 4060.29 0.040 
19 20 43 44 3897.21 0.040 
19 20 44 45 3914.42 0.040 
19 20 45 46 4254.79 0.040 
19 20 46 47 4531.52 0.040 
19 20 47 48 4396.49 0.040 
20 21 22 23 739.36 0.040 
20 21 23 24 1084.27 0.040 
20 21 24 25 1946.34 0.040 
20 21 25 26 1617.57 0.040 
20 21 26 27 2210.55 0.040 
20 21 27 28 2915.94 0.040 
20 21 28 29 3469.49 0.040 
20 21 29 30 3401.96 0.040 
20 21 30 31 2983.28 0.040 
20 21 31 32 2567.14 0.040 
20 21 32 33 2879.64 0.040 
20 21 33 34 3406.09 0.040 
20 21 34 35 3623.95 0.040 
20 21 35 36 3170.26 0.040 
20 21 36 37 3221.57 0.040 
20 21 37 38 3833.04 0.040 
20 21 38 39 4630.41 0.040 
20 21 39 40 4567.56 0.040 
20 21 40 41 4159.22 0.040 
20 21 41 42 3999.64 0.040 
20 21 42 43 4478.51 0.040 
20 21 43 44 4355.25 0.040 
20 21 44 45 4436.23 0.040 
20 21 45 46 4647.40 0.040 
20 21 46 47 5309.74 0.040 
20 21 47 48 4666.56 0.040 
21 22 23 24 739.36 0.040 
21 22 24 25 1462.12 0.040 
21 22 25 26 1277.66 0.040 
21 22 26 27 1822.27 0.040 
21 22 27 28 2525.65 0.040 
21 22 28 29 3088.80 0.040 
21 22 29 30 3106.15 0.040 
21 22 30 31 2780.43 0.040 
21 22 31 32 2429.47 0.040 
21 22 32 33 2778.98 0.040 
21 22 33 34 3334.36 0.040 
21 22 34 35 3598.67 0.040 
21 22 35 36 3180.57 0.040 
21 22 36 37 3263.29 0.040 
21 22 37 38 3962.02 0.040 
21 22 38 39 4870.27 0.040 
21 22 39 40 4751.66 0.040 
21 22 40 41 4317.06 0.040 
21 22 41 42 4214.35 0.040 
21 22 42 43 4641.37 0.040 
21 22 43 44 4701.22 0.040 
21 22 44 45 4719.29 0.040 
21 22 45 46 5177.16 0.040 
21 22 46 47 5449.47 0.040 
21 22 47 48 5266.87 0.040 
22 23 24 25 828.05 0.040 
22 23 25 26 806.66 0.040 
22 23 26 27 1230.46 0.040 
22 23 27 28 1818.58 0.040 
22 23 28 29 2297.71 0.040 
22 23 29 30 2351.85 0.040 
22 23 30 31 2164.92 0.040 
22 23 31 32 1933.44 0.040 
22 23 32 33 2246.76 0.040 
22 23 33 34 2729.83 0.040 
22 23 34 35 2973.90 0.040 
22 23 35 36 2697.05 0.040 
22 23 36 37 2785.99 0.040 
22 23 37 38 3350.38 0.040 
22 23 38 39 4212.45 0.040 
22 23 39 40 4102.34 0.040 
22 23 40 41 3721.73 0.040 
22 23 41 42 3676.28 0.040 
22 23 42 43 4161.05 0.040 
22 23 43 44 4161.76 0.040 
22 23 44 45 4159.46 0.040 
22 23 45 46 4605.52 0.040 
22 23 46 47 4742.95 0.040 
22 23 47 48 4930.79 0.040 
23 24 25 26 431.74 0.040 
23 24 26 27 788.79 0.040 
23 24 27 28 1297.29 0.040 
23 24 28 29 1706.82 0.040 
23 24 29 30 1763.81 0.040 
23 24 30 31 1685.26 0.040 
23 24 31 32 1548.02 0.040 
23 24 32 33 1837.89 0.040 
23 24 33 34 2265.40 0.040 
23 24 34 35 2510.17 0.040 
23 24 35 36 2272.58 0.040 
23 24 36 37 2400.87 0.040 
23 24 37 38 2844.39 0.040 
23 24 38 39 3549.38 0.040 
23 24 39 40 3597.91 0.040 
23 24 40 41 3307.41 0.040 
23 24 41 42 3272.87 0.040 
23 24 42 43 3658.41 0.040 
23 24 43 44 3741.69 0.040 
23 24 44 45 3644.39 0.040 
23 24 45 46 4386.72 0.040 
23 24 46 47 4102.29 0.040 
23 24 47 48 4855.06 0.040 
24 25 26 27 744.56 0.040 
24 25 27 28 1441.09 0.040 
24 25 28 29 2007.95 0.040 
24 25 29 30 2057.34 0.040 
24 25 30 31 2017.51 0.040 
24 25 31 32 1873.19 0.040 
24 25 32 33 2230.17 0.040 
24 25 33 34 2764.94 0.040 
24 25 34 35 3048.66 0.040 
24 25 35 36 2805.75 0.040 
24 25 36 37 2905.43 0.040 
24 25 37 38 3564.55 0.040 
24 25 38 39 4451.64 0.040 
24 25 39 40 4510.17 0.040 
24 25 40 41 4136.52 0.040 
24 25 41 42 4111.94 0.040 
24 25 42 43 4682.50 0.040 
24 25 43 44 4667.34 0.040 
24 25 44 45 4667.17 0.040 
24 25 45 46 5115.47 0.040 
24 25 46 47 5221.37 0.040 
24 25 47 48 6838.21 0.040 
25 26 27 28 654.02 0.040 
25 26 28 29 1040.76 0.040 
25 26 29 30 1175.32 0.040 
25 26 30 31 1174.51 0.040 
25 26 31 32 1098.72 0.040 
25 26 32 33 1305.07 0.040 
25 26 33 34 1664.65 0.040 
25 26 34 35 1825.43 0.040 
25 26 35 36 1710.46 0.040 
25 26 36 37 1789.85 0.040 
25 26 37 38 2132.77 0.040 
25 26 38 39 2673.57 0.040 
25 26 39 40 2767.17 0.040 
25 26 40 41 2527.85 0.040 
25 26 41 42 2525.89 0.040 
25 26 42 43 2797.05 0.040 
25 26 43 44 2933.71 0.040 
25 26 44 45 3018.66 0.040 
25 26 45 46 3699.62 0.040 
25 26 46 47 3575.34 0.040 
25 26 47 48 3536.05 0.040 
26 27 28 29 806.32 0.040 
26 27 29 30 994.74 0.040 
26 27 30 31 1095.64 0.040 
26 27 31 32 1084.49 0.040 
26 27 32 33 1331.10 0.040 
26 27 33 34 1692.43 0.040 
26 27 34 35 1918.55 0.040 
26 27 35 36 1801.58 0.040 
26 27 36 37 1882.69 0.040 
26 27 37 38 2286.46 0.040 
26 27 38 39 2900.38 0.040 
26 27 39 40 2938.84 0.040 
26 27 40 41 2743.78 0.040 
26 27 41 42 2767.88 0.040 
26 27 42 43 3149.50 0.040 
26 27 43 44 3160.74 0.040 
26 27 44 45 3256.79 0.040 
26 27 45 46 3566.18 0.040 
26 27 46 47 3715.96 0.040 
26 27 47 48 4364.91 0.040 
27 28 29 30 622.34 0.040 
27 28 30 31 825.69 0.040 
27 28 31 32 875.50 0.040 
27 28 32 33 1121.48 0.040 
27 28 33 34 1505.05 0.040 
27 28 34 35 1735.43 0.040 
27 28 35 36 1660.58 0.040 
27 28 36 37 1779.83 0.040 
27 28 37 38 2135.66 0.040 
27 28 38 39 2765.81 0.040 
27 28 39 40 2817.21 0.040 
27 28 40 41 2642.24 0.040 
27 28 41 42 2658.87 0.040 
27 28 42 43 3042.65 0.040 
27 28 43 44 3049.28 0.040 
27 28 44 45 3153.15 0.040 
27 28 45 46 3461.70 0.040 
27 28 46 47 3788.01 0.040 
27 28 47 48 3942.54 0.040 
28 29 30 31 526.89 0.040 
28 29 31 32 661.90 0.040 
28 29 32 33 913.34 0.040 
28 29 33 34 1293.93 0.040 
28 29 34 35 1534.02 0.040 
28 29 35 36 1518.33 0.040 
28 29 36 37 1641.25 0.040 
28 29 37 38 1961.27 0.040 
28 29 38 39 2598.51 0.040 
28 29 39 40 2637.83 0.040 
28 29 40 41 2496.42 0.040 
28 29 41 42 2509.56 0.040 
28 29 42 43 2890.27 0.040 
28 29 43 44 2883.68 0.040 
28 29 44 45 3091.52 0.040 
28 29 45 46 3281.24 0.040 
28 29 46 47 3958.42 0.040 
28 29 47 48 3156.97 0.040 
29 30 31 32 349.48 0.040 
29 30 32 33 566.91 0.040 
29 30 33 34 851.67 0.040 
29 30 34 35 1083.20 0.040 
29 30 35 36 1102.40 0.040 
29 30 36 37 1209.74 0.040 
29 30 37 38 1513.48 0.040 
29 30 38 39 1954.17 0.040 
29 30 39 40 2000.94 0.040 
29 30 40 41 1967.14 0.040 
29 30 41 42 2050.49 0.040 
29 30 42 43 2374.05 0.040 
29 30 43 44 2351.34 0.040 
29 30 44 45 2449.00 0.040 
29 30 45 46 2758.53 0.040 
29 30 46 47 3070.68 0.040 
29 30 47 48 3219.78 0.040 
30 31 32 33 262.22 0.040 
30 31 33 34 470.73 0.040 
30 31 34 35 637.00 0.040 
30 31 35 36 687.77 0.040 
30 31 36 37 782.13 0.040 
30 31 37 38 960.86 0.040 
30 31 38 39 1293.99 0.040 
30 31 39 40 1346.35 0.040 
30 31 40 41 1310.12 0.040 
30 31 41 42 1353.20 0.040 
30 31 42 43 1565.52 0.040 
30 31 43 44 1568.79 0.040 
30 31 44 45 1641.59 0.040 
30 31 45 46 1818.48 0.040 
30 31 46 47 2046.80 0.040 
30 31 47 48 2053.41 0.040 
31 32 33 34 244.42 0.040 
31 32 34 35 378.52 0.040 
31 32 35 36 436.15 0.040 
31 32 36 37 514.75 0.040 
31 32 37 38 625.74 0.040 
31 32 38 39 865.95 0.040 
31 32 39 40 914.43 0.040 
31 32 40 41 888.77 0.040 
31 32 41 42 915.88 0.040 
31 32 42 43 1054.89 0.040 
31 32 43 44 1068.89 0.040 
31 32 44 45 1115.84 0.040 
31 32 45 46 1239.41 0.040 
31 32 46 47 1370.93 0.040 
31 32 47 48 1398.52 0.040 
32 33 34 35 266.64 0.040 
32 33 35 36 357.66 0.040 
32 33 36 37 451.86 0.040 
32 33 37 38 551.62 0.040 
32 33 38 39 780.37 0.040 
32 33 39 40 836.22 0.040 
32 33 40 41 822.70 0.040 
32 33 41 42 852.48 0.040 
32 33 42 43 980.56 0.040 
32 33 43 44 994.85 0.040 
32 33 44 45 1039.22 0.040 
32 33 45 46 1152.58 0.040 
32 33 46 47 1283.90 0.040 
32 33 47 48 1309.05 0.040 
33 34 35 36 264.38 0.040 
33 34 36 37 397.26 0.040 
33 34 37 38 512.70 0.040 
33 34 38 39 727.98 0.040 
33 34 39 40 795.37 0.040 
33 34 40 41 822.37 0.040 
33 34 41 42 877.14 0.040 
33 34 42 43 1021.76 0.040 
33 34 43 44 1019.85 0.040 
33 34 44 45 1074.04 0.040 
33 34 45 46 1219.67 0.040 
33 34 46 47 1394.75 0.040 
33 34 47 48 1489.15 0.040 
34 35 36 37 268.11 0.040 
34 35 37 38 380.20 0.040 
34 35 38 39 601.34 0.040 
34 35 39 40 691.80 0.040 
34 35 40 41 718.16 0.040 
34 35 41 42 766.03 0.040 
34 35 42 43 888.88 0.040 
34 35 43 44 909.20 0.040 
34 35 44 45 954.27 0.040 
34 35 45 46 1068.98 0.040 
34 35 46 47 1203.40 0.040 
34 35 47 48 1240.25 0.040 
35 36 37 38 191.07 0.040 
35 36 38 39 365.27 0.040 
35 36 39 40 458.77 0.040 
35 36 40 41 502.11 0.040 
35 36 41 42 552.66 0.040 
35 36 42 43 651.11 0.040 
35 36 43 44 674.77 0.040 
35 36 44 45 713.18 0.040 
35 36 45 46 805.30 0.040 
35 36 46 47 910.60 0.040 
35 36 47 48 945.17 0.040 
36 37 38 39 239.22 0.040 
36 37 39 40 363.16 0.040 
36 37 40 41 434.42 0.040 
36 37 41 42 501.14 0.040 
36 37 42 43 600.77 0.040 
36 37 43 44 626.21 0.040 
36 37 44 45 667.73 0.040 
36 37 45 46 761.51 0.040 
36 37 46 47 875.84 0.040 
36 37 47 48 921.66 0.040 
37 38 39 40 278.48 0.040 
37 38 40 41 408.59 0.040 
37 38 41 42 517.55 0.040 
37 38 42 43 647.74 0.040 
37 38 43 44 704.38 0.040 
37 38 44 45 757.54 0.040 
37 38 45 46 866.52 0.040 
37 38 46 47 983.68 0.040 
37 38 47 48 1010.49 0.040 
38 39 40 41 254.93 0.040 
38 39 41 42 404.15 0.040 
38 39 42 43 558.76 0.040 
38 39 43 44 646.20 0.040 
38 39 44 45 725.93 0.040 
38 39 45 46 861.04 0.040 
38 39 46 47 1004.19 0.040 
38 39 47 48 1074.01 0.040 
39 40 41 42 237.86 0.040 
39 40 42 43 388.91 0.040 
39 40 43 44 486.63 0.040 
39 40 44 45 571.64 0.040 
39 40 45 46 701.78 0.040 
39 40 46 47 850.39 0.040 
39 40 47 48 902.40 0.040 
40 41 42 43 213.67 0.040 
40 41 43 44 329.45 0.040 
40 41 44 45 416.34 0.040 
40 41 45 46 530.88 0.040 
40 41 46 47 645.15 0.040 
40 41 47 48 674.50 0.040 
41 42 43 44 221.87 0.040 
41 42 44 45 331.29 0.040 
41 42 45 46 455.41 0.040 
41 42 46 47 573.26 0.040 
41 42 47 48 593.85 0.040 
42 43 44 45 252.00 0.040 
42 43 45 46 419.37 0.040 
42 43 46 47 580.04 0.040 
42 43 47 48 628.91 0.040 
43 44 45 46 275.15 0.040 
43 44 46 47 463.96 0.040 
43 44 47 48 564.56 0.040 
44 45 46 47 331.54 0.040 
44 45 47 48 463.15 0.040 
45 46 47 48 320.12 0.040 
45 46 47 48 365.14 0.040 
26 27 43 44 3036.06 0.040 
27 28 43 44 3275.78 0.040 
27 28 44 45 3241.32 0.040 
28 29 43 44 3108.18 0.040 
28 29 44 45 3060.12 0.040 
28 29 45 46 3158.35 0.040 
29 30 43 44 3007.25 0.040 
29 30 44 45 2944.11 0.040 
29 30 45 46 3143.61 0.040 
29 30 46 47 3341.88 0.040 
30 31 43 44 2476.46 0.040 
30 31 44 45 2405.72 0.040 
30 31 45 46 2518.14 0.040 
30 31 46 47 2774.86 0.040 
30 31 47 48 3179.05 0.040 
31 32 43 44 1599.24 0.040 
31 32 44 45 1579.15 0.040 
31 32 45 46 1650.31 0.040 
31 32 46 47 1809.95 0.040 
31 32 47 48 2024.23 0.040 
31 32 48 49 2014.47 0.040 
32 33 43 44 1097.72 0.040 
32 33 44 45 1093.41 0.040 
32 33 45 46 1140.99 0.040 
32 33 46 47 1250.49 0.040 
32 33 47 48 1390.62 0.040 
32 33 48 49 1373.47 0.040 
32 33 49 50 2093.44 0.040 
33 34 43 44 1028.56 0.040 
33 34 44 45 1026.42 0.040 
33 34 45 46 1067.06 0.040 
33 34 46 47 1176.53 0.040 
33 34 47 48 1297.47 0.040 
33 34 48 49 1329.52 0.040 
33 34 49 50 1960.66 0.040 
33 34 50 51 1978.47 0.040 
34 35 43 44 1075.12 0.040 
34 35 44 45 1057.64 0.040 
34 35 45 46 1108.90 0.040 
34 35 46 47 1249.56 0.040 
34 35 47 48 1415.77 0.040 
34 35 48 49 1508.38 0.040 
34 35 49 50 2259.27 0.040 
34 35 50 51 2211.04 0.040 
34 35 51 52 3363.77 0.040 
35 36 43 44 939.59 0.040 
35 36 44 45 946.17 0.040 
35 36 45 46 989.08 0.040 
35 36 46 47 1101.64 0.040 
35 36 47 48 1226.57 0.040 
35 36 48 49 1268.24 0.040 
35 36 49 50 1883.35 0.040 
35 36 50 51 1861.33 0.040 
35 36 51 52 2839.00 0.040 
35 36 52 53 3069.26 0.040 
36 37 43 44 690.37 0.040 
36 37 44 45 705.75 0.040 
36 37 45 46 743.22 0.040 
36 37 46 47 832.36 0.040 
36 37 47 48 930.87 0.040 
36 37 48 49 965.57 0.040 
36 37 49 50 1429.54 0.040 
36 37 50 51 1414.37 0.040 
36 37 51 52 2162.53 0.040 
36 37 52 53 2341.79 0.040 
36 37 53 54 3615.41 0.040 
37 38 43 44 629.33 0.040 
37 38 44 45 646.76 0.040 
37 38 45 46 687.58 0.040 
37 38 46 47 780.73 0.040 
37 38 47 48 886.76 0.040 
37 38 48 49 937.40 0.040 
37 38 49 50 1399.12 0.040 
37 38 50 51 1360.45 0.040 
37 38 51 52 2104.53 0.040 
37 38 52 53 2235.42 0.040 
37 38 53 54 3374.64 0.040 
37 38 54 55 5127.32 0.040 
38 39 43 44 682.95 0.040 
38 39 44 45 732.11 0.040 
38 39 45 46 786.31 0.040 
38 39 46 47 893.06 0.040 
38 39 47 48 1002.08 0.040 
38 39 48 49 1034.67 0.040 
38 39 49 50 1512.56 0.040 
38 39 50 51 1481.79 0.040 
38 39 51 52 2278.85 0.040 
38 39 52 53 2472.72 0.040 
38 39 53 54 3765.02 0.040 
38 39 54 55 5829.97 0.040 
38 39 55 56 5055.56 0.040 
39 40 43 44 592.27 0.040 
39 40 44 45 675.93 0.040 
39 40 45 46 758.98 0.040 
39 40 46 47 895.82 0.040 
39 40 47 48 1029.24 0.040 
39 40 48 49 1114.21 0.040 
39 40 49 50 1659.04 0.040 
39 40 50 51 1621.50 0.040 
39 40 51 52 2531.78 0.040 
39 40 52 53 2726.31 0.040 
39 40 53 54 4096.20 0.040 
39 40 54 55 6189.74 0.040 
39 40 55 56 5315.07 0.040 
39 40 56 57 5499.97 0.040 
40 41 43 44 405.63 0.040 
40 41 44 45 501.39 0.040 
40 41 45 46 589.31 0.040 
40 41 46 47 718.81 0.040 
40 41 47 48 863.01 0.040 
40 41 48 49 913.92 0.040 
40 41 49 50 1384.72 0.040 
40 41 50 51 1362.15 0.040 
40 41 51 52 2156.87 0.040 
40 41 52 53 2329.46 0.040 
40 41 53 54 3485.45 0.040 
40 41 54 55 5218.60 0.040 
40 41 55 56 4477.37 0.040 
40 41 56 57 4656.17 0.040 
40 41 57 58 3451.15 0.040 
41 42 43 44 221.53 0.040 
41 42 44 45 337.83 0.040 
41 42 45 46 428.20 0.040 
41 42 46 47 541.73 0.040 
41 42 47 48 652.10 0.040 
41 42 48 49 686.57 0.040 
41 42 49 50 1009.69 0.040 
41 42 50 51 997.62 0.040 
41 42 51 52 1566.99 0.040 
41 42 52 53 1751.31 0.040 
41 42 53 54 2672.97 0.040 
41 42 54 55 4181.48 0.040 
41 42 55 56 3634.75 0.040 
41 42 56 57 3775.78 0.040 
41 42 57 58 2723.70 0.040 
41 42 58 59 7301.92 0.040 
42 43 44 45 227.72 0.040 
42 43 45 46 341.78 0.040 
42 43 46 47 466.94 0.040 
42 43 47 48 580.96 0.040 
42 43 48 49 606.36 0.040 
42 43 49 50 871.15 0.040 
42 43 50 51 862.38 0.040 
42 43 51 52 1332.89 0.040 
42 43 52 53 1550.87 0.040 
42 43 53 54 2383.30 0.040 
42 43 54 55 3914.46 0.040 
42 43 55 56 3364.91 0.040 
42 43 56 57 3570.56 0.040 
42 43 57 58 2422.17 0.040 
42 43 58 59 6778.58 0.040 
42 43 59 60 10817.99 0.040 
43 44 45 46 262.26 0.040 
43 44 46 47 433.97 0.040 
43 44 47 48 592.29 0.040 
43 44 48 49 647.17 0.040 
43 44 49 50 949.18 0.040 
43 44 50 51 937.83 0.040 
43 44 51 52 1464.62 0.040 
43 44 52 53 1715.64 0.040 
43 44 53 54 2643.79 0.040 
43 44 54 55 4315.68 0.040 
43 44 55 56 3741.23 0.040 
43 44 56 57 3897.58 0.040 
43 44 57 58 2755.24 0.040 
43 44 58 59 7440.36 0.040 
43 44 59 60 11783.88 0.040 
43 44 60 61 15724.07 0.040 
44 45 46 47 282.43 0.040 
44 45 47 48 467.80 0.040 
44 45 48 49 572.55 0.040 
44 45 49 50 892.71 0.040 
44 45 50 51 899.51 0.040 
44 45 51 52 1463.65 0.040 
44 45 52 53 1710.56 0.040 
44 45 53 54 2571.36 0.040 
44 45 54 55 4059.17 0.040 
44 45 55 56 3427.58 0.040 
44 45 56 57 3671.59 0.040 
44 45 57 58 2642.72 0.040 
44 45 58 59 7004.74 0.040 
44 45 59 60 10605.12 0.040 
44 45 60 61 14160.33 0.040 
44 45 61 62 8395.35 0.040 
45 46 47 48 333.54 0.040 
45 46 48 49 469.10 0.040 
45 46 49 50 784.71 0.040 
45 46 50 51 813.40 0.040 
45 46 51 52 1369.70 0.040 
45 46 52 53 1640.65 0.040 
45 46 53 54 2481.02 0.040 
45 46 54 55 3920.07 0.040 
45 46 55 56 3329.92 0.040 
45 46 56 57 3535.16 0.040 
45 46 57 58 2648.05 0.040 
45 46 58 59 6769.77 0.040 
45 46 59 60 10129.16 0.040 
45 46 60 61 13511.75 0.040 
45 46 61 62 8022.08 0.040 
45 46 62 63 10822.30 0.040 
46 47 48 49 323.55 0.040 
46 47 49 50 624.42 0.040 
46 47 50 51 677.50 0.040 
46 47 51 52 1201.39 0.040 
46 47 52 53 1504.07 0.040 
46 47 53 54 2320.62 0.040 
46 47 54 55 3779.20 0.040 
46 47 55 56 3241.97 0.040 
46 47 56 57 3338.69 0.040 
46 47 57 58 2685.68 0.040 
46 47 58 59 6544.44 0.040 
46 47 59 60 9807.06 0.040 
46 47 60 61 13058.31 0.040 
46 47 61 62 7820.68 0.040 
46 47 62 63 10535.91 0.040 
46 47 63 64 11341.84 0.040 
47 48 49 50 487.58 0.040 
47 48 50 51 557.53 0.040 
47 48 51 52 1077.77 0.040 
47 48 52 53 1438.25 0.040 
47 48 53 54 2218.24 0.040 
47 48 54 55 3737.47 0.040 
47 48 55 56 3160.63 0.040 
47 48 56 57 3432.03 0.040 
47 48 57 58 2452.39 0.040 
47 48 58 59 6545.27 0.040 
47 48 59 60 9551.76 0.040 
47 48 60 61 12794.68 0.040 
47 48 61 62 7586.15 0.040 
47 48 62 63 10458.93 0.040 
47 48 63 64 11115.35 0.040 
47 48 64 65 11848.49 0.040 
48 49 50 51 308.10 0.040 
48 49 51 52 749.27 0.040 
48 49 52 53 1135.95 0.040 
48 49 53 54 1814.65 0.040 
48 49 54 55 3272.14 0.040 
48 49 55 56 2825.04 0.040 
48 49 56 57 3039.53 0.040 
48 49 57 58 2179.05 0.040 
48 49 58 59 5626.77 0.040 
48 49 59 60 8487.95 0.040 
48 49 60 61 11305.02 0.040 
48 49 61 62 6789.11 0.040 
48 49 62 63 9181.59 0.040 
48 49 63 64 9963.51 0.040 
48 49 64 65 10534.74 0.040 
48 49 65 66 11569.64 0.040 
49 50 51 52 877.64 0.040 
49 50 52 53 1554.13 0.040 
49 50 53 54 2842.84 0.040 
49 50 54 55 4680.58 0.040 
49 50 55 56 4727.47 0.040 
49 50 56 57 5.72 0.040 
49 50 57 58 9376.89 0.040 
49 50 58 59 11469.43 0.040 
49 50 59 60 12939.20 0.040 
49 50 60 61 16600.65 0.040 
49 50 61 62 9492.15 0.040 
49 50 62 63 13855.05 0.040 
49 50 63 64 14059.48 0.040 
49 50 64 65 15813.63 0.040 
49 50 65 66 16397.87 0.040 
49 50 66 67 14430.44 0.040 
50 51 52 53 1696.06 0.040 
50 51 53 54 3097.22 0.040 
50 51 54 55 6639.02 0.040 
50 51 55 56 5485.33 0.040 
50 51 56 57 8306.90 0.040 
50 51 57 58 1548.48 0.040 
50 51 58 59 7811.31 0.040 
50 51 59 60 16725.18 0.040 
50 51 60 61 20013.29 0.040 
50 51 61 62 11353.11 0.040 
50 51 62 63 17161.28 0.040 
50 51 63 64 17792.09 0.040 
50 51 64 65 18229.61 0.040 
50 51 65 66 20826.06 0.040 
50 51 66 67 16635.91 0.040 
50 51 67 68 18972.41 0.040 
51 52 53 54 2280.12 0.040 
51 52 54 55 6529.43 0.040 
51 52 55 56 6460.26 0.040 
51 52 56 57 7506.83 0.040 
51 52 57 58 5713.42 0.040 
51 52 58 59 14036.49 0.040 
51 52 59 60 18270.98 0.040 
51 52 60 61 25289.44 0.040 
51 52 61 62 15871.05 0.040 
51 52 62 63 20478.11 0.040 
51 52 63 64 23671.56 0.040 
51 52 64 65 23478.11 0.040 
51 52 65 66 27255.38 0.040 
51 52 66 67 21771.94 0.040 
51 52 67 68 25583.68 0.040 
51 52 68 69 23218.98 0.040 
52 53 54 55 4239.64 0.040 
52 53 55 56 5527.77 0.040 
52 53 56 57 6221.38 0.040 
52 53 57 58 7330.81 0.040 
52 53 58 59 14506.44 0.040 
52 53 59 60 20466.37 0.040 
52 53 60 61 27050.89 0.040 
52 53 61 62 16030.19 0.040 
52 53 62 63 23661.43 0.040 
52 53 63 64 25754.90 0.040 
52 53 64 65 25886.81 0.040 
52 53 65 66 31247.86 0.040 
52 53 66 67 23752.70 0.040 
52 53 67 68 29433.78 0.040 
52 53 68 69 26137.21 0.040 
52 53 69 70 32131.12 0.040 
53 54 55 56 7793.74 0.040 
53 54 56 57 11611.44 0.040 
53 54 57 58 9403.88 0.040 
53 54 58 59 23337.76 0.040 
53 54 59 60 35719.56 0.040 
53 54 60 61 46602.43 0.040 
53 54 61 62 29067.13 0.040 
53 54 62 63 38913.15 0.040 
53 54 63 64 44972.67 0.040 
53 54 64 65 46028.11 0.040 
53 54 65 66 52790.65 0.040 
53 54 66 67 43974.51 0.040 
53 54 67 68 50288.66 0.040 
53 54 68 69 47006.12 0.040 
53 54 69 70 54643.77 0.040 
53 54 70 71 52501.86 0.040 
54 55 56 57 9469.05 0.040 
54 55 57 58 10038.24 0.040 
54 55 58 59 27864.66 0.040 
54 55 59 60 43886.89 0.040 
54 55 60 61 60975.11 0.040 
54 55 61 62 37891.46 0.040 
54 55 62 63 57426.47 0.040 
54 55 63 64 63697.45 0.040 
54 55 64 65 69152.65 0.040 
54 55 65 66 78016.11 0.040 
54 55 66 67 68705.83 0.040 
54 55 67 68 75532.90 0.040 
54 55 68 69 76957.46 0.040 
54 55 69 70 82485.16 0.040 
54 55 70 71 87865.66 0.040 
54 55 71 72 97973.73 0.040 
55 56 57 58 10642.39 0.040 
55 56 58 59 21714.70 0.040 
55 56 59 60 36034.33 0.040 
55 56 60 61 51792.86 0.040 
55 56 61 62 31651.58 0.040 
55 56 62 63 49290.37 0.040 
55 56 63 64 54292.56 0.040 
55 56 64 65 62336.36 0.040 
55 56 65 66 68099.36 0.040 
55 56 66 67 61402.11 0.040 
55 56 67 68 65050.54 0.040 
55 56 68 69 71053.83 0.040 
55 56 69 70 70553.40 0.040 
55 56 70 71 82910.98 0.040 
55 56 71 72 92279.90 0.040 
55 56 72 73 134556.85 0.040 
56 57 58 59 11122.36 0.040 
56 57 59 60 23456.44 0.040 
56 57 60 61 36326.10 0.040 
56 57 61 62 24727.53 0.040 
56 57 62 63 37197.09 0.040 
56 57 63 64 44096.27 0.040 
56 57 64 65 51386.33 0.040 
56 57 65 66 58149.44 0.040 
56 57 66 67 52462.65 0.040 
56 57 67 68 56426.37 0.040 
56 57 68 69 60202.58 0.040 
56 57 69 70 61920.83 0.040 
56 57 70 71 72893.35 0.040 
56 57 71 72 77460.88 0.040 
56 57 72 73 119962.50 0.040 
57 58 59 60 9190.04 0.040 
57 58 60 61 17129.90 0.040 
57 58 61 62 12322.80 0.040 
57 58 62 63 19201.69 0.040 
57 58 63 64 23463.10 0.040 
57 58 64 65 28417.76 0.040 
57 58 65 66 34100.14 0.040 
57 58 66 67 30017.77 0.040 
57 58 67 68 32583.42 0.040 
57 58 68 69 34971.71 0.040 
57 58 69 70 36189.05 0.040 
57 58 70 71 42210.96 0.040 
57 58 71 72 47769.73 0.040 
57 58 72 73 71477.63 0.040 
58 59 60 61 43518.34 0.040 
58 59 61 62 34078.15 0.040 
58 59 62 63 54267.20 0.040 
58 59 63 64 63928.68 0.040 
58 59 64 65 72946.63 0.040 
58 59 65 66 83304.66 0.040 
58 59 66 67 77919.77 0.040 
58 59 67 68 82513.98 0.040 
58 59 68 69 90104.84 0.040 
58 59 69 70 89737.10 0.040 
58 59 70 71 111373.65 0.040 
58 59 71 72 106534.21 0.040 
58 59 72 73 185547.47 0.040 
59 60 61 62 37442.26 0.040 
59 60 62 63 70884.70 0.040 
59 60 63 64 82378.91 0.040 
59 60 64 65 97063.03 0.040 
59 60 65 66 112760.70 0.040 
59 60 66 67 105048.66 0.040 
59 60 67 68 117595.95 0.040 
59 60 68 69 121386.34 0.040 
59 60 69 70 129889.85 0.040 
59 60 70 71 143562.19 0.040 
59 60 71 72 158327.50 0.040 
59 60 72 73 233369.10 0.040 
60 61 62 63 66140.55 0.040 
60 61 63 64 93232.70 0.040 
60 61 64 65 108778.37 0.040 
60 61 65 66 132218.63 0.040 
60 61 66 67 119101.54 0.040 
60 61 67 68 135226.44 0.040 
60 61 68 69 138712.52 0.040 
60 61 69 70 150113.58 0.040 
60 61 70 71 166844.26 0.040 
60 61 71 72 187424.89 0.040 
60 61 72 73 285018.06 0.040 
61 62 63 64 34175.55 0.040 
61 62 64 65 47249.68 0.040 
61 62 65 66 57388.60 0.040 
61 62 66 67 55087.13 0.040 
61 62 67 68 62146.72 0.040 
61 62 68 69 64649.43 0.040 
61 62 69 70 70179.19 0.040 
61 62 70 71 78509.49 0.040 
61 62 71 72 89411.13 0.040 
61 62 72 73 136417.82 0.040 
62 63 64 65 51848.78 0.040 
62 63 65 66 71822.35 0.040 
62 63 66 67 66319.14 0.040 
62 63 67 68 77249.46 0.040 
62 63 68 69 78074.93 0.040 
62 63 69 70 84886.68 0.040 
62 63 70 71 95795.80 0.040 
62 63 71 72 110975.40 0.040 
62 63 72 73 170400.91 0.040 
63 64 65 66 54947.00 0.040 
63 64 66 67 59204.05 0.040 
63 64 67 68 66443.15 0.040 
63 64 68 69 68466.63 0.040 
63 64 69 70 73354.32 0.040 
63 64 70 71 82301.78 0.040 
63 64 71 72 95091.79 0.040 
63 64 72 73 147051.60 0.040 
64 65 66 67 50059.84 0.040 
64 65 67 68 67595.29 0.040 
64 65 68 69 64098.80 0.040 
64 65 69 70 69075.79 0.040 
64 65 70 71 75309.61 0.040 
64 65 71 72 86467.36 0.040 
64 65 72 73 134673.79 0.040 
65 66 67 68 57044.88 0.040 
65 66 68 69 65439.16 0.040 
65 66 69 70 68195.72 0.040 
65 66 70 71 75066.19 0.040 
65 66 71 72 84847.92 0.040 
65 66 72 73 132724.94 0.040 
66 67 68 69 44475.42 0.040 
66 67 69 70 57040.87 0.040 
66 67 70 71 60447.77 0.040 
66 67 71 72 69953.43 0.040 
66 67 72 73 109978.15 0.040 
67 68 69 70 51691.43 0.040 
67 68 70 71 65319.26 0.040 
67 68 71 72 72089.99 0.040 
67 68 72 73 115216.96 0.040 
68 69 70 71 56148.05 0.040 
68 69 71 72 73826.47 0.040 
68 69 72 73 116346.54 0.040 
69 70 71 72 58274.89 0.040 
69 70 72 73 104911.37 0.040 
70 71 72 73 91153.66 0.040 
