0.00000000000000e+00
0.00000000000000e+00
0.00000000000000e+00
0.00000000000000e+00
1.46591457445551e+00
7.38816621361484e-01
0.00000000000000e+00
5.01597448159378e-01
0.00000000000000e+00
3.53015718307308e+00
3.98821579990919e+00
8.15044510468766e+00
0.00000000000000e+00
2.18020614100783e+00
8.87065631587830e-01
2.44349590094177e+00
0.00000000000000e+00
0.00000000000000e+00
7.55380698720850e-01
5.60000000000002e-01
1.25955550941185e+01
0.00000000000000e+00
0.00000000000000e+00
3.24207799858664e+00
0.00000000000000e+00
9.67758378037919e-01
1.33793552735383e+01
5.74956143518767e-01
5.63509286942299e+00
1.47434700865594e+00
0.00000000000000e+00
4.68888632785942e+00
0.00000000000000e+00
4.66331064040030e+00
1.23286797624410e+01
0.00000000000000e+00
1.71145868429852e+00
0.00000000000000e+00
0.00000000000000e+00
0.00000000000000e+00
7.45939005549380e-01
0.00000000000000e+00
1.40354791676549e+00
9.94585340732509e-01
0.00000000000000e+00
3.15765643716829e-01
7.45939005549380e-01
0.00000000000000e+00
0.00000000000000e+00
5.60000000000002e-01
0.00000000000000e+00
7.45939005549380e-01
0.00000000000000e+00
0.00000000000000e+00
8.46398812203740e+00
0.00000000000000e+00
7.50149985002999e-01
5.14238100209322e+00
6.61701192033463e+00
0.00000000000000e+00
0.00000000000000e+00
3.13778798681613e+00
0.00000000000000e+00
0.00000000000000e+00
0.00000000000000e+00
1.04758682158841e+00
2.13268346102467e+01
1.00019998000399e+00
0.00000000000000e+00
2.96166012707072e-01
5.98880511829010e+00
3.76198086119534e-01
3.16360303064363e-01
0.00000000000000e+00
0.00000000000000e+00
0.00000000000000e+00
9.94585340732516e-01
0.00000000000000e+00
3.76198086119533e-01
1.12539992891416e+00
0.00000000000000e+00
0.00000000000000e+00
0.00000000000000e+00
0.00000000000000e+00
7.98117012649257e+00
0.00000000000000e+00
4.16277711586675e+00
4.74200867170098e+00
3.98826800011691e+00
0.00000000000000e+00
0.00000000000000e+00
0.00000000000000e+00
0.00000000000000e+00
0.00000000000000e+00
3.22314612379582e+00
0.00000000000000e+00
1.37469597536149e+00
2.89795186295421e-01
3.88310952481602e+00
0.00000000000000e+00
0.00000000000000e+00
0.00000000000000e+00
5.60000000000002e-01
0.00000000000000e+00
0.00000000000000e+00
0.00000000000000e+00
1.39830396771678e-01
1.85764342126465e-01
2.88813219286008e+00
7.50000000000000e-01
0.00000000000000e+00
0.00000000000000e+00
7.89112207986452e-01
3.81988241157315e+00
0.00000000000000e+00
0.00000000000000e+00
7.38816621361484e-01
7.16258755909088e-01
0.00000000000000e+00
0.00000000000000e+00
0.00000000000000e+00
0.00000000000000e+00
0.00000000000000e+00
0.00000000000000e+00
7.38816621361484e-01
0.00000000000000e+00
9.85088828481984e-01
0.00000000000000e+00
5.05352604134968e-01
7.38816621361484e-01
0.00000000000000e+00
3.70406458843985e-01
1.40320125544819e+01
0.00000000000000e+00
0.00000000000000e+00
5.11405567942282e+00
1.43159428377060e+00
4.00933494952307e-01
0.00000000000000e+00
4.50974517457122e+00
0.00000000000000e+00
0.00000000000000e+00
0.00000000000000e+00
2.45814971065642e-01
0.00000000000000e+00
4.14074147818669e+00
3.27753294754184e-01
0.00000000000000e+00
0.00000000000000e+00
7.25362441900534e+00
0.00000000000000e+00
5.04188257935465e-01
0.00000000000000e+00
7.70555679941722e-01
3.68904778536934e+00
0.00000000000000e+00
0.00000000000000e+00
0.00000000000000e+00
0.00000000000000e+00
3.38224512719840e+00
3.17564327830905e-01
0.00000000000000e+00
4.14341764325980e-01
0.00000000000000e+00
0.00000000000000e+00
0.00000000000000e+00
0.00000000000000e+00
2.40630910139987e+01
5.75485024229983e+00
0.00000000000000e+00
0.00000000000000e+00
0.00000000000000e+00
0.00000000000000e+00
0.00000000000000e+00
1.48877561849731e+01
3.96374595658367e+00
0.00000000000000e+00
0.00000000000000e+00
0.00000000000000e+00
0.00000000000000e+00
8.95833868592957e+00
0.00000000000000e+00
0.00000000000000e+00
0.00000000000000e+00
0.00000000000000e+00
2.81813922990766e-01
0.00000000000000e+00
6.91679010368362e-01
0.00000000000000e+00
0.00000000000000e+00
5.06478478928454e+00
6.39850450429202e+00
6.57598899169613e+00
0.00000000000000e+00
7.47295122424869e-01
3.29424213590934e-01
0.00000000000000e+00
0.00000000000000e+00
0.00000000000000e+00
1.45663650688501e+01
0.00000000000000e+00
0.00000000000000e+00
9.15581288329604e-01
0.00000000000000e+00
0.00000000000000e+00
0.00000000000000e+00
5.59133011197863e+00
7.47295122424869e-01
0.00000000000000e+00
0.00000000000000e+00
0.00000000000000e+00
1.92961827763508e+00
0.00000000000000e+00
0.00000000000000e+00
0.00000000000000e+00
4.94393799426582e+00
0.00000000000000e+00
1.77022891427479e+00
0.00000000000000e+00
0.00000000000000e+00
1.49459024484974e+00
0.00000000000000e+00
0.00000000000000e+00
0.00000000000000e+00
9.96393496566492e-01
0.00000000000000e+00
0.00000000000000e+00
1.88457417091592e+01
0.00000000000000e+00
0.00000000000000e+00
7.47295122424869e-01
0.00000000000000e+00
0.00000000000000e+00
0.00000000000000e+00
7.47295122424869e-01
0.00000000000000e+00
0.00000000000000e+00
2.19127364199134e+00
0.00000000000000e+00
0.00000000000000e+00
0.00000000000000e+00
0.00000000000000e+00
1.01678807247646e+00
1.44889142478365e+00
0.00000000000000e+00
3.42499442123407e+00
0.00000000000000e+00
7.50149985002999e-01
1.00019998000400e+00
0.00000000000000e+00
2.73602294213916e+01
0.00000000000000e+00
0.00000000000000e+00
4.06868464467506e+00
0.00000000000000e+00
0.00000000000000e+00
0.00000000000000e+00
3.86646762820760e+00
0.00000000000000e+00
0.00000000000000e+00
0.00000000000000e+00
8.49074223133470e-01
6.58848427181839e-01
0.00000000000000e+00
6.99115370446401e-01
0.00000000000000e+00
0.00000000000000e+00
0.00000000000000e+00
0.00000000000000e+00
0.00000000000000e+00
0.00000000000000e+00
9.99450408555104e-01
0.00000000000000e+00
4.42718872423575e-01
0.00000000000000e+00
0.00000000000000e+00
1.08664621657650e+00
0.00000000000000e+00
7.87713289919488e-01
0.00000000000000e+00
0.00000000000000e+00
4.31033041233526e+00
0.00000000000000e+00
7.44731495238384e-01
3.33307756097527e+00
0.00000000000000e+00
7.44731495238384e-01
0.00000000000000e+00
2.08988678047407e+01
7.72787163454457e-01
0.00000000000000e+00
7.59777977607384e+00
0.00000000000000e+00
0.00000000000000e+00
6.87401522365893e-01
3.65255637210237e+00
0.00000000000000e+00
0.00000000000000e+00
0.00000000000000e+00
0.00000000000000e+00
0.00000000000000e+00
0.00000000000000e+00
5.35924122715326e+00
0.00000000000000e+00
0.00000000000000e+00
0.00000000000000e+00
0.00000000000000e+00
0.00000000000000e+00
0.00000000000000e+00
0.00000000000000e+00
0.00000000000000e+00
0.00000000000000e+00
0.00000000000000e+00
0.00000000000000e+00
0.00000000000000e+00
7.44731495238384e-01
1.84145523408155e+01
0.00000000000000e+00
0.00000000000000e+00
0.00000000000000e+00
0.00000000000000e+00
4.84868171410160e+00
0.00000000000000e+00
0.00000000000000e+00
0.00000000000000e+00
0.00000000000000e+00
0.00000000000000e+00
0.00000000000000e+00
3.65943587979064e+00
7.56971154613118e-01
0.00000000000000e+00
0.00000000000000e+00
0.00000000000000e+00
0.00000000000000e+00
0.00000000000000e+00
7.97036852169024e-01
0.00000000000000e+00
5.19999999999982e-01
0.00000000000000e+00
4.19999999999987e-01
0.00000000000000e+00
0.00000000000000e+00
0.00000000000000e+00
4.20000000000016e-01
0.00000000000000e+00
0.00000000000000e+00
8.00143407846234e-01
7.51348787182092e-01
0.00000000000000e+00
6.32185916795770e+00
0.00000000000000e+00
0.00000000000000e+00
4.44072066223488e-01
3.57891293211548e-01
0.00000000000000e+00
3.33054049667630e-01
0.00000000000000e+00
3.90000000000015e-01
0.00000000000000e+00
2.30370575037804e+00
2.12577564757045e+01
1.05500016760464e+01
2.81204283024366e+00
0.00000000000000e+00
2.40900792821156e+00
0.00000000000000e+00
1.53449573819620e+00
0.00000000000000e+00
3.26123206359608e+01
0.00000000000000e+00
0.00000000000000e+00
0.00000000000000e+00
0.00000000000000e+00
0.00000000000000e+00
0.00000000000000e+00
2.95954974131349e-01
0.00000000000000e+00
2.45330386648024e+00
1.60404651281079e+00
1.00975244490915e+00
0.00000000000000e+00
0.00000000000000e+00
1.69495501452067e+01
0.00000000000000e+00
0.00000000000000e+00
0.00000000000000e+00
0.00000000000000e+00
1.00000000000001e+00
0.00000000000000e+00
3.69710154635799e-01
0.00000000000000e+00
5.60000000000002e-01
1.29189200244928e+00
5.84299181878421e-01
0.00000000000000e+00
0.00000000000000e+00
3.81001215752930e-01
0.00000000000000e+00
0.00000000000000e+00
0.00000000000000e+00
0.00000000000000e+00
4.19999999999987e-01
2.62098483074991e-01
2.21702247266883e-01
0.00000000000000e+00
0.00000000000000e+00
3.29424213590935e-01
0.00000000000000e+00
0.00000000000000e+00
3.42052627529753e-01
0.00000000000000e+00
0.00000000000000e+00
0.00000000000000e+00
0.00000000000000e+00
0.00000000000000e+00
0.00000000000000e+00
0.00000000000000e+00
0.00000000000000e+00
1.11077074769688e+01
9.48683298050539e-02
2.71865421060059e+00
1.07816333025082e+00
0.00000000000000e+00
0.00000000000000e+00
0.00000000000000e+00
0.00000000000000e+00
0.00000000000000e+00
0.00000000000000e+00
1.26491106406739e-01
0.00000000000000e+00
0.00000000000000e+00
0.00000000000000e+00
0.00000000000000e+00
4.19999999999987e-01
0.00000000000000e+00
0.00000000000000e+00
0.00000000000000e+00
0.00000000000000e+00
7.98098480155142e-01
0.00000000000000e+00
0.00000000000000e+00
0.00000000000000e+00
0.00000000000000e+00
0.00000000000000e+00
0.00000000000000e+00
0.00000000000000e+00
1.13891740450399e+00
0.00000000000000e+00
2.85644085584773e+00
0.00000000000000e+00
6.37755721198798e-01
0.00000000000000e+00
0.00000000000000e+00
7.26561038355346e+00
0.00000000000000e+00
2.36139622705372e+00
7.55380698720850e-01
1.18556984591441e+00
0.00000000000000e+00
3.89990161308289e-01
0.00000000000000e+00
0.00000000000000e+00
0.00000000000000e+00
0.00000000000000e+00
0.00000000000000e+00
0.00000000000000e+00
0.00000000000000e+00
0.00000000000000e+00
0.00000000000000e+00
0.00000000000000e+00
0.00000000000000e+00
0.00000000000000e+00
1.57639748723307e-01
0.00000000000000e+00
0.00000000000000e+00
2.98909748897796e-01
0.00000000000000e+00
0.00000000000000e+00
0.00000000000000e+00
1.46410761595959e-01
0.00000000000000e+00
0.00000000000000e+00
3.04085755747969e+00
0.00000000000000e+00
1.43714729624858e+00
0.00000000000000e+00
0.00000000000000e+00
2.54831778922738e-01
0.00000000000000e+00
0.00000000000000e+00
0.00000000000000e+00
2.72604634057689e+00
1.77112374932607e+00
4.72808884514469e-01
0.00000000000000e+00
0.00000000000000e+00
1.03368742674275e+01
0.00000000000000e+00
0.00000000000000e+00
6.49346403852161e+00
0.00000000000000e+00
2.86092842779086e+00
0.00000000000000e+00
0.00000000000000e+00
3.02905487953556e+00
0.00000000000000e+00
0.00000000000000e+00
0.00000000000000e+00
0.00000000000000e+00
0.00000000000000e+00
0.00000000000000e+00
0.00000000000000e+00
1.25615541186347e+00
0.00000000000000e+00
0.00000000000000e+00
0.00000000000000e+00
2.26339891820717e+00
0.00000000000000e+00
7.42462120245874e-01
5.44609483374049e+00
0.00000000000000e+00
0.00000000000000e+00
0.00000000000000e+00
5.09586091946287e+00
8.19448562436157e+00
0.00000000000000e+00
0.00000000000000e+00
0.00000000000000e+00
0.00000000000000e+00
0.00000000000000e+00
3.69069999552731e+00
0.00000000000000e+00
4.31984858867854e+00
0.00000000000000e+00
0.00000000000000e+00
1.11077074769688e+01
3.31360830515630e-01
3.29735312321634e+00
0.00000000000000e+00
4.20000000000016e-01
0.00000000000000e+00
3.32039154317678e-01
0.00000000000000e+00
1.66664787743244e+00
0.00000000000000e+00
4.20000000000016e-01
0.00000000000000e+00
0.00000000000000e+00
3.28897524926220e+00
0.00000000000000e+00
1.34414935500764e+00
7.50599760191808e-01
0.00000000000000e+00
2.43644216457383e+00
4.41814440687488e-01
1.14826939154082e+01
0.00000000000000e+00
1.60100247778163e-01
3.31360830515602e-01
6.54191372388871e+00
0.00000000000000e+00
1.19474209054770e+01
0.00000000000000e+00
0.00000000000000e+00
0.00000000000000e+00
0.00000000000000e+00
0.00000000000000e+00
0.00000000000000e+00
1.27226875639676e+00
0.00000000000000e+00
0.00000000000000e+00
4.80151961069819e+00
0.00000000000000e+00
7.49999999999999e-01
0.00000000000000e+00
0.00000000000000e+00
0.00000000000000e+00
0.00000000000000e+00
0.00000000000000e+00
0.00000000000000e+00
0.00000000000000e+00
0.00000000000000e+00
0.00000000000000e+00
0.00000000000000e+00
0.00000000000000e+00
0.00000000000000e+00
2.46235413205515e+00
0.00000000000000e+00
0.00000000000000e+00
0.00000000000000e+00
4.56070170039653e-01
0.00000000000000e+00
0.00000000000000e+00
3.44315674124177e-01
0.00000000000000e+00
0.00000000000000e+00
0.00000000000000e+00
0.00000000000000e+00
0.00000000000000e+00
0.00000000000000e+00
0.00000000000000e+00
7.58304095146824e-01
2.19616142393938e-01
0.00000000000000e+00
0.00000000000000e+00
0.00000000000000e+00
0.00000000000000e+00
4.43650908769086e+00
0.00000000000000e+00
1.08664621657650e+00
0.00000000000000e+00
0.00000000000000e+00
0.00000000000000e+00
0.00000000000000e+00
0.00000000000000e+00
0.00000000000000e+00
1.28838933531632e+00
0.00000000000000e+00
0.00000000000000e+00
0.00000000000000e+00
0.00000000000000e+00
0.00000000000000e+00
0.00000000000000e+00
0.00000000000000e+00
0.00000000000000e+00
0.00000000000000e+00
0.00000000000000e+00
0.00000000000000e+00
0.00000000000000e+00
0.00000000000000e+00
0.00000000000000e+00
0.00000000000000e+00
0.00000000000000e+00
0.00000000000000e+00
2.27445604904461e+00
0.00000000000000e+00
0.00000000000000e+00
0.00000000000000e+00
0.00000000000000e+00
0.00000000000000e+00
0.00000000000000e+00
1.04725245297089e+01
0.00000000000000e+00
0.00000000000000e+00
0.00000000000000e+00
0.00000000000000e+00
0.00000000000000e+00
1.12402050656683e+00
0.00000000000000e+00
0.00000000000000e+00
0.00000000000000e+00
0.00000000000000e+00
0.00000000000000e+00
1.08249551473407e+00
4.53641077647291e-01
0.00000000000000e+00
0.00000000000000e+00
0.00000000000000e+00
0.00000000000000e+00
0.00000000000000e+00
0.00000000000000e+00
0.00000000000000e+00
0.00000000000000e+00
0.00000000000000e+00
7.88903235735301e-01
0.00000000000000e+00
0.00000000000000e+00
3.31714679707383e-01
3.17752845122532e-01
0.00000000000000e+00
1.67404131791878e-01
0.00000000000000e+00
0.00000000000000e+00
2.69937805013924e+00
0.00000000000000e+00
0.00000000000000e+00
0.00000000000000e+00
0.00000000000000e+00
0.00000000000000e+00
0.00000000000000e+00
0.00000000000000e+00
0.00000000000000e+00
0.00000000000000e+00
0.00000000000000e+00
0.00000000000000e+00
0.00000000000000e+00
0.00000000000000e+00
6.10265282842035e+00
9.51462918956126e-01
0.00000000000000e+00
0.00000000000000e+00
0.00000000000000e+00
0.00000000000000e+00
0.00000000000000e+00
0.00000000000000e+00
0.00000000000000e+00
0.00000000000000e+00
0.00000000000000e+00
0.00000000000000e+00
5.03587132480567e-01
0.00000000000000e+00
9.89949493661156e-01
0.00000000000000e+00
0.00000000000000e+00
0.00000000000000e+00
0.00000000000000e+00
5.13975642200281e+00
1.00079968025574e+00
4.26921976914451e+00
0.00000000000000e+00
0.00000000000000e+00
0.00000000000000e+00
0.00000000000000e+00
0.00000000000000e+00
0.00000000000000e+00
0.00000000000000e+00
0.00000000000000e+00
0.00000000000000e+00
0.00000000000000e+00
0.00000000000000e+00
0.00000000000000e+00
0.00000000000000e+00
9.21778394661498e-01
4.24419801668203e+00
0.00000000000000e+00
0.00000000000000e+00
6.26185707976913e-01
2.63069145871914e-01
6.99824600353103e-01
0.00000000000000e+00
0.00000000000000e+00
1.15606421600744e+01
0.00000000000000e+00
1.97847743772036e+00
0.00000000000000e+00
2.81204283024366e+00
0.00000000000000e+00
2.54198716858260e+00
0.00000000000000e+00
0.00000000000000e+00
0.00000000000000e+00
0.00000000000000e+00
2.86389158194684e+01
0.00000000000000e+00
8.95331808628688e-01
3.12056513707539e+00
0.00000000000000e+00
0.00000000000000e+00
4.94270149610172e+00
0.00000000000000e+00
1.14286541669528e+00
0.00000000000000e+00
1.04373464991672e+00
0.00000000000000e+00
4.44683825982432e+00
0.00000000000000e+00
0.00000000000000e+00
0.00000000000000e+00
0.00000000000000e+00
1.08025741658755e+00
2.52708850700627e+00
0.00000000000000e+00
1.42307235592162e+00
0.00000000000000e+00
0.00000000000000e+00
3.41726171897854e-01
0.00000000000000e+00
0.00000000000000e+00
1.67062451026979e+01
0.00000000000000e+00
8.96561404930162e-01
0.00000000000000e+00
0.00000000000000e+00
0.00000000000000e+00
0.00000000000000e+00
0.00000000000000e+00
0.00000000000000e+00
0.00000000000000e+00
0.00000000000000e+00
3.45444400078694e+00
0.00000000000000e+00
1.59595564576542e+00
2.85180888953711e+00
2.00995112012921e+00
0.00000000000000e+00
0.00000000000000e+00
0.00000000000000e+00
0.00000000000000e+00
0.00000000000000e+00
2.66865253794653e+00
1.46638792335513e+00
0.00000000000000e+00
0.00000000000000e+00
2.06155652605311e+00
0.00000000000000e+00
0.00000000000000e+00
0.00000000000000e+00
0.00000000000000e+00
0.00000000000000e+00
3.03919138284888e-01
1.15149559493853e+00
0.00000000000000e+00
3.96326566948360e+00
0.00000000000000e+00
4.53539465474000e+00
0.00000000000000e+00
8.13450487639254e+00
4.51391447551631e+00
0.00000000000000e+00
4.46400008958943e-01
4.63789112546819e-01
5.77800798812536e+00
0.00000000000000e+00
0.00000000000000e+00
7.20492022598848e+00
0.00000000000000e+00
0.00000000000000e+00
5.87154296486452e-01
9.51228769746836e-01
0.00000000000000e+00
7.73255457793325e+00
8.17130707591852e-01
0.00000000000000e+00
2.85702953949869e+00
0.00000000000000e+00
6.28181854527700e+00
9.23271449754061e-01
1.20597067207753e+00
0.00000000000000e+00
0.00000000000000e+00
4.44312029251100e+00
0.00000000000000e+00
0.00000000000000e+00
8.71553522190204e-01
0.00000000000000e+00
3.27138938251684e+00
0.00000000000000e+00
4.79812423149837e+00
0.00000000000000e+00
0.00000000000000e+00
2.28637126611599e+00
2.19942401132371e+00
0.00000000000000e+00
3.87857267992932e+00
0.00000000000000e+00
0.00000000000000e+00
3.48233972094677e-01
1.72217406605720e+00
1.50733271073847e+01
0.00000000000000e+00
8.32255091518781e-01
4.72842284479644e+00
0.00000000000000e+00
0.00000000000000e+00
0.00000000000000e+00
1.88080816001405e+00
0.00000000000000e+00
5.43064074260279e-01
0.00000000000000e+00
2.47773693349606e+00
8.87065631587830e-01
0.00000000000000e+00
0.00000000000000e+00
2.12717474832305e+00
0.00000000000000e+00
7.88526879057662e+00
8.66939074295833e+00
0.00000000000000e+00
0.00000000000000e+00
0.00000000000000e+00
0.00000000000000e+00
1.08025741658755e+00
3.23686235240568e-01
0.00000000000000e+00
5.00899191454728e-01
0.00000000000000e+00
5.00899191454728e-01
0.00000000000000e+00
0.00000000000000e+00
2.56714198357515e+00
7.21517072332781e-01
0.00000000000000e+00
0.00000000000000e+00
3.32945448006613e+00
1.16652730567144e+00
0.00000000000000e+00
6.05509510424948e+00
9.13746937423074e-01
0.00000000000000e+00
0.00000000000000e+00
0.00000000000000e+00
0.00000000000000e+00
6.19457215635527e-01
0.00000000000000e+00
0.00000000000000e+00
0.00000000000000e+00
0.00000000000000e+00
0.00000000000000e+00
5.03587132480567e-01
0.00000000000000e+00
0.00000000000000e+00
1.22407084425146e+00
0.00000000000000e+00
0.00000000000000e+00
0.00000000000000e+00
0.00000000000000e+00
0.00000000000000e+00
0.00000000000000e+00
0.00000000000000e+00
0.00000000000000e+00
0.00000000000000e+00
0.00000000000000e+00
0.00000000000000e+00
6.10615628993459e+00
0.00000000000000e+00
0.00000000000000e+00
0.00000000000000e+00
0.00000000000000e+00
0.00000000000000e+00
0.00000000000000e+00
2.56799047051615e+00
9.70574812475073e-01
0.00000000000000e+00
0.00000000000000e+00
0.00000000000000e+00
0.00000000000000e+00
0.00000000000000e+00
0.00000000000000e+00
1.20932019538863e+00
0.00000000000000e+00
0.00000000000000e+00
0.00000000000000e+00
0.00000000000000e+00
1.66863448625770e+00
3.57254987225059e+00
0.00000000000000e+00
0.00000000000000e+00
0.00000000000000e+00
0.00000000000000e+00
0.00000000000000e+00
0.00000000000000e+00
0.00000000000000e+00
0.00000000000000e+00
0.00000000000000e+00
0.00000000000000e+00
0.00000000000000e+00
0.00000000000000e+00
0.00000000000000e+00
0.00000000000000e+00
0.00000000000000e+00
0.00000000000000e+00
0.00000000000000e+00
0.00000000000000e+00
0.00000000000000e+00
0.00000000000000e+00
2.93619203828844e+00
7.42462120245874e-01
7.97767114616990e+00
0.00000000000000e+00
1.96701137101831e+00
0.00000000000000e+00
7.41552711599651e-01
0.00000000000000e+00
3.51267389123222e+00
0.00000000000000e+00
0.00000000000000e+00
5.60444430573135e-01
7.51348787182092e-01
0.00000000000000e+00
7.59926932941283e-01
0.00000000000000e+00
7.55380698720850e-01
0.00000000000000e+00
0.00000000000000e+00
0.00000000000000e+00
7.75244868025915e+00
0.00000000000000e+00
2.78366926857044e+00
1.61994837494156e+00
0.00000000000000e+00
0.00000000000000e+00
2.71082063516133e+01
8.57295281415708e+00
2.79270101427476e+00
2.52051626947545e-01
0.00000000000000e+00
0.00000000000000e+00
0.00000000000000e+00
0.00000000000000e+00
0.00000000000000e+00
5.59917642798920e+00
0.00000000000000e+00
2.55051446129846e+00
0.00000000000000e+00
0.00000000000000e+00
1.17896069478804e+00
1.68896874569550e+00
2.90911295746156e+00
1.11627194734613e+00
0.00000000000000e+00
1.29232615110978e+00
7.03855539364888e-01
3.03218366367517e+00
1.36264265715750e+00
5.82526086649204e+00
9.85492550027610e-01
4.26128916981645e+00
0.00000000000000e+00
1.22383135753683e+01
0.00000000000000e+00
1.19830032652661e+00
8.09593026876987e-01
1.03429561517142e+00
8.28832337046336e-01
0.00000000000000e+00
1.31312898525517e+00
0.00000000000000e+00
1.13550733274998e+00
0.00000000000000e+00
0.00000000000000e+00
1.23769864481048e+00
0.00000000000000e+00
0.00000000000000e+00
9.74715655575136e-01
0.00000000000000e+00
2.20575608964602e+00
0.00000000000000e+00
5.57224083707110e+00
3.09957525973748e+00
0.00000000000000e+00
2.24849531094343e+01
7.75476263155485e+00
9.08952956622155e+00
4.99981232665765e-01
1.54849537368474e+00
0.00000000000000e+00
0.00000000000000e+00
1.39748538937318e+00
0.00000000000000e+00
0.00000000000000e+00
0.00000000000000e+00
0.00000000000000e+00
6.52570401376410e-01
1.71009136622423e-01
1.77625549675240e+00
5.44394334028132e+00
0.00000000000000e+00
0.00000000000000e+00
3.23977775651632e+00
2.24874372632152e+00
6.91006951765194e+00
0.00000000000000e+00
1.50053323855222e+00
0.00000000000000e+00
5.24640983262482e+00
0.00000000000000e+00
2.26339891820717e+00
0.00000000000000e+00
0.00000000000000e+00
6.01221970735372e-01
7.26872791929909e-01
6.44285400474456e-01
1.47834668730677e+01
2.82216996107923e+01
0.00000000000000e+00
1.63493641421456e+00
2.29621643313365e+00
0.00000000000000e+00
1.00000000000000e+00
4.83432645460059e+00
0.00000000000000e+00
7.31202609929806e+00
2.67742947607977e+00
5.00933792668715e-01
0.00000000000000e+00
0.00000000000000e+00
0.00000000000000e+00
0.00000000000000e+00
0.00000000000000e+00
3.34373414248473e+00
3.76418252775736e-01
1.54766720958794e+01
1.38100972001276e+00
0.00000000000000e+00
1.75362875056470e+01
4.16011610601672e-01
9.80171284378394e+00
5.93932236168862e+00
0.00000000000000e+00
4.02951357559095e+00
6.39449027312854e+00
4.65898486149824e+00
5.44676065298849e+00
8.18725237092823e-01
7.39292713640535e-01
6.38905950167070e-01
0.00000000000000e+00
1.50113242149712e+00
0.00000000000000e+00
6.95290583770835e+00
0.00000000000000e+00
9.74669465974971e-01
8.78380905567594e-01
1.79185086912858e+00
0.00000000000000e+00
2.01618819246879e+00
0.00000000000000e+00
4.59346943273740e-01
0.00000000000000e+00
2.05200739288236e+00
6.38905950167070e-01
1.42120020348905e+00
0.00000000000000e+00
1.03141740785362e+01
7.09255153208318e-01
2.96021276770122e+00
1.07173008409026e+01
0.00000000000000e+00
3.94886433965173e+00
1.40182912121172e+00
5.65638495240269e-01
2.28637126611599e+00
0.00000000000000e+00
4.57439637055775e+00
9.21778394661498e-01
6.01221970735372e-01
2.29795577378789e+00
1.47295030602587e+00
5.27379324293504e+00
0.00000000000000e+00
3.30483294977010e+00
0.00000000000000e+00
1.85486014913554e+00
1.00892165199664e+01
1.54291848843049e+00
0.00000000000000e+00
2.09490028848939e+00
6.87624831484090e+00
0.00000000000000e+00
7.68726125099120e+00
0.00000000000000e+00
0.00000000000000e+00
3.65509813211752e+00
6.57409691525427e-01
1.00717426496113e+00
7.55380698720850e-01
7.46276520244355e-01
0.00000000000000e+00
1.17847831236060e+01
0.00000000000000e+00
1.01271911209377e+00
4.00933494952307e-01
0.00000000000000e+00
0.00000000000000e+00
0.00000000000000e+00
1.48044842052938e+00
0.00000000000000e+00
3.91541661889901e+00
0.00000000000000e+00
0.00000000000000e+00
0.00000000000000e+00
0.00000000000000e+00
0.00000000000000e+00
0.00000000000000e+00
0.00000000000000e+00
0.00000000000000e+00
0.00000000000000e+00
2.72447706866896e-01
0.00000000000000e+00
0.00000000000000e+00
1.46410761595959e-01
0.00000000000000e+00
0.00000000000000e+00
0.00000000000000e+00
0.00000000000000e+00
0.00000000000000e+00
0.00000000000000e+00
0.00000000000000e+00
0.00000000000000e+00
0.00000000000000e+00
0.00000000000000e+00
9.50298770969840e-01
1.51413945798110e+00
6.19817905301582e-01
0.00000000000000e+00
0.00000000000000e+00
0.00000000000000e+00
5.46142391690980e-01
2.22052303507425e+00
0.00000000000000e+00
0.00000000000000e+00
0.00000000000000e+00
1.44886162210198e+00
0.00000000000000e+00
1.08640650761687e+01
4.77682737911535e+00
4.91257685707824e+00
0.00000000000000e+00
2.01008511668727e+00
0.00000000000000e+00
2.80346305268496e+00
2.52708850700627e+00
1.06937084796676e+01
1.95738665787072e+00
2.86378606537381e+00
0.00000000000000e+00
0.00000000000000e+00
7.72870139712611e+00
3.21190325496416e+00
0.00000000000000e+00
0.00000000000000e+00
2.77480985838365e+00
0.00000000000000e+00
6.48661474796806e-01
0.00000000000000e+00
2.73418241837787e+00
0.00000000000000e+00
5.02492062085776e+00
1.21435151978896e+01
1.11758980793245e+01
0.00000000000000e+00
2.02662443433273e+00
0.00000000000000e+00
0.00000000000000e+00
0.00000000000000e+00
0.00000000000000e+00
4.84328444053359e-01
1.82184574410270e+01
1.43570620039078e+01
1.58908633797563e+00
1.74777040912439e+01
9.81626939956307e-01
0.00000000000000e+00
0.00000000000000e+00
0.00000000000000e+00
7.45939005549380e-01
3.51262605250891e+00
8.70726523178286e+00
0.00000000000000e+00
0.00000000000000e+00
1.63167486825546e+00
9.92803673216777e-01
4.07094566423351e+01
0.00000000000000e+00
0.00000000000000e+00
3.15627879898519e+00
2.75264525693870e-01
9.04649483864286e-01
0.00000000000000e+00
0.00000000000000e+00
7.47295122424869e-01
0.00000000000000e+00
0.00000000000000e+00
0.00000000000000e+00
0.00000000000000e+00
4.14341764325980e-01
4.23179160061938e+00
0.00000000000000e+00
0.00000000000000e+00
0.00000000000000e+00
3.63731633540005e+00
0.00000000000000e+00
0.00000000000000e+00
0.00000000000000e+00
0.00000000000000e+00
0.00000000000000e+00
0.00000000000000e+00
0.00000000000000e+00
0.00000000000000e+00
0.00000000000000e+00
3.32474101624092e+00
0.00000000000000e+00
7.41413116866354e-01
0.00000000000000e+00
0.00000000000000e+00
0.00000000000000e+00
0.00000000000000e+00
0.00000000000000e+00
0.00000000000000e+00
1.41767772088221e+00
0.00000000000000e+00
0.00000000000000e+00
0.00000000000000e+00
3.24232886697996e+00
0.00000000000000e+00
9.73909457643081e+00
1.81255237986140e+00
1.63384663126021e+01
1.15273988003230e+01
1.21239402815974e+00
2.05247770941710e+00
4.22132731394063e+00
7.66652153972218e-01
1.13703917609395e+01
1.47431682383415e+01
8.06324158048216e-01
7.58785499715795e-01
7.50149985002999e-01
2.42826784874348e+00
1.06017014388581e+00
3.79139540199551e-01
1.67221694932216e+00
9.96393496566496e-01
0.00000000000000e+00
2.77477376568998e-01
1.58272537091544e+00
1.69690844755828e+01
1.55479183683116e+01
0.00000000000000e+00
9.85088828481970e-01
8.20756546108912e-01
5.17321814813995e+00
1.03143878023317e+00
1.56800797525703e+00
0.00000000000000e+00
0.00000000000000e+00
0.00000000000000e+00
4.26024968538704e+00
0.00000000000000e+00
2.93571950708645e+00
0.00000000000000e+00
4.50690270236408e+00
3.70143299244599e+00
4.29794770780869e+01
7.35959144362736e+00
1.00498756211209e+00
8.48267973813012e-01
5.85760768714018e-01
6.76677403113210e-01
7.89709640347249e-01
8.34422251153515e-01
8.03710688710189e-01
1.34624470581175e+00
0.00000000000000e+00
6.88377914637892e-01
0.00000000000000e+00
0.00000000000000e+00
3.61568518711182e+00
9.92975326984517e-01
0.00000000000000e+00
0.00000000000000e+00
5.87332006739849e-01
0.00000000000000e+00
4.81891572875064e-01
4.09453330036503e+00
3.29331571976481e+00
9.96393496566492e-01
7.55437535481155e+00
1.99278699313298e+00
0.00000000000000e+00
0.00000000000000e+00
3.79847835096355e+00
0.00000000000000e+00
3.36559583706656e+00
2.37484939151561e+00
0.00000000000000e+00
1.81961044834612e+01
7.14558931905312e+00
0.00000000000000e+00
0.00000000000000e+00
0.00000000000000e+00
7.99404330409612e-01
6.96793108074234e+00
0.00000000000000e+00
3.64568682843985e+00
0.00000000000000e+00
0.00000000000000e+00
0.00000000000000e+00
0.00000000000000e+00
3.15758744226540e+00
6.19770106695796e+00
1.37817566924196e+01
0.00000000000000e+00
0.00000000000000e+00
0.00000000000000e+00
0.00000000000000e+00
9.62678378991350e-01
0.00000000000000e+00
0.00000000000000e+00
0.00000000000000e+00
4.57396822962481e-01
2.93482370825328e+00
0.00000000000000e+00
0.00000000000000e+00
0.00000000000000e+00
0.00000000000000e+00
2.09694250506175e+00
0.00000000000000e+00
0.00000000000000e+00
1.00782967346259e+00
6.57985347825475e+00
0.00000000000000e+00
9.19726839858731e-01
2.30043846130925e+00
2.09905044598094e-01
0.00000000000000e+00
3.21531853968664e-01
0.00000000000000e+00
0.00000000000000e+00
0.00000000000000e+00
0.00000000000000e+00
0.00000000000000e+00
0.00000000000000e+00
0.00000000000000e+00
0.00000000000000e+00
0.00000000000000e+00
0.00000000000000e+00
0.00000000000000e+00
7.56554413148409e-01
0.00000000000000e+00
0.00000000000000e+00
0.00000000000000e+00
0.00000000000000e+00
2.70060804446284e+00
5.20821493102415e+00
0.00000000000000e+00
5.90098281691668e-01
0.00000000000000e+00
0.00000000000000e+00
3.25698459504050e+01
4.78799653495225e+00
8.00440226087212e-01
0.00000000000000e+00
0.00000000000000e+00
0.00000000000000e+00
0.00000000000000e+00
0.00000000000000e+00
0.00000000000000e+00
1.27517135573805e+01
9.33817104698564e+00
1.73239212720677e+01
1.01607086367044e+00
0.00000000000000e+00
0.00000000000000e+00
6.37282483691853e-01
1.66036674790080e+00
3.94005860370930e+00
4.77948264640246e+00
0.00000000000000e+00
5.66661564271656e+01
1.46405250683978e+00
9.18776088679470e-01
4.39637954365694e+00
6.68805624683500e+00
1.57694028137296e+00
8.97824236363296e-01
6.58205614943880e-01
5.46142391690980e-01
0.00000000000000e+00
2.55606174255923e+00
3.11118956765869e+00
1.57638571988097e+01
3.79451170154409e+00
0.00000000000000e+00
7.26218624335367e-01
8.75091060230979e-01
0.00000000000000e+00
0.00000000000000e+00
0.00000000000000e+00
9.20150085516972e-01
0.00000000000000e+00
5.43903832169015e-01
2.12001028349373e+00
7.52110669513767e+00
0.00000000000000e+00
5.82552455754491e-01
0.00000000000000e+00
0.00000000000000e+00
1.97900907596625e+00
0.00000000000000e+00
0.00000000000000e+00
0.00000000000000e+00
0.00000000000000e+00
0.00000000000000e+00
3.35311486446194e+00
1.29256902678979e+01
9.87755198076886e+00
9.03486027880801e-01
0.00000000000000e+00
3.31242721393324e+00
0.00000000000000e+00
3.30086423409603e-01
9.76807121784941e-01
0.00000000000000e+00
0.00000000000000e+00
0.00000000000000e+00
0.00000000000000e+00
0.00000000000000e+00
0.00000000000000e+00
1.57070303640668e+00
1.18685454054017e+01
8.95629991494289e+00
0.00000000000000e+00
0.00000000000000e+00
0.00000000000000e+00
0.00000000000000e+00
0.00000000000000e+00
8.74910842513152e-01
1.26719689256677e+00
3.91762357420576e+01
2.96072526120288e+01
3.33952049811853e+00
0.00000000000000e+00
0.00000000000000e+00
0.00000000000000e+00
1.27130060746163e+00
3.25388338379408e+00
0.00000000000000e+00
2.92502138394353e+00
2.02837541860145e+01
0.00000000000000e+00
2.47140108397804e-01
1.14563194904287e+00
7.23380803645179e+00
7.60652699638428e-01
0.00000000000000e+00
2.52877353462705e-01
2.83894213221349e-01
9.53367621267827e-01
0.00000000000000e+00
7.62518551712524e+00
8.21420178880960e-01
0.00000000000000e+00
1.13312145200650e+00
0.00000000000000e+00
0.00000000000000e+00
0.00000000000000e+00
6.87470925779770e-01
0.00000000000000e+00
0.00000000000000e+00
8.99246259499902e-01
1.37809166572595e+00
0.00000000000000e+00
0.00000000000000e+00
9.49363576249626e-01
1.91565830574719e+00
0.00000000000000e+00
1.34461984727829e+01
3.61869758753473e+00
0.00000000000000e+00
1.20399510887889e+00
2.24902066376454e+00
0.00000000000000e+00
3.96311934189812e-01
1.09081758816796e+01
5.88908180907414e-01
2.73877705401932e-01
0.00000000000000e+00
0.00000000000000e+00
4.94102976697829e+00
0.00000000000000e+00
0.00000000000000e+00
0.00000000000000e+00
2.64219326017699e+00
0.00000000000000e+00
5.89929623245423e-01
6.31015661200229e-01
0.00000000000000e+00
0.00000000000000e+00
2.61374293160427e+00
1.05846967468655e+00
0.00000000000000e+00
9.59792988466608e-01
1.00885026462131e+00
0.00000000000000e+00
9.92975326984513e-01
0.00000000000000e+00
2.69297611431012e-01
6.94686118487983e-01
9.02617246038199e+00
1.42271186638123e+00
9.96393496566492e-01
0.00000000000000e+00
1.48918539193054e+01
1.25478354668201e+01
2.05714885985709e+00
0.00000000000000e+00
0.00000000000000e+00
2.01144700830844e+00
0.00000000000000e+00
3.58469652322037e-01
3.58469652322037e-01
8.28176139401267e-01
3.73901646581571e+00
0.00000000000000e+00
1.41362039674340e+01
0.00000000000000e+00
4.40434834253662e-01
0.00000000000000e+00
4.78799653495225e+00
8.58640461975156e+00
8.55276697580071e+00
9.73353245712829e-01
0.00000000000000e+00
0.00000000000000e+00
1.00140467441810e+00
0.00000000000000e+00
1.04935581778485e+01
6.76206973786748e-01
0.00000000000000e+00
1.37009371380044e+00
1.21569486121062e+01
0.00000000000000e+00
2.26273178083231e+01
3.23019913716816e+00
1.36388169362317e+00
1.88260264023401e+00
3.82498204201100e+00
0.00000000000000e+00
0.00000000000000e+00
4.90710484043973e+00
2.24628615779109e+00
0.00000000000000e+00
5.17530883025007e+00
3.10518529815003e+00
5.07058004353290e+00
1.69848851994042e+01
1.52866069023490e+00
1.18799500383311e+01
0.00000000000000e+00
8.97087385841116e-01
1.24142189819761e+00
6.83344761345477e+00
0.00000000000000e+00
1.02832138404098e+00
8.47010004130320e-01
5.02628588697237e-01
6.26564188739119e+00
9.31708088932356e-01
2.66674536662401e+01
0.00000000000000e+00
1.32293460699056e+00
0.00000000000000e+00
2.58871382474032e+00
0.00000000000000e+00
3.30106012236027e+00
4.55718177596537e+00
1.09654167459271e+01
1.61493839957286e+01
0.00000000000000e+00
1.77585216691378e+00
6.88092874773443e+00
0.00000000000000e+00
0.00000000000000e+00
0.00000000000000e+00
2.85798282564417e+00
0.00000000000000e+00
0.00000000000000e+00
5.61314001538567e+00
0.00000000000000e+00
1.42668597203365e+00
7.93284465701582e+00
1.05198392503377e+01
1.27244139380110e+00
8.61501075288640e-01
0.00000000000000e+00
0.00000000000000e+00
1.96839840924009e+00
3.57881326914181e+00
1.26720372342709e+01
1.93440151244402e+00
9.00292584246898e-01
0.00000000000000e+00
0.00000000000000e+00
0.00000000000000e+00
1.13121884507145e+00
0.00000000000000e+00
1.04288538308427e+01
0.00000000000000e+00
0.00000000000000e+00
0.00000000000000e+00
1.05712358506288e+00
0.00000000000000e+00
1.34848262839788e+00
0.00000000000000e+00
2.04588285081996e+00
1.22761302949228e+00
1.48870313717376e+00
6.54137406274446e-01
0.00000000000000e+00
6.31015661200229e-01
2.65904261226049e+00
4.45031711896726e+00
0.00000000000000e+00
1.48870313717376e+00
0.00000000000000e+00
6.07203706604442e-01
0.00000000000000e+00
9.93143014535300e-01
0.00000000000000e+00
0.00000000000000e+00
0.00000000000000e+00
0.00000000000000e+00
0.00000000000000e+00
0.00000000000000e+00
1.82845314082216e+01
8.91056520501952e+00
0.00000000000000e+00
0.00000000000000e+00
2.95864359145820e+00
4.72627130006913e+00
0.00000000000000e+00
1.46683095597207e+00
4.72586486600947e+00
1.48592518840187e+00
1.09145440549594e+01
5.08844627543086e+00
6.62653725199391e+00
9.52537099187505e-01
7.49970562652944e+00
2.51955788211919e+00
1.66858592318168e+00
1.18725729624670e+00
1.35800632695281e+00
1.78602437483400e+00
1.04000165361540e+00
0.00000000000000e+00
0.00000000000000e+00
0.00000000000000e+00
0.00000000000000e+00
0.00000000000000e+00
0.00000000000000e+00
0.00000000000000e+00
8.85753537630139e-01
2.23883302289057e+00
0.00000000000000e+00
0.00000000000000e+00
1.16107628606862e+00
5.78373505609722e-01
5.28772337000319e-01
6.07203706604442e-01
4.73743861738223e+00
6.42298128932054e+00
5.32708303314936e+00
3.25027297477675e+00
6.43035023938634e+00
9.55548604901047e+00
0.00000000000000e+00
0.00000000000000e+00
0.00000000000000e+00
3.79139540199551e-01
0.00000000000000e+00
1.08398750071483e+01
0.00000000000000e+00
0.00000000000000e+00
3.39595952547297e+00
2.80717058671075e+00
7.08043037589375e+00
0.00000000000000e+00
3.91541661889901e+00
4.39895662014360e+00
3.32046081650609e+01
8.95288143070897e-01
0.00000000000000e+00
1.74170028121635e+00
3.73345776355576e+00
1.05498803628722e+01
6.22769885703460e-01
1.18193541915752e+01
5.90014071925990e+00
1.07885366337125e+00
0.00000000000000e+00
1.02086282014605e+00
2.23883302289057e+00
0.00000000000000e+00
7.62310761430674e+00
0.00000000000000e+00
1.38296025537868e+00
1.97839083816356e+00
5.60541308184856e+00
7.89607951550778e+00
0.00000000000000e+00
1.99590409404704e+00
0.00000000000000e+00
0.00000000000000e+00
0.00000000000000e+00
1.16025620798619e+00
4.93705407250373e+00
6.02015145067028e+00
0.00000000000000e+00
0.00000000000000e+00
0.00000000000000e+00
0.00000000000000e+00
1.18270521102972e+00
9.12745760120691e-01
1.24142189819761e+00
0.00000000000000e+00
0.00000000000000e+00
5.27970218670850e+00
0.00000000000000e+00
1.55817374367221e+00
1.32349485553508e+00
1.43328087697958e+00
4.40434834253662e-01
0.00000000000000e+00
0.00000000000000e+00
9.44844076787987e-01
1.99590409404704e+00
3.72779900597140e+00
0.00000000000000e+00
6.10910905419370e+00
0.00000000000000e+00
3.27745513065920e+00
0.00000000000000e+00
0.00000000000000e+00
5.09212040134347e-01
5.09212040134347e-01
0.00000000000000e+00
0.00000000000000e+00
4.32747017259533e-01
5.09087172412247e+00
5.79875339960957e+00
8.47460506163309e-01
0.00000000000000e+00
7.44725637499465e-01
0.00000000000000e+00
1.80388437190742e+01
5.28772337000319e-01
3.62506526959501e+01
1.14288356485143e+01
9.51299180365788e+00
3.44842905050473e+00
4.07844737770547e+00
6.44285400474456e-01
5.07120105619371e-01
2.02493002939750e+00
5.69316577084862e-01
5.07120105619371e-01
0.00000000000000e+00
0.00000000000000e+00
3.02082841398507e+00
0.00000000000000e+00
5.92719408292704e-01
0.00000000000000e+00
1.05025236983151e+00
9.73250011724486e-01
1.23157537284424e+01
8.03365855391893e-01
0.00000000000000e+00
0.00000000000000e+00
8.90605449366673e-01
8.92776684581653e+00
4.72775176286927e+00
1.91131215405449e+00
5.21379596100116e+00
3.97666529148901e+00
3.15905389639993e+01
0.00000000000000e+00
0.00000000000000e+00
1.48896153554673e+01
1.47482740793286e+01
0.00000000000000e+00
0.00000000000000e+00
1.82478071826383e+01
7.89397195734267e+00
3.74551420774802e+00
0.00000000000000e+00
9.45326209407441e-01
0.00000000000000e+00
3.82430438241316e+00
1.14474110864128e+00
8.72331644385210e-01
0.00000000000000e+00
0.00000000000000e+00
8.21810055018338e+00
0.00000000000000e+00
0.00000000000000e+00
0.00000000000000e+00
5.49182070049468e+00
0.00000000000000e+00
0.00000000000000e+00
0.00000000000000e+00
0.00000000000000e+00
0.00000000000000e+00
0.00000000000000e+00
0.00000000000000e+00
0.00000000000000e+00
0.00000000000000e+00
0.00000000000000e+00
0.00000000000000e+00
0.00000000000000e+00
9.42763066497230e+00
0.00000000000000e+00
0.00000000000000e+00
0.00000000000000e+00
0.00000000000000e+00
0.00000000000000e+00
2.80334002589362e+00
0.00000000000000e+00
0.00000000000000e+00
0.00000000000000e+00
0.00000000000000e+00
0.00000000000000e+00
8.08647569176745e-01
9.91398603193048e-01
1.63408445850667e+01
1.49311450756687e+00
1.28303983485951e+01
0.00000000000000e+00
3.34974991111459e+00
1.67929963073574e+01
2.23590227005588e+00
0.00000000000000e+00
6.77603652264202e+00
5.38018520322934e+00
1.00855194326881e+00
0.00000000000000e+00
1.63150489119842e+00
1.93576307052727e+00
3.87032562101805e+00
1.32472202623974e+00
0.00000000000000e+00
0.00000000000000e+00
1.53963324613819e+01
1.05400578476011e+01
5.32524248445264e+00
2.49727927558727e+01
1.21515047795411e+00
4.26335004089334e+00
3.35937646359071e+00
4.59576748738410e+00
1.42668171752196e+00
9.00238694144325e+00
4.44261892076737e+00
0.00000000000000e+00
5.77782589760471e+00
1.93576307052727e+00
1.11626734559604e+00
1.58467921041019e+01
0.00000000000000e+00
1.41790567868925e+01
1.00353851778751e+00
9.86898699782352e+00
7.40969968880616e+00
3.21064909798872e+00
1.22581368369338e+00
1.25890918675757e+00
6.46769158637951e+00
3.81243407774552e+01
1.15435177426445e+01
1.02165818571120e+01
2.51745976905628e+00
0.00000000000000e+00
9.93760115024369e-01
4.32747017259533e-01
2.43531493803062e+00
8.47460506163309e-01
0.00000000000000e+00
5.69316577084862e-01
3.24819452061679e-01
5.98365159855706e+00
1.41039510851307e+00
0.00000000000000e+00
2.69153496333889e+00
7.77898355109972e-01
3.60827845163501e+00
1.00661750832001e+00
2.73521802832767e+00
1.32138809590174e+01
1.46539923101178e+00
0.00000000000000e+00
2.82755889600095e+01
5.11769071252803e+00
9.60295636935568e+00
8.98222398641521e+00
0.00000000000000e+00
4.44390955696255e+00
8.03365855391893e-01
2.08773000633108e+00
0.00000000000000e+00
4.14963773800752e+00
0.00000000000000e+00
1.88699487089858e+01
1.09283866571692e+00
1.39553404783434e+00
5.58498707077494e+00
1.57864041601904e+00
1.67017960541648e+00
2.03813527603308e+00
2.19024405543872e+00
0.00000000000000e+00
2.12029713614377e+00
0.00000000000000e+00
0.00000000000000e+00
3.24819452061679e-01
2.20913950580177e+01
0.00000000000000e+00
0.00000000000000e+00
0.00000000000000e+00
0.00000000000000e+00
1.57818074993881e+00
4.19882014926746e+01
0.00000000000000e+00
5.87036394440169e+00
1.01927542632971e+01
0.00000000000000e+00
6.64522485902755e+00
2.77988721192738e+00
6.00278236444138e+00
3.02082841398507e+00
4.60516077425798e+01
2.67035056448509e+00
1.94237158136015e+00
4.79031628947637e+01
1.01207295489911e+01
1.27247755385926e+00
3.09112723442457e-01
3.43178293455602e+00
0.00000000000000e+00
0.00000000000000e+00
0.00000000000000e+00
0.00000000000000e+00
3.45919111147658e+00
2.02355989292511e+00
3.21090768985617e+00
1.50325280724019e+00
2.66423107671581e+00
3.16409193090045e+00
2.90179442294169e+00
0.00000000000000e+00
4.21301999120691e+00
2.74535403097156e+00
9.48380332383651e-01
5.62968104030749e-01
3.27171851346887e+00
5.62968104030749e-01
1.28073941218872e+00
1.88647655045486e+00
6.12667149721550e+00
6.90371851056985e+00
1.90332568719685e+00
0.00000000000000e+00
2.67042048574460e+00
7.46599693517459e-01
2.08707347872845e+00
2.41182119348495e+01
5.89970973271950e+00
0.00000000000000e+00
1.25904470402782e+00
3.49344459322558e+00
1.43207936548508e+00
1.50746312498731e+00
2.33545528435992e+00
4.82737440545440e+00
7.14378674572275e+00
6.77362241875707e+00
2.11313605833613e+00
2.08067710280524e+01
1.66614188503584e+01
6.64238877929302e+00
4.90432862511361e+00
0.00000000000000e+00
6.78329792617801e+00
1.54421138302446e+01
0.00000000000000e+00
1.17772348104477e+01
3.34881859632826e+00
0.00000000000000e+00
6.14787903093989e+00
3.88196118835722e+00
7.22086432395903e-01
7.84615794311202e+00
2.93002345010095e+00
8.76760966025571e-01
3.30759572033847e+00
0.00000000000000e+00
5.70631093969002e+00
1.41665465427888e+00
0.00000000000000e+00
0.00000000000000e+00
6.56403979306135e+00
1.85306528456662e+00
0.00000000000000e+00
0.00000000000000e+00
2.58829984622848e+01
1.13709644554591e+00
2.43906775103690e+01
3.52896324330386e-01
4.39540160105616e+01
0.00000000000000e+00
2.37365643953473e+01
1.82542924690877e+01
1.05503198886272e+01
0.00000000000000e+00
2.39587554536600e+01
1.02910192966452e+01
3.74518150945990e-01
0.00000000000000e+00
3.70760780842316e-01
7.87323725182867e-01
0.00000000000000e+00
6.08628341269477e+00
5.51329634627143e+00
7.40856991287581e+00
5.82581955659645e+00
3.52001139642514e+00
4.35656020727397e+00
2.59345004544423e+00
8.92146218695735e+00
3.02994714956575e+00
3.85505601749847e+01
5.56926035749174e+00
4.73532030585474e+00
6.60489947580615e+00
1.16506652933977e+01
3.35311486446194e+00
4.28987927644071e-01
1.00954688827171e+01
5.23277187570950e+00
3.55960127552479e+01
2.77754284827488e+01
3.42775977834586e+01
8.76222667877717e+01
3.17955273779287e+01
2.01147752204570e+01
2.55580609912990e+01
5.97807961834244e+00
8.32447301413480e+00
2.04460901132421e+01
1.55952456214158e+01
2.69775112314647e+01
3.70671933644260e+01
7.59865708031166e+00
3.88966029422886e+00
2.38449964723150e+00
9.51432544342402e+00
0.00000000000000e+00
1.16223206876768e+01
3.42012467897707e+00
7.49400449432896e+00
2.94943949742931e+00
7.51062425365175e+00
2.14798621996327e+00
1.27076330143428e+00
0.00000000000000e+00
0.00000000000000e+00
3.02026071565099e+00
6.58987179785197e+00
5.23116626431959e+00
1.97839083816356e+00
1.48501132635669e+00
1.16455681009714e+01
0.00000000000000e+00
0.00000000000000e+00
6.43760230888188e+00
1.54647950259908e+00
2.65002732390325e+01
3.93337093069557e+01
1.31577688063351e+01
1.59852053426330e+00
3.96663253622077e-01
2.36707502392956e+00
2.16474540081872e+01
4.14434491521136e+01
4.78486859319590e-01
0.00000000000000e+00
2.99011778546064e+01
2.30841612583675e+00
0.00000000000000e+00
2.01470003412941e+01
1.00302521600658e+01
1.97399770660103e+01
6.36261104360367e+00
4.79238015421383e+00
1.68547277213010e+01
7.53285289219344e+00
0.00000000000000e+00
2.04460901132421e+01
1.81421717882523e+00
7.00481114950853e-01
1.06646292074488e+01
0.00000000000000e+00
1.33955301973100e+01
0.00000000000000e+00
8.62858310719539e+00
3.42225570179222e+01
1.02286226539479e+01
0.00000000000000e+00
2.13792044686825e+00
4.23951323730420e+00
1.82316667171702e+00
3.89134567429534e+01
4.76653532532907e+00
1.86300862795575e+01
1.82948939486678e+00
1.30562752456669e+01
8.67893523552206e+00
2.61054301500522e+00
4.14017819344228e+00
2.75138514311587e+00
3.15213780194360e+00
0.00000000000000e+00
0.00000000000000e+00
1.10264919242614e+01
3.93931862338041e+00
7.19632114146105e+00
2.07549767175571e+01
1.83453471728252e+00
7.19195994991767e+01
2.01838450151555e+01
9.54677007687678e+00
0.00000000000000e+00
0.00000000000000e+00
0.00000000000000e+00
4.83219630802602e+00
2.50350444244218e+01
1.66150700121334e+01
8.88581910800871e+00
0.00000000000000e+00
8.87220787707477e+00
4.42124012703555e+00
3.95312762498776e+00
6.70635680303765e+00
2.26326112067155e+01
1.87337789516899e+01
0.00000000000000e+00
2.24990666831926e+00
2.88594654722625e+00
1.56757528748713e-01
0.00000000000000e+00
5.32095635886744e+00
3.36527248378119e+01
0.00000000000000e+00
0.00000000000000e+00
1.47804343301873e+01
0.00000000000000e+00
4.03621857163189e+01
8.91002128320285e-01
5.05988862808339e+00
4.84541556710270e+00
8.06772840004460e+00
8.08766764442964e+00
3.10414584077843e+01
2.22879091390022e+00
5.01884884035729e+00
5.70901146405409e+00
8.58809339945666e-01
2.69947849041406e+01
5.58337768769557e+00
6.25106243623699e+00
8.01389137958308e+00
2.78126048938831e+00
1.88466428178434e+01
1.51694342373554e+01
6.73339395079187e+00
2.23879253151864e+01
6.64522485902755e+00
1.02128359384998e+01
2.51467518220915e+01
1.77731253297049e+00
1.83406742323400e+00
1.40111641458472e+01
5.79553347409452e+01
2.16992470420882e+00
1.21976048523136e+00
7.66652153972218e-01
2.52966159274950e+01
3.57487372738861e+00
4.03840222783870e+00
1.62629285727348e+01
1.10201333595544e+01
8.02987012782752e+00
1.72297172247299e+01
1.64545455666188e+00
6.82296546386034e+00
4.09821814890811e+00
3.72762529338477e+01
1.42502212127836e+01
1.42898734336858e+01
2.91656612484629e+01
2.83612809629591e+01
6.32797781392460e+00
5.17814971996813e+00
1.86260177911686e+01
3.21648231257916e+00
0.00000000000000e+00
1.36751596043431e+01
5.74927802498667e+00
1.95738665787072e+00
0.00000000000000e+00
1.60006455352811e+01
5.58262365494502e+00
6.90916580225911e+00
3.35655810896049e+00
9.25444094995204e+00
1.61064068599224e+00
1.70398309097523e+01
1.01264327879251e+01
7.85578410058206e+00
1.56062263428162e+01
1.14818589840152e+01
2.47543770685733e+01
1.47747169947034e+01
6.64350597736370e+00
3.10588048750202e+00
0.00000000000000e+00
1.06482873178787e+01
9.52830801798173e+00
8.37135735723850e+00
3.24725306416816e+01
9.08481358290523e+00
9.79945041123305e-01
8.93825368798561e+00
1.37608912216248e+01
1.66989783214854e+01
0.00000000000000e+00
3.09453799923545e+00
0.00000000000000e+00
9.11388730884114e+00
5.10054627993140e+00
5.87060433132185e+00
0.00000000000000e+00
8.64892117323340e+00
2.70158731136393e+01
1.38720542008369e+01
1.16866344188099e+01
8.33547094296009e+01
8.36574894717574e+01
6.19161014610967e+00
2.18009497515873e+00
2.11212866944928e+01
3.06698070629533e+00
5.46491041424654e+01
4.60059376188672e+01
8.39158595849465e+00
1.50927293966276e+01
1.63397050113245e+01
1.16069499401729e+01
1.07213509134069e+01
0.00000000000000e+00
3.03062991782440e+00
7.10359364790442e+00
1.22108038837375e+01
1.44113724798215e+01
1.07767659402387e+01
2.03011243100527e+01
2.25896739117777e+01
1.94426403175023e+01
8.84012356441776e+00
4.06063710027012e+01
1.99118891970540e+01
1.56020567545921e+01
7.77863070854668e+00
1.28690867039337e+01
1.92457186147107e+01
4.74972718923120e+00
1.91068904584036e+00
3.65714421835028e+01
0.00000000000000e+00
5.07929708977530e+01
5.29275663437374e+00
1.32315951363340e+00
0.00000000000000e+00
1.44983716298575e+01
3.45919111147658e+00
2.09062845327505e+00
0.00000000000000e+00
3.68614858455566e+00
5.17970582408222e+00
7.91498575944733e+00
2.09683652060202e+00
1.48711608655001e+01
3.12319978448305e+01
3.59895613599880e+00
8.83557578051178e+00
1.32207724749232e+01
7.56246366535118e+00
6.83200004977750e+00
1.94622128858809e+01
7.13220597332930e+00
2.18087760416995e+01
8.53490859698442e+00
1.31751333063544e+01
8.72759503769416e+00
1.06349901143847e+01
4.00552925093059e+00
2.48087810398269e+01
7.25899705019449e+00
2.68207416539246e+00
9.53746651588261e+00
1.86844679023430e+01
4.03553482812781e+00
1.23930368955459e+01
0.00000000000000e+00
1.56467640966063e+01
1.53442036312204e+01
1.03103353908752e+01
1.59721038906288e+00
1.08125564883633e+01
7.91604226422718e+00
1.94197641462628e+01
2.18730931388722e+01
7.09095764971575e+00
4.20261068384544e+01
6.44382110896157e+00
3.93722050069544e+00
2.92595009108083e+01
7.94134639117958e+00
2.70007452971714e+01
2.05465264396657e+01
7.82879835756599e+00
1.41712474781412e+01
1.45154818018903e+01
0.00000000000000e+00
1.04137625914465e+01
5.70349538428889e+00
0.00000000000000e+00
2.67742947607977e+00
9.42521644258437e+00
2.52419264530126e+01
0.00000000000000e+00
5.63726339760811e+00
7.23916647321843e+00
9.73353184731777e+00
1.39234646257577e+01
1.13587724089625e+01
1.67194516439636e+01
3.31099189079240e+01
0.00000000000000e+00
2.20623880668036e+01
1.37110839946830e+01
1.15483858534439e+02
7.04798876719664e+00
6.48293849495568e+00
1.05359163795119e+01
4.31225654550945e+00
1.69393248868559e+01
3.09496451655648e+00
0.00000000000000e+00
2.67526245114208e+01
2.41244613649614e+01
2.36077335847796e+01
1.52472019459280e+01
9.34951183256310e+00
3.55647372392724e+00
2.07632989468652e+00
1.68588513855257e+01
5.47697852060931e+00
4.08830280402866e+01
3.76025832320679e+01
0.00000000000000e+00
1.57808866682589e+01
1.26366780697979e+01
2.39798804665511e+01
1.51616988333509e+01
2.12623855373045e+00
2.11085291020740e+01
1.75896404866794e+01
2.43606248789344e+01
2.61722215293629e+01
5.49737517306006e+00
5.55235892480146e+01
1.71841978027496e+00
0.00000000000000e+00
0.00000000000000e+00
1.61171391545571e+01
9.13300137082148e+00
8.04374750430953e+00
0.00000000000000e+00
1.27393476679896e+01
4.56012201826400e+01
3.05543362519346e+01
1.80956260800830e+01
1.12017497615752e+01
0.00000000000000e+00
4.42353711158838e-01
5.22702986651763e+01
2.49477638545231e+01
1.73987531330691e+01
6.40173614233194e+00
2.90571587317814e+01
2.54871579943915e+00
2.66207273641577e+01
3.62257698135964e+01
5.76066945091665e+01
3.07315154196508e+01
2.47731791106589e+01
1.26774336832815e+01
4.51412163313412e+00
2.38659705933728e+01
3.42146077155766e+01
1.21410002229863e+01
1.03374042003906e+02
4.69654507659089e+00
0.00000000000000e+00
3.11561619103329e+00
1.56181373032269e+01
3.96606839074362e+01
4.30511704526227e+00
1.28047966306049e+01
7.82571785925146e+00
7.78128572595720e+00
1.08887804730743e+01
4.87251615223438e+00
7.56246366535118e+00
0.00000000000000e+00
4.69654507659089e+00
5.79053832006294e+00
5.08708355362748e+01
0.00000000000000e+00
0.00000000000000e+00
2.46033153925127e+01
3.42204241474117e+01
0.00000000000000e+00
2.34338780866858e+01
0.00000000000000e+00
1.17350544312747e+01
6.58382057106736e+00
2.68418721413596e+01
4.34195820187106e+00
4.29247067402623e+00
4.05619919919704e+01
2.66641253899951e+01
8.25687520429932e+00
4.59282621547575e+00
3.31267241252362e+01
0.00000000000000e+00
3.54413366584036e+01
4.79373062170746e+00
3.63646884569051e+01
1.18812798485821e+01
1.19986930585806e+01
3.61584957964307e+01
1.82731527103158e+01
3.32949378193945e+01
1.65419457821189e+01
1.73413035652162e+01
9.00156010977347e+01
6.04193763108212e+00
6.33058483377737e+01
5.25588250154680e+00
6.56369326612306e+00
1.11849727121982e+01
2.49679232997119e+01
1.11299068461268e+01
2.08407010711728e+01
0.00000000000000e+00
2.91097199745581e+00
0.00000000000000e+00
2.19239663133338e+01
3.40520614998148e+01
0.00000000000000e+00
6.05258886347475e+01
2.86229100312180e+01
3.92062643065918e+00
0.00000000000000e+00
2.04322694962079e+01
1.39767313412081e+01
9.14445655196236e+00
1.43858797231110e+01
1.45771583769421e+01
0.00000000000000e+00
0.00000000000000e+00
6.52662043219578e+00
3.77985529030866e+01
5.16865450634391e+01
0.00000000000000e+00
0.00000000000000e+00
9.08897960150252e+00
1.88875290427653e+01
3.04129417609540e+01
2.03431363394854e+01
1.08939485972799e+01
1.01159233077799e+01
6.03727671852638e+01
3.46625303777553e+00
4.07440558282808e+00
0.00000000000000e+00
5.39111458125799e+01
6.84794670456625e+01
8.10570352642045e+00
4.17232375459143e+01
1.34695646759327e+01
2.24005928012947e+01
3.64780070230365e+01
1.41475116597993e+01
0.00000000000000e+00
0.00000000000000e+00
0.00000000000000e+00
0.00000000000000e+00
0.00000000000000e+00
0.00000000000000e+00
0.00000000000000e+00
0.00000000000000e+00
5.29931938056306e+01
4.76038212383555e+01
4.62107819530441e+01
7.77045419087809e+01
1.62990692085597e+01
1.02137876109057e+02
3.00339037708796e+01
7.48210342843539e+00
1.91228383505280e+01
2.08862117713115e+01
2.14583953737723e+01
5.37304146741162e+01
1.91662468996617e+01
5.94720141711653e+00
1.79676562268614e+01
2.95743539124507e+01
4.09477193485009e+01
2.22677030853033e+01
0.00000000000000e+00
0.00000000000000e+00
1.60854264835742e+01
3.91280533182410e+01
1.73972292221948e+01
0.00000000000000e+00
0.00000000000000e+00
0.00000000000000e+00
1.77825174926477e+01
2.28204823955399e+01
4.54084655940431e+01
1.10316754970321e+01
4.74793709623559e+01
4.03427667441522e+01
2.77805811143791e+01
8.57824954659834e+00
1.54461440802800e+01
1.71848312653252e+01
3.29683318818680e+01
9.80728724486033e+00
8.16129746765159e+01
5.53567191580987e+01
1.35776590446445e+01
3.04802043020891e+01
5.37947554565665e+01
1.98099689100504e+01
4.21049652298000e+01
4.97073408139929e+01
8.81863391831708e+00
6.60313345382967e+00
0.00000000000000e+00
1.92296717998414e+01
7.37170277480068e+01
2.91356186175806e+01
2.13649450565570e+01
1.50393510725652e+01
0.00000000000000e+00
0.00000000000000e+00
0.00000000000000e+00
0.00000000000000e+00
4.56793396797663e+01
0.00000000000000e+00
0.00000000000000e+00
0.00000000000000e+00
1.82184330839171e+01
1.31269332904795e+01
2.10551135268143e+01
7.64615599612177e+01
3.95667689955188e+01
1.49143046576481e+01
2.81414603949577e+00
9.26519993656849e+01
3.71008258777409e+00
9.92984465966708e+00
2.22599962892982e+01
1.22549508215700e+02
0.00000000000000e+00
0.00000000000000e+00
0.00000000000000e+00
0.00000000000000e+00
1.00862838663142e+01
3.21348742617107e+01
1.55533927511350e+01
5.11384846316503e+00
5.07039853841023e+01
3.65248826850830e+01
8.34416570595264e+00
1.64992876897175e+01
2.11037142613823e+01
1.53491174310055e+01
5.34526787717986e+01
8.34262221441046e+01
1.91606526902683e+01
2.00920887556618e+01
2.67464252036737e+01
3.24201051896163e+01
1.65423432095096e+01
3.50636776960943e+01
2.39989994282923e+01
8.84738520273113e+00
5.42183950510460e+01
2.91281752907197e+01
3.60753896899448e+01
4.87462272875413e+01
2.77173495618719e+01
2.45302278136347e+01
5.33680035478610e+01
2.08036236471778e+01
1.15771661981784e+01
1.64847017509428e+01
4.79519908588365e+01
6.95156949899946e+01
1.04082941074430e+02
1.08101259136869e+02
5.74124898822715e+01
0.00000000000000e+00
7.31691957027225e+01
6.44976320866481e+00
8.97898098022111e+00
0.00000000000000e+00
2.15507412821891e+01
2.71718510409589e+01
2.93539259710628e+01
8.26007874609304e+00
5.19706162632874e+00
9.98130121453630e-01
5.32590770728613e+01
0.00000000000000e+00
4.45842502033090e+01
4.89841951610862e+01
2.14246923694321e+01
6.75788644537395e+01
7.66534254297394e+01
2.96379995484401e+01
3.93780426450400e+01
2.21377237899728e+00
2.02422082635406e+01
5.79718857547919e+00
1.41553052016761e+01
3.67442320759290e+00
4.69053095848414e+01
6.08010881856891e+00
3.71425563143140e+01
6.06920306119358e+01
1.81016956491170e+01
1.30220684268867e+01
8.49391499532428e+01
9.55870355684797e+00
3.21537554049891e+01
1.78736006024468e+01
9.44185865947094e+01
7.58081729953127e+01
8.36530280541161e+01
3.84564416073059e+01
0.00000000000000e+00
0.00000000000000e+00
5.50661209433098e+01
2.57055563609280e+01
5.86956870254723e+01
3.48408522733014e+01
2.80150672367750e+01
2.88163876701144e+01
2.39026876385772e+01
2.37016513195294e+01
6.74210756758158e+01
6.30948174418951e+01
8.54480837724032e+00
2.40156621412866e+01
1.80850867851081e+01
1.68355580976515e+01
6.26578002055268e+01
1.94203464109922e+01
1.51730957941768e+02
2.81219713633752e+01
5.34511155972511e+01
5.61892748551874e+01
2.51079584890515e+01
3.52095696292697e+01
0.00000000000000e+00
3.21480668512596e+01
0.00000000000000e+00
0.00000000000000e+00
7.21719388257230e+01
0.00000000000000e+00
1.01672046278002e+01
2.31548466295850e+01
1.95251814000742e+01
4.77853826854904e+01
0.00000000000000e+00
2.19964352044672e+01
5.91425928428695e+01
2.11746230642564e+01
0.00000000000000e+00
0.00000000000000e+00
6.49212510288521e+01
6.87289610038684e+00
1.25643530230446e+02
6.48206355753712e+00
4.60387069928074e+01
7.13906426880872e+00
0.00000000000000e+00
0.00000000000000e+00
0.00000000000000e+00
2.18497334985452e+01
0.00000000000000e+00
1.53915639508850e+02
0.00000000000000e+00
6.29909626840321e+01
2.02695137506147e+01
2.21746428916507e+01
3.63579537401109e+01
4.97670889375511e+01
2.88730039871309e+00
5.93830562931972e+01
1.44851179129995e+02
4.94889820535649e+01
2.70068506730622e+01
4.72234075692424e+01
2.42437837847776e+01
4.41223024136192e+00
5.28306468800037e+01
5.78300972797959e+01
5.31963245001873e+01
4.70877597184309e+01
6.61618256126250e+01
0.00000000000000e+00
4.73681232641841e+01
4.49457467448309e+01
2.12821107470778e+01
4.46892677794219e+01
4.44803560478380e+01
3.99516745352487e+01
0.00000000000000e+00
4.70365091664957e+01
0.00000000000000e+00
9.84062632902433e+01
7.81815371963778e+00
2.18713822367730e+01
1.96026220864101e+01
6.28568279496123e+01
3.12344418473057e+01
1.08399954555967e+01
6.41082723257657e+00
3.94397562015453e+01
2.14787543310258e+01
0.00000000000000e+00
2.18497334985452e+01
0.00000000000000e+00
0.00000000000000e+00
0.00000000000000e+00
0.00000000000000e+00
0.00000000000000e+00
8.45351818823722e+01
0.00000000000000e+00
1.99305859429075e+01
3.79391666976965e+01
3.29122397474860e+01
0.00000000000000e+00
2.87576443801283e+01
3.27844769054809e+01
0.00000000000000e+00
4.44925167483681e+00
5.53890679414872e+01
0.00000000000000e+00
5.39385644224374e+01
0.00000000000000e+00
0.00000000000000e+00
2.54637608387253e+01
3.08564360612137e+01
5.28776761288582e+01
3.96093832294984e+01
4.18436320429764e+01
1.18972715410535e+01
5.13645832698267e+01
1.95595828420444e+01
3.73411958973571e+01
3.64084541154224e+01
4.05619601710363e+01
1.54061942904389e+02
6.83152070002546e+01
4.50555454755049e+01
0.00000000000000e+00
0.00000000000000e+00
6.50469261891423e+01
5.00548491098419e+01
0.00000000000000e+00
1.03164462286894e+01
0.00000000000000e+00
0.00000000000000e+00
0.00000000000000e+00
4.13362624864402e+01
7.83955462020682e+01
5.51952581568241e+01
0.00000000000000e+00
3.57161868800300e+01
0.00000000000000e+00
0.00000000000000e+00
1.37390389405728e+01
2.29486203964221e+01
0.00000000000000e+00
0.00000000000000e+00
0.00000000000000e+00
0.00000000000000e+00
2.71038254410365e+01
8.32014578527686e+00
0.00000000000000e+00
3.87323373033738e+00
1.04226390847052e+01
1.69105096065041e+01
1.67597717984450e+01
2.18520350624844e+01
4.34323732906052e+01
8.84042311300441e+00
0.00000000000000e+00
2.95320316161819e+01
2.44777928858925e+01
4.39405199188472e+01
4.54031571162882e+01
4.35402188156592e+01
5.18522349973847e+01
2.33759741646299e+00
9.45266197999388e+00
9.82993508995075e+00
1.27191236235877e+01
3.42689793898121e+01
1.37390389405728e+01
2.04768180479486e+01
4.80041318111557e+01
3.07590925545843e+01
0.00000000000000e+00
1.00056705859156e+01
3.38676912026342e+00
2.48141636017342e+01
0.00000000000000e+00
0.00000000000000e+00
0.00000000000000e+00
0.00000000000000e+00
1.01672046278002e+01
0.00000000000000e+00
0.00000000000000e+00
0.00000000000000e+00
0.00000000000000e+00
0.00000000000000e+00
0.00000000000000e+00
2.76862796401706e+01
0.00000000000000e+00
0.00000000000000e+00
0.00000000000000e+00
0.00000000000000e+00
0.00000000000000e+00
0.00000000000000e+00
0.00000000000000e+00
0.00000000000000e+00
5.03051391961014e+01
8.06657225245518e+01
1.18761798004336e+01
9.77175428848640e+00
4.62324085616808e+01
1.13280315960806e+02
5.97770546810272e+01
1.58868372777320e+01
4.76424163932285e+01
2.26272450544997e+01
5.45317227043400e+01
5.92471752128102e+01
0.00000000000000e+00
0.00000000000000e+00
0.00000000000000e+00
0.00000000000000e+00
0.00000000000000e+00
0.00000000000000e+00
0.00000000000000e+00
2.29945251141841e+01
0.00000000000000e+00
0.00000000000000e+00
0.00000000000000e+00
0.00000000000000e+00
0.00000000000000e+00
0.00000000000000e+00
0.00000000000000e+00
0.00000000000000e+00
0.00000000000000e+00
0.00000000000000e+00
0.00000000000000e+00
0.00000000000000e+00
0.00000000000000e+00
0.00000000000000e+00
0.00000000000000e+00
0.00000000000000e+00
0.00000000000000e+00
0.00000000000000e+00
2.43024707812228e+01
1.11235779684425e+01
0.00000000000000e+00
0.00000000000000e+00
0.00000000000000e+00
2.92143960027054e+01
2.88803449221870e+00
9.70962964555342e+00
0.00000000000000e+00
0.00000000000000e+00
0.00000000000000e+00
0.00000000000000e+00
0.00000000000000e+00
0.00000000000000e+00
0.00000000000000e+00
0.00000000000000e+00
1.43883853811776e+00
0.00000000000000e+00
0.00000000000000e+00
5.14419569240953e+00
2.10859770715050e+01
6.87230717257209e+00
7.74371731906399e+01
2.77418935284419e+01
0.00000000000000e+00
0.00000000000000e+00
0.00000000000000e+00
4.35169526156913e+01
1.20158710526913e+01
3.75280995862199e+01
2.20966349886646e+01
0.00000000000000e+00
9.95229374981484e+00
0.00000000000000e+00
0.00000000000000e+00
3.12498353580846e+01
0.00000000000000e+00
0.00000000000000e+00
0.00000000000000e+00
0.00000000000000e+00
0.00000000000000e+00
0.00000000000000e+00
0.00000000000000e+00
0.00000000000000e+00
0.00000000000000e+00
9.07367672938219e+00
4.40764292203629e+01
0.00000000000000e+00
0.00000000000000e+00
0.00000000000000e+00
1.01724584472854e+01
1.35199315592930e+01
2.57846316325543e+01
3.97023665439949e+01
1.35380033243821e+02
6.30484988374991e+01
3.64457347091194e+01
2.82966925308190e+01
0.00000000000000e+00
0.00000000000000e+00
0.00000000000000e+00
0.00000000000000e+00
0.00000000000000e+00
0.00000000000000e+00
0.00000000000000e+00
0.00000000000000e+00
0.00000000000000e+00
0.00000000000000e+00
0.00000000000000e+00
0.00000000000000e+00
0.00000000000000e+00
0.00000000000000e+00
0.00000000000000e+00
0.00000000000000e+00
1.44681594262956e+01
3.27165778155912e+01
4.32572471567025e+01
5.74313625675537e+01
3.80024844450254e+00
7.25798637577184e+01
0.00000000000000e+00
0.00000000000000e+00
0.00000000000000e+00
0.00000000000000e+00
0.00000000000000e+00
0.00000000000000e+00
0.00000000000000e+00
0.00000000000000e+00
6.76975319432611e+00
1.36837384665215e+01
4.85014388720955e+01
3.67304817544732e+01
0.00000000000000e+00
0.00000000000000e+00
0.00000000000000e+00
0.00000000000000e+00
0.00000000000000e+00
0.00000000000000e+00
0.00000000000000e+00
0.00000000000000e+00
0.00000000000000e+00
0.00000000000000e+00
0.00000000000000e+00
0.00000000000000e+00
0.00000000000000e+00
0.00000000000000e+00
0.00000000000000e+00
0.00000000000000e+00
0.00000000000000e+00
0.00000000000000e+00
0.00000000000000e+00
0.00000000000000e+00
0.00000000000000e+00
0.00000000000000e+00
0.00000000000000e+00
0.00000000000000e+00
0.00000000000000e+00
0.00000000000000e+00
0.00000000000000e+00
0.00000000000000e+00
0.00000000000000e+00
0.00000000000000e+00
0.00000000000000e+00
0.00000000000000e+00
0.00000000000000e+00
0.00000000000000e+00
0.00000000000000e+00
0.00000000000000e+00
0.00000000000000e+00
4.98255242097523e+00
2.34004394818566e+00
0.00000000000000e+00
0.00000000000000e+00
3.09554375670695e+00
0.00000000000000e+00
0.00000000000000e+00
0.00000000000000e+00
0.00000000000000e+00
0.00000000000000e+00
0.00000000000000e+00
0.00000000000000e+00
0.00000000000000e+00
0.00000000000000e+00
0.00000000000000e+00
0.00000000000000e+00
0.00000000000000e+00
0.00000000000000e+00
0.00000000000000e+00
0.00000000000000e+00
2.34004394818566e+00
5.81437181827695e+01
0.00000000000000e+00
4.78163594726507e+00
5.11487923564108e+01
0.00000000000000e+00
0.00000000000000e+00
2.06570547976271e+01
6.37368501937107e+01
2.55617678079065e+01
8.69265555244573e+00
4.14535145517490e+01
8.44272384905669e+00
0.00000000000000e+00
0.00000000000000e+00
6.10537888015913e+01
2.26122416552731e+01
2.66283903162372e+01
3.70559873225232e+01
1.19056896732519e+01
3.93892627963587e+00
1.41791238639617e+01
3.89852790686672e+00
0.00000000000000e+00
1.30973821906758e+01
0.00000000000000e+00
1.58940475927593e+01
0.00000000000000e+00
0.00000000000000e+00
0.00000000000000e+00
5.79368536507000e+00
7.81815371963778e+00
0.00000000000000e+00
0.00000000000000e+00
0.00000000000000e+00
0.00000000000000e+00
0.00000000000000e+00
0.00000000000000e+00
4.56827861445097e+01
0.00000000000000e+00
0.00000000000000e+00
0.00000000000000e+00
0.00000000000000e+00
0.00000000000000e+00
0.00000000000000e+00
0.00000000000000e+00
0.00000000000000e+00
0.00000000000000e+00
0.00000000000000e+00
0.00000000000000e+00
0.00000000000000e+00
0.00000000000000e+00
0.00000000000000e+00
0.00000000000000e+00
0.00000000000000e+00
0.00000000000000e+00
0.00000000000000e+00
0.00000000000000e+00
0.00000000000000e+00
0.00000000000000e+00
0.00000000000000e+00
0.00000000000000e+00
0.00000000000000e+00
2.28242297643701e+01
0.00000000000000e+00
0.00000000000000e+00
0.00000000000000e+00
0.00000000000000e+00
0.00000000000000e+00
0.00000000000000e+00
0.00000000000000e+00
0.00000000000000e+00
0.00000000000000e+00
0.00000000000000e+00
0.00000000000000e+00
0.00000000000000e+00
0.00000000000000e+00
0.00000000000000e+00
0.00000000000000e+00
4.56601891142675e+01
1.33668639030044e+01
6.46359316536538e+01
1.76442603519657e+01
2.22063386713960e+01
1.86644250134730e+01
4.50881219775964e+00
7.28075647612217e+00
6.50280645134895e+01
5.00827040386139e+01
0.00000000000000e+00
5.59483999578699e+01
4.47353144558081e+01
0.00000000000000e+00
6.36547764173064e+01
1.22186917902477e+01
0.00000000000000e+00
5.22919333046779e+01
3.26384055925086e+01
1.05192797144323e+01
3.84654706580956e+01
2.08409833011422e+01
3.72068212300402e+01
3.45419857830961e+01
1.64909209071232e+01
6.03123215181694e+01
2.56498348601067e+01
2.80376691812655e+01
0.00000000000000e+00
5.06699792600338e+00
3.18681723265484e+01
2.22763446129546e+01
2.28948175160094e+00
3.16747805269500e+01
7.22219663433547e+00
3.78183590896284e+00
0.00000000000000e+00
6.81637701794627e+00
6.15981771253740e+01
0.00000000000000e+00
4.49929016239469e+01
1.83617925098798e+00
1.07041648827352e+01
2.58822829267126e+00
1.00584070859508e+02
0.00000000000000e+00
2.20411628224395e+01
0.00000000000000e+00
1.23927603654161e+00
1.30304316915809e+01
0.00000000000000e+00
0.00000000000000e+00
4.19396196796808e+01
0.00000000000000e+00
4.46648266604997e+01
2.36470225702895e+01
5.12108694108964e+01
0.00000000000000e+00
0.00000000000000e+00
0.00000000000000e+00
0.00000000000000e+00
0.00000000000000e+00
0.00000000000000e+00
0.00000000000000e+00
0.00000000000000e+00
0.00000000000000e+00
0.00000000000000e+00
0.00000000000000e+00
0.00000000000000e+00
0.00000000000000e+00
0.00000000000000e+00
0.00000000000000e+00
0.00000000000000e+00
0.00000000000000e+00
0.00000000000000e+00
0.00000000000000e+00
0.00000000000000e+00
0.00000000000000e+00
0.00000000000000e+00
0.00000000000000e+00
0.00000000000000e+00
0.00000000000000e+00
0.00000000000000e+00
0.00000000000000e+00
0.00000000000000e+00
0.00000000000000e+00
0.00000000000000e+00
0.00000000000000e+00
0.00000000000000e+00
0.00000000000000e+00
0.00000000000000e+00
0.00000000000000e+00
0.00000000000000e+00
0.00000000000000e+00
0.00000000000000e+00
0.00000000000000e+00
0.00000000000000e+00
0.00000000000000e+00
0.00000000000000e+00
0.00000000000000e+00
0.00000000000000e+00
0.00000000000000e+00
0.00000000000000e+00
0.00000000000000e+00
0.00000000000000e+00
0.00000000000000e+00
0.00000000000000e+00
0.00000000000000e+00
0.00000000000000e+00
0.00000000000000e+00
0.00000000000000e+00
0.00000000000000e+00
0.00000000000000e+00
0.00000000000000e+00
0.00000000000000e+00
0.00000000000000e+00
0.00000000000000e+00
0.00000000000000e+00
0.00000000000000e+00
0.00000000000000e+00
0.00000000000000e+00
0.00000000000000e+00
0.00000000000000e+00
0.00000000000000e+00
0.00000000000000e+00
0.00000000000000e+00
0.00000000000000e+00
0.00000000000000e+00
0.00000000000000e+00
0.00000000000000e+00
0.00000000000000e+00
0.00000000000000e+00
0.00000000000000e+00
0.00000000000000e+00
0.00000000000000e+00
0.00000000000000e+00
0.00000000000000e+00
0.00000000000000e+00
0.00000000000000e+00
0.00000000000000e+00
0.00000000000000e+00
0.00000000000000e+00
0.00000000000000e+00
0.00000000000000e+00
0.00000000000000e+00
0.00000000000000e+00
0.00000000000000e+00
0.00000000000000e+00
0.00000000000000e+00
0.00000000000000e+00
0.00000000000000e+00
0.00000000000000e+00
0.00000000000000e+00
0.00000000000000e+00
0.00000000000000e+00
0.00000000000000e+00
0.00000000000000e+00
0.00000000000000e+00
0.00000000000000e+00
0.00000000000000e+00
0.00000000000000e+00
0.00000000000000e+00
0.00000000000000e+00
0.00000000000000e+00
0.00000000000000e+00
0.00000000000000e+00
0.00000000000000e+00
0.00000000000000e+00
0.00000000000000e+00
0.00000000000000e+00
0.00000000000000e+00
0.00000000000000e+00
0.00000000000000e+00
0.00000000000000e+00
0.00000000000000e+00
0.00000000000000e+00
0.00000000000000e+00
0.00000000000000e+00
0.00000000000000e+00
0.00000000000000e+00
0.00000000000000e+00
0.00000000000000e+00
0.00000000000000e+00
0.00000000000000e+00
0.00000000000000e+00
0.00000000000000e+00
0.00000000000000e+00
0.00000000000000e+00
0.00000000000000e+00
0.00000000000000e+00
0.00000000000000e+00
0.00000000000000e+00
0.00000000000000e+00
0.00000000000000e+00
0.00000000000000e+00
0.00000000000000e+00
0.00000000000000e+00
0.00000000000000e+00
0.00000000000000e+00
0.00000000000000e+00
0.00000000000000e+00
0.00000000000000e+00
0.00000000000000e+00
3.15115462339211e+00
1.11661311417000e+01
0.00000000000000e+00
0.00000000000000e+00
0.00000000000000e+00
0.00000000000000e+00
0.00000000000000e+00
3.09108602315432e+00
1.02237317588572e+01
0.00000000000000e+00
1.69680192153954e+01
1.12462749219782e+01
0.00000000000000e+00
0.00000000000000e+00
1.14881343923984e+01
1.89069277403527e+00
1.83494093867226e+01
1.14455570808737e+01
0.00000000000000e+00
0.00000000000000e+00
9.98077946834971e+00
7.62516581303106e+00
0.00000000000000e+00
0.00000000000000e+00
2.49988908235371e+01
5.04409872080751e+00
0.00000000000000e+00
0.00000000000000e+00
0.00000000000000e+00
0.00000000000000e+00
0.00000000000000e+00
0.00000000000000e+00
0.00000000000000e+00
0.00000000000000e+00
0.00000000000000e+00
0.00000000000000e+00
5.56937041633863e+00
0.00000000000000e+00
0.00000000000000e+00
0.00000000000000e+00
4.75450402712341e+00
0.00000000000000e+00
0.00000000000000e+00
0.00000000000000e+00
0.00000000000000e+00
0.00000000000000e+00
0.00000000000000e+00
0.00000000000000e+00
0.00000000000000e+00
0.00000000000000e+00
0.00000000000000e+00
0.00000000000000e+00
0.00000000000000e+00
0.00000000000000e+00
0.00000000000000e+00
0.00000000000000e+00
0.00000000000000e+00
0.00000000000000e+00
0.00000000000000e+00
0.00000000000000e+00
0.00000000000000e+00
0.00000000000000e+00
0.00000000000000e+00
0.00000000000000e+00
0.00000000000000e+00
0.00000000000000e+00
0.00000000000000e+00
0.00000000000000e+00
0.00000000000000e+00
0.00000000000000e+00
0.00000000000000e+00
0.00000000000000e+00
0.00000000000000e+00
0.00000000000000e+00
0.00000000000000e+00
0.00000000000000e+00
5.68506217051718e+00
0.00000000000000e+00
0.00000000000000e+00
0.00000000000000e+00
0.00000000000000e+00
0.00000000000000e+00
0.00000000000000e+00
0.00000000000000e+00
0.00000000000000e+00
0.00000000000000e+00
0.00000000000000e+00
0.00000000000000e+00
0.00000000000000e+00
0.00000000000000e+00
0.00000000000000e+00
0.00000000000000e+00
0.00000000000000e+00
0.00000000000000e+00
0.00000000000000e+00
0.00000000000000e+00
0.00000000000000e+00
0.00000000000000e+00
0.00000000000000e+00
0.00000000000000e+00
0.00000000000000e+00
0.00000000000000e+00
0.00000000000000e+00
0.00000000000000e+00
0.00000000000000e+00
0.00000000000000e+00
0.00000000000000e+00
0.00000000000000e+00
0.00000000000000e+00
0.00000000000000e+00
0.00000000000000e+00
0.00000000000000e+00
0.00000000000000e+00
0.00000000000000e+00
0.00000000000000e+00
0.00000000000000e+00
0.00000000000000e+00
0.00000000000000e+00
0.00000000000000e+00
0.00000000000000e+00
0.00000000000000e+00
0.00000000000000e+00
0.00000000000000e+00
0.00000000000000e+00
0.00000000000000e+00
0.00000000000000e+00
0.00000000000000e+00
0.00000000000000e+00
0.00000000000000e+00
0.00000000000000e+00
0.00000000000000e+00
0.00000000000000e+00
0.00000000000000e+00
0.00000000000000e+00
0.00000000000000e+00
0.00000000000000e+00
0.00000000000000e+00
0.00000000000000e+00
0.00000000000000e+00
0.00000000000000e+00
0.00000000000000e+00
0.00000000000000e+00
0.00000000000000e+00
0.00000000000000e+00
0.00000000000000e+00
0.00000000000000e+00
0.00000000000000e+00
0.00000000000000e+00
0.00000000000000e+00
0.00000000000000e+00
0.00000000000000e+00
0.00000000000000e+00
0.00000000000000e+00
0.00000000000000e+00
0.00000000000000e+00
0.00000000000000e+00
0.00000000000000e+00
0.00000000000000e+00
7.77765631410257e+00
0.00000000000000e+00
0.00000000000000e+00
0.00000000000000e+00
0.00000000000000e+00
0.00000000000000e+00
0.00000000000000e+00
0.00000000000000e+00
0.00000000000000e+00
0.00000000000000e+00
0.00000000000000e+00
0.00000000000000e+00
0.00000000000000e+00
0.00000000000000e+00
0.00000000000000e+00
0.00000000000000e+00
0.00000000000000e+00
0.00000000000000e+00
0.00000000000000e+00
0.00000000000000e+00
0.00000000000000e+00
0.00000000000000e+00
0.00000000000000e+00
0.00000000000000e+00
0.00000000000000e+00
0.00000000000000e+00
0.00000000000000e+00
0.00000000000000e+00
0.00000000000000e+00
0.00000000000000e+00
0.00000000000000e+00
0.00000000000000e+00
0.00000000000000e+00
0.00000000000000e+00
0.00000000000000e+00
0.00000000000000e+00
0.00000000000000e+00
0.00000000000000e+00
0.00000000000000e+00
0.00000000000000e+00
0.00000000000000e+00
0.00000000000000e+00
0.00000000000000e+00
0.00000000000000e+00
0.00000000000000e+00
0.00000000000000e+00
0.00000000000000e+00
0.00000000000000e+00
0.00000000000000e+00
0.00000000000000e+00
0.00000000000000e+00
0.00000000000000e+00
0.00000000000000e+00
0.00000000000000e+00
0.00000000000000e+00
0.00000000000000e+00
0.00000000000000e+00
0.00000000000000e+00
0.00000000000000e+00
0.00000000000000e+00
0.00000000000000e+00
0.00000000000000e+00
0.00000000000000e+00
0.00000000000000e+00
0.00000000000000e+00
0.00000000000000e+00
0.00000000000000e+00
0.00000000000000e+00
0.00000000000000e+00
0.00000000000000e+00
0.00000000000000e+00
0.00000000000000e+00
0.00000000000000e+00
0.00000000000000e+00
0.00000000000000e+00
0.00000000000000e+00
0.00000000000000e+00
0.00000000000000e+00
0.00000000000000e+00
0.00000000000000e+00
0.00000000000000e+00
0.00000000000000e+00
0.00000000000000e+00
0.00000000000000e+00
0.00000000000000e+00
0.00000000000000e+00
0.00000000000000e+00
0.00000000000000e+00
0.00000000000000e+00
0.00000000000000e+00
1.22422744960210e+01
2.13716039799504e+00
0.00000000000000e+00
0.00000000000000e+00
0.00000000000000e+00
0.00000000000000e+00
0.00000000000000e+00
0.00000000000000e+00
0.00000000000000e+00
0.00000000000000e+00
0.00000000000000e+00
0.00000000000000e+00
0.00000000000000e+00
0.00000000000000e+00
0.00000000000000e+00
0.00000000000000e+00
1.59347088471378e+01
0.00000000000000e+00
0.00000000000000e+00
0.00000000000000e+00
0.00000000000000e+00
0.00000000000000e+00
0.00000000000000e+00
0.00000000000000e+00
0.00000000000000e+00
0.00000000000000e+00
0.00000000000000e+00
0.00000000000000e+00
0.00000000000000e+00
0.00000000000000e+00
0.00000000000000e+00
6.44014367202083e+00
0.00000000000000e+00
1.19943509553609e+01
0.00000000000000e+00
0.00000000000000e+00
0.00000000000000e+00
6.13276610451173e+00
8.08002207532082e+00
0.00000000000000e+00
4.47174359744034e+00
0.00000000000000e+00
2.77302843803623e+00
5.67054762302155e+00
7.77765631410257e+00
7.90488238640844e+00
0.00000000000000e+00
0.00000000000000e+00
0.00000000000000e+00
5.70967665944409e+00
7.90488238640844e+00
0.00000000000000e+00
0.00000000000000e+00
1.13877684948632e+01
4.66312338438549e+00
1.37955236499123e+02
4.65735206173919e+01
9.51612776574015e+00
9.21762563295229e+00
3.44736850086820e+01
8.44544746078199e+01
3.52095696292697e+01
1.61886466094981e+01
2.90221972674251e+01
7.77900792751792e+00
0.00000000000000e+00
1.43521753076868e+01
4.96015432761349e+00
8.95981631159470e+00
6.48206355753712e+00
0.00000000000000e+00
0.00000000000000e+00
0.00000000000000e+00
0.00000000000000e+00
0.00000000000000e+00
0.00000000000000e+00
0.00000000000000e+00
0.00000000000000e+00
0.00000000000000e+00
0.00000000000000e+00
0.00000000000000e+00
0.00000000000000e+00
0.00000000000000e+00
0.00000000000000e+00
0.00000000000000e+00
0.00000000000000e+00
0.00000000000000e+00
0.00000000000000e+00
0.00000000000000e+00
1.10144959513522e+01
0.00000000000000e+00
0.00000000000000e+00
0.00000000000000e+00
0.00000000000000e+00
0.00000000000000e+00
0.00000000000000e+00
0.00000000000000e+00
3.16019481356406e+01
2.03200543699345e+01
9.07185890559493e+01
1.01661526364512e+02
0.00000000000000e+00
0.00000000000000e+00
0.00000000000000e+00
1.15455981697273e+01
0.00000000000000e+00
0.00000000000000e+00
0.00000000000000e+00
1.31607095997438e+01
1.14623164638656e+01
4.07392747945675e+00
1.01051942330151e+01
1.01051942330151e+01
6.62816232675497e+01
1.93432321829418e+01
1.52506580718711e+01
0.00000000000000e+00
3.49430449410906e+01
1.54723470081933e+01
2.06526002783742e+00
0.00000000000000e+00
6.54322799663568e+01
1.16551319943965e+01
9.26854567423521e+00
0.00000000000000e+00
2.38554086537414e+01
0.00000000000000e+00
5.72052267214071e+00
0.00000000000000e+00
6.56157507769730e+00
0.00000000000000e+00
0.00000000000000e+00
0.00000000000000e+00
0.00000000000000e+00
0.00000000000000e+00
0.00000000000000e+00
0.00000000000000e+00
0.00000000000000e+00
0.00000000000000e+00
0.00000000000000e+00
0.00000000000000e+00
0.00000000000000e+00
0.00000000000000e+00
0.00000000000000e+00
0.00000000000000e+00
5.29151074597903e+01
5.78089131830582e+01
1.08666529399609e+02
8.51776335782616e+01
2.39023379148944e+01
3.51230162578949e+01
0.00000000000000e+00
0.00000000000000e+00
0.00000000000000e+00
0.00000000000000e+00
0.00000000000000e+00
0.00000000000000e+00
0.00000000000000e+00
0.00000000000000e+00
0.00000000000000e+00
0.00000000000000e+00
0.00000000000000e+00
0.00000000000000e+00
0.00000000000000e+00
0.00000000000000e+00
0.00000000000000e+00
0.00000000000000e+00
0.00000000000000e+00
0.00000000000000e+00
0.00000000000000e+00
0.00000000000000e+00
0.00000000000000e+00
0.00000000000000e+00
0.00000000000000e+00
0.00000000000000e+00
0.00000000000000e+00
0.00000000000000e+00
0.00000000000000e+00
0.00000000000000e+00
0.00000000000000e+00
0.00000000000000e+00
1.25969488368448e+01
0.00000000000000e+00
0.00000000000000e+00
0.00000000000000e+00
0.00000000000000e+00
0.00000000000000e+00
0.00000000000000e+00
0.00000000000000e+00
0.00000000000000e+00
0.00000000000000e+00
0.00000000000000e+00
0.00000000000000e+00
0.00000000000000e+00
0.00000000000000e+00
0.00000000000000e+00
0.00000000000000e+00
0.00000000000000e+00
0.00000000000000e+00
0.00000000000000e+00
0.00000000000000e+00
0.00000000000000e+00
0.00000000000000e+00
0.00000000000000e+00
0.00000000000000e+00
0.00000000000000e+00
0.00000000000000e+00
0.00000000000000e+00
0.00000000000000e+00
0.00000000000000e+00
0.00000000000000e+00
0.00000000000000e+00
0.00000000000000e+00
0.00000000000000e+00
0.00000000000000e+00
0.00000000000000e+00
0.00000000000000e+00
0.00000000000000e+00
0.00000000000000e+00
0.00000000000000e+00
0.00000000000000e+00
0.00000000000000e+00
0.00000000000000e+00
0.00000000000000e+00
0.00000000000000e+00
0.00000000000000e+00
0.00000000000000e+00
0.00000000000000e+00
0.00000000000000e+00
0.00000000000000e+00
0.00000000000000e+00
0.00000000000000e+00
0.00000000000000e+00
0.00000000000000e+00
0.00000000000000e+00
0.00000000000000e+00
0.00000000000000e+00
0.00000000000000e+00
0.00000000000000e+00
0.00000000000000e+00
0.00000000000000e+00
0.00000000000000e+00
0.00000000000000e+00
0.00000000000000e+00
0.00000000000000e+00
0.00000000000000e+00
4.47882554697770e+01
0.00000000000000e+00
0.00000000000000e+00
0.00000000000000e+00
0.00000000000000e+00
0.00000000000000e+00
0.00000000000000e+00
0.00000000000000e+00
0.00000000000000e+00
0.00000000000000e+00
0.00000000000000e+00
4.47882554697770e+01
4.47353144558081e+01
0.00000000000000e+00
0.00000000000000e+00
0.00000000000000e+00
0.00000000000000e+00
0.00000000000000e+00
0.00000000000000e+00
0.00000000000000e+00
0.00000000000000e+00
0.00000000000000e+00
0.00000000000000e+00
0.00000000000000e+00
0.00000000000000e+00
0.00000000000000e+00
0.00000000000000e+00
0.00000000000000e+00
0.00000000000000e+00
0.00000000000000e+00
0.00000000000000e+00
0.00000000000000e+00
0.00000000000000e+00
0.00000000000000e+00
0.00000000000000e+00
0.00000000000000e+00
0.00000000000000e+00
0.00000000000000e+00
0.00000000000000e+00
5.41569477884650e+01
0.00000000000000e+00
0.00000000000000e+00
0.00000000000000e+00
0.00000000000000e+00
0.00000000000000e+00
0.00000000000000e+00
0.00000000000000e+00
0.00000000000000e+00
0.00000000000000e+00
0.00000000000000e+00
0.00000000000000e+00
0.00000000000000e+00
0.00000000000000e+00
0.00000000000000e+00
0.00000000000000e+00
0.00000000000000e+00
0.00000000000000e+00
0.00000000000000e+00
0.00000000000000e+00
0.00000000000000e+00
0.00000000000000e+00
0.00000000000000e+00
0.00000000000000e+00
0.00000000000000e+00
0.00000000000000e+00
0.00000000000000e+00
0.00000000000000e+00
0.00000000000000e+00
0.00000000000000e+00
0.00000000000000e+00
0.00000000000000e+00
0.00000000000000e+00
0.00000000000000e+00
0.00000000000000e+00
0.00000000000000e+00
0.00000000000000e+00
0.00000000000000e+00
0.00000000000000e+00
0.00000000000000e+00
0.00000000000000e+00
0.00000000000000e+00
0.00000000000000e+00
0.00000000000000e+00
0.00000000000000e+00
0.00000000000000e+00
0.00000000000000e+00
0.00000000000000e+00
0.00000000000000e+00
0.00000000000000e+00
0.00000000000000e+00
0.00000000000000e+00
0.00000000000000e+00
0.00000000000000e+00
0.00000000000000e+00
0.00000000000000e+00
0.00000000000000e+00
0.00000000000000e+00
0.00000000000000e+00
0.00000000000000e+00
0.00000000000000e+00
0.00000000000000e+00
0.00000000000000e+00
0.00000000000000e+00
0.00000000000000e+00
0.00000000000000e+00
0.00000000000000e+00
0.00000000000000e+00
0.00000000000000e+00
0.00000000000000e+00
0.00000000000000e+00
0.00000000000000e+00
0.00000000000000e+00
0.00000000000000e+00
0.00000000000000e+00
0.00000000000000e+00
0.00000000000000e+00
0.00000000000000e+00
0.00000000000000e+00
0.00000000000000e+00
0.00000000000000e+00
0.00000000000000e+00
0.00000000000000e+00
0.00000000000000e+00
0.00000000000000e+00
0.00000000000000e+00
0.00000000000000e+00
0.00000000000000e+00
0.00000000000000e+00
0.00000000000000e+00
0.00000000000000e+00
0.00000000000000e+00
0.00000000000000e+00
0.00000000000000e+00
0.00000000000000e+00
0.00000000000000e+00
0.00000000000000e+00
0.00000000000000e+00
0.00000000000000e+00
0.00000000000000e+00
0.00000000000000e+00
0.00000000000000e+00
0.00000000000000e+00
0.00000000000000e+00
0.00000000000000e+00
0.00000000000000e+00
0.00000000000000e+00
0.00000000000000e+00
0.00000000000000e+00
0.00000000000000e+00
0.00000000000000e+00
0.00000000000000e+00
0.00000000000000e+00
0.00000000000000e+00
0.00000000000000e+00
0.00000000000000e+00
0.00000000000000e+00
0.00000000000000e+00
0.00000000000000e+00
0.00000000000000e+00
0.00000000000000e+00
0.00000000000000e+00
0.00000000000000e+00
0.00000000000000e+00
0.00000000000000e+00
0.00000000000000e+00
0.00000000000000e+00
0.00000000000000e+00
0.00000000000000e+00
0.00000000000000e+00
0.00000000000000e+00
0.00000000000000e+00
0.00000000000000e+00
0.00000000000000e+00
0.00000000000000e+00
0.00000000000000e+00
0.00000000000000e+00
0.00000000000000e+00
0.00000000000000e+00
0.00000000000000e+00
0.00000000000000e+00
0.00000000000000e+00
0.00000000000000e+00
0.00000000000000e+00
0.00000000000000e+00
0.00000000000000e+00
0.00000000000000e+00
0.00000000000000e+00
0.00000000000000e+00
0.00000000000000e+00
0.00000000000000e+00
0.00000000000000e+00
0.00000000000000e+00
0.00000000000000e+00
0.00000000000000e+00
5.09541880674079e+01
1.81289724624120e+01
0.00000000000000e+00
0.00000000000000e+00
0.00000000000000e+00
0.00000000000000e+00
2.84401571116079e+01
0.00000000000000e+00
1.36425657967196e+01
1.40140946539074e+01
0.00000000000000e+00
0.00000000000000e+00
0.00000000000000e+00
0.00000000000000e+00
0.00000000000000e+00
0.00000000000000e+00
0.00000000000000e+00
0.00000000000000e+00
0.00000000000000e+00
0.00000000000000e+00
0.00000000000000e+00
0.00000000000000e+00
0.00000000000000e+00
0.00000000000000e+00
0.00000000000000e+00
0.00000000000000e+00
0.00000000000000e+00
0.00000000000000e+00
0.00000000000000e+00
0.00000000000000e+00
0.00000000000000e+00
0.00000000000000e+00
0.00000000000000e+00
0.00000000000000e+00
0.00000000000000e+00
0.00000000000000e+00
0.00000000000000e+00
0.00000000000000e+00
0.00000000000000e+00
0.00000000000000e+00
0.00000000000000e+00
0.00000000000000e+00
0.00000000000000e+00
0.00000000000000e+00
7.40502419544874e+00
0.00000000000000e+00
1.47188670265600e+01
0.00000000000000e+00
0.00000000000000e+00
0.00000000000000e+00
0.00000000000000e+00
0.00000000000000e+00
0.00000000000000e+00
0.00000000000000e+00
0.00000000000000e+00
0.00000000000000e+00
0.00000000000000e+00
0.00000000000000e+00
0.00000000000000e+00
0.00000000000000e+00
0.00000000000000e+00
0.00000000000000e+00
0.00000000000000e+00
0.00000000000000e+00
0.00000000000000e+00
0.00000000000000e+00
0.00000000000000e+00
0.00000000000000e+00
0.00000000000000e+00
0.00000000000000e+00
0.00000000000000e+00
0.00000000000000e+00
0.00000000000000e+00
0.00000000000000e+00
0.00000000000000e+00
0.00000000000000e+00
0.00000000000000e+00
0.00000000000000e+00
0.00000000000000e+00
0.00000000000000e+00
0.00000000000000e+00
0.00000000000000e+00
0.00000000000000e+00
0.00000000000000e+00
0.00000000000000e+00
0.00000000000000e+00
0.00000000000000e+00
0.00000000000000e+00
0.00000000000000e+00
