0.00000000000000e+00
2.75238715710872e+00
9.89545350148274e-01
0.00000000000000e+00
0.00000000000000e+00
1.60443209458103e+00
7.42159012611150e-01
1.42270328501314e+01
8.10887249485234e-01
0.00000000000000e+00
0.00000000000000e+00
0.00000000000000e+00
0.00000000000000e+00
0.00000000000000e+00
3.09276568847908e+00
8.07883358034730e-01
0.00000000000000e+00
0.00000000000000e+00
2.81591677001273e+00
7.42159012611205e-01
0.00000000000000e+00
6.76562167642582e+00
1.88906944236104e+00
0.00000000000000e+00
0.00000000000000e+00
0.00000000000000e+00
0.00000000000000e+00
0.00000000000000e+00
0.00000000000000e+00
0.00000000000000e+00
0.00000000000000e+00
0.00000000000000e+00
0.00000000000000e+00
0.00000000000000e+00
0.00000000000000e+00
0.00000000000000e+00
0.00000000000000e+00
3.05978633748839e-01
7.08726733594507e+00
1.05367674527683e+01
1.00019998000402e+00
3.34796787453047e-01
6.56273243883941e+00
0.00000000000000e+00
1.85987482756018e+01
0.00000000000000e+00
5.02195181179598e-01
0.00000000000000e+00
7.50149985003013e-01
0.00000000000000e+00
0.00000000000000e+00
0.00000000000000e+00
0.00000000000000e+00
1.63523235153589e+00
1.84021805916766e+00
3.01759516393092e+00
0.00000000000000e+00
1.86041151268114e+00
0.00000000000000e+00
2.81733848030430e+00
7.50149985003013e-01
9.04440530466114e-01
0.00000000000000e+00
0.00000000000000e+00
0.00000000000000e+00
3.70030646787819e+00
0.00000000000000e+00
0.00000000000000e+00
0.00000000000000e+00
0.00000000000000e+00
0.00000000000000e+00
0.00000000000000e+00
7.42159012611205e-01
0.00000000000000e+00
8.71738416879214e+00
2.46172512665124e+00
1.63523235153589e+00
0.00000000000000e+00
5.02195181179598e-01
3.23971560230864e-01
5.48635910953120e-01
7.51348787182092e-01
0.00000000000000e+00
1.49071173646436e+01
4.40502316613300e+00
0.00000000000000e+00
0.00000000000000e+00
7.51348787182092e-01
7.50149985003013e-01
7.51348787182092e-01
3.22839669225827e+00
0.00000000000000e+00
0.00000000000000e+00
0.00000000000000e+00
9.89545350148219e-01
1.96493337410712e+00
0.00000000000000e+00
0.00000000000000e+00
1.83105056123396e+01
0.00000000000000e+00
0.00000000000000e+00
0.00000000000000e+00
0.00000000000000e+00
1.54025410768283e+00
0.00000000000000e+00
0.00000000000000e+00
0.00000000000000e+00
0.00000000000000e+00
0.00000000000000e+00
0.00000000000000e+00
3.59766319448453e+00
0.00000000000000e+00
0.00000000000000e+00
0.00000000000000e+00
0.00000000000000e+00
0.00000000000000e+00
0.00000000000000e+00
0.00000000000000e+00
0.00000000000000e+00
0.00000000000000e+00
0.00000000000000e+00
0.00000000000000e+00
0.00000000000000e+00
0.00000000000000e+00
1.43764805004523e+00
1.83122262737058e+00
0.00000000000000e+00
0.00000000000000e+00
0.00000000000000e+00
0.00000000000000e+00
0.00000000000000e+00
0.00000000000000e+00
0.00000000000000e+00
0.00000000000000e+00
2.43081868189817e+00
1.09853998798888e+00
7.51348787182092e-01
0.00000000000000e+00
0.00000000000000e+00
1.91794295903811e+01
7.08482294151030e+00
0.00000000000000e+00
1.05722939867692e+00
0.00000000000000e+00
0.00000000000000e+00
0.00000000000000e+00
0.00000000000000e+00
4.56119827570345e+00
0.00000000000000e+00
0.00000000000000e+00
1.48841246704069e+00
4.44617279448968e+00
0.00000000000000e+00
0.00000000000000e+00
0.00000000000000e+00
1.21235132143407e+00
3.17486816937798e+00
0.00000000000000e+00
1.00179838290946e+00
0.00000000000000e+00
0.00000000000000e+00
0.00000000000000e+00
5.05849747089030e-01
8.50913329995866e-01
4.21680965036034e+00
0.00000000000000e+00
0.00000000000000e+00
0.00000000000000e+00
0.00000000000000e+00
0.00000000000000e+00
4.66700638796524e+00
0.00000000000000e+00
1.05430440158137e+00
0.00000000000000e+00
0.00000000000000e+00
0.00000000000000e+00
0.00000000000000e+00
0.00000000000000e+00
0.00000000000000e+00
2.13996088950605e+00
0.00000000000000e+00
0.00000000000000e+00
0.00000000000000e+00
3.36584148303087e-01
5.44223400895035e+00
0.00000000000000e+00
0.00000000000000e+00
0.00000000000000e+00
0.00000000000000e+00
6.87221768669442e-01
0.00000000000000e+00
1.33279735930047e+00
0.00000000000000e+00
0.00000000000000e+00
1.33279735930047e+00
7.49699939975973e-01
0.00000000000000e+00
0.00000000000000e+00
0.00000000000000e+00
2.63318353832674e+00
0.00000000000000e+00
3.71745338748979e-01
0.00000000000000e+00
0.00000000000000e+00
0.00000000000000e+00
0.00000000000000e+00
0.00000000000000e+00
0.00000000000000e+00
4.14349224161013e+00
0.00000000000000e+00
0.00000000000000e+00
7.79082931820742e+00
1.66142508766900e+00
3.54368989087321e+00
6.24183165493005e-01
9.79489663038874e-01
0.00000000000000e+00
0.00000000000000e+00
0.00000000000000e+00
0.00000000000000e+00
4.75721136286478e+00
6.43853514230543e-01
0.00000000000000e+00
7.49699939975973e-01
0.00000000000000e+00
0.00000000000000e+00
2.85813734064247e+00
7.49699939975973e-01
0.00000000000000e+00
7.99454221853080e-01
2.02833501873540e+00
1.17816977546743e+00
0.00000000000000e+00
0.00000000000000e+00
0.00000000000000e+00
8.21379021702981e+00
0.00000000000000e+00
0.00000000000000e+00
1.11512134980106e+00
1.00019998000396e+00
7.49699939975973e-01
0.00000000000000e+00
8.07883358034730e-01
0.00000000000000e+00
1.47763324272300e+00
7.42159012611150e-01
7.14981984415087e-01
1.68776144018384e+01
0.00000000000000e+00
0.00000000000000e+00
1.47763324272300e+00
0.00000000000000e+00
7.45939005549353e-01
0.00000000000000e+00
4.60283829703678e+00
0.00000000000000e+00
9.85088828481998e-01
1.23872076263772e+00
4.20332657243693e+00
0.00000000000000e+00
0.00000000000000e+00
0.00000000000000e+00
0.00000000000000e+00
0.00000000000000e+00
0.00000000000000e+00
0.00000000000000e+00
0.00000000000000e+00
0.00000000000000e+00
2.34203621529041e+00
0.00000000000000e+00
0.00000000000000e+00
7.38816621361499e-01
0.00000000000000e+00
1.47994587470738e+00
0.00000000000000e+00
0.00000000000000e+00
0.00000000000000e+00
0.00000000000000e+00
1.63062030934498e+00
0.00000000000000e+00
1.43426817706231e+00
0.00000000000000e+00
7.56719895337780e-01
2.64852444191330e+00
7.38816621361499e-01
1.82760586069446e+00
0.00000000000000e+00
7.38816621361499e-01
6.73966506343302e+00
0.00000000000000e+00
9.85088828481942e-01
1.14599692750070e+01
6.61568992374897e+00
0.00000000000000e+00
7.38816621361499e-01
0.00000000000000e+00
1.65564618771751e+01
0.00000000000000e+00
8.50495657712671e-01
0.00000000000000e+00
0.00000000000000e+00
0.00000000000000e+00
4.08892813654578e+00
0.00000000000000e+00
9.85088828481942e-01
0.00000000000000e+00
9.22724569707491e+00
0.00000000000000e+00
0.00000000000000e+00
0.00000000000000e+00
7.38816621361499e-01
0.00000000000000e+00
0.00000000000000e+00
0.00000000000000e+00
0.00000000000000e+00
0.00000000000000e+00
0.00000000000000e+00
0.00000000000000e+00
0.00000000000000e+00
5.16442331557928e+00
9.99599919968037e-01
5.86309763553150e+00
0.00000000000000e+00
7.56719895337780e-01
5.58731709828571e-01
0.00000000000000e+00
0.00000000000000e+00
0.00000000000000e+00
0.00000000000000e+00
0.00000000000000e+00
0.00000000000000e+00
0.00000000000000e+00
0.00000000000000e+00
0.00000000000000e+00
0.00000000000000e+00
0.00000000000000e+00
3.60962958181695e+00
9.89545350148219e-01
0.00000000000000e+00
0.00000000000000e+00
1.00179838290946e+00
0.00000000000000e+00
6.70174037915671e+00
0.00000000000000e+00
7.69460531182196e+00
1.00319489631876e+00
2.37064085919638e+00
0.00000000000000e+00
0.00000000000000e+00
0.00000000000000e+00
4.67833312552867e+00
2.30663652940837e+00
1.09853998798888e+00
0.00000000000000e+00
9.88575008728550e-01
0.00000000000000e+00
9.99599919967982e-01
0.00000000000000e+00
0.00000000000000e+00
2.63318353832674e+00
8.63755519081571e-01
8.63755519081571e-01
0.00000000000000e+00
0.00000000000000e+00
0.00000000000000e+00
0.00000000000000e+00
0.00000000000000e+00
0.00000000000000e+00
0.00000000000000e+00
7.56719895337780e-01
0.00000000000000e+00
1.00895986045032e+00
4.88943958658042e+00
0.00000000000000e+00
1.57624221532251e+00
7.28133713013948e+00
0.00000000000000e+00
2.44043781004247e+00
0.00000000000000e+00
1.05722939867692e+00
8.64410188946289e-01
7.47500386160717e-01
0.00000000000000e+00
0.00000000000000e+00
4.99144009523975e-01
8.18828884501895e+00
0.00000000000000e+00
0.00000000000000e+00
0.00000000000000e+00
1.15230811317054e+01
0.00000000000000e+00
0.00000000000000e+00
0.00000000000000e+00
0.00000000000000e+00
0.00000000000000e+00
0.00000000000000e+00
6.42449790490350e-01
1.14713913285417e+00
0.00000000000000e+00
0.00000000000000e+00
0.00000000000000e+00
0.00000000000000e+00
0.00000000000000e+00
0.00000000000000e+00
0.00000000000000e+00
2.67147816571312e-01
0.00000000000000e+00
6.88743372196313e-01
0.00000000000000e+00
0.00000000000000e+00
0.00000000000000e+00
0.00000000000000e+00
0.00000000000000e+00
0.00000000000000e+00
2.42375814722056e+00
4.36321418381476e-01
0.00000000000000e+00
0.00000000000000e+00
0.00000000000000e+00
0.00000000000000e+00
4.74431911145778e+00
0.00000000000000e+00
0.00000000000000e+00
1.31493595613311e+00
0.00000000000000e+00
0.00000000000000e+00
0.00000000000000e+00
1.92240635012492e+00
4.94422298449030e+00
0.00000000000000e+00
0.00000000000000e+00
0.00000000000000e+00
7.45939005549353e-01
0.00000000000000e+00
4.94701250852489e+00
1.21746568672140e+00
9.16629374801367e+00
0.00000000000000e+00
0.00000000000000e+00
0.00000000000000e+00
9.84014299746861e-01
0.00000000000000e+00
7.41731096999038e-01
0.00000000000000e+00
0.00000000000000e+00
7.93950669198261e-01
0.00000000000000e+00
1.82943225912034e+00
4.40161637341855e+00
0.00000000000000e+00
3.74725144881044e-01
9.25975387114168e-01
0.00000000000000e+00
1.75243505088823e+00
0.00000000000000e+00
0.00000000000000e+00
1.86395759451629e+00
7.86650168881778e-01
0.00000000000000e+00
1.00895986045032e+00
0.00000000000000e+00
0.00000000000000e+00
7.45939005549408e-01
1.55387876709089e+00
1.74729486647456e+00
0.00000000000000e+00
6.66921017687829e+00
1.96480751792442e+00
2.73387405315866e+00
4.17924492802927e+00
3.59529086575971e+00
0.00000000000000e+00
1.28806051306161e+01
0.00000000000000e+00
0.00000000000000e+00
4.35668254468539e+00
8.24831699707757e-01
0.00000000000000e+00
6.24183165493005e-01
1.47049808859554e+01
0.00000000000000e+00
1.26397284256689e+00
1.50995912187160e+00
0.00000000000000e+00
3.14795458524755e+00
2.58873336654613e+00
0.00000000000000e+00
1.69693687198352e+00
0.00000000000000e+00
1.68031002761757e+00
6.72344694462866e+00
0.00000000000000e+00
1.18238220690553e+00
0.00000000000000e+00
0.00000000000000e+00
0.00000000000000e+00
0.00000000000000e+00
0.00000000000000e+00
0.00000000000000e+00
0.00000000000000e+00
9.56214769144795e-01
0.00000000000000e+00
0.00000000000000e+00
1.92240635012492e+00
0.00000000000000e+00
9.94585340732544e-01
7.53828201036338e-01
0.00000000000000e+00
0.00000000000000e+00
7.89581056655670e+00
1.17383255223799e+00
0.00000000000000e+00
8.85303022832876e-01
0.00000000000000e+00
5.92782779474141e+00
9.34736065833886e-01
7.69460531182196e+00
0.00000000000000e+00
0.00000000000000e+00
0.00000000000000e+00
0.00000000000000e+00
1.97958299230616e+00
0.00000000000000e+00
0.00000000000000e+00
0.00000000000000e+00
0.00000000000000e+00
0.00000000000000e+00
0.00000000000000e+00
5.49304861917889e-01
0.00000000000000e+00
4.74372222718298e+00
9.31958931536504e-01
0.00000000000000e+00
0.00000000000000e+00
8.79670860825524e-01
8.39498164384766e-01
4.02059944981882e+00
1.77312756709908e+01
9.89545350148274e-01
0.00000000000000e+00
0.00000000000000e+00
7.24720221282060e-01
2.21930859475406e+00
0.00000000000000e+00
0.00000000000000e+00
5.06485082081349e+00
0.00000000000000e+00
2.39852776245423e+01
0.00000000000000e+00
5.33086217015614e+00
2.74212233076748e+00
7.17212359081076e+00
1.34706600128871e+00
1.87262474593282e+00
0.00000000000000e+00
2.69697431808064e+00
3.92283580543195e+00
0.00000000000000e+00
2.58314618112595e-01
0.00000000000000e+00
4.19526409975831e+00
5.12077642533029e+00
7.70061956703205e+00
0.00000000000000e+00
3.23784199135460e+00
4.67150915913112e+00
3.79873211523744e+00
0.00000000000000e+00
2.58923784203740e+00
6.53620223500006e+00
0.00000000000000e+00
7.51905463105823e-01
0.00000000000000e+00
0.00000000000000e+00
0.00000000000000e+00
1.66150389893791e+01
1.15249107923278e+01
0.00000000000000e+00
7.09886145600706e-01
0.00000000000000e+00
9.84108809830950e-01
9.79875443064419e-01
3.36033085433264e+00
0.00000000000000e+00
1.69693687198352e+00
0.00000000000000e+00
1.07214832495337e+00
3.20667314317134e+00
0.00000000000000e+00
0.00000000000000e+00
0.00000000000000e+00
0.00000000000000e+00
2.55553165447779e+00
1.64520414533898e+01
0.00000000000000e+00
0.00000000000000e+00
8.99189665724786e+00
0.00000000000000e+00
1.40266881513954e+00
2.26081746358229e+00
0.00000000000000e+00
0.00000000000000e+00
1.21911158416082e+00
1.64518226905964e+00
8.77216625836548e-01
1.13817119968475e+00
2.83769456983027e+00
0.00000000000000e+00
0.00000000000000e+00
5.77301122730975e-01
1.53689898021133e+00
0.00000000000000e+00
2.91202784587669e+00
2.36478475964017e+00
0.00000000000000e+00
3.14795458524755e+00
5.72615428092323e-01
2.61449793992997e+00
0.00000000000000e+00
0.00000000000000e+00
2.02239852579811e+01
0.00000000000000e+00
3.52653629978049e+00
0.00000000000000e+00
0.00000000000000e+00
8.75409684488822e-01
3.65831061855186e+00
7.30930894089663e+00
5.38583441478488e-01
6.06191675650272e+00
0.00000000000000e+00
0.00000000000000e+00
4.13307443277997e+00
3.80527662866409e+00
2.26172557762572e+01
1.10933104246090e+00
2.68593892597881e+00
9.98796431587611e+00
2.27748855052468e-01
2.72886573224181e+00
0.00000000000000e+00
9.90275436734619e+00
8.12843195978906e+00
2.68593892597881e+00
0.00000000000000e+00
3.56938875399838e+00
3.67864592145048e+00
1.15241676168334e+00
1.86041151268114e+00
1.34706600128871e+00
0.00000000000000e+00
2.86874176294131e+00
0.00000000000000e+00
5.83504248246447e+00
3.46323732883425e+00
0.00000000000000e+00
1.93574509224278e+00
0.00000000000000e+00
9.79875443064419e-01
0.00000000000000e+00
0.00000000000000e+00
0.00000000000000e+00
0.00000000000000e+00
1.95006586446559e+00
0.00000000000000e+00
2.42375814722056e+00
0.00000000000000e+00
1.48096789888267e+01
0.00000000000000e+00
1.14634847930901e+01
4.20914526224443e+00
0.00000000000000e+00
1.87688131010277e+00
0.00000000000000e+00
9.05504033565286e-01
5.21596328549243e+00
5.83504248246447e+00
4.69659996217800e+00
3.97401334233834e-01
0.00000000000000e+00
4.64753154331601e+00
0.00000000000000e+00
3.01987640076049e+00
0.00000000000000e+00
0.00000000000000e+00
0.00000000000000e+00
0.00000000000000e+00
9.61351199225310e-01
0.00000000000000e+00
7.73834888166242e+00
0.00000000000000e+00
0.00000000000000e+00
8.86231538131870e+00
3.55879295636982e+00
3.57522695435039e+00
0.00000000000000e+00
0.00000000000000e+00
3.97401334233834e-01
8.56788245647385e-01
0.00000000000000e+00
0.00000000000000e+00
0.00000000000000e+00
0.00000000000000e+00
0.00000000000000e+00
3.00073555886293e+00
0.00000000000000e+00
2.69887767833968e+00
1.23415478637305e+01
6.99140961004135e-01
1.31268282527556e+00
0.00000000000000e+00
0.00000000000000e+00
0.00000000000000e+00
0.00000000000000e+00
0.00000000000000e+00
2.58116701730930e+00
2.29516713825199e+00
5.06389956389850e+00
0.00000000000000e+00
0.00000000000000e+00
7.75416180453145e-01
1.93574509224278e+00
0.00000000000000e+00
0.00000000000000e+00
1.28286453631554e+01
0.00000000000000e+00
0.00000000000000e+00
1.01533961251767e+00
0.00000000000000e+00
0.00000000000000e+00
0.00000000000000e+00
0.00000000000000e+00
0.00000000000000e+00
0.00000000000000e+00
0.00000000000000e+00
1.97017765696388e+00
7.56719895337780e-01
4.93225682926869e+00
0.00000000000000e+00
0.00000000000000e+00
0.00000000000000e+00
0.00000000000000e+00
0.00000000000000e+00
2.29107882091107e+00
2.95627172507880e+00
0.00000000000000e+00
0.00000000000000e+00
0.00000000000000e+00
2.02191657226673e+00
3.62396769247600e+00
2.02543822418755e+00
8.07353592862505e+00
2.42058121005410e+01
0.00000000000000e+00
0.00000000000000e+00
0.00000000000000e+00
1.12854282225999e+00
0.00000000000000e+00
3.84044050797779e+00
0.00000000000000e+00
7.10412769275567e+00
1.25308297137963e+01
2.62413501658124e+00
0.00000000000000e+00
0.00000000000000e+00
1.36698622658817e+01
0.00000000000000e+00
5.51209482957562e-01
1.56111398049408e+00
6.94355080675721e+00
0.00000000000000e+00
8.78350742324964e+00
1.16629751036923e+00
2.20387261349347e+00
8.51090240655341e-01
6.43853514230543e-01
1.80275048170100e+01
2.59341553883901e+00
0.00000000000000e+00
0.00000000000000e+00
2.54428311840386e+00
1.50109810893731e+00
3.64534464743862e+00
0.00000000000000e+00
1.60538671475001e+01
2.48862574517049e+00
7.00223076292769e+00
5.71783831370675e-01
0.00000000000000e+00
0.00000000000000e+00
1.39678454896209e+00
6.96894152540236e+00
4.49212866260520e+00
3.34409361923471e+00
1.97147671086965e+00
1.72571513998614e+01
7.32532436849911e-01
9.31958931536504e-01
2.02845633341922e+00
8.89282093940291e+00
2.02856831675771e+00
8.10088184249680e-01
0.00000000000000e+00
0.00000000000000e+00
2.81106828534900e+00
0.00000000000000e+00
0.00000000000000e+00
9.22788920371080e+00
0.00000000000000e+00
3.51679000696557e+00
9.11206810014983e+00
1.60547108873554e+01
0.00000000000000e+00
2.12854491815935e+01
3.92432627316796e+00
0.00000000000000e+00
1.20657210266502e+01
2.35871637775859e+00
6.26221519277022e+00
0.00000000000000e+00
0.00000000000000e+00
1.44893017922061e+00
3.44866603356416e+00
0.00000000000000e+00
0.00000000000000e+00
0.00000000000000e+00
4.51871823216203e+00
9.09282309007693e+00
1.68080776224896e+00
0.00000000000000e+00
0.00000000000000e+00
1.53689898021133e+00
2.81369462498694e+01
8.47212277666857e+00
1.67591504856789e+00
6.23297752682429e+00
0.00000000000000e+00
1.03498919853046e+00
0.00000000000000e+00
1.13589621472021e+01
1.59368677208705e+00
0.00000000000000e+00
0.00000000000000e+00
0.00000000000000e+00
1.00713214639914e+01
1.68689423565352e+01
0.00000000000000e+00
0.00000000000000e+00
0.00000000000000e+00
0.00000000000000e+00
1.59592006613230e+00
3.39286263784814e+00
0.00000000000000e+00
0.00000000000000e+00
4.49633693854508e+00
0.00000000000000e+00
1.51803644650392e+00
2.21152155137349e+00
0.00000000000000e+00
1.44792625986428e+00
0.00000000000000e+00
0.00000000000000e+00
9.40563339882613e+00
1.50995912187160e+00
0.00000000000000e+00
0.00000000000000e+00
1.41311698756342e+01
0.00000000000000e+00
4.63782099003381e+01
0.00000000000000e+00
8.66286184231571e+00
5.10333486786746e+00
4.91319985405530e+00
4.79840100350858e+00
0.00000000000000e+00
0.00000000000000e+00
4.86114681986465e+00
0.00000000000000e+00
8.27678188118179e-01
0.00000000000000e+00
0.00000000000000e+00
0.00000000000000e+00
0.00000000000000e+00
2.12977026625428e+01
1.61710378528237e+00
4.04622790960798e+00
1.23447993618617e+00
4.15003528739759e+00
2.12353518967624e+01
0.00000000000000e+00
1.06474390043096e+01
7.06493899024885e-01
1.24187045413790e+00
1.37170013425278e+01
0.00000000000000e+00
2.61166232026603e+00
0.00000000000000e+00
0.00000000000000e+00
0.00000000000000e+00
1.76146402026990e+00
2.25622412904555e+00
1.13184916680466e+01
4.96399417243251e-01
0.00000000000000e+00
6.39771238314325e+00
0.00000000000000e+00
1.73653937872871e+00
0.00000000000000e+00
1.73653937872871e+00
0.00000000000000e+00
6.58022479935755e+00
5.62228641249373e+00
7.47274172528624e+00
8.89627379063638e+00
8.09024923193214e+00
3.53156237498266e+00
8.52460394233678e+00
5.12077642533029e+00
5.66700877326514e+00
0.00000000000000e+00
6.86249549365499e+00
4.73628187996324e+00
1.85011082603406e+00
3.40905461411787e+00
5.57188712623073e+01
0.00000000000000e+00
2.47148040223037e+00
1.27698499097713e+01
8.27678188118179e-01
0.00000000000000e+00
2.47950722467186e+01
1.27479192445197e+00
1.27479192445197e+00
1.60067157049974e+00
3.58738825327554e+00
0.00000000000000e+00
7.32275107947369e+00
9.33869352196182e-01
0.00000000000000e+00
3.39762169184194e+00
2.41321043310714e+00
7.28009869335758e-01
1.82941697934065e+01
3.78207168349846e+00
2.95261051353953e+01
5.87272570624927e+00
0.00000000000000e+00
4.42077331487407e+00
5.46183733079998e+00
2.54640483530678e+00
5.25516954625102e+00
8.52859836022265e+00
2.46221685496455e+01
3.95505704362883e+01
5.77074005384414e+00
6.91410669186936e+00
0.00000000000000e+00
5.53534384596914e+00
2.99892561733476e+00
7.06493899024885e-01
0.00000000000000e+00
8.10088184249680e-01
1.08369302395505e+01
1.66861274557829e+00
0.00000000000000e+00
0.00000000000000e+00
2.85671115852171e+01
1.78821427717468e+00
0.00000000000000e+00
3.38323953301164e+00
0.00000000000000e+00
1.14827179026531e+01
0.00000000000000e+00
0.00000000000000e+00
2.91891651527551e+01
0.00000000000000e+00
0.00000000000000e+00
0.00000000000000e+00
0.00000000000000e+00
0.00000000000000e+00
8.37002457734030e+00
8.08676547222004e+00
0.00000000000000e+00
0.00000000000000e+00
4.59137763174080e+00
0.00000000000000e+00
0.00000000000000e+00
0.00000000000000e+00
1.27359858708771e+01
2.00499680789789e+00
8.68392109623188e+00
5.83158612252816e+00
3.05735592772272e+00
1.56268406969853e+00
2.24219656018663e+01
0.00000000000000e+00
3.28912231371296e+00
0.00000000000000e+00
0.00000000000000e+00
0.00000000000000e+00
5.77074005384414e+00
2.06974387467506e+01
9.94585340732489e-01
0.00000000000000e+00
0.00000000000000e+00
6.48495687721208e+00
1.68065207499123e+01
2.08130257884735e+00
2.71399076526009e+00
1.39966072585999e+01
6.74792358014345e+00
9.76471908481553e+00
1.53025130845629e+01
2.86675138719265e+00
2.32822658879192e+00
3.43003932302938e+01
1.26570636854894e+01
2.11284274498567e+00
9.96651690699839e-01
6.15577821330274e+00
1.59244689710775e+01
0.00000000000000e+00
0.00000000000000e+00
2.60944723093921e+01
7.76612911424317e+00
1.02652149039934e+01
1.03143552308497e+01
1.62220565371849e+01
1.09883744861783e+01
2.13625442346945e+00
1.76569488122864e+01
7.36019715163544e+00
4.18492049136660e+00
8.67503248908813e+00
2.96240926627948e+01
1.06220635371603e+00
1.08770696693402e+01
1.33307825755347e+01
4.92201513476044e+00
1.11529869764155e+00
2.95476145855525e+01
1.94224978195901e+01
5.10768180385720e+00
8.45881075812061e+00
0.00000000000000e+00
3.03345034791948e+00
9.63426373289029e+00
3.07044266575744e+00
9.01365411927160e+00
9.22664570758040e+00
2.39695239573848e+00
0.00000000000000e+00
5.56287683616748e+00
0.00000000000000e+00
5.61443051586918e+00
3.07328428743616e+01
9.40304230150544e+00
6.93828885379005e+00
2.88733834703524e+01
2.41990728187420e+01
1.07467008043281e+01
0.00000000000000e+00
0.00000000000000e+00
0.00000000000000e+00
0.00000000000000e+00
0.00000000000000e+00
0.00000000000000e+00
5.30992102051051e+00
2.36541773384202e+01
2.34323414341769e+01
5.22861727210107e+01
3.11863201546628e+01
0.00000000000000e+00
0.00000000000000e+00
1.69145265215715e+01
1.84248816720215e+01
2.76045122128691e+01
2.22297211091789e+01
1.62468265827292e+00
2.48237020734393e+01
4.49165233819364e+00
3.15123013825517e+00
1.89243710173270e+01
3.06875186485472e+00
8.33842312507801e+00
1.34075753965066e+01
1.11581199668459e+01
0.00000000000000e+00
0.00000000000000e+00
6.55875415485020e+00
2.53593402057544e+01
6.83522931490823e+00
2.97050251828936e+01
1.73422546027151e+01
9.41255307096327e+00
1.78409747603970e+01
8.27615272731817e+00
0.00000000000000e+00
0.00000000000000e+00
2.01365169765957e+01
0.00000000000000e+00
5.60889258632384e-01
0.00000000000000e+00
0.00000000000000e+00
1.33747876361248e+00
4.96399417243251e-01
5.60889258632384e-01
0.00000000000000e+00
0.00000000000000e+00
0.00000000000000e+00
8.58860757264997e-01
1.04860138507346e+00
7.21098639519192e-01
0.00000000000000e+00
1.10863181526546e+00
9.14688693416618e-01
0.00000000000000e+00
3.96467906234046e-01
0.00000000000000e+00
1.16528831635819e+00
0.00000000000000e+00
0.00000000000000e+00
0.00000000000000e+00
2.01463214980098e+00
1.24467241830208e+01
0.00000000000000e+00
0.00000000000000e+00
8.51090240655341e-01
2.25290538965797e+00
0.00000000000000e+00
0.00000000000000e+00
5.77300889172664e+00
0.00000000000000e+00
0.00000000000000e+00
4.90894817970782e-01
1.39444377744793e+00
2.76860270677874e+01
1.10608269494277e+01
0.00000000000000e+00
0.00000000000000e+00
0.00000000000000e+00
3.26072082535236e+00
9.30043589876122e-01
1.33747876361248e+00
1.10608269494277e+01
9.22788920371080e+00
0.00000000000000e+00
0.00000000000000e+00
1.78100209528000e+01
2.26004163446196e+01
2.00940559858860e+01
0.00000000000000e+00
0.00000000000000e+00
0.00000000000000e+00
1.39444377744793e+00
0.00000000000000e+00
0.00000000000000e+00
0.00000000000000e+00
0.00000000000000e+00
1.62468265827292e+00
1.48782851731393e+01
1.18742321502110e+01
8.89770746053605e+00
2.44600708884984e+01
1.47634123845662e+01
0.00000000000000e+00
0.00000000000000e+00
0.00000000000000e+00
0.00000000000000e+00
0.00000000000000e+00
0.00000000000000e+00
0.00000000000000e+00
0.00000000000000e+00
1.10855021404181e+01
2.04676659457305e+01
4.28545462717709e+01
1.84780069833355e+01
3.72996043688070e+01
1.05152498601855e+01
0.00000000000000e+00
1.48782851731393e+01
1.62232673297112e+01
0.00000000000000e+00
1.70131419121450e+01
0.00000000000000e+00
2.23468745975203e+01
4.11905773550874e+01
0.00000000000000e+00
0.00000000000000e+00
0.00000000000000e+00
0.00000000000000e+00
0.00000000000000e+00
0.00000000000000e+00
0.00000000000000e+00
0.00000000000000e+00
0.00000000000000e+00
0.00000000000000e+00
0.00000000000000e+00
0.00000000000000e+00
0.00000000000000e+00
0.00000000000000e+00
0.00000000000000e+00
0.00000000000000e+00
0.00000000000000e+00
0.00000000000000e+00
0.00000000000000e+00
0.00000000000000e+00
3.18820961727936e+01
2.10216278364249e+01
0.00000000000000e+00
0.00000000000000e+00
0.00000000000000e+00
0.00000000000000e+00
0.00000000000000e+00
0.00000000000000e+00
0.00000000000000e+00
0.00000000000000e+00
0.00000000000000e+00
0.00000000000000e+00
0.00000000000000e+00
0.00000000000000e+00
0.00000000000000e+00
0.00000000000000e+00
0.00000000000000e+00
0.00000000000000e+00
0.00000000000000e+00
0.00000000000000e+00
0.00000000000000e+00
0.00000000000000e+00
0.00000000000000e+00
0.00000000000000e+00
0.00000000000000e+00
0.00000000000000e+00
2.90867033154883e+00
1.04051985530754e+01
7.58472606836565e+00
3.13889738981597e+01
1.13638947131610e+01
9.54639865210992e+00
3.20187492382292e+00
1.41650923945554e+01
3.49295593343666e+01
0.00000000000000e+00
0.00000000000000e+00
2.87246103278345e+01
2.44002334000675e+01
3.99521551098988e+01
1.03722838586889e+01
1.35934307173657e+01
0.00000000000000e+00
3.79311483182885e+00
1.02227984989045e+01
1.62232673297112e+01
1.02227984989045e+01
2.19292470716569e+01
2.19292470716569e+01
1.22260562294421e+01
0.00000000000000e+00
0.00000000000000e+00
1.63845434946957e+01
4.12275899300560e+01
9.03448787889852e+00
2.95089307171350e+01
2.61208934917402e+01
0.00000000000000e+00
0.00000000000000e+00
2.01218177991160e+01
2.84119517728933e+00
4.30269458759290e+00
1.09905522147343e+01
2.96474534610974e+01
6.70526746057263e+00
0.00000000000000e+00
0.00000000000000e+00
0.00000000000000e+00
0.00000000000000e+00
0.00000000000000e+00
0.00000000000000e+00
0.00000000000000e+00
0.00000000000000e+00
0.00000000000000e+00
0.00000000000000e+00
0.00000000000000e+00
0.00000000000000e+00
0.00000000000000e+00
0.00000000000000e+00
2.43534733456309e+01
3.28483688810068e+01
7.81929801345444e+00
5.52351103096864e+00
0.00000000000000e+00
0.00000000000000e+00
3.16137554952844e+01
3.96990252277894e+01
2.20825109347116e+01
7.48759392986022e+01
1.89022671411761e+01
8.58016812624852e+00
3.30282983313528e+01
2.51763384006227e+01
0.00000000000000e+00
0.00000000000000e+00
0.00000000000000e+00
0.00000000000000e+00
3.70641328523489e+01
2.53681474120142e+01
4.93783910291464e+00
4.51318300160556e+01
2.35553231512750e+01
3.46747831392485e+01
2.11260262783159e+01
2.95931386413351e+01
0.00000000000000e+00
0.00000000000000e+00
0.00000000000000e+00
0.00000000000000e+00
0.00000000000000e+00
1.87164703737726e+01
1.58042149456946e+01
2.29997447545056e+01
4.77604781957011e+01
1.23826192116457e+01
1.68122023965416e+01
1.25737437133562e+01
3.68551970668872e+01
9.21591102816957e+00
9.87488276979728e+00
4.72738650942821e+01
3.66910288320787e+01
4.01276030883552e+01
3.98439433316331e+01
6.09533482936307e+01
2.84381250699406e+01
5.10544027224108e+01
6.14673973803818e+01
4.17230463389303e+01
6.29084299055755e+01
5.20049128395255e+00
5.52351103096864e+00
2.68129519954877e+01
3.91564668654260e+01
2.77458998044530e+00
2.31089689244110e+01
3.46930352768057e+01
2.52283235678573e+01
1.95493152290032e+01
2.51520174860146e+01
1.92236713707833e+00
1.77282319275681e+00
0.00000000000000e+00
3.12639696622211e+00
1.09376946176928e+01
1.92503511270206e+01
0.00000000000000e+00
2.07228944273350e+01
3.61192582838373e+01
5.07588519373749e+01
4.23031078383285e+00
3.17402815948439e+01
0.00000000000000e+00
2.06356613817721e+00
0.00000000000000e+00
1.59813844598325e+01
0.00000000000000e+00
3.57671900910023e+01
0.00000000000000e+00
9.06061903635419e+00
2.21479871017379e+01
1.43133648962885e+01
3.06838224586477e+01
3.92383370530130e+01
1.77282319275681e+00
3.86806565541427e+00
3.85059433363499e+00
2.38495279985658e+00
3.14863805459321e+01
3.39916654435126e+00
0.00000000000000e+00
6.34018089567405e+00
9.78127320671043e+00
0.00000000000000e+00
1.58497106323213e+01
1.32298002661544e+01
1.77797739922428e+01
6.55559141399414e+01
4.18575013800850e+01
7.42492119872821e+00
8.83641419860319e+00
1.06545162466994e+01
1.86384350626868e+01
2.70794068273387e+01
1.22591096993327e+01
1.01915883811984e+01
6.58428313721475e+01
0.00000000000000e+00
4.40579478020767e+01
2.80377935828438e+01
1.91268276659708e+01
0.00000000000000e+00
2.90372892042051e+01
1.57049149613008e+01
3.79808118684083e+01
4.68078088412147e+01
0.00000000000000e+00
1.76441198190902e+01
1.80256637815078e+01
3.08445619777278e+01
3.78971837448396e+01
1.32106288373250e+01
3.85553205312766e+01
5.77194667959864e+00
2.45575550295263e+01
1.00131537656188e+01
1.52314438199885e+01
2.21409497432832e+00
1.85988023038929e+01
0.00000000000000e+00
3.46413897768084e+01
1.38102459228149e+00
2.10586086183307e+00
2.33830932269454e+01
0.00000000000000e+00
2.51337896280652e+00
3.70089974378566e+01
2.99888634590980e+01
0.00000000000000e+00
0.00000000000000e+00
3.10857758290203e+01
5.64027657915845e+01
3.33030326457667e+01
1.17637339641978e+01
3.76720532795221e+01
0.00000000000000e+00
3.58189316181457e+00
2.10246842313895e+01
4.64619557863452e+01
2.18871392862285e+00
4.57975572746239e+01
3.71276480604923e+01
1.06136228351256e+01
4.19402793511746e+01
3.55092596266414e+01
1.20130183434412e+01
2.32769161208257e+01
3.44799904973280e+01
1.95500073750808e+01
3.63069441282112e+01
1.35013145969826e+01
5.74636952695830e+01
0.00000000000000e+00
7.93140106163470e+00
2.61018707695045e+01
2.24869764661141e+01
0.00000000000000e+00
1.04954443761052e+00
7.52482414359061e+01
0.00000000000000e+00
2.04880870683846e+01
4.25912163976743e+00
0.00000000000000e+00
0.00000000000000e+00
5.86455091321525e+00
2.66994173891025e+01
7.88581530399839e+00
3.78112222459944e+01
7.19986561201242e+00
7.47589206851147e+00
2.16416818938601e+01
0.00000000000000e+00
0.00000000000000e+00
0.00000000000000e+00
5.56488986633201e+00
0.00000000000000e+00
0.00000000000000e+00
3.34784766783543e+01
1.52388267750892e+01
1.54824901081482e+01
5.32840130375683e+01
1.09383804207380e+01
2.03629759004560e+01
2.58253034821165e+01
1.39422260630877e+01
0.00000000000000e+00
2.29246263742406e+00
0.00000000000000e+00
0.00000000000000e+00
2.29246263742406e+00
7.77166119614034e+00
2.13582442182414e+01
1.03852171169448e+01
0.00000000000000e+00
8.58263434887605e+00
0.00000000000000e+00
8.35804045672551e+00
0.00000000000000e+00
1.84150874795799e+00
5.41843410799907e+00
1.58001856023909e+00
2.78996274676903e+00
0.00000000000000e+00
0.00000000000000e+00
1.25601504851198e+01
0.00000000000000e+00
4.24407900698161e+01
2.33355050330038e+01
1.65818889428374e+01
1.68890332919234e+01
1.55145338270928e+01
1.20334517180361e+01
1.37560227336775e+01
5.10505118303532e+01
5.54171137095543e+00
4.16055235235053e+01
0.00000000000000e+00
2.97857211162619e+01
1.09446576091971e+01
2.01828055664480e+01
3.86323968804149e+01
4.67534447678569e+01
4.51177674016698e+00
1.01707923142621e+01
0.00000000000000e+00
2.52205099725568e+01
7.42348374671096e+01
0.00000000000000e+00
0.00000000000000e+00
3.84334371091599e+01
2.18624223658140e+01
1.15408295416055e+01
1.89717288412511e+01
5.66542240428806e+01
4.73310235815425e+01
3.00540179578182e+01
0.00000000000000e+00
3.54688477991547e+00
2.47507784165341e+01
4.97498166489894e+01
2.18779414497435e+00
4.79151527253990e+01
2.98673936385700e+01
4.00780814569269e+01
3.97595862726220e+00
2.94705000095194e+01
3.53997002156667e+00
2.47263395829865e+00
0.00000000000000e+00
2.59344095731085e+00
3.35795128192155e+00
1.35798514890310e+01
4.12792780404871e+00
1.40669053866867e+01
6.58351059742335e+01
2.12057521647634e+01
1.49827564945893e+01
3.98330390468976e+01
1.01035140906516e+01
4.36487839628447e+00
0.00000000000000e+00
0.00000000000000e+00
0.00000000000000e+00
0.00000000000000e+00
0.00000000000000e+00
0.00000000000000e+00
0.00000000000000e+00
0.00000000000000e+00
0.00000000000000e+00
0.00000000000000e+00
0.00000000000000e+00
0.00000000000000e+00
5.22454856764024e+00
0.00000000000000e+00
0.00000000000000e+00
0.00000000000000e+00
0.00000000000000e+00
9.42014956008327e+00
0.00000000000000e+00
1.99258048656574e+00
0.00000000000000e+00
0.00000000000000e+00
0.00000000000000e+00
0.00000000000000e+00
0.00000000000000e+00
0.00000000000000e+00
0.00000000000000e+00
0.00000000000000e+00
0.00000000000000e+00
0.00000000000000e+00
9.24488716934230e+00
0.00000000000000e+00
0.00000000000000e+00
0.00000000000000e+00
0.00000000000000e+00
0.00000000000000e+00
4.31679754718248e+01
1.52925045994816e+01
2.50735698597464e+01
1.00365139721355e+01
9.06061903635419e+00
5.77526599647532e+00
6.38105033773772e+00
1.79021408958920e+01
1.10657183072461e+01
0.00000000000000e+00
0.00000000000000e+00
0.00000000000000e+00
0.00000000000000e+00
0.00000000000000e+00
0.00000000000000e+00
0.00000000000000e+00
0.00000000000000e+00
0.00000000000000e+00
0.00000000000000e+00
0.00000000000000e+00
2.18624223658140e+01
3.61019574756187e+01
0.00000000000000e+00
0.00000000000000e+00
3.39717098686299e+01
2.70481571137784e+01
4.76643915049821e+00
2.55371435776620e+01
0.00000000000000e+00
0.00000000000000e+00
0.00000000000000e+00
2.06356613817721e+00
0.00000000000000e+00
0.00000000000000e+00
0.00000000000000e+00
0.00000000000000e+00
0.00000000000000e+00
0.00000000000000e+00
0.00000000000000e+00
0.00000000000000e+00
0.00000000000000e+00
0.00000000000000e+00
1.17418613057574e+01
0.00000000000000e+00
6.17767119467682e+00
0.00000000000000e+00
2.07485285635839e+01
6.71936677156743e+00
0.00000000000000e+00
6.71936677156743e+00
0.00000000000000e+00
0.00000000000000e+00
6.62097371281391e+00
6.62097371281391e+00
6.17767119467682e+00
0.00000000000000e+00
0.00000000000000e+00
0.00000000000000e+00
0.00000000000000e+00
0.00000000000000e+00
0.00000000000000e+00
0.00000000000000e+00
0.00000000000000e+00
0.00000000000000e+00
0.00000000000000e+00
0.00000000000000e+00
1.17883589905946e+01
0.00000000000000e+00
0.00000000000000e+00
2.38060428809072e+00
8.31764703731581e+00
4.25351988177340e+00
0.00000000000000e+00
2.96092230520385e+00
3.10814255640090e+00
1.01598532564791e+00
3.16552875059860e+00
0.00000000000000e+00
5.61542732478761e+00
0.00000000000000e+00
0.00000000000000e+00
2.18779414497435e+00
0.00000000000000e+00
0.00000000000000e+00
0.00000000000000e+00
1.67397764806142e+00
0.00000000000000e+00
3.64024329285297e+00
0.00000000000000e+00
0.00000000000000e+00
1.84318555778461e+00
1.35351729128479e+01
0.00000000000000e+00
0.00000000000000e+00
0.00000000000000e+00
0.00000000000000e+00
0.00000000000000e+00
0.00000000000000e+00
0.00000000000000e+00
0.00000000000000e+00
0.00000000000000e+00
0.00000000000000e+00
0.00000000000000e+00
0.00000000000000e+00
0.00000000000000e+00
0.00000000000000e+00
0.00000000000000e+00
0.00000000000000e+00
0.00000000000000e+00
0.00000000000000e+00
0.00000000000000e+00
0.00000000000000e+00
0.00000000000000e+00
0.00000000000000e+00
0.00000000000000e+00
0.00000000000000e+00
0.00000000000000e+00
0.00000000000000e+00
0.00000000000000e+00
0.00000000000000e+00
0.00000000000000e+00
0.00000000000000e+00
0.00000000000000e+00
0.00000000000000e+00
0.00000000000000e+00
0.00000000000000e+00
0.00000000000000e+00
0.00000000000000e+00
0.00000000000000e+00
0.00000000000000e+00
0.00000000000000e+00
0.00000000000000e+00
0.00000000000000e+00
0.00000000000000e+00
0.00000000000000e+00
0.00000000000000e+00
0.00000000000000e+00
0.00000000000000e+00
0.00000000000000e+00
0.00000000000000e+00
0.00000000000000e+00
0.00000000000000e+00
0.00000000000000e+00
0.00000000000000e+00
0.00000000000000e+00
0.00000000000000e+00
0.00000000000000e+00
0.00000000000000e+00
0.00000000000000e+00
0.00000000000000e+00
0.00000000000000e+00
2.32827535431122e+00
0.00000000000000e+00
0.00000000000000e+00
0.00000000000000e+00
2.32827535431122e+00
4.57862934928161e+00
0.00000000000000e+00
0.00000000000000e+00
0.00000000000000e+00
0.00000000000000e+00
0.00000000000000e+00
0.00000000000000e+00
0.00000000000000e+00
0.00000000000000e+00
0.00000000000000e+00
0.00000000000000e+00
0.00000000000000e+00
0.00000000000000e+00
0.00000000000000e+00
0.00000000000000e+00
3.96776648173480e+00
1.17358848149744e+00
0.00000000000000e+00
0.00000000000000e+00
0.00000000000000e+00
3.03117105918011e+00
0.00000000000000e+00
0.00000000000000e+00
0.00000000000000e+00
0.00000000000000e+00
0.00000000000000e+00
0.00000000000000e+00
0.00000000000000e+00
0.00000000000000e+00
0.00000000000000e+00
0.00000000000000e+00
0.00000000000000e+00
0.00000000000000e+00
0.00000000000000e+00
0.00000000000000e+00
0.00000000000000e+00
0.00000000000000e+00
0.00000000000000e+00
0.00000000000000e+00
0.00000000000000e+00
0.00000000000000e+00
0.00000000000000e+00
0.00000000000000e+00
0.00000000000000e+00
0.00000000000000e+00
0.00000000000000e+00
0.00000000000000e+00
0.00000000000000e+00
2.33022771477326e+00
7.19860053321295e+00
3.24338959827559e+00
1.35173093123583e+01
0.00000000000000e+00
0.00000000000000e+00
0.00000000000000e+00
0.00000000000000e+00
0.00000000000000e+00
0.00000000000000e+00
0.00000000000000e+00
0.00000000000000e+00
0.00000000000000e+00
3.21269545821982e+00
0.00000000000000e+00
0.00000000000000e+00
0.00000000000000e+00
0.00000000000000e+00
0.00000000000000e+00
0.00000000000000e+00
0.00000000000000e+00
0.00000000000000e+00
0.00000000000000e+00
0.00000000000000e+00
0.00000000000000e+00
0.00000000000000e+00
0.00000000000000e+00
0.00000000000000e+00
0.00000000000000e+00
0.00000000000000e+00
0.00000000000000e+00
0.00000000000000e+00
0.00000000000000e+00
0.00000000000000e+00
0.00000000000000e+00
0.00000000000000e+00
0.00000000000000e+00
0.00000000000000e+00
0.00000000000000e+00
0.00000000000000e+00
0.00000000000000e+00
0.00000000000000e+00
0.00000000000000e+00
0.00000000000000e+00
0.00000000000000e+00
0.00000000000000e+00
0.00000000000000e+00
0.00000000000000e+00
0.00000000000000e+00
0.00000000000000e+00
0.00000000000000e+00
0.00000000000000e+00
0.00000000000000e+00
0.00000000000000e+00
0.00000000000000e+00
0.00000000000000e+00
0.00000000000000e+00
0.00000000000000e+00
0.00000000000000e+00
0.00000000000000e+00
0.00000000000000e+00
0.00000000000000e+00
0.00000000000000e+00
0.00000000000000e+00
0.00000000000000e+00
0.00000000000000e+00
0.00000000000000e+00
0.00000000000000e+00
0.00000000000000e+00
0.00000000000000e+00
0.00000000000000e+00
0.00000000000000e+00
0.00000000000000e+00
0.00000000000000e+00
0.00000000000000e+00
0.00000000000000e+00
0.00000000000000e+00
0.00000000000000e+00
0.00000000000000e+00
0.00000000000000e+00
0.00000000000000e+00
0.00000000000000e+00
0.00000000000000e+00
0.00000000000000e+00
0.00000000000000e+00
0.00000000000000e+00
0.00000000000000e+00
0.00000000000000e+00
0.00000000000000e+00
0.00000000000000e+00
0.00000000000000e+00
0.00000000000000e+00
0.00000000000000e+00
0.00000000000000e+00
0.00000000000000e+00
0.00000000000000e+00
0.00000000000000e+00
0.00000000000000e+00
0.00000000000000e+00
0.00000000000000e+00
0.00000000000000e+00
0.00000000000000e+00
0.00000000000000e+00
0.00000000000000e+00
0.00000000000000e+00
0.00000000000000e+00
0.00000000000000e+00
0.00000000000000e+00
0.00000000000000e+00
0.00000000000000e+00
0.00000000000000e+00
0.00000000000000e+00
0.00000000000000e+00
0.00000000000000e+00
0.00000000000000e+00
0.00000000000000e+00
0.00000000000000e+00
0.00000000000000e+00
0.00000000000000e+00
0.00000000000000e+00
0.00000000000000e+00
0.00000000000000e+00
0.00000000000000e+00
0.00000000000000e+00
0.00000000000000e+00
0.00000000000000e+00
0.00000000000000e+00
0.00000000000000e+00
0.00000000000000e+00
0.00000000000000e+00
0.00000000000000e+00
0.00000000000000e+00
0.00000000000000e+00
0.00000000000000e+00
0.00000000000000e+00
0.00000000000000e+00
0.00000000000000e+00
0.00000000000000e+00
0.00000000000000e+00
0.00000000000000e+00
0.00000000000000e+00
0.00000000000000e+00
0.00000000000000e+00
0.00000000000000e+00
0.00000000000000e+00
0.00000000000000e+00
0.00000000000000e+00
0.00000000000000e+00
0.00000000000000e+00
0.00000000000000e+00
0.00000000000000e+00
0.00000000000000e+00
0.00000000000000e+00
0.00000000000000e+00
0.00000000000000e+00
0.00000000000000e+00
0.00000000000000e+00
0.00000000000000e+00
0.00000000000000e+00
0.00000000000000e+00
0.00000000000000e+00
0.00000000000000e+00
0.00000000000000e+00
0.00000000000000e+00
0.00000000000000e+00
0.00000000000000e+00
0.00000000000000e+00
0.00000000000000e+00
0.00000000000000e+00
0.00000000000000e+00
0.00000000000000e+00
0.00000000000000e+00
0.00000000000000e+00
0.00000000000000e+00
0.00000000000000e+00
0.00000000000000e+00
0.00000000000000e+00
0.00000000000000e+00
0.00000000000000e+00
0.00000000000000e+00
0.00000000000000e+00
0.00000000000000e+00
0.00000000000000e+00
0.00000000000000e+00
0.00000000000000e+00
0.00000000000000e+00
0.00000000000000e+00
3.50185803487418e+01
4.98890083518628e+01
3.77430609650606e+01
1.31087947926064e+01
2.22500124430658e+01
3.33550455535040e+01
1.10704748716415e+01
3.20851140577911e+00
1.30708155157753e+01
2.07798183451205e+01
2.09022240222362e+01
4.07252351671938e+01
4.42326606994227e+00
0.00000000000000e+00
2.60148563932882e+00
3.60000873738250e+01
5.27519039482619e+01
1.53196142683944e+01
4.57779686173210e+01
2.63275604414575e+01
0.00000000000000e+00
4.24297315560098e+00
0.00000000000000e+00
0.00000000000000e+00
0.00000000000000e+00
0.00000000000000e+00
0.00000000000000e+00
0.00000000000000e+00
0.00000000000000e+00
3.37584994596237e+00
0.00000000000000e+00
0.00000000000000e+00
0.00000000000000e+00
0.00000000000000e+00
0.00000000000000e+00
0.00000000000000e+00
9.09712445525816e+00
2.32218604628531e+00
0.00000000000000e+00
0.00000000000000e+00
0.00000000000000e+00
3.59026220969785e+00
0.00000000000000e+00
1.91304073258394e+00
2.10586086183307e+00
0.00000000000000e+00
0.00000000000000e+00
0.00000000000000e+00
0.00000000000000e+00
0.00000000000000e+00
0.00000000000000e+00
0.00000000000000e+00
0.00000000000000e+00
0.00000000000000e+00
0.00000000000000e+00
0.00000000000000e+00
0.00000000000000e+00
0.00000000000000e+00
0.00000000000000e+00
0.00000000000000e+00
0.00000000000000e+00
0.00000000000000e+00
0.00000000000000e+00
0.00000000000000e+00
0.00000000000000e+00
0.00000000000000e+00
0.00000000000000e+00
0.00000000000000e+00
0.00000000000000e+00
0.00000000000000e+00
0.00000000000000e+00
0.00000000000000e+00
0.00000000000000e+00
2.93807805518888e+01
6.40049791353332e+01
3.63530521504896e+01
2.05895657501356e+01
