0.00000000000000e+00
1.55071326893068e+01
0.00000000000000e+00
7.97250398449840e-01
0.00000000000000e+00
1.97989898732233e+00
1.78954513445345e+01
4.38845096185251e-01
0.00000000000000e+00
3.99900677687041e-01
0.00000000000000e+00
1.16794084367853e+00
0.00000000000000e+00
0.00000000000000e+00
1.00975244490915e+00
0.00000000000000e+00
9.29647177669325e-01
2.17487954713244e+00
7.42462120245875e-01
4.28724046291001e-01
2.17487954713244e+00
1.56977665547678e+00
0.00000000000000e+00
1.48492424049175e+00
0.00000000000000e+00
2.14884270377660e+00
1.25584661019962e+00
7.53740671584067e-01
7.42462120245875e-01
4.49745902888100e-01
7.57314333681860e-01
1.00179838290946e+00
0.00000000000000e+00
7.98272599698643e-01
0.00000000000000e+00
0.00000000000000e+00
0.00000000000000e+00
3.33137589336663e+00
7.57314333681860e-01
0.00000000000000e+00
0.00000000000000e+00
7.57314333681860e-01
0.00000000000000e+00
3.17779392266624e+00
0.00000000000000e+00
0.00000000000000e+00
0.00000000000000e+00
0.00000000000000e+00
7.81284882498269e-01
0.00000000000000e+00
7.57314333681861e-01
6.83523417009290e+00
0.00000000000000e+00
7.51348787182092e-01
0.00000000000000e+00
0.00000000000000e+00
0.00000000000000e+00
0.00000000000000e+00
0.00000000000000e+00
0.00000000000000e+00
2.89893937484240e+00
7.51348787182092e-01
7.51348787182092e-01
0.00000000000000e+00
7.51348787182092e-01
3.99900677687041e-01
1.80132313068090e+00
9.89949493661166e-01
2.56705629541777e+00
0.00000000000000e+00
0.00000000000000e+00
0.00000000000000e+00
0.00000000000000e+00
4.64581030208354e+00
1.69783338250396e+00
0.00000000000000e+00
0.00000000000000e+00
0.00000000000000e+00
0.00000000000000e+00
9.65212086659999e-01
0.00000000000000e+00
0.00000000000000e+00
0.00000000000000e+00
7.76019703993128e-01
6.76963405519475e-01
2.75613291790759e+00
0.00000000000000e+00
0.00000000000000e+00
0.00000000000000e+00
3.04763239887011e+00
1.00179838290945e+00
7.50149985002999e-01
1.45267958127824e+00
0.00000000000000e+00
0.00000000000000e+00
0.00000000000000e+00
0.00000000000000e+00
0.00000000000000e+00
6.91457264713913e+00
0.00000000000000e+00
2.14874572928049e+01
0.00000000000000e+00
0.00000000000000e+00
0.00000000000000e+00
1.85197007738750e+01
5.91698199583568e+00
0.00000000000000e+00
0.00000000000000e+00
3.84292033849827e+00
0.00000000000000e+00
6.67237970161169e+00
0.00000000000000e+00
4.77345596523749e+00
0.00000000000000e+00
2.91916925660581e+00
0.00000000000000e+00
0.00000000000000e+00
5.10925303238383e+00
4.94904168072832e-01
3.96536432091011e-01
0.00000000000000e+00
6.94116440840881e+00
1.38327786646689e+00
0.00000000000000e+00
0.00000000000000e+00
0.00000000000000e+00
7.35153045290570e-01
0.00000000000000e+00
7.32836479046300e-01
4.92152072360695e-01
0.00000000000000e+00
0.00000000000000e+00
4.00627398833342e+00
0.00000000000000e+00
0.00000000000000e+00
0.00000000000000e+00
0.00000000000000e+00
0.00000000000000e+00
2.41051139393087e+00
2.77325816577284e+00
0.00000000000000e+00
0.00000000000000e+00
1.43843965419374e+01
0.00000000000000e+00
0.00000000000000e+00
0.00000000000000e+00
0.00000000000000e+00
1.69150111922469e+00
1.63128456678500e+00
1.00975244490915e+00
0.00000000000000e+00
0.00000000000000e+00
0.00000000000000e+00
5.79588469901623e+00
7.57314333681860e-01
1.50748134316813e+00
0.00000000000000e+00
0.00000000000000e+00
0.00000000000000e+00
0.00000000000000e+00
7.53740671584067e-01
2.43994681733079e+00
1.00975244490915e+00
1.81928312164584e+01
5.16612930289008e+00
7.53740671584067e-01
6.35900445249154e-01
0.00000000000000e+00
1.50748134316813e+00
6.13595166962469e+00
0.00000000000000e+00
0.00000000000000e+00
0.00000000000000e+00
2.00997512422418e+00
0.00000000000000e+00
0.00000000000000e+00
0.00000000000000e+00
6.35922627169489e+00
0.00000000000000e+00
7.51348787182092e-01
7.53740671584067e-01
1.00019998000400e+00
0.00000000000000e+00
0.00000000000000e+00
8.12449651088649e-01
0.00000000000000e+00
0.00000000000000e+00
0.00000000000000e+00
1.28856950016988e+00
0.00000000000000e+00
0.00000000000000e+00
4.99400973191215e+00
0.00000000000000e+00
4.44335928680172e+00
5.02640310740288e+00
0.00000000000000e+00
0.00000000000000e+00
8.05955782603775e-01
1.54438700338522e+00
0.00000000000000e+00
0.00000000000000e+00
2.09824703951321e+01
0.00000000000000e+00
7.57314333681860e-01
1.00717426496113e+00
2.63423573529454e+00
0.00000000000000e+00
8.65240888831117e-01
0.00000000000000e+00
0.00000000000000e+00
0.00000000000000e+00
0.00000000000000e+00
6.29485934527421e+00
2.30676732557885e+00
0.00000000000000e+00
0.00000000000000e+00
0.00000000000000e+00
3.15233693693171e+00
0.00000000000000e+00
0.00000000000000e+00
0.00000000000000e+00
0.00000000000000e+00
0.00000000000000e+00
7.81599931167965e-01
0.00000000000000e+00
0.00000000000000e+00
6.81275777010035e+00
7.51348787182092e-01
0.00000000000000e+00
2.24449807719883e+00
2.49001161682991e+00
0.00000000000000e+00
0.00000000000000e+00
0.00000000000000e+00
7.89860345608685e-01
2.28040640429003e+01
0.00000000000000e+00
7.51348787182092e-01
7.53740671584067e-01
7.57314333681860e-01
7.51348787182092e-01
6.55296812464645e+00
0.00000000000000e+00
5.36204338580369e+00
1.00498756211209e+00
1.00179838290946e+00
0.00000000000000e+00
1.60844120270797e+00
0.00000000000000e+00
0.00000000000000e+00
0.00000000000000e+00
0.00000000000000e+00
0.00000000000000e+00
1.00498756211209e+00
0.00000000000000e+00
0.00000000000000e+00
0.00000000000000e+00
0.00000000000000e+00
0.00000000000000e+00
0.00000000000000e+00
0.00000000000000e+00
5.44504942129773e+00
0.00000000000000e+00
3.95847964564557e+00
0.00000000000000e+00
0.00000000000000e+00
0.00000000000000e+00
0.00000000000000e+00
0.00000000000000e+00
4.92152072360695e-01
2.49001161682991e+00
8.20249308173049e-01
1.91310622682667e+00
0.00000000000000e+00
0.00000000000000e+00
0.00000000000000e+00
6.77224709376484e+00
9.08188175311550e-01
2.43994681733079e+00
0.00000000000000e+00
0.00000000000000e+00
0.00000000000000e+00
0.00000000000000e+00
0.00000000000000e+00
0.00000000000000e+00
0.00000000000000e+00
0.00000000000000e+00
0.00000000000000e+00
0.00000000000000e+00
0.00000000000000e+00
2.74033535294471e+00
3.49877445440122e+00
1.47332978263679e+00
0.00000000000000e+00
1.00975244490915e+00
0.00000000000000e+00
0.00000000000000e+00
0.00000000000000e+00
0.00000000000000e+00
0.00000000000000e+00
0.00000000000000e+00
8.07613594598691e-01
0.00000000000000e+00
0.00000000000000e+00
0.00000000000000e+00
1.00179838290946e+00
0.00000000000000e+00
7.27559248726249e-01
0.00000000000000e+00
0.00000000000000e+00
5.70896518314085e-01
0.00000000000000e+00
0.00000000000000e+00
0.00000000000000e+00
0.00000000000000e+00
0.00000000000000e+00
0.00000000000000e+00
0.00000000000000e+00
0.00000000000000e+00
0.00000000000000e+00
0.00000000000000e+00
0.00000000000000e+00
0.00000000000000e+00
0.00000000000000e+00
0.00000000000000e+00
1.43788596871810e+00
0.00000000000000e+00
4.36431806862476e-01
0.00000000000000e+00
3.21500125541120e+00
0.00000000000000e+00
6.09897435376104e-01
0.00000000000000e+00
0.00000000000000e+00
0.00000000000000e+00
0.00000000000000e+00
0.00000000000000e+00
4.02880712906661e-01
0.00000000000000e+00
0.00000000000000e+00
0.00000000000000e+00
0.00000000000000e+00
0.00000000000000e+00
0.00000000000000e+00
0.00000000000000e+00
0.00000000000000e+00
0.00000000000000e+00
0.00000000000000e+00
1.25151792786979e+00
3.12515407993035e-01
0.00000000000000e+00
0.00000000000000e+00
0.00000000000000e+00
0.00000000000000e+00
3.43132061423576e-01
1.73970931115147e+00
0.00000000000000e+00
0.00000000000000e+00
0.00000000000000e+00
0.00000000000000e+00
1.76146439053101e+00
0.00000000000000e+00
3.61190819077504e+00
1.96040812077485e+00
3.12342467958622e+00
0.00000000000000e+00
0.00000000000000e+00
0.00000000000000e+00
0.00000000000000e+00
0.00000000000000e+00
0.00000000000000e+00
2.14415949172505e+01
7.25404888818940e-01
7.13778155335674e-01
0.00000000000000e+00
5.67756700401128e+00
0.00000000000000e+00
0.00000000000000e+00
1.28963566010632e+00
1.81037205639820e+00
5.65185601447526e-01
0.00000000000000e+00
2.51711119802572e+00
0.00000000000000e+00
1.98184265911812e+00
6.80854479642472e-01
0.00000000000000e+00
4.30039071029488e+00
1.16074447230299e+00
0.00000000000000e+00
5.40073127243598e-01
4.32976203443535e+00
2.73500023387602e-01
5.65738567322271e-01
0.00000000000000e+00
7.53732026334844e-01
0.00000000000000e+00
4.54930870778901e-01
0.00000000000000e+00
0.00000000000000e+00
0.00000000000000e+00
0.00000000000000e+00
2.13090631023515e+00
3.96536432091011e-01
9.65324255996746e-01
0.00000000000000e+00
0.00000000000000e+00
0.00000000000000e+00
0.00000000000000e+00
0.00000000000000e+00
0.00000000000000e+00
1.59699276386228e+00
6.80817103303109e-01
0.00000000000000e+00
0.00000000000000e+00
4.12433724441344e+00
0.00000000000000e+00
7.89417924256673e+00
7.29060378995540e-01
0.00000000000000e+00
0.00000000000000e+00
1.56977665547678e+00
6.73146134040205e+00
0.00000000000000e+00
0.00000000000000e+00
1.99485318637446e+00
3.40710409170589e+00
4.99589843368226e+00
0.00000000000000e+00
0.00000000000000e+00
0.00000000000000e+00
1.05730897496815e+00
8.33522129593158e-01
3.35127525154655e+00
0.00000000000000e+00
0.00000000000000e+00
0.00000000000000e+00
0.00000000000000e+00
1.99294630678759e+00
0.00000000000000e+00
0.00000000000000e+00
0.00000000000000e+00
1.06067887875258e+00
0.00000000000000e+00
0.00000000000000e+00
2.03706726568325e+00
0.00000000000000e+00
0.00000000000000e+00
6.81556400716219e-01
0.00000000000000e+00
0.00000000000000e+00
1.54633237772735e+00
5.48730796740321e-01
3.53583376190460e-01
4.99515845621946e-01
1.11426501128354e+00
0.00000000000000e+00
0.00000000000000e+00
0.00000000000000e+00
0.00000000000000e+00
1.10648665183174e+01
3.54202392678529e+00
0.00000000000000e+00
2.66364933872842e+00
6.23406177497570e-01
0.00000000000000e+00
0.00000000000000e+00
0.00000000000000e+00
3.95849406781632e+00
0.00000000000000e+00
0.00000000000000e+00
3.28157975227805e+00
0.00000000000000e+00
0.00000000000000e+00
0.00000000000000e+00
0.00000000000000e+00
6.22969601632301e-01
9.77577331222441e-01
2.67166676559638e+00
0.00000000000000e+00
3.60595595561779e-01
0.00000000000000e+00
0.00000000000000e+00
4.26279044874443e-01
0.00000000000000e+00
0.00000000000000e+00
2.78381523875383e+00
0.00000000000000e+00
0.00000000000000e+00
0.00000000000000e+00
1.07168281291617e+00
3.20339072760319e+01
0.00000000000000e+00
4.57916544577181e-01
0.00000000000000e+00
0.00000000000000e+00
0.00000000000000e+00
4.54930870778901e-01
0.00000000000000e+00
4.57916544577181e-01
0.00000000000000e+00
9.34852937578203e-01
5.06569883412514e-01
0.00000000000000e+00
0.00000000000000e+00
7.60559735971776e-01
1.24097103873135e+00
1.80672938244165e+01
0.00000000000000e+00
0.00000000000000e+00
0.00000000000000e+00
0.00000000000000e+00
0.00000000000000e+00
0.00000000000000e+00
8.22824092487540e-01
4.09747330891202e+00
0.00000000000000e+00
0.00000000000000e+00
5.65872212802112e-01
1.36554557049213e+00
1.00394763032189e+00
0.00000000000000e+00
0.00000000000000e+00
1.42191147485196e+01
0.00000000000000e+00
0.00000000000000e+00
0.00000000000000e+00
1.66112848339914e+00
2.08212928387722e+01
0.00000000000000e+00
0.00000000000000e+00
4.61793297661239e+00
5.65324829998887e+00
0.00000000000000e+00
0.00000000000000e+00
7.30161832548194e+00
8.41876290627681e-01
6.31603858902186e-01
2.95700757489402e+00
0.00000000000000e+00
0.00000000000000e+00
0.00000000000000e+00
8.98085313291574e-01
2.92068795454884e-01
0.00000000000000e+00
0.00000000000000e+00
1.06026925170931e+00
6.31793155963768e+00
0.00000000000000e+00
0.00000000000000e+00
0.00000000000000e+00
1.36228025567086e+00
2.60522537193504e+00
0.00000000000000e+00
0.00000000000000e+00
1.33097478318614e+00
0.00000000000000e+00
0.00000000000000e+00
0.00000000000000e+00
4.61287935997202e-01
7.74689439300229e-01
0.00000000000000e+00
0.00000000000000e+00
0.00000000000000e+00
0.00000000000000e+00
2.07767518350720e+00
0.00000000000000e+00
0.00000000000000e+00
9.63307948181957e-01
1.91310622682667e+00
2.91916925660581e+00
0.00000000000000e+00
0.00000000000000e+00
0.00000000000000e+00
5.40073127243598e-01
7.68748266495829e+00
0.00000000000000e+00
0.00000000000000e+00
4.64386276477288e+00
7.90958500352394e-01
4.38845096185251e-01
2.33787223260184e+01
0.00000000000000e+00
2.91988626845948e+00
0.00000000000000e+00
0.00000000000000e+00
1.47030609058114e+00
3.77798003826842e+00
2.08838715173472e+00
3.27653316929178e+00
0.00000000000000e+00
4.40094818026298e+00
0.00000000000000e+00
0.00000000000000e+00
0.00000000000000e+00
1.99628407238939e+00
0.00000000000000e+00
2.26107568482664e+00
0.00000000000000e+00
0.00000000000000e+00
6.87277489475058e+00
0.00000000000000e+00
7.90958500352394e-01
0.00000000000000e+00
0.00000000000000e+00
5.19882676986385e+00
3.40768628421210e+00
0.00000000000000e+00
2.04465233599738e+00
1.76078499053728e+00
0.00000000000000e+00
0.00000000000000e+00
0.00000000000000e+00
0.00000000000000e+00
6.83840771438675e-01
1.52595686347154e+00
0.00000000000000e+00
7.61338123233386e-01
0.00000000000000e+00
0.00000000000000e+00
0.00000000000000e+00
0.00000000000000e+00
1.16269845245414e+00
3.14743912808877e+00
5.03732295500301e-01
6.21926136053909e+00
4.99657452685839e+00
1.96275291607150e+01
1.12362285861683e+01
1.57990487921201e+00
3.50904303315024e-01
0.00000000000000e+00
0.00000000000000e+00
0.00000000000000e+00
9.13062759519199e-01
4.18381841642991e+00
0.00000000000000e+00
1.30116930338010e+01
0.00000000000000e+00
1.33436983215448e+00
1.99017062322708e+00
1.81037205639820e+00
0.00000000000000e+00
0.00000000000000e+00
3.54202392678529e+00
6.31603858902186e-01
0.00000000000000e+00
0.00000000000000e+00
3.39359028045856e+00
4.66980468770720e+00
3.63362545280334e+00
3.56080039497961e+00
1.02613194148100e+01
0.00000000000000e+00
0.00000000000000e+00
1.00569440050313e+00
5.02882584126362e+00
4.84758054324561e+00
0.00000000000000e+00
0.00000000000000e+00
4.66980468770720e+00
8.97538740738084e+00
0.00000000000000e+00
0.00000000000000e+00
0.00000000000000e+00
0.00000000000000e+00
0.00000000000000e+00
0.00000000000000e+00
4.60649690499270e+00
0.00000000000000e+00
0.00000000000000e+00
0.00000000000000e+00
0.00000000000000e+00
0.00000000000000e+00
1.99017062322708e+00
0.00000000000000e+00
0.00000000000000e+00
0.00000000000000e+00
0.00000000000000e+00
0.00000000000000e+00
2.66364933872842e+00
0.00000000000000e+00
0.00000000000000e+00
1.32426471183775e+00
0.00000000000000e+00
9.13062759519199e-01
8.71967967711172e+00
5.45226206183977e+00
1.13221739038808e+00
1.14647999743883e+01
5.95331337094331e+00
7.55638625762506e-01
1.71787870779664e+01
0.00000000000000e+00
0.00000000000000e+00
0.00000000000000e+00
4.78134467437681e+00
0.00000000000000e+00
0.00000000000000e+00
2.83114775147685e+00
1.80171184712823e+00
0.00000000000000e+00
0.00000000000000e+00
0.00000000000000e+00
0.00000000000000e+00
0.00000000000000e+00
0.00000000000000e+00
1.20419572868681e+01
0.00000000000000e+00
0.00000000000000e+00
2.63666407704775e+00
2.63666407704775e+00
0.00000000000000e+00
0.00000000000000e+00
6.25129410465794e+00
7.35153045290570e-01
0.00000000000000e+00
0.00000000000000e+00
5.45911420821755e+00
0.00000000000000e+00
0.00000000000000e+00
0.00000000000000e+00
0.00000000000000e+00
1.00897528327333e+00
0.00000000000000e+00
0.00000000000000e+00
5.54040290851701e+00
0.00000000000000e+00
1.36222803870202e+00
0.00000000000000e+00
4.44564097314067e-01
4.44564097314067e-01
0.00000000000000e+00
5.79105346478278e+00
7.86081158221433e-01
5.50434791465551e+00
0.00000000000000e+00
0.00000000000000e+00
0.00000000000000e+00
0.00000000000000e+00
6.22969601632301e-01
0.00000000000000e+00
0.00000000000000e+00
5.66388054394827e+00
3.63937299365226e+00
0.00000000000000e+00
0.00000000000000e+00
0.00000000000000e+00
0.00000000000000e+00
0.00000000000000e+00
2.85034206317760e+00
0.00000000000000e+00
2.02619119755076e+00
0.00000000000000e+00
0.00000000000000e+00
1.52269734394506e+01
3.81845204720628e-01
0.00000000000000e+00
0.00000000000000e+00
0.00000000000000e+00
2.23560717662879e+01
0.00000000000000e+00
0.00000000000000e+00
0.00000000000000e+00
2.64576705351919e+00
8.94570679920543e-01
4.94904168072832e-01
8.06610781745517e-01
7.88849864423282e-01
3.37600512928488e-01
0.00000000000000e+00
0.00000000000000e+00
0.00000000000000e+00
5.30455384126761e+00
0.00000000000000e+00
0.00000000000000e+00
0.00000000000000e+00
0.00000000000000e+00
0.00000000000000e+00
1.85740368983113e+00
1.85740368983113e+00
0.00000000000000e+00
1.16592338389094e+01
0.00000000000000e+00
0.00000000000000e+00
0.00000000000000e+00
0.00000000000000e+00
8.32642291539395e-01
0.00000000000000e+00
1.45417579903338e+00
0.00000000000000e+00
8.06856840060224e+00
1.00498756211209e+00
9.53446333207367e-01
0.00000000000000e+00
4.19997049172868e+00
6.12176265982175e+00
0.00000000000000e+00
0.00000000000000e+00
3.21303186233133e+00
8.75891973082654e+00
3.11556231969532e-01
0.00000000000000e+00
4.05656785427909e+00
0.00000000000000e+00
4.04648014342186e+00
0.00000000000000e+00
1.69119010775888e+00
0.00000000000000e+00
2.24752881421775e+00
3.29728868627328e+00
8.48623844399764e+00
5.72842376751170e+00
4.91865271619966e+00
3.18264898684720e+00
0.00000000000000e+00
0.00000000000000e+00
2.08414520094990e+00
0.00000000000000e+00
3.44981004297933e+00
4.04932971776984e+00
0.00000000000000e+00
0.00000000000000e+00
0.00000000000000e+00
0.00000000000000e+00
0.00000000000000e+00
0.00000000000000e+00
0.00000000000000e+00
0.00000000000000e+00
0.00000000000000e+00
3.71844815514345e+00
0.00000000000000e+00
3.71844815514345e+00
5.51509854426950e+00
0.00000000000000e+00
4.84443140241589e+00
0.00000000000000e+00
0.00000000000000e+00
3.44981004297933e+00
1.22727667678522e+01
2.45753854556163e+00
0.00000000000000e+00
0.00000000000000e+00
0.00000000000000e+00
1.58649599415548e+01
4.61391365489903e+00
0.00000000000000e+00
1.52507103673694e+01
0.00000000000000e+00
8.81591991464352e+00
6.94581827739732e+00
3.44468655244247e+00
0.00000000000000e+00
0.00000000000000e+00
2.31816963291404e+00
0.00000000000000e+00
0.00000000000000e+00
0.00000000000000e+00
0.00000000000000e+00
0.00000000000000e+00
6.96751125580360e+00
0.00000000000000e+00
0.00000000000000e+00
0.00000000000000e+00
4.11971338971055e+00
0.00000000000000e+00
0.00000000000000e+00
0.00000000000000e+00
0.00000000000000e+00
1.76963947079849e+01
0.00000000000000e+00
0.00000000000000e+00
7.04105540774104e+00
2.58939174499524e+01
0.00000000000000e+00
0.00000000000000e+00
5.67756700401128e+00
0.00000000000000e+00
8.49769710224529e+00
2.69716834564839e+01
2.49031688723594e+00
1.45828996852387e+00
0.00000000000000e+00
9.52203321007389e+00
1.01536352428310e+01
8.61244421181082e+00
5.58192965222923e+00
1.75664991196017e+01
5.78599931823414e+00
4.14478380245716e+00
2.71250433495906e+00
3.52410151506160e+01
1.86655625264850e+00
4.91026059118832e+00
1.84901129448025e+01
3.52173177435302e+00
0.00000000000000e+00
3.29201650942912e+00
1.09897739839172e+01
2.90073710054779e+01
6.48798862089321e+00
5.71568324703949e+00
2.38575992114465e+01
0.00000000000000e+00
0.00000000000000e+00
0.00000000000000e+00
6.38706229319468e+00
0.00000000000000e+00
6.03617437055372e+00
0.00000000000000e+00
0.00000000000000e+00
0.00000000000000e+00
0.00000000000000e+00
0.00000000000000e+00
0.00000000000000e+00
1.30738713346609e+01
1.80738893782219e+00
5.01505852492089e+00
0.00000000000000e+00
0.00000000000000e+00
0.00000000000000e+00
0.00000000000000e+00
4.79320600154214e+00
3.96263619286596e+00
2.15802488889753e+00
5.51830620768717e+00
0.00000000000000e+00
5.55160409677053e-01
1.24107621611062e+01
9.34107473984012e+00
0.00000000000000e+00
0.00000000000000e+00
2.01714896125401e+01
3.44468655244247e+00
1.05329247568888e+00
0.00000000000000e+00
1.05989914254663e+01
1.33183426807050e+00
4.81687832782124e+00
2.03682465406993e+00
9.27576143440791e+00
5.76288879521740e+00
0.00000000000000e+00
1.75725048272215e+01
2.13983520603216e+00
9.90183363037928e+00
2.11724680412436e+00
0.00000000000000e+00
1.73876793425917e+01
0.00000000000000e+00
1.80738893782219e+00
9.30100110622257e+00
0.00000000000000e+00
6.36880771057025e+00
5.07369434904165e+00
0.00000000000000e+00
2.53232886963570e+00
0.00000000000000e+00
9.96029092272039e+00
6.95144758672647e+00
2.14783034884533e+00
0.00000000000000e+00
3.07231504659054e+00
1.02663151951152e+01
0.00000000000000e+00
0.00000000000000e+00
3.09285525563849e+00
0.00000000000000e+00
0.00000000000000e+00
0.00000000000000e+00
0.00000000000000e+00
3.57189997859845e+01
2.44536961875582e+00
1.17738524807045e+01
2.26983540907388e+00
4.09083502492566e+01
2.77637299514729e+00
1.27679943756845e+00
4.32789772245763e+01
1.70200900516448e+01
0.00000000000000e+00
6.27774298948682e-01
1.30064487318075e+01
1.47560280728864e+01
5.99935516341724e+00
1.03667965123184e+01
4.48849757550674e+00
0.00000000000000e+00
1.67735311228686e+01
5.28571855817349e+00
1.12665027623983e+01
5.12627158226584e+00
6.85232683453672e+00
0.00000000000000e+00
1.18812571489219e+01
2.31816963291404e+00
1.27030913375587e+01
1.00443887831789e+01
6.32231800344202e+00
7.73426815768287e+00
7.73426815768287e+00
0.00000000000000e+00
0.00000000000000e+00
9.98474213954813e-01
9.80204060387432e-01
6.29333650017478e+00
0.00000000000000e+00
1.91373181507286e+00
9.94639310201366e+00
2.24752881421775e+00
0.00000000000000e+00
0.00000000000000e+00
0.00000000000000e+00
6.58542547740306e+00
4.40167451747553e+00
2.24275435217749e+00
5.38770306551570e+00
0.00000000000000e+00
1.81291098551149e+01
2.51058107003807e+01
0.00000000000000e+00
1.05225025882858e+01
1.90706646418825e+00
0.00000000000000e+00
1.10372246637971e+01
9.30147314643769e+00
3.65281299145126e-01
0.00000000000000e+00
7.19015281761275e+00
2.68978680866963e+01
8.34994408693128e+00
0.00000000000000e+00
3.17561286298172e+00
0.00000000000000e+00
9.37287511967578e+00
7.90919925571203e+00
2.43865890312337e+00
0.00000000000000e+00
0.00000000000000e+00
7.15380740011895e-01
0.00000000000000e+00
1.17644131298549e+01
0.00000000000000e+00
5.16512856835473e+00
1.75644609326022e+00
0.00000000000000e+00
0.00000000000000e+00
2.45785928954141e+00
0.00000000000000e+00
0.00000000000000e+00
7.78255507909059e-01
0.00000000000000e+00
1.91761950876258e+01
2.04124402955239e+01
7.78255507909059e-01
7.97143185595121e-01
0.00000000000000e+00
2.06498570529829e+01
2.13702692128331e+01
2.61353466812874e+01
2.02779460909375e+01
2.68597882895251e+01
2.33886550505789e+01
7.17981309744003e+00
1.03547765435159e+01
1.79483225739945e+01
0.00000000000000e+00
0.00000000000000e+00
1.34443320553705e+01
4.41217494988200e+00
1.12920597143595e+01
1.43660421948163e+02
2.36283187262324e+01
7.38331365194508e+00
8.86996838976874e+00
9.22666477441037e+00
2.73766886180295e+01
2.38146782701355e+01
9.52861337025854e+00
1.42349846715022e+01
0.00000000000000e+00
0.00000000000000e+00
0.00000000000000e+00
0.00000000000000e+00
9.37287511967578e+00
7.90919925571203e+00
3.64243628281558e+00
1.03953999963148e+01
8.24928812847983e+00
8.84255292676897e+00
2.19469719648794e+01
1.67096785300609e+01
1.35963391108097e+01
1.16395568859260e+01
0.00000000000000e+00
2.00474048679661e+01
5.56445246685447e+00
5.94344652356764e+00
8.72005548798433e+00
7.21350617827174e+00
4.44175222532718e+01
0.00000000000000e+00
0.00000000000000e+00
0.00000000000000e+00
1.24107621611062e+01
0.00000000000000e+00
0.00000000000000e+00
1.59390890082096e+01
8.28677771295929e+00
1.17940396276529e+01
1.10079219541228e+01
0.00000000000000e+00
0.00000000000000e+00
4.05386036795829e+01
9.73725758714713e+00
2.87407995583018e+01
0.00000000000000e+00
0.00000000000000e+00
0.00000000000000e+00
0.00000000000000e+00
0.00000000000000e+00
0.00000000000000e+00
0.00000000000000e+00
0.00000000000000e+00
0.00000000000000e+00
0.00000000000000e+00
0.00000000000000e+00
0.00000000000000e+00
3.17131191095516e+01
0.00000000000000e+00
0.00000000000000e+00
0.00000000000000e+00
9.62086410310981e+00
4.13952393590492e+01
6.38826659182601e+01
3.71359605380643e+01
0.00000000000000e+00
0.00000000000000e+00
1.30202581123584e+01
2.83948335080687e+01
3.72138303985369e+01
3.29968406430520e+01
5.77683053688545e+00
2.27560386687328e+00
9.67226130065987e+00
5.43904711857077e+00
7.05691099546086e+01
7.87902021959993e+01
8.25863256744784e+00
2.07396558802173e+01
1.57289683884218e+01
4.11711388840121e+00
1.22454847745659e+01
9.03900158808076e+00
2.44421789585570e+01
1.02193894273790e+01
6.47724793649030e+00
3.36764576240650e+01
2.81514666049097e+01
0.00000000000000e+00
0.00000000000000e+00
1.53674499234432e+01
0.00000000000000e+00
4.53366298158552e+01
0.00000000000000e+00
0.00000000000000e+00
6.20965171970012e+01
1.14903837087385e+01
3.96791639893353e+00
1.02976679958723e+01
1.16943829250770e+02
0.00000000000000e+00
1.73792337586554e+01
8.84632546377822e+00
5.58739830988244e+00
4.30484454951742e+00
1.24007917465741e+01
3.32499938294107e+01
5.22500080421123e+01
3.71075461203864e+01
2.32873872124514e+01
3.23038570883703e+01
4.19169102397637e+01
3.71252545489327e+01
1.93664270142070e+01
3.40976658786848e+01
2.75617491649330e+01
3.70830483759050e+01
2.02159588556140e+01
1.41952234317776e+01
3.86420729395264e+01
2.79826124927165e+01
3.38004054115185e+01
5.31051894059811e+01
2.33659865545340e+01
1.48213491662991e+01
1.39360001867361e+01
1.40689050413731e+01
3.12782509147564e+01
3.14913661156551e+00
1.18286719001413e+01
1.98186556251939e+01
2.61982010877060e+01
1.88062593812923e+01
0.00000000000000e+00
0.00000000000000e+00
0.00000000000000e+00
0.00000000000000e+00
7.39302172646084e+00
4.34105203088116e+01
2.06167000848256e+01
8.35896298363139e+00
1.07850272097288e+01
1.99555484637646e+01
5.09135526959374e+01
6.69163282822019e+00
7.14375757828695e+01
8.91140574453558e+01
0.00000000000000e+00
3.04051390407954e+01
1.05319441150711e+01
3.17131202939204e+00
5.06954002503960e+01
1.08798631094492e+01
2.80439453068654e+01
0.00000000000000e+00
1.02227593866739e+02
1.60417398685449e+02
1.92225096440451e+01
5.81969697024766e+01
4.51985833081897e+01
0.00000000000000e+00
1.21414490251396e+02
2.43370017018920e+01
3.25389261826708e+01
1.53674499234432e+01
0.00000000000000e+00
0.00000000000000e+00
0.00000000000000e+00
0.00000000000000e+00
0.00000000000000e+00
5.68046220001103e+01
0.00000000000000e+00
5.00519317678452e+00
1.06432028486232e+02
0.00000000000000e+00
5.58652680881409e+01
0.00000000000000e+00
0.00000000000000e+00
7.35534011542511e+00
1.21226013181512e+01
4.49048106829854e+01
4.42643118544858e+01
0.00000000000000e+00
0.00000000000000e+00
5.53372188911116e+01
3.32066835502061e+01
0.00000000000000e+00
0.00000000000000e+00
0.00000000000000e+00
1.68527869363152e+01
5.07741295367513e+01
2.69876733882018e+01
1.47111441136144e+01
7.91567059982825e+01
0.00000000000000e+00
0.00000000000000e+00
0.00000000000000e+00
0.00000000000000e+00
3.40279360112109e+01
4.50516596606165e+01
0.00000000000000e+00
0.00000000000000e+00
1.81027767982422e+01
1.99720697434221e+01
6.75910829616828e+00
1.26433306032841e+01
0.00000000000000e+00
0.00000000000000e+00
6.39684086524419e+00
0.00000000000000e+00
0.00000000000000e+00
0.00000000000000e+00
0.00000000000000e+00
0.00000000000000e+00
7.31104577471176e+01
0.00000000000000e+00
0.00000000000000e+00
0.00000000000000e+00
0.00000000000000e+00
0.00000000000000e+00
0.00000000000000e+00
0.00000000000000e+00
0.00000000000000e+00
7.79139844943378e+01
0.00000000000000e+00
1.33447728045588e+02
8.45441057814914e+01
0.00000000000000e+00
0.00000000000000e+00
0.00000000000000e+00
0.00000000000000e+00
0.00000000000000e+00
0.00000000000000e+00
0.00000000000000e+00
0.00000000000000e+00
0.00000000000000e+00
0.00000000000000e+00
0.00000000000000e+00
0.00000000000000e+00
0.00000000000000e+00
0.00000000000000e+00
0.00000000000000e+00
0.00000000000000e+00
9.66092960458020e+00
5.29168117641400e+01
0.00000000000000e+00
0.00000000000000e+00
1.14400840651979e+02
0.00000000000000e+00
0.00000000000000e+00
0.00000000000000e+00
1.10248251106818e+02
0.00000000000000e+00
0.00000000000000e+00
0.00000000000000e+00
0.00000000000000e+00
0.00000000000000e+00
9.99094573875306e+01
0.00000000000000e+00
0.00000000000000e+00
2.93142172218290e+01
2.68023150860133e+01
0.00000000000000e+00
0.00000000000000e+00
0.00000000000000e+00
0.00000000000000e+00
0.00000000000000e+00
0.00000000000000e+00
0.00000000000000e+00
0.00000000000000e+00
0.00000000000000e+00
0.00000000000000e+00
0.00000000000000e+00
0.00000000000000e+00
0.00000000000000e+00
0.00000000000000e+00
0.00000000000000e+00
0.00000000000000e+00
0.00000000000000e+00
0.00000000000000e+00
0.00000000000000e+00
0.00000000000000e+00
0.00000000000000e+00
0.00000000000000e+00
0.00000000000000e+00
0.00000000000000e+00
0.00000000000000e+00
0.00000000000000e+00
0.00000000000000e+00
0.00000000000000e+00
0.00000000000000e+00
0.00000000000000e+00
0.00000000000000e+00
0.00000000000000e+00
0.00000000000000e+00
0.00000000000000e+00
0.00000000000000e+00
0.00000000000000e+00
0.00000000000000e+00
0.00000000000000e+00
0.00000000000000e+00
0.00000000000000e+00
0.00000000000000e+00
0.00000000000000e+00
0.00000000000000e+00
0.00000000000000e+00
0.00000000000000e+00
0.00000000000000e+00
0.00000000000000e+00
0.00000000000000e+00
0.00000000000000e+00
0.00000000000000e+00
0.00000000000000e+00
0.00000000000000e+00
0.00000000000000e+00
0.00000000000000e+00
0.00000000000000e+00
0.00000000000000e+00
0.00000000000000e+00
0.00000000000000e+00
0.00000000000000e+00
0.00000000000000e+00
0.00000000000000e+00
0.00000000000000e+00
0.00000000000000e+00
0.00000000000000e+00
0.00000000000000e+00
0.00000000000000e+00
0.00000000000000e+00
0.00000000000000e+00
0.00000000000000e+00
0.00000000000000e+00
0.00000000000000e+00
0.00000000000000e+00
0.00000000000000e+00
0.00000000000000e+00
0.00000000000000e+00
0.00000000000000e+00
0.00000000000000e+00
0.00000000000000e+00
0.00000000000000e+00
0.00000000000000e+00
0.00000000000000e+00
0.00000000000000e+00
0.00000000000000e+00
0.00000000000000e+00
0.00000000000000e+00
0.00000000000000e+00
0.00000000000000e+00
0.00000000000000e+00
0.00000000000000e+00
0.00000000000000e+00
0.00000000000000e+00
0.00000000000000e+00
0.00000000000000e+00
0.00000000000000e+00
0.00000000000000e+00
0.00000000000000e+00
0.00000000000000e+00
0.00000000000000e+00
0.00000000000000e+00
0.00000000000000e+00
0.00000000000000e+00
0.00000000000000e+00
0.00000000000000e+00
0.00000000000000e+00
0.00000000000000e+00
0.00000000000000e+00
0.00000000000000e+00
0.00000000000000e+00
0.00000000000000e+00
0.00000000000000e+00
0.00000000000000e+00
0.00000000000000e+00
0.00000000000000e+00
0.00000000000000e+00
0.00000000000000e+00
0.00000000000000e+00
0.00000000000000e+00
0.00000000000000e+00
0.00000000000000e+00
0.00000000000000e+00
0.00000000000000e+00
0.00000000000000e+00
0.00000000000000e+00
0.00000000000000e+00
0.00000000000000e+00
0.00000000000000e+00
0.00000000000000e+00
0.00000000000000e+00
0.00000000000000e+00
2.84453306218519e+01
0.00000000000000e+00
0.00000000000000e+00
0.00000000000000e+00
0.00000000000000e+00
0.00000000000000e+00
0.00000000000000e+00
0.00000000000000e+00
0.00000000000000e+00
0.00000000000000e+00
0.00000000000000e+00
0.00000000000000e+00
0.00000000000000e+00
0.00000000000000e+00
0.00000000000000e+00
0.00000000000000e+00
0.00000000000000e+00
0.00000000000000e+00
0.00000000000000e+00
0.00000000000000e+00
0.00000000000000e+00
0.00000000000000e+00
0.00000000000000e+00
0.00000000000000e+00
0.00000000000000e+00
0.00000000000000e+00
2.13165292454387e+01
0.00000000000000e+00
4.72454487692977e+00
0.00000000000000e+00
2.66837501681187e+01
0.00000000000000e+00
9.17003287671263e+01
1.10666767439919e+02
0.00000000000000e+00
0.00000000000000e+00
1.08356729657776e+01
4.16944963218801e+01
0.00000000000000e+00
0.00000000000000e+00
0.00000000000000e+00
0.00000000000000e+00
1.46149113731185e+01
4.74124897623150e+00
0.00000000000000e+00
0.00000000000000e+00
0.00000000000000e+00
0.00000000000000e+00
0.00000000000000e+00
0.00000000000000e+00
0.00000000000000e+00
0.00000000000000e+00
0.00000000000000e+00
0.00000000000000e+00
0.00000000000000e+00
0.00000000000000e+00
0.00000000000000e+00
0.00000000000000e+00
0.00000000000000e+00
0.00000000000000e+00
0.00000000000000e+00
0.00000000000000e+00
0.00000000000000e+00
0.00000000000000e+00
0.00000000000000e+00
0.00000000000000e+00
0.00000000000000e+00
0.00000000000000e+00
0.00000000000000e+00
0.00000000000000e+00
0.00000000000000e+00
0.00000000000000e+00
0.00000000000000e+00
0.00000000000000e+00
0.00000000000000e+00
0.00000000000000e+00
0.00000000000000e+00
0.00000000000000e+00
0.00000000000000e+00
0.00000000000000e+00
0.00000000000000e+00
0.00000000000000e+00
0.00000000000000e+00
0.00000000000000e+00
0.00000000000000e+00
0.00000000000000e+00
0.00000000000000e+00
0.00000000000000e+00
0.00000000000000e+00
0.00000000000000e+00
0.00000000000000e+00
0.00000000000000e+00
0.00000000000000e+00
0.00000000000000e+00
0.00000000000000e+00
0.00000000000000e+00
0.00000000000000e+00
0.00000000000000e+00
0.00000000000000e+00
0.00000000000000e+00
0.00000000000000e+00
0.00000000000000e+00
0.00000000000000e+00
0.00000000000000e+00
0.00000000000000e+00
0.00000000000000e+00
2.37997465388061e+01
0.00000000000000e+00
0.00000000000000e+00
0.00000000000000e+00
0.00000000000000e+00
0.00000000000000e+00
0.00000000000000e+00
0.00000000000000e+00
0.00000000000000e+00
0.00000000000000e+00
0.00000000000000e+00
0.00000000000000e+00
0.00000000000000e+00
0.00000000000000e+00
0.00000000000000e+00
0.00000000000000e+00
0.00000000000000e+00
0.00000000000000e+00
0.00000000000000e+00
0.00000000000000e+00
0.00000000000000e+00
0.00000000000000e+00
0.00000000000000e+00
0.00000000000000e+00
0.00000000000000e+00
0.00000000000000e+00
0.00000000000000e+00
0.00000000000000e+00
0.00000000000000e+00
0.00000000000000e+00
0.00000000000000e+00
0.00000000000000e+00
0.00000000000000e+00
0.00000000000000e+00
0.00000000000000e+00
0.00000000000000e+00
0.00000000000000e+00
0.00000000000000e+00
0.00000000000000e+00
0.00000000000000e+00
0.00000000000000e+00
0.00000000000000e+00
0.00000000000000e+00
0.00000000000000e+00
0.00000000000000e+00
0.00000000000000e+00
0.00000000000000e+00
0.00000000000000e+00
0.00000000000000e+00
0.00000000000000e+00
0.00000000000000e+00
0.00000000000000e+00
0.00000000000000e+00
0.00000000000000e+00
0.00000000000000e+00
0.00000000000000e+00
0.00000000000000e+00
0.00000000000000e+00
0.00000000000000e+00
0.00000000000000e+00
0.00000000000000e+00
0.00000000000000e+00
0.00000000000000e+00
0.00000000000000e+00
0.00000000000000e+00
0.00000000000000e+00
0.00000000000000e+00
0.00000000000000e+00
0.00000000000000e+00
0.00000000000000e+00
0.00000000000000e+00
0.00000000000000e+00
0.00000000000000e+00
0.00000000000000e+00
0.00000000000000e+00
0.00000000000000e+00
0.00000000000000e+00
0.00000000000000e+00
0.00000000000000e+00
0.00000000000000e+00
0.00000000000000e+00
0.00000000000000e+00
0.00000000000000e+00
0.00000000000000e+00
0.00000000000000e+00
0.00000000000000e+00
0.00000000000000e+00
0.00000000000000e+00
0.00000000000000e+00
0.00000000000000e+00
0.00000000000000e+00
0.00000000000000e+00
0.00000000000000e+00
0.00000000000000e+00
0.00000000000000e+00
0.00000000000000e+00
0.00000000000000e+00
0.00000000000000e+00
0.00000000000000e+00
0.00000000000000e+00
0.00000000000000e+00
0.00000000000000e+00
0.00000000000000e+00
0.00000000000000e+00
0.00000000000000e+00
0.00000000000000e+00
0.00000000000000e+00
0.00000000000000e+00
0.00000000000000e+00
0.00000000000000e+00
0.00000000000000e+00
0.00000000000000e+00
0.00000000000000e+00
0.00000000000000e+00
0.00000000000000e+00
0.00000000000000e+00
0.00000000000000e+00
0.00000000000000e+00
0.00000000000000e+00
0.00000000000000e+00
0.00000000000000e+00
0.00000000000000e+00
0.00000000000000e+00
0.00000000000000e+00
0.00000000000000e+00
0.00000000000000e+00
0.00000000000000e+00
0.00000000000000e+00
0.00000000000000e+00
0.00000000000000e+00
0.00000000000000e+00
0.00000000000000e+00
0.00000000000000e+00
0.00000000000000e+00
0.00000000000000e+00
0.00000000000000e+00
0.00000000000000e+00
0.00000000000000e+00
0.00000000000000e+00
0.00000000000000e+00
0.00000000000000e+00
0.00000000000000e+00
0.00000000000000e+00
0.00000000000000e+00
0.00000000000000e+00
0.00000000000000e+00
0.00000000000000e+00
0.00000000000000e+00
0.00000000000000e+00
0.00000000000000e+00
0.00000000000000e+00
0.00000000000000e+00
0.00000000000000e+00
0.00000000000000e+00
0.00000000000000e+00
0.00000000000000e+00
0.00000000000000e+00
0.00000000000000e+00
0.00000000000000e+00
0.00000000000000e+00
0.00000000000000e+00
0.00000000000000e+00
0.00000000000000e+00
0.00000000000000e+00
0.00000000000000e+00
0.00000000000000e+00
0.00000000000000e+00
0.00000000000000e+00
0.00000000000000e+00
0.00000000000000e+00
0.00000000000000e+00
0.00000000000000e+00
0.00000000000000e+00
0.00000000000000e+00
0.00000000000000e+00
0.00000000000000e+00
0.00000000000000e+00
0.00000000000000e+00
0.00000000000000e+00
0.00000000000000e+00
0.00000000000000e+00
0.00000000000000e+00
0.00000000000000e+00
0.00000000000000e+00
0.00000000000000e+00
0.00000000000000e+00
0.00000000000000e+00
0.00000000000000e+00
0.00000000000000e+00
0.00000000000000e+00
0.00000000000000e+00
0.00000000000000e+00
0.00000000000000e+00
0.00000000000000e+00
0.00000000000000e+00
0.00000000000000e+00
0.00000000000000e+00
0.00000000000000e+00
0.00000000000000e+00
0.00000000000000e+00
0.00000000000000e+00
0.00000000000000e+00
0.00000000000000e+00
0.00000000000000e+00
0.00000000000000e+00
0.00000000000000e+00
0.00000000000000e+00
0.00000000000000e+00
0.00000000000000e+00
0.00000000000000e+00
0.00000000000000e+00
0.00000000000000e+00
0.00000000000000e+00
0.00000000000000e+00
0.00000000000000e+00
0.00000000000000e+00
0.00000000000000e+00
0.00000000000000e+00
0.00000000000000e+00
0.00000000000000e+00
0.00000000000000e+00
0.00000000000000e+00
0.00000000000000e+00
0.00000000000000e+00
0.00000000000000e+00
0.00000000000000e+00
0.00000000000000e+00
0.00000000000000e+00
0.00000000000000e+00
0.00000000000000e+00
0.00000000000000e+00
0.00000000000000e+00
0.00000000000000e+00
0.00000000000000e+00
0.00000000000000e+00
0.00000000000000e+00
0.00000000000000e+00
0.00000000000000e+00
0.00000000000000e+00
0.00000000000000e+00
0.00000000000000e+00
0.00000000000000e+00
0.00000000000000e+00
0.00000000000000e+00
0.00000000000000e+00
0.00000000000000e+00
0.00000000000000e+00
0.00000000000000e+00
0.00000000000000e+00
0.00000000000000e+00
0.00000000000000e+00
0.00000000000000e+00
0.00000000000000e+00
0.00000000000000e+00
0.00000000000000e+00
0.00000000000000e+00
0.00000000000000e+00
0.00000000000000e+00
0.00000000000000e+00
0.00000000000000e+00
0.00000000000000e+00
0.00000000000000e+00
0.00000000000000e+00
0.00000000000000e+00
0.00000000000000e+00
0.00000000000000e+00
0.00000000000000e+00
0.00000000000000e+00
0.00000000000000e+00
0.00000000000000e+00
0.00000000000000e+00
0.00000000000000e+00
0.00000000000000e+00
0.00000000000000e+00
0.00000000000000e+00
0.00000000000000e+00
0.00000000000000e+00
0.00000000000000e+00
0.00000000000000e+00
0.00000000000000e+00
0.00000000000000e+00
0.00000000000000e+00
0.00000000000000e+00
0.00000000000000e+00
0.00000000000000e+00
0.00000000000000e+00
0.00000000000000e+00
0.00000000000000e+00
0.00000000000000e+00
0.00000000000000e+00
0.00000000000000e+00
0.00000000000000e+00
0.00000000000000e+00
0.00000000000000e+00
0.00000000000000e+00
0.00000000000000e+00
0.00000000000000e+00
0.00000000000000e+00
0.00000000000000e+00
0.00000000000000e+00
0.00000000000000e+00
0.00000000000000e+00
0.00000000000000e+00
0.00000000000000e+00
0.00000000000000e+00
0.00000000000000e+00
0.00000000000000e+00
0.00000000000000e+00
0.00000000000000e+00
0.00000000000000e+00
0.00000000000000e+00
0.00000000000000e+00
0.00000000000000e+00
0.00000000000000e+00
0.00000000000000e+00
0.00000000000000e+00
0.00000000000000e+00
0.00000000000000e+00
0.00000000000000e+00
0.00000000000000e+00
0.00000000000000e+00
0.00000000000000e+00
0.00000000000000e+00
0.00000000000000e+00
0.00000000000000e+00
0.00000000000000e+00
0.00000000000000e+00
0.00000000000000e+00
0.00000000000000e+00
0.00000000000000e+00
0.00000000000000e+00
0.00000000000000e+00
0.00000000000000e+00
0.00000000000000e+00
0.00000000000000e+00
0.00000000000000e+00
0.00000000000000e+00
0.00000000000000e+00
0.00000000000000e+00
0.00000000000000e+00
0.00000000000000e+00
0.00000000000000e+00
0.00000000000000e+00
0.00000000000000e+00
0.00000000000000e+00
0.00000000000000e+00
