0.00000000000000e+00
0.00000000000000e+00
0.00000000000000e+00
0.00000000000000e+00
0.00000000000000e+00
0.00000000000000e+00
0.00000000000000e+00
0.00000000000000e+00
0.00000000000000e+00
0.00000000000000e+00
0.00000000000000e+00
0.00000000000000e+00
0.00000000000000e+00
0.00000000000000e+00
0.00000000000000e+00
0.00000000000000e+00
0.00000000000000e+00
0.00000000000000e+00
1.31350814087286e+00
0.00000000000000e+00
0.00000000000000e+00
0.00000000000000e+00
0.00000000000000e+00
0.00000000000000e+00
0.00000000000000e+00
0.00000000000000e+00
0.00000000000000e+00
0.00000000000000e+00
0.00000000000000e+00
4.75923114669118e+00
0.00000000000000e+00
0.00000000000000e+00
0.00000000000000e+00
0.00000000000000e+00
0.00000000000000e+00
3.25435535850614e-01
3.88838875403103e-01
0.00000000000000e+00
0.00000000000000e+00
0.00000000000000e+00
0.00000000000000e+00
0.00000000000000e+00
0.00000000000000e+00
0.00000000000000e+00
5.75055336467706e-01
4.31291502350790e-01
1.57659692117886e-01
0.00000000000000e+00
4.29020613233508e-01
8.42996202469971e-01
2.42396026343188e+00
0.00000000000000e+00
0.00000000000000e+00
0.00000000000000e+00
0.00000000000000e+00
0.00000000000000e+00
4.47907635567873e-01
0.00000000000000e+00
0.00000000000000e+00
0.00000000000000e+00
0.00000000000000e+00
0.00000000000000e+00
6.70932720187494e-02
0.00000000000000e+00
5.94915002115235e-02
0.00000000000000e+00
0.00000000000000e+00
0.00000000000000e+00
0.00000000000000e+00
0.00000000000000e+00
0.00000000000000e+00
0.00000000000000e+00
0.00000000000000e+00
0.00000000000000e+00
1.29200400508672e-01
0.00000000000000e+00
3.17318577770316e+00
1.15798268839813e-01
0.00000000000000e+00
0.00000000000000e+00
0.00000000000000e+00
7.14431027184073e-01
0.00000000000000e+00
2.60213075129984e-02
0.00000000000000e+00
6.63164572334757e-02
0.00000000000000e+00
0.00000000000000e+00
0.00000000000000e+00
0.00000000000000e+00
1.69969526680512e-01
0.00000000000000e+00
0.00000000000000e+00
0.00000000000000e+00
0.00000000000000e+00
0.00000000000000e+00
0.00000000000000e+00
0.00000000000000e+00
4.49799955535794e-01
0.00000000000000e+00
2.22549287824290e+00
0.00000000000000e+00
0.00000000000000e+00
1.90042622653591e-01
0.00000000000000e+00
0.00000000000000e+00
0.00000000000000e+00
0.00000000000000e+00
0.00000000000000e+00
4.94853351445273e+00
0.00000000000000e+00
0.00000000000000e+00
0.00000000000000e+00
0.00000000000000e+00
1.65733447058003e+00
0.00000000000000e+00
0.00000000000000e+00
0.00000000000000e+00
0.00000000000000e+00
0.00000000000000e+00
0.00000000000000e+00
0.00000000000000e+00
0.00000000000000e+00
0.00000000000000e+00
1.62413902469432e-01
5.13621971916081e+00
0.00000000000000e+00
5.99866651848548e-01
3.30067491359818e+00
0.00000000000000e+00
0.00000000000000e+00
2.18368402531151e-01
0.00000000000000e+00
0.00000000000000e+00
7.54806720055638e-01
0.00000000000000e+00
0.00000000000000e+00
4.47643831634037e-01
3.58738310259026e-01
2.26626035574030e-01
0.00000000000000e+00
0.00000000000000e+00
0.00000000000000e+00
1.43554701079560e+00
3.91222613962053e-01
3.88230076308886e-01
0.00000000000000e+00
2.82002553179928e-01
0.00000000000000e+00
0.00000000000000e+00
0.00000000000000e+00
1.25193870374008e-01
0.00000000000000e+00
2.82002553179942e-01
8.46693951175289e-02
0.00000000000000e+00
0.00000000000000e+00
8.46693951175289e-02
4.47643831634037e-01
7.48077213978708e-02
2.71842130542020e-02
1.37966437691014e+00
0.00000000000000e+00
0.00000000000000e+00
0.00000000000000e+00
1.02760595618236e-01
0.00000000000000e+00
2.01979399677429e-01
4.49358582159844e-01
3.16731652076782e-01
0.00000000000000e+00
0.00000000000000e+00
0.00000000000000e+00
3.16481671753095e+00
0.00000000000000e+00
0.00000000000000e+00
1.43587665820200e-01
0.00000000000000e+00
3.38852723860354e-01
0.00000000000000e+00
0.00000000000000e+00
6.00652978016448e-01
0.00000000000000e+00
3.03101137055053e-01
0.00000000000000e+00
0.00000000000000e+00
0.00000000000000e+00
0.00000000000000e+00
0.00000000000000e+00
0.00000000000000e+00
0.00000000000000e+00
0.00000000000000e+00
0.00000000000000e+00
3.08837495346181e-01
5.22490771691753e-02
0.00000000000000e+00
0.00000000000000e+00
0.00000000000000e+00
0.00000000000000e+00
0.00000000000000e+00
1.86371789508139e-01
0.00000000000000e+00
0.00000000000000e+00
4.39735095214999e+00
4.46140843901065e-01
0.00000000000000e+00
3.41595083759984e-02
0.00000000000000e+00
4.49899988886422e-01
5.01674557098898e+00
4.56268835227657e-01
0.00000000000000e+00
0.00000000000000e+00
1.13661603355595e+00
4.57934331845813e+00
7.88234043694675e-02
9.09367072085035e-01
0.00000000000000e+00
1.85663782143958e-01
0.00000000000000e+00
0.00000000000000e+00
0.00000000000000e+00
0.00000000000000e+00
0.00000000000000e+00
0.00000000000000e+00
0.00000000000000e+00
0.00000000000000e+00
2.14281093707984e+00
2.70085884193802e-01
0.00000000000000e+00
0.00000000000000e+00
0.00000000000000e+00
1.83850731069109e-01
0.00000000000000e+00
0.00000000000000e+00
0.00000000000000e+00
0.00000000000000e+00
0.00000000000000e+00
0.00000000000000e+00
0.00000000000000e+00
4.67739894114379e-01
0.00000000000000e+00
0.00000000000000e+00
5.97929761761366e-01
0.00000000000000e+00
0.00000000000000e+00
1.58120679943619e+00
0.00000000000000e+00
0.00000000000000e+00
0.00000000000000e+00
0.00000000000000e+00
0.00000000000000e+00
4.19801750621546e-01
5.61757938767920e-01
4.31744090868655e-01
0.00000000000000e+00
0.00000000000000e+00
0.00000000000000e+00
0.00000000000000e+00
2.22838378801452e-01
1.95021925618084e-01
0.00000000000000e+00
0.00000000000000e+00
0.00000000000000e+00
0.00000000000000e+00
0.00000000000000e+00
0.00000000000000e+00
0.00000000000000e+00
0.00000000000000e+00
0.00000000000000e+00
3.48230356734817e-01
2.07680004669606e+00
0.00000000000000e+00
0.00000000000000e+00
0.00000000000000e+00
0.00000000000000e+00
0.00000000000000e+00
5.22486951071565e+00
6.20545123867325e+00
0.00000000000000e+00
0.00000000000000e+00
9.09600388910271e-01
2.23095794016902e-01
0.00000000000000e+00
0.00000000000000e+00
1.83586842770876e-01
0.00000000000000e+00
0.00000000000000e+00
3.99266884416219e-01
0.00000000000000e+00
0.00000000000000e+00
3.18993341649541e+00
0.00000000000000e+00
2.11037478140183e-01
0.00000000000000e+00
1.40459422560215e-01
3.89901214961516e-01
0.00000000000000e+00
0.00000000000000e+00
0.00000000000000e+00
3.29800146381213e-01
0.00000000000000e+00
0.00000000000000e+00
0.00000000000000e+00
0.00000000000000e+00
0.00000000000000e+00
0.00000000000000e+00
0.00000000000000e+00
1.06074493633268e+00
2.06813926030133e-01
1.97512874599375e+00
5.99012520737244e-01
4.49259390552944e-01
0.00000000000000e+00
0.00000000000000e+00
0.00000000000000e+00
1.56335110230659e+00
4.08375845631436e+00
6.26767775487579e+00
0.00000000000000e+00
1.60629636433638e-01
0.00000000000000e+00
0.00000000000000e+00
0.00000000000000e+00
0.00000000000000e+00
0.00000000000000e+00
3.12000576922527e-01
0.00000000000000e+00
1.19480911474644e-01
1.39247836607975e-01
0.00000000000000e+00
2.90579482429530e-01
0.00000000000000e+00
4.84936587130474e+00
0.00000000000000e+00
2.09795945195333e+00
0.00000000000000e+00
0.00000000000000e+00
4.99185685204042e-01
4.16000769230055e-01
2.89856900868537e-01
1.47282550758901e-01
0.00000000000000e+00
0.00000000000000e+00
5.36758884726073e+00
0.00000000000000e+00
4.49259390552944e-01
4.48386590042016e-01
0.00000000000000e+00
4.37485145779860e-01
0.00000000000000e+00
0.00000000000000e+00
1.40435279445286e+00
0.00000000000000e+00
0.00000000000000e+00
0.00000000000000e+00
0.00000000000000e+00
4.50489733512307e-01
2.81779020482384e-01
0.00000000000000e+00
0.00000000000000e+00
0.00000000000000e+00
0.00000000000000e+00
0.00000000000000e+00
0.00000000000000e+00
3.66397247153679e+00
4.50489733512307e-01
0.00000000000000e+00
0.00000000000000e+00
7.06375338493746e-01
4.29823142303240e-01
9.55555074853174e-01
0.00000000000000e+00
0.00000000000000e+00
0.00000000000000e+00
0.00000000000000e+00
0.00000000000000e+00
0.00000000000000e+00
0.00000000000000e+00
0.00000000000000e+00
0.00000000000000e+00
4.23781741233338e-01
0.00000000000000e+00
0.00000000000000e+00
0.00000000000000e+00
0.00000000000000e+00
0.00000000000000e+00
4.49799955535794e-01
2.83544463982173e+00
0.00000000000000e+00
0.00000000000000e+00
3.02680042438666e+00
0.00000000000000e+00
3.46680804923463e-01
0.00000000000000e+00
0.00000000000000e+00
0.00000000000000e+00
0.00000000000000e+00
0.00000000000000e+00
0.00000000000000e+00
0.00000000000000e+00
0.00000000000000e+00
0.00000000000000e+00
4.50039998222383e-01
5.96858442178717e-01
0.00000000000000e+00
3.77878018307269e+00
2.20606297539627e+00
0.00000000000000e+00
3.76003404239913e-01
1.34253664322011e-01
0.00000000000000e+00
0.00000000000000e+00
0.00000000000000e+00
0.00000000000000e+00
0.00000000000000e+00
0.00000000000000e+00
2.29520806737909e+00
5.82604682015153e+00
1.73512445486356e+00
5.42179362575330e-01
0.00000000000000e+00
0.00000000000000e+00
0.00000000000000e+00
0.00000000000000e+00
0.00000000000000e+00
0.00000000000000e+00
0.00000000000000e+00
4.08118162961079e-01
3.43662999834537e+00
2.64240258325480e+00
0.00000000000000e+00
5.99733274047707e-01
8.61875000153018e-01
4.59748217276287e-01
1.97487903813877e+00
2.58296563317209e-01
4.93081893575056e-01
0.00000000000000e+00
2.68162495658996e+00
0.00000000000000e+00
1.56846273551859e+00
5.78541408546976e-01
0.00000000000000e+00
2.03559168081139e+00
6.70291469967906e-01
3.18183100469898e+00
0.00000000000000e+00
2.57719865614264e+00
0.00000000000000e+00
0.00000000000000e+00
8.44859046067267e-01
0.00000000000000e+00
1.01076757615407e-01
7.87085497774255e-01
5.04013832639674e-01
0.00000000000000e+00
0.00000000000000e+00
0.00000000000000e+00
0.00000000000000e+00
6.31884072099304e-01
0.00000000000000e+00
5.37737584315322e+00
0.00000000000000e+00
1.26001653803180e+00
0.00000000000000e+00
1.06015302722920e+00
4.30560942156471e+00
0.00000000000000e+00
0.00000000000000e+00
0.00000000000000e+00
5.24022778631439e-01
0.00000000000000e+00
0.00000000000000e+00
0.00000000000000e+00
0.00000000000000e+00
5.39317578444669e-01
2.03712791479082e+00
0.00000000000000e+00
0.00000000000000e+00
0.00000000000000e+00
6.71133286860291e+00
3.88127269717453e-01
2.81177622005516e-01
0.00000000000000e+00
4.50039998222383e-01
1.01627196932680e+01
0.00000000000000e+00
0.00000000000000e+00
0.00000000000000e+00
0.00000000000000e+00
0.00000000000000e+00
0.00000000000000e+00
0.00000000000000e+00
0.00000000000000e+00
0.00000000000000e+00
2.72393753578149e+00
4.82373510957003e-01
0.00000000000000e+00
0.00000000000000e+00
0.00000000000000e+00
0.00000000000000e+00
1.76382321507457e+00
3.54819188005453e+00
0.00000000000000e+00
0.00000000000000e+00
3.81959368669934e+00
2.67866851176248e+00
0.00000000000000e+00
1.04870604906305e+00
1.28852932477284e+00
0.00000000000000e+00
0.00000000000000e+00
3.19594651145034e+00
1.25398912510168e+00
0.00000000000000e+00
3.69928676931854e+00
0.00000000000000e+00
0.00000000000000e+00
0.00000000000000e+00
4.04678823878328e-01
0.00000000000000e+00
0.00000000000000e+00
0.00000000000000e+00
4.81389311040345e-01
4.49799955535794e-01
0.00000000000000e+00
0.00000000000000e+00
3.81206898600208e-01
0.00000000000000e+00
4.48447321321025e-01
0.00000000000000e+00
0.00000000000000e+00
7.54713330661576e-01
1.48438152053511e+00
8.66271196909320e+00
1.80875722753789e+00
0.00000000000000e+00
7.85430522819069e-01
3.11630591793760e+00
0.00000000000000e+00
0.00000000000000e+00
0.00000000000000e+00
4.87507409694944e-01
0.00000000000000e+00
0.00000000000000e+00
0.00000000000000e+00
0.00000000000000e+00
0.00000000000000e+00
0.00000000000000e+00
3.02380348565319e-01
2.74295017355516e-01
0.00000000000000e+00
2.94850259110047e-01
0.00000000000000e+00
7.35030665252909e-01
2.76892833010689e+00
2.80175344068376e+00
0.00000000000000e+00
0.00000000000000e+00
2.73787356070776e+00
4.37254079502533e-01
9.53570362709052e-01
1.20111788081875e+00
5.45235523489373e-01
4.67981587129808e-01
1.27345815638143e+00
0.00000000000000e+00
4.93224541941366e-01
6.99733462332832e-01
9.61403692969769e-01
0.00000000000000e+00
7.75190148803918e-01
4.37671810428398e+00
1.82107286518591e+00
0.00000000000000e+00
4.14074660334023e-01
0.00000000000000e+00
4.90769694937420e+00
0.00000000000000e+00
0.00000000000000e+00
2.03178802857818e+00
0.00000000000000e+00
0.00000000000000e+00
3.92622796802492e+00
4.95330679676942e+00
0.00000000000000e+00
5.25222171124708e-01
0.00000000000000e+00
6.48707110121199e-01
0.00000000000000e+00
1.50255724474511e+00
5.99733274047721e-01
0.00000000000000e+00
3.54195094875171e+00
6.08231450847355e-01
3.90860041585506e-01
0.00000000000000e+00
0.00000000000000e+00
1.98029607119915e+00
3.05696131470939e+00
1.43644328861036e-01
5.31592736570638e-01
2.25063094487100e+00
0.00000000000000e+00
5.48369732655317e-01
0.00000000000000e+00
1.43763078552496e+00
1.30777793739914e+00
4.47907635567873e-01
5.97210180757150e-01
2.42212028195106e-01
2.63660522004955e+00
4.88928420559991e+00
2.60255933944882e+00
1.25231297091721e+00
3.44201911776791e+00
6.55786987013915e-01
0.00000000000000e+00
2.80165569039309e+00
0.00000000000000e+00
1.29287469031622e+00
1.90830737673368e+00
0.00000000000000e+00
4.62740516234136e-01
1.09644579840234e+01
1.02770949083536e+01
0.00000000000000e+00
3.09766808149877e+00
0.00000000000000e+00
4.73239797076491e+00
5.81066395116955e+00
4.68985378008534e-01
0.00000000000000e+00
0.00000000000000e+00
0.00000000000000e+00
3.34755292829531e-01
5.75658787824874e-01
4.31744090868655e-01
8.48791187338404e-01
0.00000000000000e+00
3.26424256867763e+00
0.00000000000000e+00
0.00000000000000e+00
2.10578818421142e+01
0.00000000000000e+00
0.00000000000000e+00
5.29028919319719e+00
0.00000000000000e+00
0.00000000000000e+00
4.57110961579531e+00
2.84320564165770e+00
0.00000000000000e+00
0.00000000000000e+00
4.97061907085923e+00
0.00000000000000e+00
0.00000000000000e+00
0.00000000000000e+00
0.00000000000000e+00
4.92267813787621e-01
5.08060736166411e+00
0.00000000000000e+00
0.00000000000000e+00
0.00000000000000e+00
0.00000000000000e+00
1.52262538879759e+00
0.00000000000000e+00
2.33779632184903e+00
4.01474146815813e-01
0.00000000000000e+00
0.00000000000000e+00
7.28322182910907e-01
3.42998983311031e+00
0.00000000000000e+00
2.29498544654846e+00
5.67701126321876e-01
7.02244451868681e-01
0.00000000000000e+00
0.00000000000000e+00
2.44457063177264e+00
4.00418332450870e-01
2.09857237768651e+00
6.36445907961190e+00
0.00000000000000e+00
0.00000000000000e+00
2.61494264228876e+00
4.45180212235802e+00
0.00000000000000e+00
0.00000000000000e+00
0.00000000000000e+00
9.62934895579239e-01
6.00053330963168e-01
0.00000000000000e+00
0.00000000000000e+00
0.00000000000000e+00
9.49570048324542e-01
2.13335763105572e+00
0.00000000000000e+00
0.00000000000000e+00
0.00000000000000e+00
5.83541572192813e-01
1.75075168310453e+00
0.00000000000000e+00
0.00000000000000e+00
0.00000000000000e+00
0.00000000000000e+00
3.70187989746148e-01
3.70719710053604e+00
0.00000000000000e+00
5.54584380652494e-01
0.00000000000000e+00
0.00000000000000e+00
0.00000000000000e+00
1.20166253241635e+01
1.16540043836381e+00
3.69907694803431e-01
2.86620041500143e+00
4.43466593922693e-01
0.00000000000000e+00
0.00000000000000e+00
0.00000000000000e+00
1.13925035082580e+00
6.43224407351839e-01
3.95433878382306e-01
0.00000000000000e+00
0.00000000000000e+00
0.00000000000000e+00
0.00000000000000e+00
3.20132134432120e+00
2.56747384226086e+00
0.00000000000000e+00
0.00000000000000e+00
0.00000000000000e+00
0.00000000000000e+00
0.00000000000000e+00
0.00000000000000e+00
0.00000000000000e+00
5.77594875551574e-01
1.81261028715022e-01
4.56268835227657e-01
2.48636000443060e-01
1.22360493093200e+00
1.69980140716153e+00
4.36512924031163e+00
0.00000000000000e+00
7.14504504745049e+00
4.15223043599716e-01
1.08006433660726e+00
0.00000000000000e+00
0.00000000000000e+00
5.98279011240753e-01
4.17292100306399e-01
0.00000000000000e+00
0.00000000000000e+00
0.00000000000000e+00
2.04423867108842e+00
7.14404377652020e-01
0.00000000000000e+00
4.15233361705432e-01
0.00000000000000e+00
0.00000000000000e+00
5.96843057777054e-01
1.98399267100365e-01
9.86093261763411e+00
4.03725530601660e+00
0.00000000000000e+00
5.05542086830187e-01
0.00000000000000e+00
2.88079150018968e+00
0.00000000000000e+00
0.00000000000000e+00
2.63526674574739e-01
1.21809312887176e+01
6.08358446970209e-01
1.20616772517227e+00
0.00000000000000e+00
0.00000000000000e+00
1.91026390798082e+00
1.08072334797045e+00
1.41660759601844e+01
8.46923136749702e-01
5.94695925727938e-01
1.82662866828990e+00
2.30143063073276e+00
0.00000000000000e+00
3.24398119183725e-01
0.00000000000000e+00
1.23092226725701e+01
1.20006127432876e+01
0.00000000000000e+00
1.93585375701074e+01
2.14051730548510e+01
0.00000000000000e+00
0.00000000000000e+00
0.00000000000000e+00
0.00000000000000e+00
6.72454572456577e+00
4.29650769484256e-01
5.21178915930054e+00
0.00000000000000e+00
5.07505625486874e-01
0.00000000000000e+00
0.00000000000000e+00
3.31801525078310e+00
3.14920265745232e-01
7.51508504409035e-01
0.00000000000000e+00
2.25614644212129e+00
6.21134951848923e+00
8.48415232661604e-01
9.88911575539845e+00
1.31470408977421e-01
3.93890902773112e-01
6.43316084701926e-01
2.90626679132685e+00
3.97956611582838e-01
0.00000000000000e+00
1.33590904429597e+00
2.33700844065116e+00
0.00000000000000e+00
0.00000000000000e+00
2.95849732028859e+00
0.00000000000000e+00
2.46535291985605e+00
0.00000000000000e+00
1.61338000178472e+00
2.03119765288238e+00
0.00000000000000e+00
3.76802831454199e-01
4.99492371859049e+00
7.31621150255311e-01
3.17792634940994e-01
3.18631666335735e-01
1.38739537533574e+01
1.94827058295861e+00
0.00000000000000e+00
0.00000000000000e+00
5.31884099649775e-01
0.00000000000000e+00
1.87529809534560e+00
4.17532580057569e-01
0.00000000000000e+00
0.00000000000000e+00
4.33616108584431e-01
0.00000000000000e+00
0.00000000000000e+00
0.00000000000000e+00
3.34216024170747e+00
1.58532241920803e+00
4.72177220261250e-01
1.46145846253934e+00
1.82303844864432e-01
0.00000000000000e+00
4.51480159102790e-01
2.53553068315552e-01
5.21553577381412e+00
3.05878658840070e+00
0.00000000000000e+00
1.67147111604828e+00
2.95350725370989e-01
5.73770832487325e-01
7.83794081397754e+00
1.89895776207705e+00
1.86361954794602e+00
4.59619679962983e-01
4.86982411705157e-01
4.90590242076140e-01
7.71739932024500e+00
6.46479313389326e+00
0.00000000000000e+00
8.85592977841178e-01
0.00000000000000e+00
0.00000000000000e+00
0.00000000000000e+00
0.00000000000000e+00
2.35895434301025e+00
1.82905622115504e+00
1.23359185774271e+00
0.00000000000000e+00
6.26784562775661e-01
2.17963648705812e+00
9.47590847966257e-01
3.32975129668777e+00
1.19801528120448e+00
4.92644086597896e-01
9.01822153205963e-01
3.08010905060104e+00
2.68230431708994e-01
8.82272601249005e-01
1.16151298098114e-01
0.00000000000000e+00
1.55022736787991e+00
5.36100200118337e+00
2.98976485664262e+00
3.83538829612188e+00
4.44437016814753e+00
5.05563208392558e+00
4.30283733693812e+00
0.00000000000000e+00
6.90172106618663e-01
0.00000000000000e+00
2.51370467736911e+00
0.00000000000000e+00
1.39771466095952e+00
8.13536644080645e+00
3.08225348804868e+00
5.99614916922747e-01
2.71284643219087e+00
6.60334271667957e-01
2.41966413366028e+00
1.87976175931163e+00
5.33690471516292e-01
1.44123431690714e+00
0.00000000000000e+00
4.83177676079989e+00
1.16332771658049e+00
5.03751725090609e+00
2.05389185056733e+00
9.05480466282248e+00
2.54664593418511e+00
1.12065337316195e+00
6.57432988187845e-01
0.00000000000000e+00
1.06616118156055e+00
3.33108605814382e+00
1.82852437508069e+00
1.22759687919256e+00
0.00000000000000e+00
0.00000000000000e+00
4.68018753635994e-01
5.29651452240765e+00
0.00000000000000e+00
6.42691995842945e-01
2.02864356092822e+00
9.72496627026994e-01
8.08189470778464e+00
9.97108204127743e-01
1.41279716993555e+00
2.41542527985756e+00
3.53562612831515e+00
8.64344212985908e+00
7.58295998541063e-01
4.35703149697795e+00
3.60468494359574e+00
9.53467742239402e+00
1.58954222629346e+00
2.86722818605323e+00
0.00000000000000e+00
1.34368640699700e+00
7.24938210041234e+00
2.79917084592320e+00
5.15796808157448e+00
3.80159895668310e+00
7.62862666368333e-01
0.00000000000000e+00
4.75726276935196e-01
1.32164632817244e+00
5.54201390301514e-01
6.29755460895211e-01
1.56825498013294e+00
7.01795065101729e-01
1.73855201866702e+00
3.56466889274209e+00
1.96390002312318e-01
2.10333684890117e+00
8.14221610726361e-01
1.06996861736019e+00
1.53864849921641e+00
1.44171377462847e+00
6.58701529930772e-01
5.05105381259167e-01
4.05025892523848e+00
6.86277983215888e-01
0.00000000000000e+00
0.00000000000000e+00
0.00000000000000e+00
0.00000000000000e+00
1.66135518189368e+00
3.85946810193003e+00
7.35388131693024e-01
0.00000000000000e+00
7.93470343311450e-01
6.92015104832306e+00
5.40461249615647e-01
8.23457986320978e-01
7.24976103395322e+00
2.01881281734000e+01
3.98258131736266e-01
1.28432823266272e+00
0.00000000000000e+00
2.48604353352435e+00
2.01666601666807e+01
7.56681029896874e-01
1.25445908711308e+00
8.01571152483413e+00
6.04744283021870e+00
1.65379462674235e+00
2.57567538379103e+00
6.69367986677536e-01
4.56803734311458e+00
9.96351147024592e-01
0.00000000000000e+00
1.76226779641752e+00
1.15898595898931e+00
7.07319615276373e-01
1.59303252694506e+00
1.00918561575303e+00
4.38647029514973e+00
2.49557649264141e+01
0.00000000000000e+00
7.94476259406848e-01
0.00000000000000e+00
5.22100790351791e+00
0.00000000000000e+00
0.00000000000000e+00
5.35966579240618e+00
5.43643472643408e-01
4.55112942571111e+00
0.00000000000000e+00
1.19146267748277e+01
1.47570671439934e+00
6.20601206719502e+00
4.62048832427110e+00
5.38584549523681e+00
0.00000000000000e+00
8.76704298719016e+00
1.05987594885678e+00
4.47226319644805e+00
6.71895501872481e+00
5.18440889875884e-01
5.14467571056406e+00
1.21536218628276e+00
2.40807071679767e+00
3.06981999723631e+00
5.25822375218455e+00
4.42170054999963e+00
6.23609507504892e-01
6.12761459533453e-01
0.00000000000000e+00
7.44999511813633e-01
0.00000000000000e+00
0.00000000000000e+00
1.16940642552820e+00
0.00000000000000e+00
0.00000000000000e+00
0.00000000000000e+00
0.00000000000000e+00
4.02088070454617e+00
1.92766031626076e+00
8.59755102193122e-01
2.33101057838461e+00
3.90645784386586e-01
0.00000000000000e+00
7.10391532075716e-01
3.71343399730194e+00
1.70624545403361e+00
0.00000000000000e+00
1.81107257868822e+00
7.87232485561511e-01
4.29045801905518e+00
4.63375106304073e+00
7.18774192692927e-01
3.39144416124510e+00
4.86190770720663e+00
4.22230384022227e+00
2.22265951109115e-01
0.00000000000000e+00
9.30675801516885e+00
9.84663527650711e-01
6.78028627969120e+00
4.31515490674103e+00
3.85730707440044e-01
3.32225411705285e+00
1.24528654369418e+00
1.69661970122046e+00
1.01330530930749e+01
1.71157234854162e-01
2.51836454375383e+00
1.26817217132026e+00
3.68780565450021e+00
6.49906771645883e-01
6.06519823350831e-01
1.14172450186554e+00
1.00992377841799e+00
3.45627259917254e-01
4.67681562312593e+00
4.45193521568463e+00
9.10496126140494e-01
2.65748205010646e+00
3.47033894196110e+00
3.23027034282041e+01
0.00000000000000e+00
0.00000000000000e+00
7.71681590771849e+00
5.72143243374046e+00
2.57865385627638e+00
0.00000000000000e+00
5.87199272403732e+00
6.85403593173837e+00
8.89058972943161e+00
1.42169020160148e+00
1.53864849921641e+00
3.49011020508554e+00
3.69324416148037e+00
1.96918870694057e+00
2.24384361136790e+00
4.35448965196218e+00
7.91623083829004e+00
2.35546809232960e+00
6.27379473115334e+00
3.91147486834157e+00
3.87453661013033e+00
5.38229479532385e+00
1.21409110145591e+00
7.90292583980822e+00
1.90528795529363e+01
2.94271653735996e+00
7.60158220891589e+00
2.41930515096110e+00
2.88896899800568e+00
9.41211888794997e+00
4.60798354848951e+00
0.00000000000000e+00
5.45348546092421e+00
2.35155551157010e+00
0.00000000000000e+00
1.22011354953884e+00
0.00000000000000e+00
2.05024778696126e+01
3.25515094739065e+01
6.24404984437181e+00
6.12755815574632e+00
4.15277475442286e+00
4.35821708797710e+00
4.00318277087810e+00
1.17018898013741e+01
5.16811878171868e+00
0.00000000000000e+00
3.72736701233644e+00
9.59695111159959e-01
0.00000000000000e+00
5.33050404601570e+00
5.88449282343571e+00
0.00000000000000e+00
9.03492800026348e+00
0.00000000000000e+00
9.11086060511926e+00
0.00000000000000e+00
1.17757927061771e+01
1.70426668875254e+00
6.01065168753016e-01
5.88311581873494e+00
2.82846402272275e+00
1.41747105278280e+01
3.50052771113562e+00
1.64133348030453e+01
1.95007698226894e+00
1.37746183087986e+00
7.14583792361995e+00
5.75833086413498e+00
8.11111142491418e+00
8.04367366773979e+00
4.17552852864459e+00
1.63838598556569e+00
1.77539432811548e+00
4.16110159706208e+00
3.25901668480684e+00
7.73740156345238e+00
7.17676769626515e+00
0.00000000000000e+00
1.16129848720794e+01
9.77885304289643e+00
1.44237513842161e+01
5.43008261626853e+00
8.23280838752091e+00
3.36273280171707e+00
9.23651137246546e+00
8.36744519844233e+00
1.56730947597709e+01
2.13086585260972e+00
1.50731766821886e+00
4.06641764001818e+00
8.08851801998543e+00
4.35741975788520e+00
4.33936890125558e+00
9.16658220540854e+00
3.55151002740061e+00
1.88524240696756e+01
0.00000000000000e+00
0.00000000000000e+00
1.31155611259297e+01
3.26504632184532e+00
3.63146214592640e+01
5.47318362741735e+00
1.12809859361302e+01
2.86401910511099e+00
0.00000000000000e+00
2.29071292356232e+01
2.03873049528288e+01
4.32312527516151e+01
3.31912047989782e+00
1.44303268223477e+01
6.60639311004383e+00
4.11042274260771e+00
3.12632217776866e+00
9.90268798940045e+00
5.55997768558017e+00
4.29914645399336e+00
0.00000000000000e+00
0.00000000000000e+00
1.09988729626420e+00
3.70226847291017e+00
3.73667348421457e+00
9.34091561606008e+00
5.16454972516181e+00
9.91095242609691e+00
2.44576062885699e+00
9.61727919630713e+00
2.24936506855374e+00
6.38849362669840e+00
1.50896157173338e+01
6.13394365928778e+00
4.90673911797247e+00
6.33955621829820e+00
5.55584385147686e+00
7.13049179168490e+00
3.15192064339823e+00
4.84450446889964e+01
1.30539303172259e+01
3.25229086595677e+00
5.28450701363815e-01
3.22757661485749e+00
1.32105336861348e+01
6.37016361901822e+00
1.01868010497534e+01
5.98844905057758e+00
1.84771818193602e+00
0.00000000000000e+00
2.82982520884456e+00
1.36873420326430e+01
7.08526187316626e+00
0.00000000000000e+00
4.66553885784401e+00
6.94006790022449e+00
5.46804322669081e+00
2.96138957645191e+00
7.47820114161087e+00
4.29182820451446e+00
1.05138286805259e+01
7.29013103601906e+00
1.60714837745289e+01
1.28583014221719e+01
3.32356948418364e+01
1.02606701396956e+01
3.33128707391867e+00
5.89468741504829e+00
5.64274926256611e+00
3.32887362083131e+00
9.19528111682127e+00
9.48267145151588e+00
2.12529709078867e+00
5.20841758584681e+00
0.00000000000000e+00
0.00000000000000e+00
1.66085207600893e+01
0.00000000000000e+00
5.77326266641364e+00
4.14276916361652e+00
1.03207508088275e+01
1.27563884971259e+00
1.04764667856977e+01
4.27870783143626e+00
7.63011576435920e-01
3.95411305967267e+00
1.02985854668765e+01
1.05187543743417e+00
5.03001941406951e+00
3.07053628965297e+00
7.93188264753926e+00
5.15759804067291e+00
2.97282686604581e+00
4.02966894655498e+00
5.19339648315977e+00
3.34225851968660e+00
8.36512314596383e+00
9.89389424461433e+00
5.54389483918028e+00
3.89844781617214e+00
9.57802761957569e+00
4.13076087241264e+00
1.96746231502214e+01
4.96786365706155e+00
2.87835344471506e+00
3.99629563198197e+00
1.74691304933181e+01
7.42129201554439e+00
9.49127817047153e+00
9.61660795768749e+00
1.36795405749523e+01
9.22294327562743e+00
2.33897442013248e+01
2.24694639838835e+01
6.11521466433675e+00
3.53420700506568e+00
7.18022162799320e+00
3.49662456254495e+00
1.20891039406931e+01
2.17174540932971e+01
9.25413141477829e+00
2.34565317301254e+01
8.25276186028050e+00
1.45099365490744e+01
1.05134859380585e+01
1.44744818569601e+01
2.31427169947852e+01
1.16090195776935e+01
8.53035690914855e-01
1.29357909398639e+01
1.16709641152259e+01
1.64497788471590e+01
1.13343436461623e+01
1.74312004671614e+01
7.43721504970405e+00
1.02084156600576e+01
0.00000000000000e+00
0.00000000000000e+00
0.00000000000000e+00
2.16708926278083e+01
9.35469554151408e+00
1.37819572529794e+01
0.00000000000000e+00
0.00000000000000e+00
0.00000000000000e+00
0.00000000000000e+00
0.00000000000000e+00
5.95988225859019e+00
1.00260920145549e+01
0.00000000000000e+00
2.48661008082089e+01
1.54907770005583e+01
4.33199793017293e-01
1.00026058679671e+01
1.88373761037121e+01
6.21861672472755e+00
1.81591269822052e+01
2.72300884085393e+01
2.74485426111253e+01
0.00000000000000e+00
0.00000000000000e+00
0.00000000000000e+00
2.64535272248503e+00
5.53747705847617e+00
0.00000000000000e+00
3.38382173052700e+00
0.00000000000000e+00
1.05947308687367e+01
0.00000000000000e+00
0.00000000000000e+00
0.00000000000000e+00
0.00000000000000e+00
0.00000000000000e+00
5.78755388583151e+00
0.00000000000000e+00
0.00000000000000e+00
0.00000000000000e+00
0.00000000000000e+00
0.00000000000000e+00
0.00000000000000e+00
1.39456911940352e+01
0.00000000000000e+00
1.73267293881383e+01
0.00000000000000e+00
0.00000000000000e+00
0.00000000000000e+00
7.86849833866994e+00
0.00000000000000e+00
0.00000000000000e+00
0.00000000000000e+00
0.00000000000000e+00
0.00000000000000e+00
2.18123101078927e+01
5.73539419997420e+00
1.64537722305015e+01
1.44871495600391e+01
3.10862981985720e+01
0.00000000000000e+00
0.00000000000000e+00
0.00000000000000e+00
0.00000000000000e+00
0.00000000000000e+00
0.00000000000000e+00
0.00000000000000e+00
2.28449314422534e+01
0.00000000000000e+00
4.79871525356904e+01
1.54576908669340e+01
1.69844860632090e+01
2.16350610018530e+01
2.89805587697624e+01
3.26338446281381e+01
3.49553004978097e+01
1.63979792068061e+01
2.40955458681597e+01
1.46083911072714e+01
1.61105976764511e+01
1.33614093446395e+01
3.40287996252500e+01
2.28673787310102e+01
2.53755956256690e+01
7.41835975175168e+00
1.94593298103342e+01
1.24597749359169e+01
6.29613832066914e+00
9.46127907985877e+00
2.51218336582428e+01
9.65145902195421e+00
1.68471273204809e+01
2.01111722089418e+01
1.22501082026695e+01
7.09300203048380e+00
1.07973238744481e+01
1.23957279594100e+01
0.00000000000000e+00
0.00000000000000e+00
2.89253797360867e+01
3.89716625095792e+01
7.47825508433757e+00
1.07295321974633e+01
2.12893223090158e+01
8.30354639045235e+00
2.60156829622513e+01
0.00000000000000e+00
0.00000000000000e+00
6.01500340238632e+00
0.00000000000000e+00
5.07243273850137e+00
2.85390589448468e+00
2.24976011349724e+01
2.49182077790725e+01
6.06933868465067e+00
0.00000000000000e+00
0.00000000000000e+00
0.00000000000000e+00
0.00000000000000e+00
0.00000000000000e+00
0.00000000000000e+00
0.00000000000000e+00
0.00000000000000e+00
0.00000000000000e+00
0.00000000000000e+00
0.00000000000000e+00
0.00000000000000e+00
2.81262745118971e+01
3.78503171223902e+01
0.00000000000000e+00
0.00000000000000e+00
0.00000000000000e+00
0.00000000000000e+00
0.00000000000000e+00
0.00000000000000e+00
0.00000000000000e+00
0.00000000000000e+00
0.00000000000000e+00
1.30548004867445e+01
2.18066945994819e+01
1.87378975369173e+01
3.35124162812309e+01
2.77798029141866e+01
1.63773500930520e+01
1.59219577110577e+01
5.51052100644963e+01
4.20010958528977e+01
7.91850049441559e+00
1.60112093113634e+01
1.27085053283211e+01
2.44693252045691e+01
5.67713915631763e+01
1.87601798019913e+01
1.42856388089695e+01
3.75203253411744e+01
3.72030935300059e+01
0.00000000000000e+00
0.00000000000000e+00
2.47236943008242e+01
0.00000000000000e+00
3.37201749009256e+01
3.51006773589744e+01
2.50487736670470e+01
1.76138256504421e+01
3.16355809841055e+01
0.00000000000000e+00
2.57461889049676e+01
4.84387364872123e+01
2.27785284006668e+01
2.72048160987800e+01
3.27077923394828e+01
2.57279728194227e+01
1.94698639624050e+01
1.61130153650026e+01
3.65464510581328e+01
3.39525384771966e+01
2.69899222727834e+00
0.00000000000000e+00
0.00000000000000e+00
3.37672976210818e+01
2.22477069473418e+01
4.76846481964515e+01
1.51864239854612e+01
4.65360805407967e+01
6.12158514674560e+01
0.00000000000000e+00
0.00000000000000e+00
0.00000000000000e+00
0.00000000000000e+00
4.55613583680680e+01
3.05414696765084e+01
4.62877844964511e+01
0.00000000000000e+00
0.00000000000000e+00
3.08416283575490e+01
2.77148770683459e+01
1.36073203084322e+01
2.86366329366451e+01
3.17053041151038e+01
2.29166761473310e+01
2.96455683660211e+01
1.45006055944644e+01
1.26782631524720e+01
0.00000000000000e+00
5.99096337485286e+01
1.42588897941244e+01
5.71881505653732e+01
0.00000000000000e+00
5.41623819977529e+01
1.25107188806885e+01
0.00000000000000e+00
1.00808812108817e+01
5.22952280844080e+01
1.12136215814650e+01
4.20849496944179e+01
2.91021493629977e+01
4.98370079077426e+01
3.72906109424406e+01
1.28984064235898e+01
3.38719855225841e+01
1.67880650374341e+01
1.30317045636789e+01
4.24220670034627e+01
0.00000000000000e+00
6.64790323456071e+01
0.00000000000000e+00
2.58862330995070e+01
2.10976333806290e+01
2.77063635660181e+01
0.00000000000000e+00
3.25241991175207e+01
4.78398316381348e+01
0.00000000000000e+00
3.95873759561661e+01
4.57248202372172e+01
3.23651707283830e+01
7.16877820400408e+00
0.00000000000000e+00
0.00000000000000e+00
3.63861149559741e+01
0.00000000000000e+00
0.00000000000000e+00
4.89906391109465e+00
5.53607649272312e+01
0.00000000000000e+00
0.00000000000000e+00
0.00000000000000e+00
0.00000000000000e+00
0.00000000000000e+00
0.00000000000000e+00
0.00000000000000e+00
0.00000000000000e+00
0.00000000000000e+00
0.00000000000000e+00
0.00000000000000e+00
0.00000000000000e+00
0.00000000000000e+00
0.00000000000000e+00
0.00000000000000e+00
1.42686633909713e+01
7.90006130183419e+01
0.00000000000000e+00
0.00000000000000e+00
0.00000000000000e+00
0.00000000000000e+00
0.00000000000000e+00
0.00000000000000e+00
4.47157936061052e+01
2.87529690698903e+01
2.90160110469942e+01
7.01367278165297e+01
3.75217368679669e+01
1.89863616857614e+01
4.44946231275761e+01
3.26615450612505e+01
5.35860613909105e+01
4.88501840938638e+01
3.32199722940852e+01
8.04095509644422e+01
4.27098386647472e+01
3.42145283836625e+01
7.39149408875340e+01
1.90037934408961e+01
6.44551811411462e+01
0.00000000000000e+00
2.96542041574434e+01
5.73027629420726e+01
3.26735962230203e+01
6.13195285377656e+01
9.15560509399055e+01
3.08543609172359e+01
5.59847596381131e+01
3.61779285548551e+01
9.79094181788327e+00
5.33191451056030e+00
0.00000000000000e+00
1.97550255746303e+01
3.95355532333895e+01
1.99261423421600e+01
1.79020342507107e+01
3.45804517914144e+01
5.22968822049579e+01
1.26782631524720e+01
4.07913205295925e+01
2.31823645373611e+01
3.50652003346297e+01
1.74167228663078e+01
0.00000000000000e+00
0.00000000000000e+00
0.00000000000000e+00
0.00000000000000e+00
0.00000000000000e+00
1.12772430216476e+01
0.00000000000000e+00
0.00000000000000e+00
2.68678129935324e+01
0.00000000000000e+00
5.23818245411527e+01
4.53337415882761e+00
0.00000000000000e+00
0.00000000000000e+00
1.64988040991338e+01
0.00000000000000e+00
0.00000000000000e+00
0.00000000000000e+00
0.00000000000000e+00
0.00000000000000e+00
0.00000000000000e+00
0.00000000000000e+00
0.00000000000000e+00
0.00000000000000e+00
0.00000000000000e+00
0.00000000000000e+00
3.37200016447017e+01
1.29596553317193e+01
2.47780855818460e+01
2.59978492903820e+01
3.45422316252090e+01
1.99810059839064e+01
2.42462778815663e+01
4.60022539525074e+01
3.78939300366541e+01
0.00000000000000e+00
4.43293564528037e+00
0.00000000000000e+00
1.25901940482723e+01
8.62321738856235e+00
0.00000000000000e+00
0.00000000000000e+00
0.00000000000000e+00
3.20462922774709e+01
2.81045981084887e+01
1.96156283842691e+00
5.23251670391353e+01
0.00000000000000e+00
0.00000000000000e+00
0.00000000000000e+00
4.61525436934369e+01
0.00000000000000e+00
4.96983556148950e+01
0.00000000000000e+00
0.00000000000000e+00
0.00000000000000e+00
1.46031510402680e+01
2.41978251169220e+01
4.02344452215699e+01
2.93863410981682e+01
0.00000000000000e+00
0.00000000000000e+00
0.00000000000000e+00
0.00000000000000e+00
0.00000000000000e+00
0.00000000000000e+00
0.00000000000000e+00
2.01648542641017e+01
2.42462778815663e+01
0.00000000000000e+00
0.00000000000000e+00
0.00000000000000e+00
0.00000000000000e+00
0.00000000000000e+00
0.00000000000000e+00
0.00000000000000e+00
2.88561042570359e+01
0.00000000000000e+00
0.00000000000000e+00
5.52230304089762e+01
1.00289713612619e+01
0.00000000000000e+00
0.00000000000000e+00
0.00000000000000e+00
0.00000000000000e+00
0.00000000000000e+00
0.00000000000000e+00
0.00000000000000e+00
0.00000000000000e+00
0.00000000000000e+00
0.00000000000000e+00
0.00000000000000e+00
0.00000000000000e+00
0.00000000000000e+00
0.00000000000000e+00
0.00000000000000e+00
0.00000000000000e+00
0.00000000000000e+00
1.86758922197604e+01
1.86758922197604e+01
0.00000000000000e+00
0.00000000000000e+00
0.00000000000000e+00
0.00000000000000e+00
0.00000000000000e+00
4.95391566371178e+01
9.77922842829316e+00
2.59179900022316e+01
3.58862085655645e+01
0.00000000000000e+00
0.00000000000000e+00
0.00000000000000e+00
0.00000000000000e+00
0.00000000000000e+00
0.00000000000000e+00
0.00000000000000e+00
0.00000000000000e+00
0.00000000000000e+00
0.00000000000000e+00
2.93863410981682e+01
0.00000000000000e+00
0.00000000000000e+00
7.80069621697574e+00
0.00000000000000e+00
0.00000000000000e+00
0.00000000000000e+00
2.78372935859595e+01
0.00000000000000e+00
8.94373882466140e+00
0.00000000000000e+00
0.00000000000000e+00
0.00000000000000e+00
0.00000000000000e+00
0.00000000000000e+00
0.00000000000000e+00
0.00000000000000e+00
0.00000000000000e+00
0.00000000000000e+00
0.00000000000000e+00
0.00000000000000e+00
0.00000000000000e+00
0.00000000000000e+00
0.00000000000000e+00
0.00000000000000e+00
0.00000000000000e+00
0.00000000000000e+00
0.00000000000000e+00
0.00000000000000e+00
0.00000000000000e+00
0.00000000000000e+00
0.00000000000000e+00
0.00000000000000e+00
0.00000000000000e+00
0.00000000000000e+00
0.00000000000000e+00
0.00000000000000e+00
0.00000000000000e+00
0.00000000000000e+00
0.00000000000000e+00
0.00000000000000e+00
0.00000000000000e+00
0.00000000000000e+00
0.00000000000000e+00
0.00000000000000e+00
0.00000000000000e+00
0.00000000000000e+00
0.00000000000000e+00
0.00000000000000e+00
0.00000000000000e+00
0.00000000000000e+00
0.00000000000000e+00
0.00000000000000e+00
0.00000000000000e+00
0.00000000000000e+00
0.00000000000000e+00
0.00000000000000e+00
0.00000000000000e+00
0.00000000000000e+00
0.00000000000000e+00
0.00000000000000e+00
0.00000000000000e+00
0.00000000000000e+00
0.00000000000000e+00
0.00000000000000e+00
0.00000000000000e+00
0.00000000000000e+00
0.00000000000000e+00
0.00000000000000e+00
0.00000000000000e+00
0.00000000000000e+00
0.00000000000000e+00
0.00000000000000e+00
0.00000000000000e+00
0.00000000000000e+00
0.00000000000000e+00
0.00000000000000e+00
0.00000000000000e+00
0.00000000000000e+00
0.00000000000000e+00
0.00000000000000e+00
0.00000000000000e+00
0.00000000000000e+00
0.00000000000000e+00
0.00000000000000e+00
0.00000000000000e+00
0.00000000000000e+00
0.00000000000000e+00
0.00000000000000e+00
0.00000000000000e+00
0.00000000000000e+00
0.00000000000000e+00
0.00000000000000e+00
0.00000000000000e+00
0.00000000000000e+00
0.00000000000000e+00
0.00000000000000e+00
0.00000000000000e+00
0.00000000000000e+00
0.00000000000000e+00
0.00000000000000e+00
0.00000000000000e+00
0.00000000000000e+00
0.00000000000000e+00
3.43325899607535e+01
3.02744629381898e+01
0.00000000000000e+00
0.00000000000000e+00
0.00000000000000e+00
0.00000000000000e+00
0.00000000000000e+00
0.00000000000000e+00
3.68575111287713e+01
3.10941126499054e+00
0.00000000000000e+00
0.00000000000000e+00
0.00000000000000e+00
0.00000000000000e+00
0.00000000000000e+00
0.00000000000000e+00
0.00000000000000e+00
0.00000000000000e+00
0.00000000000000e+00
0.00000000000000e+00
0.00000000000000e+00
0.00000000000000e+00
0.00000000000000e+00
0.00000000000000e+00
0.00000000000000e+00
0.00000000000000e+00
0.00000000000000e+00
0.00000000000000e+00
0.00000000000000e+00
0.00000000000000e+00
0.00000000000000e+00
0.00000000000000e+00
0.00000000000000e+00
0.00000000000000e+00
0.00000000000000e+00
0.00000000000000e+00
0.00000000000000e+00
0.00000000000000e+00
0.00000000000000e+00
0.00000000000000e+00
0.00000000000000e+00
0.00000000000000e+00
0.00000000000000e+00
0.00000000000000e+00
0.00000000000000e+00
0.00000000000000e+00
0.00000000000000e+00
0.00000000000000e+00
0.00000000000000e+00
0.00000000000000e+00
0.00000000000000e+00
0.00000000000000e+00
0.00000000000000e+00
0.00000000000000e+00
0.00000000000000e+00
0.00000000000000e+00
0.00000000000000e+00
0.00000000000000e+00
0.00000000000000e+00
0.00000000000000e+00
0.00000000000000e+00
0.00000000000000e+00
0.00000000000000e+00
0.00000000000000e+00
