0.00000000000000e+00
9.56510830946973e-01
0.00000000000000e+00
7.50023999616012e-01
0.00000000000000e+00
0.00000000000000e+00
4.22041265542848e-01
4.73423727653286e-01
0.00000000000000e+00
0.00000000000000e+00
0.00000000000000e+00
5.68920608386222e+00
0.00000000000000e+00
6.52592450222710e-01
0.00000000000000e+00
2.00078384639621e+00
0.00000000000000e+00
7.50383901746299e-01
0.00000000000000e+00
1.39946820322214e+01
2.71165866944551e+00
8.71587715557081e+00
4.98863503711147e+00
7.05723810057317e+00
3.19381219943206e+00
7.50383901746299e-01
5.77336618351307e+00
1.00156677261179e+00
0.00000000000000e+00
2.30270139683490e+00
1.50058788479716e+00
1.72802871845360e+00
1.50058788479716e+00
0.00000000000000e+00
7.51175079458844e-01
0.00000000000000e+00
7.51013315461184e-01
3.13007987074758e+00
0.00000000000000e+00
7.51013315461184e-01
7.76428730997584e-01
0.00000000000000e+00
0.00000000000000e+00
0.00000000000000e+00
0.00000000000000e+00
0.00000000000000e+00
4.19118383673844e+00
0.00000000000000e+00
0.00000000000000e+00
0.00000000000000e+00
1.16625431825706e+00
0.00000000000000e+00
0.00000000000000e+00
0.00000000000000e+00
7.31821376760102e-01
1.04847883249543e+00
0.00000000000000e+00
7.49555868498139e-01
1.68289131113679e+01
9.96393496566482e-01
3.52162542711905e-01
0.00000000000000e+00
7.36981003825742e-01
4.41550383345820e-01
0.00000000000000e+00
0.00000000000000e+00
7.51013315461184e-01
0.00000000000000e+00
0.00000000000000e+00
8.04547100547447e-01
1.87740968230713e+00
0.00000000000000e+00
7.49555868498139e-01
9.15679604073046e+00
9.82356350821843e-01
6.44584191564614e-01
3.21877834527251e+00
8.35878371382943e-01
0.00000000000000e+00
1.30059866041677e+00
1.11509167085284e+00
0.00000000000000e+00
5.18775780530604e+00
6.74401918144638e-01
6.59233056490986e-01
0.00000000000000e+00
0.00000000000000e+00
8.70313339071772e-01
8.23798493247001e-01
8.91411926877628e-01
2.94361932766663e+00
1.43722759985266e+00
1.50718474767051e+01
4.60829194262986e+00
6.31687009054803e+00
0.00000000000000e+00
6.89566073055851e-01
7.51013315461184e-01
2.51453773087619e-01
8.04153954203487e-01
5.37806688998893e+00
1.07473487331972e+00
0.00000000000000e+00
0.00000000000000e+00
0.00000000000000e+00
0.00000000000000e+00
6.72297769362538e+00
7.50023999616012e-01
0.00000000000000e+00
0.00000000000000e+00
0.00000000000000e+00
3.27234984146827e+00
7.36981003825742e-01
7.39857418696330e-01
8.58220959265730e-01
7.39857418696330e-01
0.00000000000000e+00
0.00000000000000e+00
4.65563251879273e+00
1.10123863523443e+01
4.57496481849232e+00
1.39413064940264e+00
7.36767263116379e-01
1.10296922383860e+00
2.78152775176725e+00
7.18968226309582e-01
0.00000000000000e+00
4.22041265542848e-01
7.86994365052977e-01
3.84933671408164e-01
0.00000000000000e+00
9.00616233033541e-01
0.00000000000000e+00
7.51013315461184e-01
0.00000000000000e+00
6.03512811777787e+00
7.40945342113706e-01
1.00135108728158e+00
6.53289187422738e+00
6.04870242161515e-01
0.00000000000000e+00
0.00000000000000e+00
1.14650376650326e+00
4.12763533131255e+00
0.00000000000000e+00
6.65144881143571e+00
7.50023999616012e-01
4.52286487527673e+00
6.67798637414044e-01
9.86476558261778e-01
7.38904178794090e-01
0.00000000000000e+00
3.88443221330087e-01
0.00000000000000e+00
2.27043399212469e+00
0.00000000000000e+00
2.45082491624148e+00
1.83927320279357e+00
3.35131151773281e-01
3.45416355044827e+00
0.00000000000000e+00
6.57235752215327e+00
3.88443221330087e-01
3.82306656106789e+00
0.00000000000000e+00
7.47295122424882e-01
0.00000000000000e+00
1.13913999231242e+00
1.71115713447480e+00
1.06076015265037e+00
0.00000000000000e+00
0.00000000000000e+00
3.26376253745292e+00
5.20377967348466e-01
7.46758997267511e-01
0.00000000000000e+00
2.50647162361755e-01
1.49794659450863e+00
1.49794659450863e+00
4.51284582173040e-01
6.56705600015126e+00
7.51732000117063e-01
0.00000000000000e+00
2.87693493111163e+00
5.01154666744709e-01
0.00000000000000e+00
0.00000000000000e+00
1.33006431761222e+00
7.08445962692157e+00
0.00000000000000e+00
9.95678663023385e-01
7.50095993856786e-01
3.27356554409453e-01
6.98811131214735e-01
0.00000000000000e+00
0.00000000000000e+00
4.92959095758417e+00
1.50174183526678e+00
1.30847388532187e+01
0.00000000000000e+00
2.69418630035839e-01
3.37450679327149e+00
0.00000000000000e+00
1.50043193780991e+00
0.00000000000000e+00
3.86397097429048e+00
0.00000000000000e+00
9.92338651872452e-01
0.00000000000000e+00
0.00000000000000e+00
7.68571798206279e-01
0.00000000000000e+00
9.28274116322237e-01
0.00000000000000e+00
7.49555868498125e-01
0.00000000000000e+00
4.39580752616359e-01
1.99881564932841e+00
2.50031997952262e-01
3.47306159978407e+00
0.00000000000000e+00
0.00000000000000e+00
0.00000000000000e+00
1.00135108728158e+00
0.00000000000000e+00
3.52866678917119e+00
7.50023999616012e-01
7.50095993856786e-01
6.57529738344273e+00
7.61410429571830e+00
0.00000000000000e+00
2.79632040829201e-01
0.00000000000000e+00
1.49911173699625e+00
0.00000000000000e+00
7.53167312089419e-01
0.00000000000000e+00
2.00057591707988e+00
4.26637449829592e-01
0.00000000000000e+00
0.00000000000000e+00
0.00000000000000e+00
0.00000000000000e+00
1.17593063249432e+01
7.71822571014895e-01
0.00000000000000e+00
7.08345879315795e-01
2.50049995001000e-01
5.10585914629942e-01
4.89334077546079e+00
7.48973297254314e-01
0.00000000000000e+00
0.00000000000000e+00
8.49784483484493e-01
1.85740165110722e+00
2.66523833775867e-01
9.99407824664190e-01
0.00000000000000e+00
0.00000000000000e+00
0.00000000000000e+00
2.12046965979972e+00
5.85289914047958e+00
0.00000000000000e+00
1.02754054593258e+01
0.00000000000000e+00
7.50293942398577e-01
1.28540906245195e+01
0.00000000000000e+00
8.33938980949722e+00
4.79577566103025e+00
0.00000000000000e+00
7.52898399520148e-01
7.44253988904311e-01
0.00000000000000e+00
0.00000000000000e+00
0.00000000000000e+00
0.00000000000000e+00
0.00000000000000e+00
1.00003199948802e+00
1.96343287782261e+00
2.35071939274341e+00
1.48757655265202e+00
0.00000000000000e+00
3.13007987074758e+00
1.48757655265202e+00
0.00000000000000e+00
0.00000000000000e+00
0.00000000000000e+00
0.00000000000000e+00
5.87035545028640e+00
2.64243218494665e+00
0.00000000000000e+00
0.00000000000000e+00
1.81616417997263e-01
7.44253988904311e-01
0.00000000000000e+00
0.00000000000000e+00
0.00000000000000e+00
0.00000000000000e+00
2.05460004033894e+01
2.50337771820395e-01
0.00000000000000e+00
0.00000000000000e+00
0.00000000000000e+00
0.00000000000000e+00
9.82641338434328e-01
1.00386453269353e+00
0.00000000000000e+00
0.00000000000000e+00
0.00000000000000e+00
0.00000000000000e+00
0.00000000000000e+00
0.00000000000000e+00
0.00000000000000e+00
0.00000000000000e+00
3.47070702789256e+00
0.00000000000000e+00
0.00000000000000e+00
0.00000000000000e+00
1.96713031790984e+00
1.07532880931939e+00
1.79277158385632e+00
1.86489921447440e+01
0.00000000000000e+00
0.00000000000000e+00
0.00000000000000e+00
3.51645380980825e+00
0.00000000000000e+00
5.49762696447070e+00
0.00000000000000e+00
0.00000000000000e+00
3.33343999829348e-01
0.00000000000000e+00
0.00000000000000e+00
0.00000000000000e+00
9.99407824664204e-01
6.51945388778503e-01
1.00039192319810e+00
7.50293942398577e-01
1.53508632240720e+00
5.68920608386222e+00
8.25047756923910e-01
0.00000000000000e+00
0.00000000000000e+00
0.00000000000000e+00
3.34196216482321e-01
5.35295838305461e-01
1.99726212601151e+00
1.00012799180905e+00
0.00000000000000e+00
1.49792922965102e+01
6.24715100237843e-01
1.00422308278589e+00
1.98343540353598e+00
0.00000000000000e+00
0.00000000000000e+00
8.15065687221372e-01
1.00051186899507e+00
0.00000000000000e+00
0.00000000000000e+00
0.00000000000000e+00
0.00000000000000e+00
0.00000000000000e+00
6.81765822201075e-01
3.95663664356540e-01
0.00000000000000e+00
8.56336332324919e-01
0.00000000000000e+00
1.18560766173970e+00
2.77416848664637e+00
2.49064797578866e+00
0.00000000000000e+00
0.00000000000000e+00
1.46446080398616e+00
0.00000000000000e+00
1.79557922014195e+00
1.42078787275114e+01
0.00000000000000e+00
2.31250595359215e+01
0.00000000000000e+00
5.82690154661329e+00
8.61420026020763e-01
0.00000000000000e+00
1.00003199948802e+00
0.00000000000000e+00
7.16174251647706e-01
0.00000000000000e+00
0.00000000000000e+00
0.00000000000000e+00
0.00000000000000e+00
2.15271714482055e-01
1.00003199948802e+00
0.00000000000000e+00
4.94873387694609e+00
5.68927405602374e-01
4.73423727653286e-01
0.00000000000000e+00
0.00000000000000e+00
1.65351442196659e+00
2.24971682289714e-01
5.95672414644576e-01
1.00135108728158e+00
1.45974331808350e+00
3.31518806488480e-01
0.00000000000000e+00
3.32898832085255e+00
0.00000000000000e+00
8.67172746907259e-01
0.00000000000000e+00
0.00000000000000e+00
0.00000000000000e+00
0.00000000000000e+00
0.00000000000000e+00
1.36073933083295e+00
0.00000000000000e+00
0.00000000000000e+00
0.00000000000000e+00
0.00000000000000e+00
0.00000000000000e+00
5.54414005936600e+00
4.24765593139577e+00
0.00000000000000e+00
0.00000000000000e+00
0.00000000000000e+00
0.00000000000000e+00
0.00000000000000e+00
0.00000000000000e+00
8.21313795137368e-01
7.45304740427420e-01
0.00000000000000e+00
0.00000000000000e+00
0.00000000000000e+00
0.00000000000000e+00
7.00217617390461e-01
7.20061323796360e+00
0.00000000000000e+00
2.88229233619068e+00
0.00000000000000e+00
0.00000000000000e+00
0.00000000000000e+00
2.78507626060064e-01
0.00000000000000e+00
3.73425407246163e-01
0.00000000000000e+00
0.00000000000000e+00
0.00000000000000e+00
0.00000000000000e+00
0.00000000000000e+00
6.87561625320794e-01
0.00000000000000e+00
0.00000000000000e+00
0.00000000000000e+00
6.97940026895128e-01
0.00000000000000e+00
1.96981993324737e+00
3.25530941945350e-01
6.52101564854134e-01
0.00000000000000e+00
0.00000000000000e+00
7.60894836993337e-01
2.17270143353417e+00
6.40433146629744e-01
1.29632471861679e+00
0.00000000000000e+00
1.60383274666984e+00
0.00000000000000e+00
0.00000000000000e+00
0.00000000000000e+00
0.00000000000000e+00
8.16615680348437e-01
7.17220701321813e-01
6.14184373751862e+00
2.13900927618033e+01
0.00000000000000e+00
2.70028431722826e+00
6.87561625320794e-01
0.00000000000000e+00
1.49794659450863e+00
0.00000000000000e+00
6.95218885327369e-01
0.00000000000000e+00
0.00000000000000e+00
0.00000000000000e+00
4.08103688850658e-01
7.02924253330697e-01
0.00000000000000e+00
0.00000000000000e+00
0.00000000000000e+00
0.00000000000000e+00
1.25858652258677e+00
1.97019772426325e+01
0.00000000000000e+00
0.00000000000000e+00
5.63866023457993e-01
2.44008512983636e-01
1.07744541443793e+00
0.00000000000000e+00
8.41305137979417e-01
2.39219382171195e+00
6.55864044255989e+00
0.00000000000000e+00
0.00000000000000e+00
0.00000000000000e+00
5.04614194812095e-01
0.00000000000000e+00
0.00000000000000e+00
0.00000000000000e+00
0.00000000000000e+00
2.92252508927027e+00
9.50693689739873e-01
0.00000000000000e+00
0.00000000000000e+00
0.00000000000000e+00
1.34033872498432e+00
0.00000000000000e+00
6.57520615797138e+00
7.81945027743389e+00
2.49613609589146e+00
3.75438299599874e+00
2.66640416831320e+00
3.39866549453071e+00
7.34999338642274e-01
0.00000000000000e+00
0.00000000000000e+00
0.00000000000000e+00
3.45416355044827e+00
5.40497591340227e-01
0.00000000000000e+00
0.00000000000000e+00
0.00000000000000e+00
0.00000000000000e+00
1.09601100329934e+00
4.01370185977331e+00
0.00000000000000e+00
0.00000000000000e+00
0.00000000000000e+00
0.00000000000000e+00
3.70250313265300e+00
0.00000000000000e+00
0.00000000000000e+00
0.00000000000000e+00
3.08413890832175e-01
0.00000000000000e+00
0.00000000000000e+00
0.00000000000000e+00
1.60043810863075e+01
2.17636400302190e+00
0.00000000000000e+00
9.42366091757675e-01
7.59693940151575e-01
3.04160985280469e+00
0.00000000000000e+00
3.08870974955897e-01
3.07321315870491e+00
5.40497591340227e-01
8.20753071535185e-01
0.00000000000000e+00
0.00000000000000e+00
4.45180446492898e+00
0.00000000000000e+00
1.87122457338320e+00
1.64228953748854e+00
1.48107310959543e+01
0.00000000000000e+00
0.00000000000000e+00
1.19802340667475e+00
9.21142172334661e-01
7.24057321547431e-01
7.81064938909985e-01
2.60775560208372e+00
1.88448333791674e+00
0.00000000000000e+00
0.00000000000000e+00
0.00000000000000e+00
9.56584339126576e-01
9.48576904888092e-01
0.00000000000000e+00
0.00000000000000e+00
0.00000000000000e+00
2.92252508927027e+00
0.00000000000000e+00
0.00000000000000e+00
3.99095916148143e+00
0.00000000000000e+00
0.00000000000000e+00
0.00000000000000e+00
1.73056651285037e+00
1.15039406402222e+00
7.25243384858983e+00
0.00000000000000e+00
3.63102835580359e+00
8.27798680246127e-01
0.00000000000000e+00
1.34839247194519e+00
0.00000000000000e+00
0.00000000000000e+00
3.95663664356540e-01
0.00000000000000e+00
4.41550383345820e-01
8.15690764472383e-01
6.87840095345208e-01
0.00000000000000e+00
0.00000000000000e+00
0.00000000000000e+00
0.00000000000000e+00
1.38165095460949e+00
0.00000000000000e+00
0.00000000000000e+00
7.64813178889266e-01
0.00000000000000e+00
4.16172338547738e-01
4.64671223469121e+00
1.23461140790190e+00
2.85210957770478e+00
5.02551682200129e+00
8.05573382887345e-01
0.00000000000000e+00
8.27798680246127e-01
1.10318103071967e+00
1.11483817459911e+00
3.07797371093204e+00
2.05768223695511e+00
4.88371892922941e-01
9.48419044049965e+00
8.59048181155245e+00
8.15446382625734e+00
6.29117197263735e+00
0.00000000000000e+00
0.00000000000000e+00
9.79200366027776e-01
0.00000000000000e+00
6.85667704055105e-01
0.00000000000000e+00
2.73408861379110e+00
3.54762387639260e+00
0.00000000000000e+00
1.79735301875455e+00
0.00000000000000e+00
5.23830626611151e+00
0.00000000000000e+00
3.02065768766426e+00
0.00000000000000e+00
1.32720113045729e+00
8.78061101726819e-01
0.00000000000000e+00
2.95953121456325e+00
0.00000000000000e+00
0.00000000000000e+00
4.83169061293663e-01
1.98241887958903e+00
4.64695291263656e+00
1.04816952729696e+00
6.83518595039195e+00
3.27234984146827e+00
2.70028431722826e+00
1.43592585121480e+00
0.00000000000000e+00
8.81290236160755e-01
1.17356410826898e+00
8.02284802971833e-01
0.00000000000000e+00
0.00000000000000e+00
0.00000000000000e+00
0.00000000000000e+00
5.83734887404388e-01
0.00000000000000e+00
5.93669902699816e-01
6.29117197263735e+00
1.41319524690663e+00
4.33117074337580e+00
2.30511457265024e+00
2.35236296023952e+00
0.00000000000000e+00
0.00000000000000e+00
3.59459311960119e+00
0.00000000000000e+00
0.00000000000000e+00
6.85125611145103e-01
0.00000000000000e+00
7.35687892147567e+00
1.31903906236589e+00
5.63866023457993e-01
0.00000000000000e+00
0.00000000000000e+00
2.07491828514999e+00
2.80596456485276e+00
6.40385429237135e+00
4.40080574458779e+00
0.00000000000000e+00
7.66821181458581e+00
1.53144489960204e+00
2.70625082319870e+00
6.03251195228894e+00
3.13213414515889e+00
0.00000000000000e+00
0.00000000000000e+00
6.29564591421751e+00
0.00000000000000e+00
1.21149044354560e+00
0.00000000000000e+00
0.00000000000000e+00
0.00000000000000e+00
0.00000000000000e+00
5.83179700620214e+00
3.81100764577425e+00
3.58578800029470e+00
0.00000000000000e+00
9.05540464596959e+00
0.00000000000000e+00
0.00000000000000e+00
0.00000000000000e+00
1.63115522635042e+00
5.10920061596677e-01
7.67055760325127e-01
0.00000000000000e+00
0.00000000000000e+00
0.00000000000000e+00
0.00000000000000e+00
0.00000000000000e+00
0.00000000000000e+00
9.13969232872172e+00
0.00000000000000e+00
4.27212482995087e-01
5.86410435643372e+00
4.38300498828172e+00
0.00000000000000e+00
0.00000000000000e+00
5.64428038486570e+00
1.06886075067156e+01
0.00000000000000e+00
3.75923319784453e+00
4.87674327208925e+00
0.00000000000000e+00
4.75459927493467e-01
4.75459927493467e-01
2.79232604445742e+00
0.00000000000000e+00
1.23144955538421e+00
4.32720258373258e-01
0.00000000000000e+00
1.20925771132100e+01
0.00000000000000e+00
0.00000000000000e+00
0.00000000000000e+00
0.00000000000000e+00
0.00000000000000e+00
0.00000000000000e+00
4.47901376668009e+00
0.00000000000000e+00
0.00000000000000e+00
2.51348363829964e-01
0.00000000000000e+00
3.53294629491151e-01
0.00000000000000e+00
5.55130181532644e+00
4.26777629911597e-01
2.19159365190288e+01
6.55110632451511e+00
2.79232604445742e+00
6.55864044255989e+00
1.29194275254301e+01
8.74457581789079e-01
2.24136148639744e+00
0.00000000000000e+00
0.00000000000000e+00
1.68676139193539e+00
1.21284760114029e+00
7.04830936205150e-01
1.87915298366264e+00
0.00000000000000e+00
0.00000000000000e+00
0.00000000000000e+00
0.00000000000000e+00
0.00000000000000e+00
5.86054541940037e+00
0.00000000000000e+00
8.37710496928660e+00
0.00000000000000e+00
2.09272664018858e+00
4.12763533131255e+00
0.00000000000000e+00
2.99811941035832e+00
0.00000000000000e+00
0.00000000000000e+00
0.00000000000000e+00
5.66096745379520e+00
2.09272664018858e+00
0.00000000000000e+00
0.00000000000000e+00
0.00000000000000e+00
1.09732921393751e+00
0.00000000000000e+00
4.58533565367152e+00
3.01405626811004e+00
8.55891255399421e-01
1.88959433935365e+00
5.35007785775486e+00
2.07355423419710e+00
5.77357041676675e+00
3.37841991918200e+00
7.59495030315394e-01
0.00000000000000e+00
2.76287951438793e+01
0.00000000000000e+00
3.21195951296421e+00
0.00000000000000e+00
0.00000000000000e+00
0.00000000000000e+00
0.00000000000000e+00
1.21587556127714e+00
8.79272838250153e+00
0.00000000000000e+00
0.00000000000000e+00
0.00000000000000e+00
0.00000000000000e+00
0.00000000000000e+00
1.90439574103617e+00
0.00000000000000e+00
2.98721350222568e+00
2.03368577186734e+01
4.83169061293663e-01
5.03868977792781e-01
2.36345677240265e+00
1.48089791540714e+01
8.11948868619239e+00
2.75400300223688e+00
3.86092242849524e+00
1.53759156931100e+00
1.61338395447597e+01
1.06363197523447e+00
0.00000000000000e+00
0.00000000000000e+00
2.27772269660862e+01
1.18379403418618e+01
2.15026097274147e+00
3.28784967553251e+01
0.00000000000000e+00
8.43566553383706e+00
1.87549698734758e+01
2.95906390475399e+00
0.00000000000000e+00
0.00000000000000e+00
1.17164785239123e+00
2.16631711987984e+01
2.30503460146328e+01
7.16437725413535e+00
2.87026508144061e+00
0.00000000000000e+00
1.12087313641675e+01
5.96697710019064e+00
2.23105344469063e+00
0.00000000000000e+00
0.00000000000000e+00
0.00000000000000e+00
0.00000000000000e+00
0.00000000000000e+00
7.80109580934506e+00
0.00000000000000e+00
0.00000000000000e+00
0.00000000000000e+00
0.00000000000000e+00
1.84609138856150e+00
0.00000000000000e+00
0.00000000000000e+00
3.12148917589338e+00
0.00000000000000e+00
1.08433481070334e+00
1.00012799180905e+00
3.49766839681806e+00
1.15500227914377e+01
3.69816712762634e+00
1.57000653522247e+00
5.49508322593013e+00
0.00000000000000e+00
1.20116682568752e+01
0.00000000000000e+00
4.23304326485144e+00
2.65536766353286e+00
7.75864747627681e-01
2.19671500795953e+01
3.60502113869097e+00
7.58089734070748e+00
8.24136627162835e+00
1.11483817459911e+00
5.48881941278110e+01
2.54824830645233e+00
0.00000000000000e+00
0.00000000000000e+00
0.00000000000000e+00
1.01872782142128e+01
4.50101124708281e+00
0.00000000000000e+00
0.00000000000000e+00
1.01386878948162e+01
1.30268221658311e+01
7.35169218859238e+00
0.00000000000000e+00
2.27294245295215e+00
2.06938843578809e+00
5.70916974376959e+00
4.36036849792986e+00
1.33892157838127e+00
7.84261969223717e+00
4.68469476492056e+00
5.10554303086929e+00
0.00000000000000e+00
7.50200781397423e+00
0.00000000000000e+00
2.04289282761005e+00
0.00000000000000e+00
3.68715932139774e+00
3.77784354347433e+00
0.00000000000000e+00
0.00000000000000e+00
0.00000000000000e+00
1.61868863827405e+01
6.26366963211113e+00
2.59180267188137e+00
6.29263082728290e+00
0.00000000000000e+00
0.00000000000000e+00
4.95664236201440e-01
0.00000000000000e+00
2.66667355937617e+01
4.44473929644547e+00
3.74227640889629e+00
3.84585517491572e+00
1.60018613312339e+01
0.00000000000000e+00
4.11013452508243e+00
1.73235016194871e+01
0.00000000000000e+00
0.00000000000000e+00
3.70791663974637e+00
2.73256432160707e+01
5.40921041515316e+00
1.61060224944617e+01
8.55315987134197e+00
1.28077392229913e+00
0.00000000000000e+00
4.35914690033924e+00
1.67062285846424e+00
3.48129884296447e+01
1.71927995246107e+01
6.30660652093551e+00
1.53859556773463e+00
1.78117929886443e+00
7.82760396314477e+00
2.92437662252209e+00
7.80606292536397e+00
0.00000000000000e+00
4.14584865016950e+00
2.23067045949441e+01
4.73165577690386e+00
3.46618944168177e+00
0.00000000000000e+00
6.08670286267402e+00
1.17167688359286e+00
2.65348937509147e+00
1.37545693838070e+00
6.88764509571661e+00
8.53821986638280e+00
0.00000000000000e+00
0.00000000000000e+00
2.44357057655721e+00
1.77320782576526e+01
2.20924261443670e+01
3.18922296900119e+00
8.44180109648374e+00
1.00624160912991e+01
0.00000000000000e+00
3.46192628365304e+01
9.04788450893176e+00
4.51974625564373e+00
9.37059759628649e+00
0.00000000000000e+00
6.70795598712447e+00
0.00000000000000e+00
1.73707734166842e+00
1.75579967654616e+01
2.09675244132668e+00
1.27850214411325e+01
1.18670362399976e+01
8.46699183650269e+00
1.07724279216786e+01
1.57037749267432e+01
2.22673730493666e+00
2.06419200012268e+00
1.98642803636028e+01
1.47523539228686e+01
2.33233219954214e+00
4.24765593139577e+00
4.94714806869387e+00
1.91528456960010e+01
6.43879152863789e+00
1.25023196919829e+01
4.87300196562907e+01
2.99875382984064e+00
1.30020187999975e+01
7.80606292536397e+00
0.00000000000000e+00
0.00000000000000e+00
0.00000000000000e+00
5.89011668028649e+00
1.87673934691925e+01
9.89195731888717e+00
7.82010434625583e+00
4.05515805738250e+00
2.98818889889765e+01
1.12274400122339e+01
2.87026508144061e+00
7.16429518523885e+00
6.33080377880452e+00
4.75650649405413e+00
1.91012629646598e+01
1.36521683596530e+01
1.36661277736549e+01
9.31017247937556e+00
1.80995156958569e+01
2.69022644230382e+01
0.00000000000000e+00
6.67763932345837e+00
3.85939287558203e+00
4.34982685397988e+00
7.24455383806213e+00
0.00000000000000e+00
9.35630000358210e+00
5.95666560685041e+00
2.25852733902094e+01
1.99805599514152e+01
4.59320499576837e+00
3.42540521984792e+01
0.00000000000000e+00
0.00000000000000e+00
3.31772967219241e+01
2.24497466948247e+01
0.00000000000000e+00
0.00000000000000e+00
1.97817319102031e+00
1.78689452460287e+01
1.45351771024642e+00
7.02302402826836e-01
5.37835892098888e-01
0.00000000000000e+00
0.00000000000000e+00
3.38146566895959e+00
3.66236283545252e+00
4.38641850736328e+00
1.01884563007558e+00
2.68814439069016e+01
3.66236283545252e+00
1.82897842259257e+01
2.61650345995537e+00
1.67498149558773e+01
0.00000000000000e+00
0.00000000000000e+00
1.54516688485256e+01
9.53531602031252e+00
2.48878337528718e+00
1.34091093414938e+01
1.03813771158756e+01
4.34337254982298e+00
4.89493834185972e+00
1.01151788379198e+01
0.00000000000000e+00
5.00298946253078e+01
1.58104236096723e+01
1.81003970619000e+01
6.15005723920353e+00
1.56597023139989e+01
1.30592373886507e+01
1.89841554396629e+01
2.62907736872943e+01
4.54965874149203e+01
0.00000000000000e+00
2.62920444211424e+01
1.14810615401905e+00
0.00000000000000e+00
0.00000000000000e+00
2.62715449408544e+01
0.00000000000000e+00
0.00000000000000e+00
0.00000000000000e+00
2.04970536875908e+01
1.01884563007558e+00
0.00000000000000e+00
0.00000000000000e+00
1.17017967891449e+01
2.45352586077871e+00
2.94288007693997e+00
0.00000000000000e+00
4.60754895834667e+00
3.75427623345021e+00
0.00000000000000e+00
0.00000000000000e+00
9.50860285813113e+00
4.95613908583080e+01
0.00000000000000e+00
1.53455521398406e+01
7.51063769330875e+00
2.27934150116549e+01
0.00000000000000e+00
0.00000000000000e+00
0.00000000000000e+00
0.00000000000000e+00
0.00000000000000e+00
0.00000000000000e+00
0.00000000000000e+00
8.66796175571132e+00
7.91535619361826e+00
8.57446725107592e+00
2.55028301449811e+01
1.62102765318861e+01
1.07057973532597e+01
1.63091014678435e+01
2.73479612351293e+00
9.74095328711050e+00
2.36728828661584e+01
1.31917016535667e+01
2.87829606473074e+00
5.29964855563581e+00
0.00000000000000e+00
0.00000000000000e+00
0.00000000000000e+00
0.00000000000000e+00
1.51096097177886e+01
5.94996690943902e+01
2.05969463372319e+01
1.52159422035215e+01
0.00000000000000e+00
0.00000000000000e+00
0.00000000000000e+00
0.00000000000000e+00
0.00000000000000e+00
0.00000000000000e+00
1.09176809891091e+01
6.56054978299700e+00
5.77636817502990e+00
0.00000000000000e+00
8.47009631623900e+00
6.71793425610718e+00
1.58510853298717e+01
1.85477303324674e+01
1.93520625259351e+01
4.17912554433027e+01
5.48108008813902e+01
2.69782603333276e+01
7.25698875625496e+00
0.00000000000000e+00
1.52471259871289e+01
1.47003616629603e+01
1.07371153226703e+01
3.14353669228386e+01
0.00000000000000e+00
0.00000000000000e+00
0.00000000000000e+00
0.00000000000000e+00
3.63083614491750e+01
8.72727955774206e+00
0.00000000000000e+00
2.04970536875908e+01
4.99233672777733e+00
1.32457979666553e+01
2.87828184633158e+00
2.58152850748717e+01
4.81546511864539e+00
3.06146233949631e+01
2.19856666301097e+01
0.00000000000000e+00
7.74684328146166e+00
1.94807901692726e+01
6.86166653274899e+00
2.88204929577666e+01
0.00000000000000e+00
0.00000000000000e+00
3.10767677966182e+01
4.02371062351892e+01
3.31837974084562e+01
1.55364676491336e+01
2.66873349102828e+01
1.56891161762535e+01
0.00000000000000e+00
8.81468345934240e+00
1.98721787435243e+01
2.27566398496419e+01
2.75224856864431e+01
4.89871136115323e+01
4.05419707338880e+01
1.77799916785335e+01
5.60486035690159e+01
1.58467375292830e+01
3.12413795601078e+01
2.67370836392593e+01
3.17355396341897e+01
3.32868582710127e+01
0.00000000000000e+00
0.00000000000000e+00
2.55917876740632e+01
5.34982750349320e+00
1.17914823988674e+01
2.50322179861403e+01
1.42898564961288e+01
1.96094463161659e+01
9.38030273665836e+00
3.02562985910166e+01
2.46995697362932e+01
1.17762601417138e+01
2.46717699428538e+01
2.32372203429605e+01
3.86983073254062e+01
2.72327367215301e+01
0.00000000000000e+00
0.00000000000000e+00
1.94780942321517e+01
2.32188006958939e+01
4.14048831207382e+01
5.48043112522957e+01
0.00000000000000e+00
0.00000000000000e+00
1.51970902131288e+01
5.32977244568325e+01
3.64458877579407e+01
3.50139646709435e+01
1.40232262584569e+01
2.07452923516710e+01
2.66754249706796e+01
2.18869138331479e+01
0.00000000000000e+00
0.00000000000000e+00
1.42855669410149e+01
4.03221739358931e+01
5.00166352230886e+01
4.46067540111333e+01
0.00000000000000e+00
5.01993998930036e+01
0.00000000000000e+00
0.00000000000000e+00
2.27730611812511e+01
3.24898572452664e+01
4.21994687415791e+00
0.00000000000000e+00
0.00000000000000e+00
0.00000000000000e+00
0.00000000000000e+00
0.00000000000000e+00
2.62840820806273e+01
0.00000000000000e+00
0.00000000000000e+00
0.00000000000000e+00
3.29674242115206e+01
0.00000000000000e+00
0.00000000000000e+00
0.00000000000000e+00
5.57986844985052e+01
4.75014748552267e+01
2.98633433797050e+01
4.75015746081362e+01
0.00000000000000e+00
0.00000000000000e+00
1.28847942316407e+01
5.97432967900753e+00
3.98775884354574e+01
5.10245947700112e+01
2.12906615422795e+01
3.75998023525337e+01
4.01047633022521e+01
2.27478693951797e+01
2.90874147974404e+01
0.00000000000000e+00
0.00000000000000e+00
0.00000000000000e+00
3.39182931048616e+01
0.00000000000000e+00
0.00000000000000e+00
0.00000000000000e+00
2.62400423001541e+01
3.10164213898486e+01
4.17494088441257e+01
3.76680402257906e+01
3.43630767066065e+01
3.27682040885578e+01
2.30409427326873e+01
0.00000000000000e+00
1.92652455340314e+01
0.00000000000000e+00
0.00000000000000e+00
3.92584563433215e+01
0.00000000000000e+00
0.00000000000000e+00
0.00000000000000e+00
5.98142117186680e+00
0.00000000000000e+00
0.00000000000000e+00
2.54558404451796e+01
0.00000000000000e+00
1.89647170285964e+01
0.00000000000000e+00
0.00000000000000e+00
0.00000000000000e+00
0.00000000000000e+00
5.73178468709076e+01
0.00000000000000e+00
0.00000000000000e+00
1.05224379169301e+01
0.00000000000000e+00
0.00000000000000e+00
0.00000000000000e+00
2.03714819750331e+01
6.81372131556642e+01
0.00000000000000e+00
0.00000000000000e+00
0.00000000000000e+00
0.00000000000000e+00
0.00000000000000e+00
0.00000000000000e+00
0.00000000000000e+00
0.00000000000000e+00
0.00000000000000e+00
0.00000000000000e+00
0.00000000000000e+00
0.00000000000000e+00
0.00000000000000e+00
0.00000000000000e+00
4.40068190343224e+01
0.00000000000000e+00
0.00000000000000e+00
0.00000000000000e+00
2.60702799689231e+01
3.76270847793930e+01
1.39994361367279e+01
2.65540289003278e+01
1.42245223206254e+01
0.00000000000000e+00
5.28661450317814e+01
2.63544618007019e+01
6.43206436802077e+01
4.77056290929827e+01
0.00000000000000e+00
0.00000000000000e+00
4.05602282720794e+01
1.85830944932143e+01
2.66931353977321e+01
1.61120460976904e+01
2.45838924444768e+01
3.20462638401753e+01
5.70109650222963e+00
3.29263224190062e+01
0.00000000000000e+00
0.00000000000000e+00
5.42635327436531e+01
3.66074056144546e+01
0.00000000000000e+00
0.00000000000000e+00
0.00000000000000e+00
6.14394880151565e+01
0.00000000000000e+00
2.92398421820580e+01
4.40639310146796e+01
4.69256743172621e+01
0.00000000000000e+00
4.43166807470076e+01
5.91816828857311e+01
0.00000000000000e+00
1.95438393559362e+01
2.21862135839798e+01
2.61688355782246e+01
4.20892137902577e+00
6.78685570126331e+00
1.18305843833340e+01
1.02344544686632e+01
8.41845338698557e+00
1.11168513456949e+01
2.34870774389724e+01
4.78339689015156e+01
2.23152318279177e+00
6.17021140414028e+01
0.00000000000000e+00
2.47462765018886e+01
2.70511911819738e+00
8.67015992238953e+00
0.00000000000000e+00
0.00000000000000e+00
0.00000000000000e+00
1.62181514624216e+01
0.00000000000000e+00
0.00000000000000e+00
0.00000000000000e+00
2.58662268292286e+01
0.00000000000000e+00
0.00000000000000e+00
0.00000000000000e+00
5.30138259532408e+01
1.64706538545539e+00
9.52849018093839e+00
0.00000000000000e+00
2.85963115342192e+01
3.50083296830556e+01
2.24014494541955e+01
6.87418154945776e+01
1.78263855193155e+01
1.32787731801015e+01
0.00000000000000e+00
0.00000000000000e+00
0.00000000000000e+00
0.00000000000000e+00
0.00000000000000e+00
0.00000000000000e+00
0.00000000000000e+00
0.00000000000000e+00
0.00000000000000e+00
0.00000000000000e+00
0.00000000000000e+00
0.00000000000000e+00
0.00000000000000e+00
0.00000000000000e+00
0.00000000000000e+00
0.00000000000000e+00
0.00000000000000e+00
0.00000000000000e+00
0.00000000000000e+00
0.00000000000000e+00
0.00000000000000e+00
0.00000000000000e+00
0.00000000000000e+00
0.00000000000000e+00
0.00000000000000e+00
0.00000000000000e+00
0.00000000000000e+00
0.00000000000000e+00
0.00000000000000e+00
0.00000000000000e+00
0.00000000000000e+00
0.00000000000000e+00
5.53993823675984e+00
0.00000000000000e+00
0.00000000000000e+00
0.00000000000000e+00
0.00000000000000e+00
3.86664456460567e+01
0.00000000000000e+00
1.34707555144138e+01
0.00000000000000e+00
0.00000000000000e+00
0.00000000000000e+00
3.70892653953888e+01
0.00000000000000e+00
0.00000000000000e+00
0.00000000000000e+00
0.00000000000000e+00
0.00000000000000e+00
0.00000000000000e+00
3.12100572304208e+01
2.47495062624365e+01
0.00000000000000e+00
3.23626262336618e+01
0.00000000000000e+00
0.00000000000000e+00
0.00000000000000e+00
0.00000000000000e+00
0.00000000000000e+00
0.00000000000000e+00
0.00000000000000e+00
1.78812263424213e+01
0.00000000000000e+00
0.00000000000000e+00
0.00000000000000e+00
0.00000000000000e+00
0.00000000000000e+00
0.00000000000000e+00
0.00000000000000e+00
0.00000000000000e+00
0.00000000000000e+00
1.26752991052468e+01
1.02453787399028e+01
1.39983500980512e+01
2.08753388272656e+01
2.81567676783432e+01
4.59041372159649e+01
0.00000000000000e+00
2.09404014037683e+01
2.37324549242708e+01
2.18710872225606e+01
9.65689993715221e+00
0.00000000000000e+00
2.00362998534381e+01
1.21106142152645e+01
1.20412873172705e+01
2.67559466678861e+00
0.00000000000000e+00
0.00000000000000e+00
0.00000000000000e+00
0.00000000000000e+00
2.24475486020019e+00
0.00000000000000e+00
0.00000000000000e+00
0.00000000000000e+00
9.87992214356592e+00
1.16833138493907e+01
7.82889790837227e+00
0.00000000000000e+00
0.00000000000000e+00
0.00000000000000e+00
0.00000000000000e+00
7.29308861598903e+00
0.00000000000000e+00
0.00000000000000e+00
0.00000000000000e+00
0.00000000000000e+00
0.00000000000000e+00
0.00000000000000e+00
0.00000000000000e+00
0.00000000000000e+00
0.00000000000000e+00
0.00000000000000e+00
6.78685570126331e+00
7.29308861598903e+00
0.00000000000000e+00
0.00000000000000e+00
0.00000000000000e+00
0.00000000000000e+00
0.00000000000000e+00
0.00000000000000e+00
0.00000000000000e+00
0.00000000000000e+00
0.00000000000000e+00
0.00000000000000e+00
0.00000000000000e+00
0.00000000000000e+00
0.00000000000000e+00
0.00000000000000e+00
0.00000000000000e+00
0.00000000000000e+00
0.00000000000000e+00
0.00000000000000e+00
0.00000000000000e+00
0.00000000000000e+00
0.00000000000000e+00
0.00000000000000e+00
2.65381062680481e+01
0.00000000000000e+00
2.80991713426391e+01
3.11375035345347e+01
0.00000000000000e+00
0.00000000000000e+00
6.71223754718479e+01
1.34779806098630e+01
0.00000000000000e+00
0.00000000000000e+00
1.70844430305276e+01
0.00000000000000e+00
1.55438865530201e+01
0.00000000000000e+00
0.00000000000000e+00
0.00000000000000e+00
0.00000000000000e+00
4.03825625753657e+00
5.74600531823179e+01
3.61303399654420e+00
1.31957600633432e+01
9.82222585457520e+01
0.00000000000000e+00
0.00000000000000e+00
5.40419605696320e+01
4.18940107622814e+00
0.00000000000000e+00
0.00000000000000e+00
0.00000000000000e+00
0.00000000000000e+00
0.00000000000000e+00
0.00000000000000e+00
3.94901013387338e+00
0.00000000000000e+00
0.00000000000000e+00
0.00000000000000e+00
0.00000000000000e+00
0.00000000000000e+00
0.00000000000000e+00
0.00000000000000e+00
0.00000000000000e+00
0.00000000000000e+00
0.00000000000000e+00
0.00000000000000e+00
0.00000000000000e+00
0.00000000000000e+00
0.00000000000000e+00
0.00000000000000e+00
0.00000000000000e+00
0.00000000000000e+00
0.00000000000000e+00
0.00000000000000e+00
0.00000000000000e+00
0.00000000000000e+00
0.00000000000000e+00
0.00000000000000e+00
0.00000000000000e+00
0.00000000000000e+00
0.00000000000000e+00
0.00000000000000e+00
0.00000000000000e+00
0.00000000000000e+00
0.00000000000000e+00
0.00000000000000e+00
0.00000000000000e+00
0.00000000000000e+00
0.00000000000000e+00
0.00000000000000e+00
0.00000000000000e+00
0.00000000000000e+00
3.36154241246427e+01
4.41191584736831e+01
0.00000000000000e+00
0.00000000000000e+00
0.00000000000000e+00
0.00000000000000e+00
0.00000000000000e+00
0.00000000000000e+00
0.00000000000000e+00
0.00000000000000e+00
0.00000000000000e+00
0.00000000000000e+00
0.00000000000000e+00
0.00000000000000e+00
0.00000000000000e+00
0.00000000000000e+00
0.00000000000000e+00
0.00000000000000e+00
0.00000000000000e+00
0.00000000000000e+00
0.00000000000000e+00
0.00000000000000e+00
0.00000000000000e+00
0.00000000000000e+00
0.00000000000000e+00
0.00000000000000e+00
0.00000000000000e+00
0.00000000000000e+00
0.00000000000000e+00
0.00000000000000e+00
0.00000000000000e+00
0.00000000000000e+00
0.00000000000000e+00
0.00000000000000e+00
0.00000000000000e+00
0.00000000000000e+00
0.00000000000000e+00
0.00000000000000e+00
0.00000000000000e+00
0.00000000000000e+00
0.00000000000000e+00
0.00000000000000e+00
0.00000000000000e+00
0.00000000000000e+00
0.00000000000000e+00
1.74622859722174e+01
2.79793669422484e+01
2.21537874889190e+01
3.10372058970386e+00
1.47130986922565e+01
2.92432628404890e+01
2.18876990978044e+01
3.11131519747195e+01
2.10254705254107e+01
2.17853907567312e+01
2.04419025085663e+01
1.78457705546733e+01
4.61173029619525e+01
3.46264595166539e+01
2.74028829458823e+01
4.43018019232161e+01
6.26060697549085e+01
1.86340010507783e+01
1.99335316290623e+01
2.67277354911753e+01
1.67344662063394e+01
2.60590895248104e+01
1.64553406630737e+01
3.41559010968109e+01
0.00000000000000e+00
0.00000000000000e+00
6.57336630496825e+01
1.01008164307719e+01
0.00000000000000e+00
0.00000000000000e+00
0.00000000000000e+00
3.05981252476458e+01
1.16833138493907e+01
1.32703319618202e+01
2.16032645748375e+01
0.00000000000000e+00
0.00000000000000e+00
0.00000000000000e+00
0.00000000000000e+00
0.00000000000000e+00
0.00000000000000e+00
0.00000000000000e+00
2.34870774389724e+01
1.41636129762998e+01
0.00000000000000e+00
0.00000000000000e+00
0.00000000000000e+00
0.00000000000000e+00
0.00000000000000e+00
0.00000000000000e+00
0.00000000000000e+00
0.00000000000000e+00
0.00000000000000e+00
0.00000000000000e+00
0.00000000000000e+00
0.00000000000000e+00
0.00000000000000e+00
0.00000000000000e+00
0.00000000000000e+00
0.00000000000000e+00
0.00000000000000e+00
0.00000000000000e+00
0.00000000000000e+00
0.00000000000000e+00
0.00000000000000e+00
0.00000000000000e+00
0.00000000000000e+00
0.00000000000000e+00
0.00000000000000e+00
0.00000000000000e+00
0.00000000000000e+00
0.00000000000000e+00
0.00000000000000e+00
0.00000000000000e+00
0.00000000000000e+00
0.00000000000000e+00
0.00000000000000e+00
0.00000000000000e+00
0.00000000000000e+00
0.00000000000000e+00
0.00000000000000e+00
0.00000000000000e+00
0.00000000000000e+00
0.00000000000000e+00
0.00000000000000e+00
0.00000000000000e+00
0.00000000000000e+00
0.00000000000000e+00
0.00000000000000e+00
0.00000000000000e+00
0.00000000000000e+00
0.00000000000000e+00
0.00000000000000e+00
0.00000000000000e+00
0.00000000000000e+00
0.00000000000000e+00
0.00000000000000e+00
0.00000000000000e+00
0.00000000000000e+00
0.00000000000000e+00
0.00000000000000e+00
0.00000000000000e+00
0.00000000000000e+00
0.00000000000000e+00
0.00000000000000e+00
0.00000000000000e+00
0.00000000000000e+00
0.00000000000000e+00
0.00000000000000e+00
0.00000000000000e+00
0.00000000000000e+00
0.00000000000000e+00
0.00000000000000e+00
0.00000000000000e+00
0.00000000000000e+00
0.00000000000000e+00
0.00000000000000e+00
0.00000000000000e+00
0.00000000000000e+00
0.00000000000000e+00
0.00000000000000e+00
0.00000000000000e+00
0.00000000000000e+00
0.00000000000000e+00
0.00000000000000e+00
0.00000000000000e+00
0.00000000000000e+00
0.00000000000000e+00
0.00000000000000e+00
0.00000000000000e+00
0.00000000000000e+00
0.00000000000000e+00
0.00000000000000e+00
0.00000000000000e+00
0.00000000000000e+00
0.00000000000000e+00
0.00000000000000e+00
0.00000000000000e+00
0.00000000000000e+00
0.00000000000000e+00
0.00000000000000e+00
0.00000000000000e+00
0.00000000000000e+00
0.00000000000000e+00
0.00000000000000e+00
0.00000000000000e+00
0.00000000000000e+00
0.00000000000000e+00
0.00000000000000e+00
0.00000000000000e+00
0.00000000000000e+00
0.00000000000000e+00
0.00000000000000e+00
0.00000000000000e+00
0.00000000000000e+00
0.00000000000000e+00
0.00000000000000e+00
0.00000000000000e+00
0.00000000000000e+00
0.00000000000000e+00
0.00000000000000e+00
0.00000000000000e+00
0.00000000000000e+00
0.00000000000000e+00
0.00000000000000e+00
0.00000000000000e+00
0.00000000000000e+00
0.00000000000000e+00
0.00000000000000e+00
0.00000000000000e+00
0.00000000000000e+00
0.00000000000000e+00
0.00000000000000e+00
0.00000000000000e+00
0.00000000000000e+00
0.00000000000000e+00
0.00000000000000e+00
0.00000000000000e+00
0.00000000000000e+00
0.00000000000000e+00
0.00000000000000e+00
0.00000000000000e+00
0.00000000000000e+00
0.00000000000000e+00
0.00000000000000e+00
0.00000000000000e+00
0.00000000000000e+00
0.00000000000000e+00
0.00000000000000e+00
0.00000000000000e+00
0.00000000000000e+00
0.00000000000000e+00
0.00000000000000e+00
0.00000000000000e+00
0.00000000000000e+00
0.00000000000000e+00
0.00000000000000e+00
0.00000000000000e+00
0.00000000000000e+00
0.00000000000000e+00
0.00000000000000e+00
0.00000000000000e+00
0.00000000000000e+00
0.00000000000000e+00
0.00000000000000e+00
0.00000000000000e+00
0.00000000000000e+00
0.00000000000000e+00
0.00000000000000e+00
0.00000000000000e+00
0.00000000000000e+00
0.00000000000000e+00
0.00000000000000e+00
0.00000000000000e+00
0.00000000000000e+00
0.00000000000000e+00
0.00000000000000e+00
0.00000000000000e+00
0.00000000000000e+00
0.00000000000000e+00
0.00000000000000e+00
0.00000000000000e+00
0.00000000000000e+00
0.00000000000000e+00
0.00000000000000e+00
0.00000000000000e+00
0.00000000000000e+00
0.00000000000000e+00
0.00000000000000e+00
0.00000000000000e+00
0.00000000000000e+00
0.00000000000000e+00
0.00000000000000e+00
0.00000000000000e+00
0.00000000000000e+00
0.00000000000000e+00
0.00000000000000e+00
0.00000000000000e+00
0.00000000000000e+00
0.00000000000000e+00
0.00000000000000e+00
0.00000000000000e+00
0.00000000000000e+00
0.00000000000000e+00
0.00000000000000e+00
0.00000000000000e+00
0.00000000000000e+00
0.00000000000000e+00
0.00000000000000e+00
0.00000000000000e+00
0.00000000000000e+00
0.00000000000000e+00
0.00000000000000e+00
0.00000000000000e+00
0.00000000000000e+00
0.00000000000000e+00
0.00000000000000e+00
0.00000000000000e+00
0.00000000000000e+00
0.00000000000000e+00
0.00000000000000e+00
0.00000000000000e+00
0.00000000000000e+00
0.00000000000000e+00
0.00000000000000e+00
0.00000000000000e+00
0.00000000000000e+00
0.00000000000000e+00
0.00000000000000e+00
0.00000000000000e+00
0.00000000000000e+00
0.00000000000000e+00
0.00000000000000e+00
0.00000000000000e+00
0.00000000000000e+00
0.00000000000000e+00
0.00000000000000e+00
0.00000000000000e+00
0.00000000000000e+00
0.00000000000000e+00
0.00000000000000e+00
0.00000000000000e+00
0.00000000000000e+00
0.00000000000000e+00
0.00000000000000e+00
0.00000000000000e+00
0.00000000000000e+00
0.00000000000000e+00
0.00000000000000e+00
0.00000000000000e+00
0.00000000000000e+00
0.00000000000000e+00
0.00000000000000e+00
0.00000000000000e+00
0.00000000000000e+00
0.00000000000000e+00
0.00000000000000e+00
0.00000000000000e+00
