0.00000000000000e+00
0.00000000000000e+00
7.57314333681860e-01
7.57314333681860e-01
1.00975244490915e+00
0.00000000000000e+00
0.00000000000000e+00
7.44568817039094e+00
0.00000000000000e+00
0.00000000000000e+00
0.00000000000000e+00
2.49943473098297e+00
2.03437199041142e-02
1.05199437367390e+00
0.00000000000000e+00
0.00000000000000e+00
1.19848959098554e+00
4.74359288821190e+00
0.00000000000000e+00
5.46951014587458e-01
0.00000000000000e+00
0.00000000000000e+00
2.09086633215139e+00
1.05437517701781e+01
0.00000000000000e+00
0.00000000000000e+00
0.00000000000000e+00
0.00000000000000e+00
7.50149985002999e-01
3.52961646896085e+00
0.00000000000000e+00
0.00000000000000e+00
0.00000000000000e+00
1.50000000000005e+00
0.00000000000000e+00
0.00000000000000e+00
0.00000000000000e+00
3.25263305702556e+00
0.00000000000000e+00
5.94238529202597e-01
7.50149985002999e-01
1.11749977623195e+00
1.54348130398631e+00
5.74492660129284e+00
0.00000000000000e+00
7.50149985002999e-01
2.03437199041142e-02
0.00000000000000e+00
0.00000000000000e+00
0.00000000000000e+00
1.99999999999985e+00
0.00000000000000e+00
0.00000000000000e+00
6.34212203616338e-01
0.00000000000000e+00
3.43343109187989e-02
9.81105244164470e+00
8.12866387824653e-02
0.00000000000000e+00
0.00000000000000e+00
0.00000000000000e+00
7.02488955429030e+00
1.45805042676036e+00
0.00000000000000e+00
7.57314333681860e-01
0.00000000000000e+00
0.00000000000000e+00
0.00000000000000e+00
0.00000000000000e+00
0.00000000000000e+00
0.00000000000000e+00
0.00000000000000e+00
0.00000000000000e+00
0.00000000000000e+00
1.50029997000600e+00
0.00000000000000e+00
7.50000000000026e-01
8.04562585420255e-02
1.66843938034402e+00
0.00000000000000e+00
0.00000000000000e+00
0.00000000000000e+00
5.65851895912997e-01
0.00000000000000e+00
0.00000000000000e+00
5.25296235315078e-01
0.00000000000000e+00
1.44077337710264e+00
2.43846014887649e+00
0.00000000000000e+00
0.00000000000000e+00
1.02401350239399e+00
0.00000000000000e+00
5.14844074937717e+00
1.70601927527077e+00
0.00000000000000e+00
7.42159012611205e-01
1.51076139744170e+00
2.02957080912374e+00
1.51076139744170e+00
1.39363278444053e-01
3.11268736087983e+00
0.00000000000000e+00
1.92753391623851e+01
0.00000000000000e+00
5.71877547086304e-01
4.26526596771225e+00
0.00000000000000e+00
0.00000000000000e+00
2.29798509394756e+00
0.00000000000000e+00
0.00000000000000e+00
7.55380698720850e-01
8.87978504164845e-01
5.03587132480567e-01
2.98871845779645e-01
1.21421414224183e+00
7.42159012611205e-01
7.50000000000000e-01
0.00000000000000e+00
2.26649319275958e+00
1.39363278444053e-01
9.98599018625621e-01
0.00000000000000e+00
1.57201551830810e+00
0.00000000000000e+00
0.00000000000000e+00
9.37574407216720e+00
1.58442859609643e+00
0.00000000000000e+00
3.03222690443863e+00
1.50000000000000e+00
0.00000000000000e+00
0.00000000000000e+00
0.00000000000000e+00
7.48949263969192e-01
0.00000000000000e+00
7.48949263969192e-01
0.00000000000000e+00
3.03518587996869e-01
0.00000000000000e+00
1.47141574564959e+00
0.00000000000000e+00
7.02281827826619e+00
0.00000000000000e+00
1.14910228895959e+01
0.00000000000000e+00
1.01074230147954e+00
2.84888315927676e+00
0.00000000000000e+00
0.00000000000000e+00
3.85948328194883e-01
0.00000000000000e+00
0.00000000000000e+00
6.65117155487835e+00
0.00000000000000e+00
2.00000000000000e+00
4.65237191512502e-01
7.50599760191808e-01
0.00000000000000e+00
0.00000000000000e+00
0.00000000000000e+00
7.50599760191808e-01
6.88219779792250e+00
0.00000000000000e+00
0.00000000000000e+00
0.00000000000000e+00
0.00000000000000e+00
0.00000000000000e+00
1.21914851942316e+00
0.00000000000000e+00
0.00000000000000e+00
1.00079968025574e+00
0.00000000000000e+00
3.62724427393481e+00
2.22965616871410e-01
0.00000000000000e+00
0.00000000000000e+00
0.00000000000000e+00
0.00000000000000e+00
7.93923310100204e+00
8.12866387824653e-02
1.03712545058631e+01
0.00000000000000e+00
7.47520889860047e+00
4.22101831018975e-01
0.00000000000000e+00
1.18885956497835e+00
0.00000000000000e+00
0.00000000000000e+00
0.00000000000000e+00
0.00000000000000e+00
0.00000000000000e+00
1.00196157662630e+01
2.57573253206894e+00
1.06111059965462e+00
6.89488594896333e-01
5.28253753395302e+00
0.00000000000000e+00
2.64115764436242e+00
7.50000000000000e-01
0.00000000000000e+00
1.55334509376026e+00
2.20827808653430e+00
5.38226632471003e-02
0.00000000000000e+00
0.00000000000000e+00
1.41715206571883e+01
0.00000000000000e+00
0.00000000000000e+00
0.00000000000000e+00
5.71442293679162e+00
1.78069233185674e+00
1.50269757436418e+00
0.00000000000000e+00
7.52396172239067e-01
0.00000000000000e+00
0.00000000000000e+00
3.97408727832107e+00
0.00000000000000e+00
1.79161276867981e+00
7.38816621361499e-01
0.00000000000000e+00
0.00000000000000e+00
4.80706576263272e+00
0.00000000000000e+00
1.50269757436418e+00
1.54318765455148e+00
5.05963928858106e+00
3.89528255971391e+00
0.00000000000000e+00
0.00000000000000e+00
3.18655256270488e+00
0.00000000000000e+00
0.00000000000000e+00
0.00000000000000e+00
7.58056726109556e-01
0.00000000000000e+00
0.00000000000000e+00
0.00000000000000e+00
2.22965616871410e-01
0.00000000000000e+00
1.01533283932015e+01
0.00000000000000e+00
0.00000000000000e+00
0.00000000000000e+00
0.00000000000000e+00
0.00000000000000e+00
3.75000000000000e-01
2.07901267198734e+00
0.00000000000000e+00
1.16831941473162e+00
1.16831941473162e+00
3.75000000000000e-01
3.46837190183442e+00
1.00000000000000e+00
0.00000000000000e+00
0.00000000000000e+00
0.00000000000000e+00
0.00000000000000e+00
0.00000000000000e+00
0.00000000000000e+00
1.96898550515692e+00
0.00000000000000e+00
0.00000000000000e+00
1.42536039690280e+01
0.00000000000000e+00
2.28264192430152e-01
0.00000000000000e+00
7.78529013524565e-01
6.00000000000001e+00
2.64102385318819e+00
0.00000000000000e+00
5.04942798526811e-01
0.00000000000000e+00
2.09697589009533e-01
0.00000000000000e+00
0.00000000000000e+00
7.50000000000000e-01
1.78491641269914e+01
5.14621227800486e+00
3.61233118451501e-01
6.36717522875013e-01
0.00000000000000e+00
0.00000000000000e+00
0.00000000000000e+00
0.00000000000000e+00
2.00000000000000e+00
2.00000000000000e+00
0.00000000000000e+00
0.00000000000000e+00
6.00000000000001e+00
2.86246647413615e-01
0.00000000000000e+00
0.00000000000000e+00
0.00000000000000e+00
0.00000000000000e+00
0.00000000000000e+00
0.00000000000000e+00
4.38534094389518e+00
0.00000000000000e+00
0.00000000000000e+00
1.09341942055483e+01
3.28523061165351e+00
6.86104519139112e-01
6.96701552675126e+00
7.42159012611205e-01
0.00000000000000e+00
0.00000000000000e+00
0.00000000000000e+00
7.50000000000000e-01
5.51613348909211e+00
1.68514874626239e+01
0.00000000000000e+00
1.11539355673571e+01
0.00000000000000e+00
0.00000000000000e+00
0.00000000000000e+00
0.00000000000000e+00
3.21177521440571e+00
5.62953273956185e-01
2.51793566240283e-01
8.06258316119308e-01
0.00000000000000e+00
9.85088828481998e-01
7.38816621361499e-01
0.00000000000000e+00
8.23271460568225e-01
4.06948336425637e+00
7.46085602178620e-01
1.50000000000000e+00
2.00000000000000e+00
1.00079968025574e+00
0.00000000000000e+00
1.05609487400907e+01
7.67169262792535e+00
2.87664451374300e+00
3.21865855566479e-01
4.88616615127856e+00
0.00000000000000e+00
0.00000000000000e+00
2.00039996000800e+00
7.50149985002999e-01
1.48099504188288e+00
1.08760711774229e+01
0.00000000000000e+00
8.44605275133831e-01
1.12711742037168e+00
1.00019998000400e+00
0.00000000000000e+00
8.65774805710288e-01
1.19334983871690e+00
0.00000000000000e+00
5.06807181920522e+00
0.00000000000000e+00
5.33983343735141e+00
0.00000000000000e+00
3.30108810408162e+00
0.00000000000000e+00
0.00000000000000e+00
0.00000000000000e+00
4.60532363537884e+00
4.59866715859930e+00
0.00000000000000e+00
0.00000000000000e+00
0.00000000000000e+00
1.00000000000003e+00
0.00000000000000e+00
3.78963379843046e-01
9.89545350148164e-01
0.00000000000000e+00
5.19360512404982e+00
2.01434852992227e+00
7.50000000000026e-01
0.00000000000000e+00
9.91937959040996e+00
9.88313105205944e-01
2.01434852992227e+00
1.90957275287716e+00
0.00000000000000e+00
4.90323731268943e+00
0.00000000000000e+00
1.48946299047678e+00
1.00000000000000e+00
0.00000000000000e+00
0.00000000000000e+00
0.00000000000000e+00
9.98599018625525e-01
8.30705555317639e-01
1.50269757436418e+00
5.61182641438516e+00
5.74712980948087e-01
8.13901432947560e+00
0.00000000000000e+00
0.00000000000000e+00
0.00000000000000e+00
0.00000000000000e+00
1.00248035356596e+00
1.00319489631876e+00
3.10066099729112e-01
9.17703743748812e+00
1.59857806853912e+00
0.00000000000000e+00
2.56780081147721e+00
3.85035255858248e+00
0.00000000000000e+00
4.39954691648000e-01
2.15002217631822e+00
4.94140145799473e+00
1.00319489631876e+00
7.52396172239067e-01
0.00000000000000e+00
0.00000000000000e+00
7.70896616468180e+00
1.68177501873903e+00
0.00000000000000e+00
0.00000000000000e+00
0.00000000000000e+00
3.78963379843046e-01
0.00000000000000e+00
0.00000000000000e+00
0.00000000000000e+00
3.85948328194883e-01
7.91795508470815e+00
0.00000000000000e+00
0.00000000000000e+00
1.19008015251051e+01
7.50599760191808e-01
0.00000000000000e+00
1.50000000000000e+00
0.00000000000000e+00
1.28773759334477e+00
0.00000000000000e+00
0.00000000000000e+00
0.00000000000000e+00
3.43048969905271e-01
5.21156278739108e-01
9.04345180017210e+00
6.83460864050113e-01
0.00000000000000e+00
0.00000000000000e+00
0.00000000000000e+00
0.00000000000000e+00
0.00000000000000e+00
0.00000000000000e+00
0.00000000000000e+00
0.00000000000000e+00
0.00000000000000e+00
1.00019998000400e+00
0.00000000000000e+00
0.00000000000000e+00
1.78100163778458e+00
5.65584544174423e-01
0.00000000000000e+00
6.72777469597923e-01
0.00000000000000e+00
0.00000000000000e+00
0.00000000000000e+00
0.00000000000000e+00
0.00000000000000e+00
9.89545350148163e-01
0.00000000000000e+00
1.00000000000000e+00
0.00000000000000e+00
0.00000000000000e+00
9.54377629338271e-01
9.34724780677341e-01
0.00000000000000e+00
8.16900944011720e-01
0.00000000000000e+00
0.00000000000000e+00
0.00000000000000e+00
2.00359676581891e+00
0.00000000000000e+00
0.00000000000000e+00
0.00000000000000e+00
0.00000000000000e+00
0.00000000000000e+00
0.00000000000000e+00
0.00000000000000e+00
0.00000000000000e+00
5.37290042736641e-01
0.00000000000000e+00
1.98595065396892e+00
2.00359676581891e+00
0.00000000000000e+00
0.00000000000000e+00
0.00000000000000e+00
9.85088828481998e-01
0.00000000000000e+00
4.65237191512502e-01
0.00000000000000e+00
1.00975244490915e+00
0.00000000000000e+00
0.00000000000000e+00
6.42298789698851e-01
0.00000000000000e+00
9.14707235963545e-01
0.00000000000000e+00
0.00000000000000e+00
1.85001708645134e+01
0.00000000000000e+00
2.65009538184153e-01
0.00000000000000e+00
2.80717424623915e+00
6.49203739918817e+00
1.17424816602355e+00
0.00000000000000e+00
0.00000000000000e+00
5.75044496378702e+00
0.00000000000000e+00
0.00000000000000e+00
0.00000000000000e+00
0.00000000000000e+00
8.24214261890118e-01
4.08981481754834e-01
4.08981481754834e-01
8.02748556074488e+00
5.89547844617733e-01
0.00000000000000e+00
0.00000000000000e+00
6.44684801856785e-01
0.00000000000000e+00
0.00000000000000e+00
0.00000000000000e+00
2.93477457955835e+00
3.69067056450805e-01
0.00000000000000e+00
0.00000000000000e+00
0.00000000000000e+00
1.33359214495061e+00
0.00000000000000e+00
1.91106383842468e+01
0.00000000000000e+00
0.00000000000000e+00
2.63011777227494e-01
6.39345298604314e-01
0.00000000000000e+00
0.00000000000000e+00
2.00569560682818e+00
0.00000000000000e+00
0.00000000000000e+00
0.00000000000000e+00
3.88762898672233e+00
2.43924480159167e+01
0.00000000000000e+00
4.93080617449823e+00
0.00000000000000e+00
0.00000000000000e+00
0.00000000000000e+00
0.00000000000000e+00
0.00000000000000e+00
0.00000000000000e+00
0.00000000000000e+00
0.00000000000000e+00
0.00000000000000e+00
2.50835673906803e+01
1.00019998000400e+00
7.85343503875243e-01
2.26957404662198e+00
0.00000000000000e+00
8.59888161072282e-01
2.27620022367852e+00
0.00000000000000e+00
2.73558031602740e-01
0.00000000000000e+00
4.58572664764520e+00
0.00000000000000e+00
0.00000000000000e+00
2.69883669705444e-01
8.18238706836636e-01
0.00000000000000e+00
2.77587057380102e-01
0.00000000000000e+00
1.63538453057490e+00
0.00000000000000e+00
1.09742967593264e+00
0.00000000000000e+00
0.00000000000000e+00
0.00000000000000e+00
0.00000000000000e+00
0.00000000000000e+00
1.09529149147818e+00
2.36145847287705e+00
0.00000000000000e+00
1.48946299047678e+00
3.14659677273309e+00
0.00000000000000e+00
0.00000000000000e+00
0.00000000000000e+00
1.75853172877012e+01
0.00000000000000e+00
0.00000000000000e+00
0.00000000000000e+00
0.00000000000000e+00
1.17808965495743e+00
0.00000000000000e+00
0.00000000000000e+00
6.72618899584666e-01
7.64995597074699e-01
1.09644039801223e+01
0.00000000000000e+00
7.84738248948418e+00
8.51614037085877e-01
1.27423174520677e+00
0.00000000000000e+00
2.38487809713548e+00
1.17424816602355e+00
0.00000000000000e+00
2.36924781188626e+00
7.19524443042200e+00
0.00000000000000e+00
2.63660980254501e+00
4.34579058179437e+00
0.00000000000000e+00
0.00000000000000e+00
0.00000000000000e+00
7.74653517228779e-01
2.39627764150267e+00
3.58557792327526e+00
3.85272983236659e+00
0.00000000000000e+00
0.00000000000000e+00
0.00000000000000e+00
9.40755852597248e+00
0.00000000000000e+00
0.00000000000000e+00
7.43726106617403e-01
3.67548803908752e+00
3.73693398165596e+00
7.04593254080586e-01
0.00000000000000e+00
4.36401615407092e+00
0.00000000000000e+00
0.00000000000000e+00
0.00000000000000e+00
0.00000000000000e+00
0.00000000000000e+00
5.37567294518166e+00
0.00000000000000e+00
1.38802744236258e+00
0.00000000000000e+00
7.85343503875243e-01
4.83770947919859e+00
0.00000000000000e+00
9.94748108930273e-01
8.74476855506625e-01
0.00000000000000e+00
0.00000000000000e+00
4.22773396215953e+00
5.03734633666571e-01
0.00000000000000e+00
0.00000000000000e+00
0.00000000000000e+00
1.69415134624797e+01
1.75055817916133e+00
0.00000000000000e+00
5.03734633666571e-01
3.94970009786685e+01
4.91152387220938e+00
0.00000000000000e+00
4.88006929814731e+00
0.00000000000000e+00
0.00000000000000e+00
0.00000000000000e+00
0.00000000000000e+00
1.99071181799340e+01
3.18759911020590e+00
0.00000000000000e+00
0.00000000000000e+00
1.15576665814318e+01
1.34017703799223e+00
0.00000000000000e+00
0.00000000000000e+00
6.00607018917881e+00
3.81380550338585e-01
0.00000000000000e+00
0.00000000000000e+00
0.00000000000000e+00
2.91404217497551e-01
1.33912174413970e+00
0.00000000000000e+00
6.27139639677251e+00
6.05685298624566e+00
0.00000000000000e+00
0.00000000000000e+00
0.00000000000000e+00
1.16636571398603e+00
0.00000000000000e+00
2.59563229673530e+00
2.04497223289554e+00
0.00000000000000e+00
1.18270323718750e+01
1.68552356513399e+01
0.00000000000000e+00
1.75447900278504e+01
2.08826780643488e+01
1.28208520698152e+00
6.91307259929481e-01
0.00000000000000e+00
2.52154949209158e+00
8.92934603204781e+00
2.63572248449103e+00
0.00000000000000e+00
0.00000000000000e+00
2.92530497694077e+01
0.00000000000000e+00
5.20655183635006e+00
5.98380679705434e-01
4.48208028657846e-01
0.00000000000000e+00
0.00000000000000e+00
9.18382081267138e-01
0.00000000000000e+00
0.00000000000000e+00
0.00000000000000e+00
7.59908177147789e+00
5.98380679705434e-01
0.00000000000000e+00
0.00000000000000e+00
0.00000000000000e+00
0.00000000000000e+00
1.54904390165968e+00
5.10451646264133e+00
3.63453241045791e+00
4.79327143104282e+00
0.00000000000000e+00
4.04944597023029e+00
3.22496637758284e+00
2.20725920751747e+00
1.69342258096129e+00
3.04716215000493e+00
5.05829873963365e+00
8.16150520875218e+00
8.03607606569900e+00
8.02202458442084e-01
0.00000000000000e+00
0.00000000000000e+00
3.74209769928944e+00
0.00000000000000e+00
9.23671569243934e+00
4.58405845124697e+00
1.81107962885708e+00
0.00000000000000e+00
0.00000000000000e+00
2.31472485997219e+00
3.56106259328399e+00
1.94527499590741e+01
1.12911414269863e+00
0.00000000000000e+00
0.00000000000000e+00
1.66855717801858e+01
3.44482391808458e+00
0.00000000000000e+00
0.00000000000000e+00
0.00000000000000e+00
9.99999999999926e-01
0.00000000000000e+00
1.19430424513002e+01
0.00000000000000e+00
0.00000000000000e+00
0.00000000000000e+00
1.21031203890703e+01
0.00000000000000e+00
1.94237508296897e+01
5.87124518182620e+00
1.80794686578066e+01
8.81232831100461e+00
2.28994176615080e+00
5.80702850670169e+00
0.00000000000000e+00
6.89997284680405e+00
6.89997284680405e+00
1.46528426626062e+00
1.09974808335106e+00
6.48904428353565e-01
0.00000000000000e+00
0.00000000000000e+00
4.68388911343383e+00
5.00065383570703e+00
8.03449047144479e+00
0.00000000000000e+00
0.00000000000000e+00
1.55322741182977e+01
1.98122487256537e+01
1.40699325431683e+00
2.78374452644967e+00
1.14982890837355e+01
8.63076287548586e-01
0.00000000000000e+00
7.30518748038775e+00
0.00000000000000e+00
3.97055855560201e+00
1.82450571620151e+00
0.00000000000000e+00
6.72720554126642e-01
2.30592660535154e+01
5.70399785155952e+00
2.50445710884735e+00
3.48047703488430e+00
3.90475558473655e+00
0.00000000000000e+00
1.90734345942775e+01
1.53311202839308e+00
6.64958137342060e+00
0.00000000000000e+00
0.00000000000000e+00
7.64995597074699e-01
0.00000000000000e+00
7.99183258743902e+00
0.00000000000000e+00
1.07008154197934e+01
1.28208520698152e+00
1.23354089232476e+01
4.40091942700266e-01
7.04593254080586e-01
7.18995902008615e+00
1.58474554208189e+00
1.10891393046410e+00
8.74901815137484e+00
0.00000000000000e+00
7.50676063433807e-01
0.00000000000000e+00
0.00000000000000e+00
0.00000000000000e+00
3.31477615208219e-01
1.41477085337982e+00
0.00000000000000e+00
0.00000000000000e+00
0.00000000000000e+00
3.35025188145641e-01
0.00000000000000e+00
6.43687010625739e+00
0.00000000000000e+00
8.98116419723893e+00
0.00000000000000e+00
1.47691463181237e+01
0.00000000000000e+00
0.00000000000000e+00
3.02945687842415e+00
1.01988157636114e+00
1.16805536819594e+00
1.50929457038921e+00
2.07771527559559e+00
1.29166247902900e+00
2.67888816210288e+00
0.00000000000000e+00
1.51223479819851e+00
0.00000000000000e+00
0.00000000000000e+00
0.00000000000000e+00
1.37212569607724e+00
1.29211243416697e+00
0.00000000000000e+00
1.33384855465297e+00
9.56973387880367e+00
0.00000000000000e+00
1.25162180872977e+00
9.03809796267533e+00
0.00000000000000e+00
0.00000000000000e+00
0.00000000000000e+00
0.00000000000000e+00
0.00000000000000e+00
0.00000000000000e+00
2.72136691731641e+01
2.02982780381856e+00
3.66584347801794e+00
1.29310011439178e+00
0.00000000000000e+00
0.00000000000000e+00
7.11989784210291e+00
6.24948411889358e+00
0.00000000000000e+00
0.00000000000000e+00
0.00000000000000e+00
0.00000000000000e+00
8.83573417951185e+00
0.00000000000000e+00
1.06526794769680e+01
1.06526794769680e+01
0.00000000000000e+00
3.53993315815416e+00
5.43011002943867e+00
0.00000000000000e+00
0.00000000000000e+00
0.00000000000000e+00
5.86750327172964e+00
0.00000000000000e+00
3.66584347801794e+00
1.19261824950411e+00
2.60179384992278e+01
4.34992373673439e+01
9.29461988852507e+00
0.00000000000000e+00
0.00000000000000e+00
0.00000000000000e+00
0.00000000000000e+00
1.24601726906399e+01
7.97914496079709e+00
9.91801812570090e+00
9.94132679331103e+00
0.00000000000000e+00
0.00000000000000e+00
1.30545314251569e+00
6.99508471471831e+00
0.00000000000000e+00
9.05622918066229e-01
1.46389696001902e+01
4.94314896293795e+00
1.61589351802862e+00
3.98150300346784e+00
1.65103107888017e+00
0.00000000000000e+00
0.00000000000000e+00
5.79384760865895e+00
6.82046906557401e+00
1.30126534513334e+01
7.23800692607571e+00
1.08764347350279e+00
1.77910210856390e+00
5.72257497021892e+00
1.68223555776346e+00
3.19624755975058e+01
0.00000000000000e+00
1.47746856773022e+01
2.96596706223265e+00
1.07095403277363e+01
6.95164277659983e-01
9.84979045153435e-01
4.12609488245628e+01
7.10860152763627e-01
0.00000000000000e+00
6.88941732027619e+00
3.57286872034389e+01
7.50000000000026e-01
0.00000000000000e+00
6.33487379631578e+00
2.12097375972507e+00
0.00000000000000e+00
3.39667234858374e+00
6.11218111990371e+00
2.38885505275872e+00
9.99999999999926e-01
1.24159086357465e+01
1.57224501374722e+01
1.38501194465484e+01
3.08784282956567e+00
1.02031106525404e+01
0.00000000000000e+00
3.68773852981893e+00
1.77450234051369e+01
0.00000000000000e+00
2.25767872649003e+00
1.08268602445035e+01
7.77217092337101e+00
4.87304366953618e+00
1.18672441179431e+01
2.86548899956763e+00
2.37962176676196e+01
0.00000000000000e+00
1.29968966339253e+00
7.93097630122722e+00
1.04358150167812e+00
4.06169667266743e+00
6.54221322291557e+00
1.11109784397280e+00
2.52172322088172e+01
0.00000000000000e+00
0.00000000000000e+00
0.00000000000000e+00
0.00000000000000e+00
0.00000000000000e+00
0.00000000000000e+00
8.74463545663992e+00
1.93644817711176e+00
0.00000000000000e+00
4.65573596600562e-01
0.00000000000000e+00
3.45559473761087e+00
3.44023788819073e+01
3.02854966359798e+01
6.15201866911887e+00
3.06498650872058e+01
4.12150431361710e+01
2.00215819503334e+00
1.12563816800630e+00
2.53290609748097e+01
2.67876604294882e+00
0.00000000000000e+00
1.69857926177247e+01
4.51752979238866e+00
0.00000000000000e+00
0.00000000000000e+00
3.31861520822067e+01
1.87907395231332e+01
6.63425624690446e+00
1.17999844507613e+01
2.23611544876958e+00
5.81370753733322e+00
0.00000000000000e+00
2.19975861960068e+01
0.00000000000000e+00
0.00000000000000e+00
2.64477200591476e+01
7.43599383300661e+00
4.90887993014919e+00
9.57253279555715e-01
0.00000000000000e+00
5.96393750245083e+00
0.00000000000000e+00
1.23279455520220e+01
0.00000000000000e+00
0.00000000000000e+00
1.83303554723243e+00
0.00000000000000e+00
2.84174749139532e+01
2.79606006273375e+00
1.33384855465297e+00
2.37316048978807e+01
5.03685707576140e+00
1.41904907069004e+00
1.42197737427114e+01
0.00000000000000e+00
0.00000000000000e+00
0.00000000000000e+00
2.67515116018424e+00
6.24616232185874e+01
5.00891421769468e+00
4.25575170065351e+00
2.39953075174521e+01
0.00000000000000e+00
0.00000000000000e+00
7.29930015774092e+00
1.06852032385659e+01
3.36518785032805e+00
1.26594978474335e+01
2.27380128251868e+00
0.00000000000000e+00
3.73070474166069e+00
1.95808129393906e+01
1.89533324162875e+01
1.40795963603912e+01
0.00000000000000e+00
8.92942857845664e+00
5.02901704971528e+00
5.48202569175808e+01
4.89191861376104e+00
1.60606206938522e+01
5.31599708919512e+00
2.12894701701098e+00
9.45600062316758e+00
1.64968246372007e+01
6.81161244621399e+00
2.49917291081488e+00
7.29965364564046e+00
1.12911414269863e+00
5.01382570784088e+00
9.27164228705311e-01
1.99984609797137e+01
1.90174019845288e+00
9.79609268487144e+00
1.98183735194347e+00
1.10926092644718e+01
7.26131779816540e+00
7.61384608563518e+00
1.08925856522636e+01
3.05858020686951e+00
7.13002477640041e+00
1.45098053156338e+01
2.74405802549124e+01
3.90500585078624e+00
2.54042253966389e+00
0.00000000000000e+00
1.25914503276114e+01
2.05751271470750e+00
7.19764866200326e+00
2.24285486628128e+00
3.85501163848671e+01
3.59638175859826e+01
2.06615561108445e+00
4.55725735506897e+00
2.89586127045301e+01
6.46613364364195e+00
0.00000000000000e+00
2.11038179994477e+01
0.00000000000000e+00
5.14529736378107e+01
0.00000000000000e+00
3.19193632596161e+00
8.17513772604939e+00
2.48182206521550e+01
5.68111485787764e+00
8.32936301440255e+00
2.32570277750800e+01
9.05572920150762e+00
0.00000000000000e+00
5.79384760865895e+00
0.00000000000000e+00
0.00000000000000e+00
0.00000000000000e+00
0.00000000000000e+00
3.25019660521457e+00
1.45450610558564e+01
1.70471394878008e+01
2.92485334360789e+01
1.39955686241326e+01
4.36456837203546e+00
2.58577036223186e+01
4.61530206204119e+00
3.58063164350693e+01
2.47055539991317e+01
5.48342031157718e+01
0.00000000000000e+00
1.32700685174149e+01
1.22848508804736e+01
3.94083875439894e+00
0.00000000000000e+00
9.56340142380393e+00
1.64446707309476e+01
2.39851640656221e+01
0.00000000000000e+00
8.88720066367031e+00
0.00000000000000e+00
1.76100248664569e+01
1.41075157793242e+00
0.00000000000000e+00
9.29461988852507e+00
0.00000000000000e+00
2.61305823667586e+01
5.35607959554207e+00
3.00694111259771e+00
0.00000000000000e+00
3.82379733089869e+01
1.97536431774123e+01
0.00000000000000e+00
0.00000000000000e+00
9.03451463062744e+00
1.11883975994496e+01
1.15895493742761e+01
0.00000000000000e+00
1.16543861149968e+01
4.46441157680513e+00
0.00000000000000e+00
0.00000000000000e+00
1.61952889507771e+01
2.81966130948509e+01
2.49151381864369e+01
2.13527400762773e+01
2.30564883417359e+01
2.50006838398684e+01
3.80227486769646e+01
9.98252355753467e+00
0.00000000000000e+00
2.11658038304143e+01
0.00000000000000e+00
2.26586415702146e+01
0.00000000000000e+00
0.00000000000000e+00
1.78791596054737e+01
1.67902374869024e+01
6.64448528165237e+01
4.77577045299367e+01
4.92598962321801e+00
2.84797310183059e+01
8.18443602880280e+01
1.39838498770808e+01
1.47701846256575e+01
1.56009997149161e+01
2.44436441573172e+01
8.04582586860948e+00
8.91836825656323e+01
0.00000000000000e+00
4.18597695579074e+00
2.26535977615755e+01
3.29039543111462e+01
1.42417255295256e+01
1.74776628896098e+00
1.80962917083617e+01
1.05203811327809e+01
1.47126936762088e+00
0.00000000000000e+00
3.63594628528230e+01
7.13060483547978e+00
1.74967091521739e+01
3.37323187651460e+01
3.03451770664224e+01
2.79203593626156e+01
6.02400923332127e+01
1.63872917922602e+01
2.10710795210265e+01
2.05306976311589e+01
1.38549409784972e+01
1.35716291040206e+01
5.95504127201713e+01
4.82088200190653e+01
1.18747859861369e+01
5.12717769233627e+01
5.74083256019864e+01
3.15843331898965e+01
3.11051676841412e+01
3.89866785911517e+01
6.98872795025105e+01
2.05790537175270e+01
2.19509342723709e+01
1.35995955360235e+01
4.12603170103156e+01
0.00000000000000e+00
1.56704913298034e+01
1.91180719845436e+01
6.24618773894909e+01
8.79786339233362e+00
5.53707875245148e+01
4.30694969713961e+01
4.31190837430283e+01
8.64643794995220e+01
3.65842221024958e+01
2.76659519543450e+01
2.31540410095623e+01
2.85067847924142e+01
2.63517184115624e+01
2.35940276661673e+01
6.44384849410552e+01
2.71350093525894e+01
1.17921249809838e+01
5.87021594056026e+00
1.79994521132473e+01
1.43993496440215e+01
1.11416423432226e+02
0.00000000000000e+00
0.00000000000000e+00
1.60988496907540e+01
5.02350160630274e+01
1.60797609916055e+01
4.05546632667344e+01
3.09835353829304e+01
9.45734998872707e+01
3.28210845128936e+01
4.16682679848957e+01
1.95509263896138e+01
4.78384758679585e+01
4.11309915061718e+01
2.70651756656290e+01
3.00446364050346e+01
0.00000000000000e+00
0.00000000000000e+00
3.69133208672747e+01
4.46207799875341e+01
5.65735511597920e+01
2.03488046195743e+01
8.54426612352436e+01
2.25302732579159e+01
4.59762259183688e+00
4.88812656629941e+01
1.70895459332542e+01
0.00000000000000e+00
0.00000000000000e+00
2.13619324165679e+01
2.09909884331592e+01
9.11622794935011e+01
2.01995267030683e+01
9.39902191678861e+01
0.00000000000000e+00
0.00000000000000e+00
1.62645571806416e+01
0.00000000000000e+00
9.51894817975616e+01
4.49592556164756e+01
4.25888908546975e+01
8.94260231114534e+01
2.62589628169527e+00
0.00000000000000e+00
3.55237340593555e+01
1.52472762835901e+01
5.99208506675613e+01
1.28407003217729e+01
1.32567799523038e+01
1.90504577444394e+01
4.41159810781639e+01
4.73856984649170e+01
2.68788209481350e+01
3.11695031687678e+01
4.80111734982748e+01
0.00000000000000e+00
0.00000000000000e+00
0.00000000000000e+00
0.00000000000000e+00
0.00000000000000e+00
0.00000000000000e+00
0.00000000000000e+00
1.34195516146896e+01
1.93062145247698e+01
0.00000000000000e+00
2.60628706273022e+01
3.82862947576025e+01
3.40101703752247e+01
3.69208268510768e+01
3.67691141044710e+01
3.10281378095044e+01
3.86330974818899e+01
3.53062564959688e+01
2.13217563130492e+01
0.00000000000000e+00
4.02527646581457e+01
4.85423863132799e+01
2.85494095497394e+01
3.88322594887872e+01
1.12038442371121e+01
3.69208864364205e+01
3.32766113006901e+01
6.48181395938905e+01
2.95992233841893e+01
4.77994419801954e+01
1.06651028722906e+01
4.66382860800475e+01
2.08182328683812e+01
3.06618906464951e+01
2.01340944689179e+01
0.00000000000000e+00
1.14487305589731e+01
3.58697709727495e+01
2.76396796728762e+01
9.46410650499140e+01
4.40973526898429e+01
6.93971213510611e+01
5.39895024982829e+01
4.07730497292379e+01
1.01663702254589e+01
3.94181157914886e+01
4.14948013666427e+01
0.00000000000000e+00
0.00000000000000e+00
3.01116746244141e+01
0.00000000000000e+00
0.00000000000000e+00
0.00000000000000e+00
0.00000000000000e+00
0.00000000000000e+00
0.00000000000000e+00
7.90322309974555e+00
0.00000000000000e+00
0.00000000000000e+00
0.00000000000000e+00
0.00000000000000e+00
0.00000000000000e+00
1.42329944475292e+01
0.00000000000000e+00
1.86388391873363e+01
3.63542382403787e+01
9.27949625596023e+00
2.64870475642939e+01
0.00000000000000e+00
1.49640985598639e+01
2.16418520882850e+01
2.55416800400889e+01
0.00000000000000e+00
2.93466863176523e+01
0.00000000000000e+00
0.00000000000000e+00
8.72542493827571e+01
0.00000000000000e+00
0.00000000000000e+00
0.00000000000000e+00
0.00000000000000e+00
0.00000000000000e+00
5.64964666030083e+01
5.10359497976469e+00
0.00000000000000e+00
5.10025053330510e+00
0.00000000000000e+00
2.28974611179467e+00
0.00000000000000e+00
0.00000000000000e+00
0.00000000000000e+00
1.70085766622349e+01
0.00000000000000e+00
4.39388230441068e+01
1.08753670913414e+01
0.00000000000000e+00
0.00000000000000e+00
0.00000000000000e+00
0.00000000000000e+00
0.00000000000000e+00
0.00000000000000e+00
0.00000000000000e+00
0.00000000000000e+00
0.00000000000000e+00
0.00000000000000e+00
0.00000000000000e+00
0.00000000000000e+00
0.00000000000000e+00
0.00000000000000e+00
0.00000000000000e+00
0.00000000000000e+00
0.00000000000000e+00
0.00000000000000e+00
0.00000000000000e+00
0.00000000000000e+00
0.00000000000000e+00
0.00000000000000e+00
0.00000000000000e+00
1.83287710741824e+01
0.00000000000000e+00
0.00000000000000e+00
0.00000000000000e+00
0.00000000000000e+00
0.00000000000000e+00
0.00000000000000e+00
0.00000000000000e+00
0.00000000000000e+00
0.00000000000000e+00
0.00000000000000e+00
0.00000000000000e+00
0.00000000000000e+00
6.56636932429496e+01
5.35049054368628e+01
0.00000000000000e+00
0.00000000000000e+00
0.00000000000000e+00
0.00000000000000e+00
0.00000000000000e+00
0.00000000000000e+00
0.00000000000000e+00
0.00000000000000e+00
5.74977176977921e+01
0.00000000000000e+00
0.00000000000000e+00
0.00000000000000e+00
0.00000000000000e+00
0.00000000000000e+00
0.00000000000000e+00
0.00000000000000e+00
0.00000000000000e+00
0.00000000000000e+00
0.00000000000000e+00
0.00000000000000e+00
0.00000000000000e+00
0.00000000000000e+00
0.00000000000000e+00
0.00000000000000e+00
0.00000000000000e+00
0.00000000000000e+00
0.00000000000000e+00
0.00000000000000e+00
0.00000000000000e+00
0.00000000000000e+00
0.00000000000000e+00
0.00000000000000e+00
0.00000000000000e+00
0.00000000000000e+00
0.00000000000000e+00
0.00000000000000e+00
0.00000000000000e+00
0.00000000000000e+00
0.00000000000000e+00
0.00000000000000e+00
0.00000000000000e+00
0.00000000000000e+00
0.00000000000000e+00
0.00000000000000e+00
0.00000000000000e+00
0.00000000000000e+00
0.00000000000000e+00
0.00000000000000e+00
0.00000000000000e+00
1.01663702254589e+01
0.00000000000000e+00
1.97264267470809e+01
0.00000000000000e+00
0.00000000000000e+00
0.00000000000000e+00
0.00000000000000e+00
0.00000000000000e+00
0.00000000000000e+00
1.32189955238094e+01
0.00000000000000e+00
0.00000000000000e+00
0.00000000000000e+00
0.00000000000000e+00
0.00000000000000e+00
0.00000000000000e+00
0.00000000000000e+00
0.00000000000000e+00
0.00000000000000e+00
0.00000000000000e+00
0.00000000000000e+00
0.00000000000000e+00
0.00000000000000e+00
0.00000000000000e+00
0.00000000000000e+00
0.00000000000000e+00
0.00000000000000e+00
3.32805511723465e+01
2.08636151070932e+01
1.38515840390301e+01
1.59142630513216e+01
2.90905688919361e+01
5.56325873434729e+01
0.00000000000000e+00
0.00000000000000e+00
0.00000000000000e+00
0.00000000000000e+00
2.02615421656915e+01
3.00589645953137e+01
3.75343998241051e+01
3.27902674257042e+01
0.00000000000000e+00
0.00000000000000e+00
0.00000000000000e+00
0.00000000000000e+00
0.00000000000000e+00
0.00000000000000e+00
0.00000000000000e+00
0.00000000000000e+00
0.00000000000000e+00
0.00000000000000e+00
0.00000000000000e+00
0.00000000000000e+00
0.00000000000000e+00
0.00000000000000e+00
0.00000000000000e+00
0.00000000000000e+00
0.00000000000000e+00
0.00000000000000e+00
0.00000000000000e+00
0.00000000000000e+00
0.00000000000000e+00
0.00000000000000e+00
0.00000000000000e+00
0.00000000000000e+00
0.00000000000000e+00
0.00000000000000e+00
0.00000000000000e+00
0.00000000000000e+00
0.00000000000000e+00
0.00000000000000e+00
0.00000000000000e+00
0.00000000000000e+00
0.00000000000000e+00
0.00000000000000e+00
0.00000000000000e+00
0.00000000000000e+00
0.00000000000000e+00
0.00000000000000e+00
0.00000000000000e+00
0.00000000000000e+00
0.00000000000000e+00
0.00000000000000e+00
0.00000000000000e+00
0.00000000000000e+00
0.00000000000000e+00
0.00000000000000e+00
0.00000000000000e+00
0.00000000000000e+00
0.00000000000000e+00
0.00000000000000e+00
0.00000000000000e+00
0.00000000000000e+00
0.00000000000000e+00
0.00000000000000e+00
0.00000000000000e+00
0.00000000000000e+00
0.00000000000000e+00
0.00000000000000e+00
0.00000000000000e+00
0.00000000000000e+00
0.00000000000000e+00
0.00000000000000e+00
0.00000000000000e+00
0.00000000000000e+00
0.00000000000000e+00
0.00000000000000e+00
0.00000000000000e+00
0.00000000000000e+00
0.00000000000000e+00
0.00000000000000e+00
0.00000000000000e+00
0.00000000000000e+00
0.00000000000000e+00
0.00000000000000e+00
0.00000000000000e+00
0.00000000000000e+00
6.60333327649857e+01
0.00000000000000e+00
0.00000000000000e+00
0.00000000000000e+00
0.00000000000000e+00
0.00000000000000e+00
0.00000000000000e+00
0.00000000000000e+00
0.00000000000000e+00
0.00000000000000e+00
0.00000000000000e+00
0.00000000000000e+00
0.00000000000000e+00
0.00000000000000e+00
0.00000000000000e+00
0.00000000000000e+00
0.00000000000000e+00
0.00000000000000e+00
0.00000000000000e+00
8.98125322703685e+00
0.00000000000000e+00
1.29630804337955e+01
2.80575459722958e+01
0.00000000000000e+00
0.00000000000000e+00
0.00000000000000e+00
4.98687656234314e+01
1.10528517599111e+01
7.21036119480494e+00
8.11772285642255e+00
8.11772285642255e+00
0.00000000000000e+00
0.00000000000000e+00
0.00000000000000e+00
0.00000000000000e+00
0.00000000000000e+00
0.00000000000000e+00
0.00000000000000e+00
0.00000000000000e+00
0.00000000000000e+00
0.00000000000000e+00
0.00000000000000e+00
0.00000000000000e+00
0.00000000000000e+00
0.00000000000000e+00
0.00000000000000e+00
0.00000000000000e+00
0.00000000000000e+00
0.00000000000000e+00
0.00000000000000e+00
0.00000000000000e+00
0.00000000000000e+00
0.00000000000000e+00
0.00000000000000e+00
0.00000000000000e+00
0.00000000000000e+00
0.00000000000000e+00
0.00000000000000e+00
0.00000000000000e+00
0.00000000000000e+00
0.00000000000000e+00
0.00000000000000e+00
0.00000000000000e+00
0.00000000000000e+00
0.00000000000000e+00
0.00000000000000e+00
0.00000000000000e+00
0.00000000000000e+00
0.00000000000000e+00
0.00000000000000e+00
0.00000000000000e+00
0.00000000000000e+00
0.00000000000000e+00
0.00000000000000e+00
0.00000000000000e+00
0.00000000000000e+00
0.00000000000000e+00
0.00000000000000e+00
0.00000000000000e+00
0.00000000000000e+00
0.00000000000000e+00
0.00000000000000e+00
0.00000000000000e+00
0.00000000000000e+00
0.00000000000000e+00
0.00000000000000e+00
0.00000000000000e+00
0.00000000000000e+00
0.00000000000000e+00
0.00000000000000e+00
0.00000000000000e+00
0.00000000000000e+00
0.00000000000000e+00
0.00000000000000e+00
0.00000000000000e+00
0.00000000000000e+00
0.00000000000000e+00
0.00000000000000e+00
0.00000000000000e+00
0.00000000000000e+00
9.48027327780231e+00
1.43747413910670e+01
7.04062765886798e+01
4.00255132845721e+01
1.97140209534126e+01
0.00000000000000e+00
0.00000000000000e+00
0.00000000000000e+00
0.00000000000000e+00
0.00000000000000e+00
6.92195273489985e+00
0.00000000000000e+00
0.00000000000000e+00
0.00000000000000e+00
0.00000000000000e+00
0.00000000000000e+00
0.00000000000000e+00
0.00000000000000e+00
0.00000000000000e+00
0.00000000000000e+00
0.00000000000000e+00
0.00000000000000e+00
0.00000000000000e+00
0.00000000000000e+00
0.00000000000000e+00
0.00000000000000e+00
0.00000000000000e+00
0.00000000000000e+00
0.00000000000000e+00
0.00000000000000e+00
0.00000000000000e+00
