0.00000000000000e+00
0.00000000000000e+00
0.00000000000000e+00
0.00000000000000e+00
0.00000000000000e+00
0.00000000000000e+00
0.00000000000000e+00
0.00000000000000e+00
0.00000000000000e+00
0.00000000000000e+00
1.19025844990015e+01
0.00000000000000e+00
2.02228133423355e+00
0.00000000000000e+00
0.00000000000000e+00
0.00000000000000e+00
0.00000000000000e+00
2.72295084169593e-01
0.00000000000000e+00
2.62646131200882e+00
0.00000000000000e+00
7.52050696429436e-01
3.53429913872592e-01
1.86100590534421e+00
1.24908950522890e+00
0.00000000000000e+00
1.23026668495788e+00
0.00000000000000e+00
0.00000000000000e+00
1.76752270739612e+01
0.00000000000000e+00
3.25590752092461e+00
1.00300636089708e+00
0.00000000000000e+00
2.15330867539269e+00
0.00000000000000e+00
0.00000000000000e+00
0.00000000000000e+00
0.00000000000000e+00
0.00000000000000e+00
0.00000000000000e+00
0.00000000000000e+00
0.00000000000000e+00
0.00000000000000e+00
0.00000000000000e+00
0.00000000000000e+00
0.00000000000000e+00
0.00000000000000e+00
4.78011914285072e-01
0.00000000000000e+00
0.00000000000000e+00
0.00000000000000e+00
4.53063664468511e+00
0.00000000000000e+00
0.00000000000000e+00
1.00560230707770e+00
0.00000000000000e+00
8.84713090577868e-01
0.00000000000000e+00
0.00000000000000e+00
7.54393590905967e-01
0.00000000000000e+00
1.46370180310897e+00
0.00000000000000e+00
0.00000000000000e+00
2.95905374755934e+00
0.00000000000000e+00
7.54201730308278e-01
5.65381650173814e+00
0.00000000000000e+00
0.00000000000000e+00
0.00000000000000e+00
3.78375209127690e+00
2.40290039425134e+00
0.00000000000000e+00
8.49465973326846e-01
0.00000000000000e+00
0.00000000000000e+00
0.00000000000000e+00
7.52050696429436e-01
1.59231007618443e+00
0.00000000000000e+00
0.00000000000000e+00
0.00000000000000e+00
0.00000000000000e+00
0.00000000000000e+00
0.00000000000000e+00
1.99864901561429e+00
6.66868162885901e-01
0.00000000000000e+00
2.03244571041671e+00
0.00000000000000e+00
7.47787596848196e-01
0.00000000000000e+00
0.00000000000000e+00
9.96903124681621e-01
0.00000000000000e+00
2.48160574828268e+00
9.97050129130931e-01
2.43529054134436e+00
7.47787596848196e-01
7.53964813612217e-01
0.00000000000000e+00
0.00000000000000e+00
2.40290039425134e+00
3.96660278489584e+00
0.00000000000000e+00
1.84005522784398e+00
0.00000000000000e+00
5.56171960764406e-01
0.00000000000000e+00
7.47677343511223e-01
5.52476398227847e-01
3.09479835343812e-01
3.59755147405027e-01
0.00000000000000e+00
0.00000000000000e+00
0.00000000000000e+00
0.00000000000000e+00
0.00000000000000e+00
0.00000000000000e+00
5.81352929773285e+00
0.00000000000000e+00
2.62648690822793e-01
4.10967564102204e+00
5.80960741898416e-01
1.61077597007321e+00
0.00000000000000e+00
0.00000000000000e+00
5.52476398227847e-01
0.00000000000000e+00
5.90146150636820e-01
0.00000000000000e+00
0.00000000000000e+00
7.55892611420432e-01
1.79448792259957e+00
5.10911345561097e-01
8.84575426266166e-01
0.00000000000000e+00
0.00000000000000e+00
0.00000000000000e+00
0.00000000000000e+00
0.00000000000000e+00
0.00000000000000e+00
4.11024382718508e-01
2.95668136174957e+00
0.00000000000000e+00
0.00000000000000e+00
8.60682784710265e-01
0.00000000000000e+00
1.08308667132027e+00
0.00000000000000e+00
7.86162710044814e-01
0.00000000000000e+00
0.00000000000000e+00
2.82324166079853e+00
0.00000000000000e+00
7.43067722351065e-01
0.00000000000000e+00
1.00585812120796e+00
2.82324166079853e+00
0.00000000000000e+00
0.00000000000000e+00
5.97410031068503e+00
0.00000000000000e+00
0.00000000000000e+00
7.43023694104030e-01
7.43023694104030e-01
3.17480069139383e+00
0.00000000000000e+00
4.62385534371787e+00
0.00000000000000e+00
0.00000000000000e+00
0.00000000000000e+00
0.00000000000000e+00
1.96714813394081e+01
0.00000000000000e+00
0.00000000000000e+00
3.99519308464833e+00
0.00000000000000e+00
1.50612097906281e+00
0.00000000000000e+00
0.00000000000000e+00
0.00000000000000e+00
0.00000000000000e+00
0.00000000000000e+00
0.00000000000000e+00
5.37145136007135e+00
0.00000000000000e+00
0.00000000000000e+00
0.00000000000000e+00
0.00000000000000e+00
7.12304760579978e-01
3.56607344006749e+00
0.00000000000000e+00
3.08412236273904e+00
4.11024382718508e-01
0.00000000000000e+00
0.00000000000000e+00
0.00000000000000e+00
0.00000000000000e+00
0.00000000000000e+00
0.00000000000000e+00
0.00000000000000e+00
3.13021322973300e+00
0.00000000000000e+00
8.04255003317938e-01
0.00000000000000e+00
4.94721880716778e+00
0.00000000000000e+00
0.00000000000000e+00
0.00000000000000e+00
0.00000000000000e+00
0.00000000000000e+00
1.29545498738335e+00
0.00000000000000e+00
0.00000000000000e+00
2.15403577338811e+00
0.00000000000000e+00
1.29863181007135e+00
0.00000000000000e+00
4.37711181264878e-01
0.00000000000000e+00
0.00000000000000e+00
0.00000000000000e+00
0.00000000000000e+00
0.00000000000000e+00
0.00000000000000e+00
4.33314938985564e+00
0.00000000000000e+00
1.00273426190591e+00
0.00000000000000e+00
0.00000000000000e+00
3.08412236273904e+00
4.66822866916128e+00
0.00000000000000e+00
0.00000000000000e+00
3.31287151556047e-01
0.00000000000000e+00
0.00000000000000e+00
0.00000000000000e+00
0.00000000000000e+00
7.43067722351065e-01
0.00000000000000e+00
0.00000000000000e+00
0.00000000000000e+00
0.00000000000000e+00
5.35281893751134e-01
0.00000000000000e+00
0.00000000000000e+00
0.00000000000000e+00
0.00000000000000e+00
0.00000000000000e+00
0.00000000000000e+00
0.00000000000000e+00
1.08308667132027e+00
0.00000000000000e+00
0.00000000000000e+00
0.00000000000000e+00
0.00000000000000e+00
0.00000000000000e+00
0.00000000000000e+00
9.90698258805378e-01
1.70061537655366e+01
0.00000000000000e+00
1.50793121489769e+00
0.00000000000000e+00
0.00000000000000e+00
0.00000000000000e+00
2.15586295653621e+00
8.18247149877743e-01
0.00000000000000e+00
0.00000000000000e+00
0.00000000000000e+00
0.00000000000000e+00
0.00000000000000e+00
0.00000000000000e+00
0.00000000000000e+00
7.54393590905967e-01
4.20533951142736e+00
0.00000000000000e+00
0.00000000000000e+00
0.00000000000000e+00
0.00000000000000e+00
0.00000000000000e+00
0.00000000000000e+00
0.00000000000000e+00
0.00000000000000e+00
9.90756963134758e-01
3.51963333617901e+00
0.00000000000000e+00
3.01529200662200e+00
1.52514317072072e+00
0.00000000000000e+00
3.59755147405027e-01
4.29686783654848e-01
0.00000000000000e+00
4.99775546677567e+00
0.00000000000000e+00
0.00000000000000e+00
0.00000000000000e+00
0.00000000000000e+00
0.00000000000000e+00
0.00000000000000e+00
0.00000000000000e+00
0.00000000000000e+00
0.00000000000000e+00
6.46925344715723e+00
2.15586295653621e+00
0.00000000000000e+00
0.00000000000000e+00
0.00000000000000e+00
0.00000000000000e+00
0.00000000000000e+00
0.00000000000000e+00
0.00000000000000e+00
2.63917500708768e+00
2.93887096826107e-01
0.00000000000000e+00
0.00000000000000e+00
0.00000000000000e+00
4.06338939429862e-01
0.00000000000000e+00
3.96511864375430e-01
0.00000000000000e+00
1.32692851681451e+00
0.00000000000000e+00
4.91897221649085e+00
0.00000000000000e+00
8.39340650337300e+00
0.00000000000000e+00
0.00000000000000e+00
0.00000000000000e+00
0.00000000000000e+00
0.00000000000000e+00
0.00000000000000e+00
0.00000000000000e+00
7.55892611420432e-01
8.12927694539143e-01
1.00315222755261e+00
0.00000000000000e+00
0.00000000000000e+00
0.00000000000000e+00
0.00000000000000e+00
0.00000000000000e+00
0.00000000000000e+00
0.00000000000000e+00
0.00000000000000e+00
4.15207092512751e+00
0.00000000000000e+00
0.00000000000000e+00
0.00000000000000e+00
0.00000000000000e+00
0.00000000000000e+00
0.00000000000000e+00
0.00000000000000e+00
0.00000000000000e+00
0.00000000000000e+00
0.00000000000000e+00
0.00000000000000e+00
5.27286067490164e+00
0.00000000000000e+00
0.00000000000000e+00
3.86648887086237e+00
0.00000000000000e+00
0.00000000000000e+00
0.00000000000000e+00
0.00000000000000e+00
0.00000000000000e+00
5.85040024825085e-01
1.47759622787790e+00
0.00000000000000e+00
0.00000000000000e+00
4.01409241699692e-01
9.01897201722383e-01
0.00000000000000e+00
0.00000000000000e+00
1.78926600353427e+00
0.00000000000000e+00
5.59455663702074e-01
0.00000000000000e+00
1.98125494100057e+00
0.00000000000000e+00
0.00000000000000e+00
0.00000000000000e+00
0.00000000000000e+00
0.00000000000000e+00
1.62958102889400e+00
4.99028007851282e+00
2.31887882497693e+00
0.00000000000000e+00
0.00000000000000e+00
0.00000000000000e+00
0.00000000000000e+00
0.00000000000000e+00
0.00000000000000e+00
0.00000000000000e+00
0.00000000000000e+00
0.00000000000000e+00
2.71507767979591e-01
2.78602192085347e-01
1.21203933846523e+00
0.00000000000000e+00
4.22140950784786e+00
1.43405640513347e+00
0.00000000000000e+00
0.00000000000000e+00
0.00000000000000e+00
0.00000000000000e+00
0.00000000000000e+00
2.17366932628796e+00
9.12399955599871e-01
0.00000000000000e+00
1.01974421299196e+00
2.15364175143406e+00
6.54192966218431e+00
4.08034315778628e+00
2.14952656180653e+00
5.52228531776637e-01
2.22266815270028e+01
0.00000000000000e+00
0.00000000000000e+00
0.00000000000000e+00
0.00000000000000e+00
0.00000000000000e+00
0.00000000000000e+00
2.71909317220647e-01
0.00000000000000e+00
0.00000000000000e+00
0.00000000000000e+00
0.00000000000000e+00
0.00000000000000e+00
0.00000000000000e+00
0.00000000000000e+00
0.00000000000000e+00
0.00000000000000e+00
0.00000000000000e+00
0.00000000000000e+00
0.00000000000000e+00
2.32979087430786e+00
0.00000000000000e+00
0.00000000000000e+00
0.00000000000000e+00
0.00000000000000e+00
0.00000000000000e+00
0.00000000000000e+00
0.00000000000000e+00
1.07167596335852e+01
0.00000000000000e+00
1.05162173007788e+00
6.17407961951139e+00
0.00000000000000e+00
0.00000000000000e+00
0.00000000000000e+00
5.35658297916774e+00
0.00000000000000e+00
1.13299339249412e+00
0.00000000000000e+00
1.69166913175870e+00
1.40191623421895e+01
7.55633780346009e-01
0.00000000000000e+00
0.00000000000000e+00
0.00000000000000e+00
0.00000000000000e+00
0.00000000000000e+00
5.07965016424415e+00
0.00000000000000e+00
0.00000000000000e+00
0.00000000000000e+00
2.82924113539382e-01
6.32600480839324e+00
3.91194122711472e+00
0.00000000000000e+00
0.00000000000000e+00
2.16100348474217e+00
0.00000000000000e+00
7.03997713678308e+00
4.37332855140955e-01
3.73633243437357e+00
0.00000000000000e+00
1.41144295776596e+01
3.07228500167993e-01
1.37830732625160e+00
5.90703139822115e-01
6.99176133923087e-01
2.79066593404719e+00
4.39302537292694e-01
1.01975257230819e+01
0.00000000000000e+00
0.00000000000000e+00
0.00000000000000e+00
0.00000000000000e+00
0.00000000000000e+00
2.11019974276910e+00
0.00000000000000e+00
5.50303807951622e+00
0.00000000000000e+00
7.75807555267726e+00
0.00000000000000e+00
0.00000000000000e+00
5.48552290967131e-01
0.00000000000000e+00
0.00000000000000e+00
0.00000000000000e+00
0.00000000000000e+00
0.00000000000000e+00
4.35513767225145e+00
0.00000000000000e+00
8.84932352353227e-01
5.81400768013274e+00
1.54593458611276e+00
0.00000000000000e+00
0.00000000000000e+00
3.08108361101193e+00
2.58505085707530e+00
0.00000000000000e+00
0.00000000000000e+00
0.00000000000000e+00
2.41766813185829e+00
5.89226757190888e-01
0.00000000000000e+00
7.16695580599731e+00
3.13453016009754e-01
0.00000000000000e+00
7.95225477575257e+00
9.41236658024596e+00
0.00000000000000e+00
1.23596170255033e+01
0.00000000000000e+00
0.00000000000000e+00
0.00000000000000e+00
0.00000000000000e+00
0.00000000000000e+00
0.00000000000000e+00
0.00000000000000e+00
0.00000000000000e+00
0.00000000000000e+00
0.00000000000000e+00
0.00000000000000e+00
0.00000000000000e+00
0.00000000000000e+00
6.38706560865479e-01
0.00000000000000e+00
0.00000000000000e+00
0.00000000000000e+00
0.00000000000000e+00
4.11942686256942e+00
2.39917849960304e+00
0.00000000000000e+00
0.00000000000000e+00
0.00000000000000e+00
2.39917849960304e+00
0.00000000000000e+00
0.00000000000000e+00
0.00000000000000e+00
0.00000000000000e+00
0.00000000000000e+00
0.00000000000000e+00
0.00000000000000e+00
0.00000000000000e+00
4.09599383506262e+00
8.74840247178533e-01
0.00000000000000e+00
0.00000000000000e+00
4.45946754277993e+00
0.00000000000000e+00
0.00000000000000e+00
0.00000000000000e+00
0.00000000000000e+00
0.00000000000000e+00
0.00000000000000e+00
2.14200405439926e+00
0.00000000000000e+00
2.14200405439926e+00
0.00000000000000e+00
0.00000000000000e+00
1.77620761604845e+00
0.00000000000000e+00
0.00000000000000e+00
0.00000000000000e+00
0.00000000000000e+00
0.00000000000000e+00
0.00000000000000e+00
0.00000000000000e+00
3.63847390465719e+00
3.72930406327378e+00
0.00000000000000e+00
0.00000000000000e+00
9.85666717505394e+00
7.34684969667212e+00
0.00000000000000e+00
0.00000000000000e+00
0.00000000000000e+00
3.64358831374245e-01
0.00000000000000e+00
0.00000000000000e+00
1.81242106640037e+00
0.00000000000000e+00
2.56983274083045e+00
6.79847461667396e+00
0.00000000000000e+00
0.00000000000000e+00
0.00000000000000e+00
0.00000000000000e+00
6.27713496206933e-01
6.08507787563039e-01
0.00000000000000e+00
4.53753676888721e-01
0.00000000000000e+00
3.31796568407193e+00
0.00000000000000e+00
0.00000000000000e+00
1.44128779608672e+00
0.00000000000000e+00
0.00000000000000e+00
2.37500759966429e+00
1.31954886331536e+00
2.64650490573697e+00
0.00000000000000e+00
0.00000000000000e+00
6.75112432230417e-01
0.00000000000000e+00
0.00000000000000e+00
1.39840271993886e+00
1.26192228455318e+00
0.00000000000000e+00
2.56453467876436e+00
4.61224166280755e+00
8.48734672885609e+00
8.31296333254008e-01
0.00000000000000e+00
0.00000000000000e+00
0.00000000000000e+00
0.00000000000000e+00
0.00000000000000e+00
3.41034721878432e+00
0.00000000000000e+00
3.96511864375430e-01
8.61975498294338e-01
0.00000000000000e+00
0.00000000000000e+00
0.00000000000000e+00
0.00000000000000e+00
9.93736812871568e-01
0.00000000000000e+00
0.00000000000000e+00
0.00000000000000e+00
3.38689878865375e+00
0.00000000000000e+00
0.00000000000000e+00
0.00000000000000e+00
2.63155693141495e+00
0.00000000000000e+00
1.83984167579063e+00
8.27689653226091e-01
8.46625384138513e-01
0.00000000000000e+00
1.00751170712801e+00
0.00000000000000e+00
0.00000000000000e+00
2.57759661726096e+00
2.67885896050524e-01
0.00000000000000e+00
0.00000000000000e+00
9.01205217390275e-01
0.00000000000000e+00
0.00000000000000e+00
1.33181973670358e+00
1.04400476046848e+00
0.00000000000000e+00
0.00000000000000e+00
8.75584073338862e-01
1.76301726352938e+00
0.00000000000000e+00
1.70478063065426e+00
0.00000000000000e+00
1.32918205410171e+00
7.17687607627795e-01
1.35583925123110e+00
0.00000000000000e+00
0.00000000000000e+00
1.18027908340463e+00
0.00000000000000e+00
0.00000000000000e+00
1.54875583345774e+01
0.00000000000000e+00
1.00785681522724e+00
1.83714197063515e+01
0.00000000000000e+00
0.00000000000000e+00
0.00000000000000e+00
2.62523855381480e+00
0.00000000000000e+00
1.00792261826178e+00
1.06139681744277e+00
1.96808147540344e+00
4.84059095715344e+00
2.27757948912565e+00
0.00000000000000e+00
5.79073453687152e-01
0.00000000000000e+00
4.33210943368158e+00
3.07435595685273e+00
6.75112432230417e-01
0.00000000000000e+00
2.28442310980315e+00
0.00000000000000e+00
1.05627322707044e+01
1.54704141947649e+00
0.00000000000000e+00
0.00000000000000e+00
0.00000000000000e+00
1.86719072362206e+00
0.00000000000000e+00
0.00000000000000e+00
8.77582546375310e+00
0.00000000000000e+00
0.00000000000000e+00
0.00000000000000e+00
5.04367447433045e+00
4.13517519315158e+00
3.04530995904216e+00
0.00000000000000e+00
2.83133778976448e+00
0.00000000000000e+00
3.41909049886630e+00
0.00000000000000e+00
9.98233728419860e+00
4.72565289726396e-01
0.00000000000000e+00
1.37579980749094e+00
0.00000000000000e+00
0.00000000000000e+00
1.60713996739447e+00
5.99302493811061e-01
4.56199098447745e+00
1.47544317421207e+00
2.22762518350391e+00
0.00000000000000e+00
0.00000000000000e+00
0.00000000000000e+00
6.61142558340588e+00
4.23401403558302e+00
4.22468916645140e+00
0.00000000000000e+00
0.00000000000000e+00
0.00000000000000e+00
4.16182292770764e+01
0.00000000000000e+00
2.64564111182050e+01
0.00000000000000e+00
0.00000000000000e+00
3.31796568407193e+00
1.20525861819324e+00
0.00000000000000e+00
0.00000000000000e+00
0.00000000000000e+00
1.16344166083897e+00
5.69875978351559e-01
4.26940273226411e+00
9.88668343801827e-01
7.97783241970269e-01
4.97705003908753e-01
6.79553135761689e+00
0.00000000000000e+00
0.00000000000000e+00
8.91499068542995e-01
2.43989258262775e+01
0.00000000000000e+00
0.00000000000000e+00
0.00000000000000e+00
5.80082520676672e-01
0.00000000000000e+00
0.00000000000000e+00
1.10086074377779e+00
3.93328008377694e+00
6.81495094928239e+00
0.00000000000000e+00
0.00000000000000e+00
0.00000000000000e+00
2.23927276575677e+00
0.00000000000000e+00
0.00000000000000e+00
0.00000000000000e+00
1.06636732783565e+00
7.55633780346009e-01
0.00000000000000e+00
1.12622705704171e+00
0.00000000000000e+00
6.37327188828073e+00
2.74103630883382e+00
0.00000000000000e+00
5.72700270763876e+00
0.00000000000000e+00
1.17738283994475e+01
1.04193301861882e+00
6.99035439134263e+00
0.00000000000000e+00
1.06554449504242e+00
0.00000000000000e+00
4.85997737313454e+00
1.14129921361777e+00
2.11533311128724e+00
5.55582657064006e+00
3.55361255466019e+00
0.00000000000000e+00
1.71799023257700e+00
0.00000000000000e+00
3.48964489503875e+00
0.00000000000000e+00
0.00000000000000e+00
4.57553182420085e+01
7.87690141015635e+00
6.57195525264229e+00
0.00000000000000e+00
2.31867946685112e+00
2.05266890255101e+00
3.21971170288537e+01
0.00000000000000e+00
1.48026322655942e+00
0.00000000000000e+00
6.62282777250400e-01
1.23624860142898e+01
0.00000000000000e+00
1.31560757441353e+00
0.00000000000000e+00
4.39475897138536e+00
0.00000000000000e+00
0.00000000000000e+00
2.09556644631498e+01
0.00000000000000e+00
0.00000000000000e+00
4.88124037888619e+01
1.33181973670358e+00
1.93547290014450e+00
3.85141707732362e+00
3.79295408465696e+00
1.26638549761987e+00
0.00000000000000e+00
2.80524476630472e+00
0.00000000000000e+00
0.00000000000000e+00
0.00000000000000e+00
3.65827514300138e+00
4.13504599040923e+00
0.00000000000000e+00
0.00000000000000e+00
4.23647390414374e+00
8.81077525451906e+00
1.75942284726233e+01
5.37358259607446e+00
2.38084499456633e+00
3.00848174190510e+00
0.00000000000000e+00
5.03490043732019e+00
3.73271761605731e+00
2.39865469783991e+00
1.42024092839546e+00
0.00000000000000e+00
6.67359400124522e-01
0.00000000000000e+00
0.00000000000000e+00
1.42561336277107e+00
1.57341670745965e+00
8.48509410372317e+00
0.00000000000000e+00
8.51531173659885e+00
0.00000000000000e+00
1.38327584568645e+00
7.11772428518150e+00
2.46889476469755e+01
0.00000000000000e+00
0.00000000000000e+00
1.67178143591611e+00
0.00000000000000e+00
0.00000000000000e+00
0.00000000000000e+00
0.00000000000000e+00
0.00000000000000e+00
2.15146152120477e+00
0.00000000000000e+00
4.23298079891605e+00
0.00000000000000e+00
0.00000000000000e+00
1.58080165840890e+01
1.71763666605059e+00
6.06493642009469e+00
2.77358360123905e+00
1.82418746592376e+00
3.33457170494134e+00
1.83693220531490e+00
1.78147712480870e+01
4.26563726387651e+00
0.00000000000000e+00
1.86579216024099e+00
4.52266807122414e+00
1.36802639745773e+01
1.03194093217717e+00
0.00000000000000e+00
5.84271792728637e-01
3.98630252327728e+00
7.62877076330354e+00
0.00000000000000e+00
0.00000000000000e+00
2.73090088472881e+01
6.98330044260398e+01
0.00000000000000e+00
4.76824783082302e+00
8.41802670392928e+00
1.07388277466316e+00
0.00000000000000e+00
1.68294691616190e+01
8.80243491300915e+00
1.16158896896166e+01
2.60960918987748e+00
5.04990741783546e+01
7.28809243631117e-01
3.94588735621029e+00
0.00000000000000e+00
2.72893578011485e+00
1.98125494100057e+00
1.01915003638441e+00
5.89078473164135e+00
0.00000000000000e+00
0.00000000000000e+00
1.23590237920786e+01
0.00000000000000e+00
0.00000000000000e+00
0.00000000000000e+00
7.83508031657872e+00
1.67324593921912e+00
0.00000000000000e+00
0.00000000000000e+00
0.00000000000000e+00
0.00000000000000e+00
0.00000000000000e+00
0.00000000000000e+00
1.09520537804159e+00
0.00000000000000e+00
0.00000000000000e+00
0.00000000000000e+00
4.52266807122414e+00
2.52164714501003e+00
4.83408532966959e+00
2.81293586496682e+01
7.32276681251340e+00
1.62327607561282e+00
1.25561293354953e+00
1.89878270547283e+01
5.72160066542606e+01
5.84991558554194e+00
0.00000000000000e+00
3.06096106652189e+00
1.48997189794231e+00
1.63083476486060e+00
2.06056072810971e+01
0.00000000000000e+00
2.27344378805207e+00
0.00000000000000e+00
7.16475902989128e+00
4.52361191970028e+00
0.00000000000000e+00
2.34335493991216e+01
6.38374939099412e+00
0.00000000000000e+00
0.00000000000000e+00
3.64374138618452e+00
6.06032576668927e+00
0.00000000000000e+00
0.00000000000000e+00
0.00000000000000e+00
8.55255734459152e+00
0.00000000000000e+00
0.00000000000000e+00
4.76824783082302e+00
9.82118734610799e+00
1.03602326514807e+01
8.57038809372263e+00
4.52361191970028e+00
9.72185937884050e+00
1.12360282654266e+01
4.42609958099891e+00
1.02756642914650e+01
0.00000000000000e+00
3.40050492746134e-01
1.47525884615615e+01
0.00000000000000e+00
2.71160831343437e+01
0.00000000000000e+00
6.86380551701923e+00
4.90056259435166e+00
2.38912267635615e+00
6.26134509685196e+01
2.21989203290754e+01
1.12605768466151e+01
1.37023391407834e+01
0.00000000000000e+00
0.00000000000000e+00
4.71331944541187e+00
4.98100955721323e+00
2.52072837375766e+00
2.84273666316336e+01
1.42998867870123e+00
9.98515101860863e+00
0.00000000000000e+00
9.90867957838655e+00
6.11374781170955e-01
0.00000000000000e+00
8.03396759650472e+00
0.00000000000000e+00
2.40396518060611e+00
0.00000000000000e+00
2.67617584579628e+01
1.06609482439888e+01
1.45653490966101e+00
0.00000000000000e+00
0.00000000000000e+00
1.99224174866640e+01
0.00000000000000e+00
0.00000000000000e+00
5.42034088503430e+00
0.00000000000000e+00
4.30082098050693e+00
0.00000000000000e+00
5.73616166025371e+01
2.41023306068313e+01
0.00000000000000e+00
0.00000000000000e+00
4.54748275160674e+01
0.00000000000000e+00
0.00000000000000e+00
0.00000000000000e+00
0.00000000000000e+00
0.00000000000000e+00
0.00000000000000e+00
1.12366795085823e+01
2.98000129463168e+00
2.64251467188634e+00
1.96808147540344e+00
0.00000000000000e+00
1.84532099984784e+00
2.38914976354240e+00
5.23357297138827e-01
2.59547978229556e+00
3.27936197149345e+01
0.00000000000000e+00
3.33457170494134e+00
1.56146175503848e+01
0.00000000000000e+00
0.00000000000000e+00
3.12000479838955e+00
0.00000000000000e+00
4.79852118444383e+00
2.06056072810971e+01
1.24734254549301e+01
1.22631094186405e+01
0.00000000000000e+00
2.59596693396193e+01
2.54983393992526e+01
2.36116415642548e+01
9.04210687890666e+00
2.36741519333289e+01
1.89610388072303e+01
1.86823307695507e+01
2.26607691731801e+00
4.25433324887347e+01
6.08615305145079e+00
0.00000000000000e+00
0.00000000000000e+00
0.00000000000000e+00
4.57553182420085e+01
9.92173386211894e+00
2.28742888621741e+01
5.59039053601443e+00
7.21365534063982e+00
0.00000000000000e+00
1.37050771534974e+01
5.04990741783546e+01
0.00000000000000e+00
0.00000000000000e+00
0.00000000000000e+00
0.00000000000000e+00
3.73409081368669e+00
3.24843461662084e+01
8.63288328220520e+00
0.00000000000000e+00
0.00000000000000e+00
2.97748158206811e+00
4.54748275160674e+01
1.27379368196180e+01
3.07589701549139e+01
1.41695048080132e+01
6.60541029189564e+00
5.10045144477663e+00
1.91231129158661e+01
4.23565247170951e+00
1.18607795136463e+01
1.81537408020813e+01
9.04210687890666e+00
2.27757948912565e+00
5.69984434404828e+00
1.06802776444710e+01
2.56520653719655e+01
9.59667106872473e+00
5.27064917388826e+00
1.54633128043492e+01
1.47607662631911e+01
3.66232020031685e+00
3.18159951328869e+01
3.28922935832447e+01
2.60297079432155e+01
2.15550516714640e+01
5.06011156827721e+01
0.00000000000000e+00
6.47156384390148e+00
4.53244188613053e+00
1.69338562540131e+01
5.28350430431957e+00
2.97070788438223e+01
1.47574430072069e+01
4.36759378284375e+01
1.10258140319213e+01
2.52634190422865e+01
2.41337145993612e+01
5.08669944529984e+01
0.00000000000000e+00
0.00000000000000e+00
1.59905607712076e+01
2.42722925548965e+01
7.79766838770734e+00
7.79766838770734e+00
6.97407443561349e+01
4.74054333671458e+01
1.58973326302549e+01
2.88982245049412e+01
4.80328932633062e+01
1.52319224683126e+01
2.14564082025301e+01
2.86423538000053e+01
6.23241264189425e+01
1.45944365035251e+01
2.71096160645908e+01
2.14196822313241e+01
5.77246995639951e+01
3.95753878896623e+01
1.29813247419292e+01
2.50833255019925e+01
0.00000000000000e+00
0.00000000000000e+00
0.00000000000000e+00
0.00000000000000e+00
0.00000000000000e+00
7.21365534063982e+00
1.21968757712321e+01
3.63632013857927e+01
5.18430568282773e+00
2.31953141540508e+01
0.00000000000000e+00
7.84917817003607e+01
3.90069468737514e+01
0.00000000000000e+00
2.15114761894448e+01
1.87848320326820e+02
0.00000000000000e+00
0.00000000000000e+00
0.00000000000000e+00
0.00000000000000e+00
0.00000000000000e+00
6.11410144786276e+00
6.14804547475730e+00
2.44609077587512e+01
0.00000000000000e+00
0.00000000000000e+00
0.00000000000000e+00
0.00000000000000e+00
0.00000000000000e+00
1.04714848975195e+02
0.00000000000000e+00
0.00000000000000e+00
0.00000000000000e+00
0.00000000000000e+00
0.00000000000000e+00
8.63288328220520e+00
2.34053137903931e+01
6.70615624635231e+01
0.00000000000000e+00
0.00000000000000e+00
0.00000000000000e+00
1.20810137490755e+02
1.31102942256607e+01
1.38638934720455e+02
0.00000000000000e+00
0.00000000000000e+00
0.00000000000000e+00
0.00000000000000e+00
0.00000000000000e+00
0.00000000000000e+00
2.51947870257095e+01
1.18822274931014e+01
0.00000000000000e+00
2.33552149263926e+01
8.94078055715194e+01
0.00000000000000e+00
0.00000000000000e+00
0.00000000000000e+00
0.00000000000000e+00
0.00000000000000e+00
0.00000000000000e+00
6.15008790774662e+00
0.00000000000000e+00
5.16748594818776e+01
1.77328831279621e+01
0.00000000000000e+00
1.10492607650707e+02
3.60769228632813e+01
2.60671272744623e+01
0.00000000000000e+00
0.00000000000000e+00
0.00000000000000e+00
0.00000000000000e+00
0.00000000000000e+00
0.00000000000000e+00
0.00000000000000e+00
0.00000000000000e+00
0.00000000000000e+00
0.00000000000000e+00
0.00000000000000e+00
0.00000000000000e+00
0.00000000000000e+00
0.00000000000000e+00
0.00000000000000e+00
0.00000000000000e+00
0.00000000000000e+00
0.00000000000000e+00
0.00000000000000e+00
0.00000000000000e+00
0.00000000000000e+00
0.00000000000000e+00
0.00000000000000e+00
0.00000000000000e+00
0.00000000000000e+00
0.00000000000000e+00
0.00000000000000e+00
3.18675159261700e+01
0.00000000000000e+00
0.00000000000000e+00
0.00000000000000e+00
0.00000000000000e+00
0.00000000000000e+00
0.00000000000000e+00
0.00000000000000e+00
0.00000000000000e+00
0.00000000000000e+00
2.34176339696406e+01
1.62259591853236e+01
1.98647578518878e+01
5.33598830975180e+01
4.03595198316767e+01
8.79363464926089e+01
0.00000000000000e+00
0.00000000000000e+00
0.00000000000000e+00
1.02136223229501e+02
0.00000000000000e+00
0.00000000000000e+00
0.00000000000000e+00
0.00000000000000e+00
0.00000000000000e+00
0.00000000000000e+00
1.44111847774087e+02
1.10100586554311e+02
0.00000000000000e+00
0.00000000000000e+00
0.00000000000000e+00
8.79508542005325e+01
0.00000000000000e+00
0.00000000000000e+00
0.00000000000000e+00
0.00000000000000e+00
0.00000000000000e+00
0.00000000000000e+00
0.00000000000000e+00
0.00000000000000e+00
0.00000000000000e+00
0.00000000000000e+00
0.00000000000000e+00
0.00000000000000e+00
2.56513045200878e+01
0.00000000000000e+00
0.00000000000000e+00
0.00000000000000e+00
0.00000000000000e+00
0.00000000000000e+00
0.00000000000000e+00
0.00000000000000e+00
0.00000000000000e+00
0.00000000000000e+00
7.89898312134982e+01
0.00000000000000e+00
0.00000000000000e+00
0.00000000000000e+00
0.00000000000000e+00
0.00000000000000e+00
0.00000000000000e+00
0.00000000000000e+00
0.00000000000000e+00
0.00000000000000e+00
0.00000000000000e+00
0.00000000000000e+00
0.00000000000000e+00
0.00000000000000e+00
0.00000000000000e+00
0.00000000000000e+00
0.00000000000000e+00
8.79508542005325e+01
0.00000000000000e+00
0.00000000000000e+00
0.00000000000000e+00
0.00000000000000e+00
8.22964921565853e+00
0.00000000000000e+00
0.00000000000000e+00
0.00000000000000e+00
0.00000000000000e+00
0.00000000000000e+00
0.00000000000000e+00
0.00000000000000e+00
0.00000000000000e+00
0.00000000000000e+00
0.00000000000000e+00
0.00000000000000e+00
0.00000000000000e+00
0.00000000000000e+00
0.00000000000000e+00
0.00000000000000e+00
0.00000000000000e+00
0.00000000000000e+00
0.00000000000000e+00
0.00000000000000e+00
0.00000000000000e+00
0.00000000000000e+00
0.00000000000000e+00
0.00000000000000e+00
0.00000000000000e+00
0.00000000000000e+00
0.00000000000000e+00
0.00000000000000e+00
0.00000000000000e+00
0.00000000000000e+00
0.00000000000000e+00
0.00000000000000e+00
0.00000000000000e+00
0.00000000000000e+00
0.00000000000000e+00
0.00000000000000e+00
0.00000000000000e+00
0.00000000000000e+00
0.00000000000000e+00
3.37489515243294e+01
6.45521476453190e+01
5.16411722224288e+01
2.44144903119258e+01
0.00000000000000e+00
0.00000000000000e+00
0.00000000000000e+00
0.00000000000000e+00
0.00000000000000e+00
0.00000000000000e+00
0.00000000000000e+00
0.00000000000000e+00
0.00000000000000e+00
0.00000000000000e+00
0.00000000000000e+00
0.00000000000000e+00
0.00000000000000e+00
0.00000000000000e+00
0.00000000000000e+00
0.00000000000000e+00
0.00000000000000e+00
0.00000000000000e+00
0.00000000000000e+00
0.00000000000000e+00
0.00000000000000e+00
0.00000000000000e+00
0.00000000000000e+00
0.00000000000000e+00
0.00000000000000e+00
7.44015513815238e+01
0.00000000000000e+00
0.00000000000000e+00
0.00000000000000e+00
0.00000000000000e+00
1.81547571311569e+02
0.00000000000000e+00
0.00000000000000e+00
0.00000000000000e+00
8.58503920386062e+01
0.00000000000000e+00
0.00000000000000e+00
0.00000000000000e+00
0.00000000000000e+00
0.00000000000000e+00
0.00000000000000e+00
0.00000000000000e+00
0.00000000000000e+00
0.00000000000000e+00
0.00000000000000e+00
0.00000000000000e+00
0.00000000000000e+00
0.00000000000000e+00
0.00000000000000e+00
0.00000000000000e+00
0.00000000000000e+00
0.00000000000000e+00
0.00000000000000e+00
0.00000000000000e+00
0.00000000000000e+00
0.00000000000000e+00
0.00000000000000e+00
0.00000000000000e+00
0.00000000000000e+00
0.00000000000000e+00
0.00000000000000e+00
0.00000000000000e+00
0.00000000000000e+00
0.00000000000000e+00
0.00000000000000e+00
0.00000000000000e+00
0.00000000000000e+00
0.00000000000000e+00
0.00000000000000e+00
0.00000000000000e+00
0.00000000000000e+00
0.00000000000000e+00
0.00000000000000e+00
0.00000000000000e+00
0.00000000000000e+00
0.00000000000000e+00
0.00000000000000e+00
0.00000000000000e+00
0.00000000000000e+00
0.00000000000000e+00
0.00000000000000e+00
0.00000000000000e+00
0.00000000000000e+00
0.00000000000000e+00
0.00000000000000e+00
5.09446324172530e+01
0.00000000000000e+00
0.00000000000000e+00
0.00000000000000e+00
0.00000000000000e+00
0.00000000000000e+00
0.00000000000000e+00
0.00000000000000e+00
0.00000000000000e+00
0.00000000000000e+00
0.00000000000000e+00
0.00000000000000e+00
0.00000000000000e+00
0.00000000000000e+00
0.00000000000000e+00
0.00000000000000e+00
0.00000000000000e+00
0.00000000000000e+00
0.00000000000000e+00
0.00000000000000e+00
0.00000000000000e+00
0.00000000000000e+00
0.00000000000000e+00
0.00000000000000e+00
0.00000000000000e+00
0.00000000000000e+00
0.00000000000000e+00
0.00000000000000e+00
0.00000000000000e+00
0.00000000000000e+00
0.00000000000000e+00
0.00000000000000e+00
0.00000000000000e+00
0.00000000000000e+00
0.00000000000000e+00
0.00000000000000e+00
0.00000000000000e+00
0.00000000000000e+00
0.00000000000000e+00
0.00000000000000e+00
0.00000000000000e+00
0.00000000000000e+00
0.00000000000000e+00
0.00000000000000e+00
0.00000000000000e+00
0.00000000000000e+00
0.00000000000000e+00
0.00000000000000e+00
0.00000000000000e+00
0.00000000000000e+00
0.00000000000000e+00
0.00000000000000e+00
0.00000000000000e+00
0.00000000000000e+00
0.00000000000000e+00
0.00000000000000e+00
0.00000000000000e+00
0.00000000000000e+00
0.00000000000000e+00
0.00000000000000e+00
0.00000000000000e+00
0.00000000000000e+00
0.00000000000000e+00
0.00000000000000e+00
0.00000000000000e+00
0.00000000000000e+00
0.00000000000000e+00
0.00000000000000e+00
0.00000000000000e+00
0.00000000000000e+00
0.00000000000000e+00
0.00000000000000e+00
0.00000000000000e+00
0.00000000000000e+00
0.00000000000000e+00
0.00000000000000e+00
0.00000000000000e+00
0.00000000000000e+00
0.00000000000000e+00
0.00000000000000e+00
0.00000000000000e+00
0.00000000000000e+00
0.00000000000000e+00
0.00000000000000e+00
0.00000000000000e+00
0.00000000000000e+00
0.00000000000000e+00
0.00000000000000e+00
0.00000000000000e+00
0.00000000000000e+00
0.00000000000000e+00
0.00000000000000e+00
0.00000000000000e+00
0.00000000000000e+00
0.00000000000000e+00
0.00000000000000e+00
0.00000000000000e+00
0.00000000000000e+00
0.00000000000000e+00
0.00000000000000e+00
0.00000000000000e+00
0.00000000000000e+00
0.00000000000000e+00
0.00000000000000e+00
0.00000000000000e+00
0.00000000000000e+00
0.00000000000000e+00
0.00000000000000e+00
0.00000000000000e+00
0.00000000000000e+00
0.00000000000000e+00
0.00000000000000e+00
1.32520955182559e+02
4.60996444649469e+01
0.00000000000000e+00
0.00000000000000e+00
3.16536941365092e+01
7.79955636946553e+01
0.00000000000000e+00
0.00000000000000e+00
0.00000000000000e+00
0.00000000000000e+00
0.00000000000000e+00
0.00000000000000e+00
0.00000000000000e+00
0.00000000000000e+00
0.00000000000000e+00
0.00000000000000e+00
0.00000000000000e+00
0.00000000000000e+00
0.00000000000000e+00
0.00000000000000e+00
0.00000000000000e+00
0.00000000000000e+00
0.00000000000000e+00
0.00000000000000e+00
0.00000000000000e+00
0.00000000000000e+00
0.00000000000000e+00
0.00000000000000e+00
0.00000000000000e+00
0.00000000000000e+00
0.00000000000000e+00
0.00000000000000e+00
0.00000000000000e+00
0.00000000000000e+00
0.00000000000000e+00
0.00000000000000e+00
0.00000000000000e+00
0.00000000000000e+00
0.00000000000000e+00
0.00000000000000e+00
0.00000000000000e+00
0.00000000000000e+00
0.00000000000000e+00
0.00000000000000e+00
0.00000000000000e+00
0.00000000000000e+00
0.00000000000000e+00
0.00000000000000e+00
0.00000000000000e+00
0.00000000000000e+00
0.00000000000000e+00
0.00000000000000e+00
0.00000000000000e+00
0.00000000000000e+00
0.00000000000000e+00
0.00000000000000e+00
0.00000000000000e+00
0.00000000000000e+00
0.00000000000000e+00
0.00000000000000e+00
0.00000000000000e+00
0.00000000000000e+00
0.00000000000000e+00
0.00000000000000e+00
0.00000000000000e+00
0.00000000000000e+00
0.00000000000000e+00
0.00000000000000e+00
0.00000000000000e+00
0.00000000000000e+00
0.00000000000000e+00
0.00000000000000e+00
0.00000000000000e+00
0.00000000000000e+00
0.00000000000000e+00
0.00000000000000e+00
0.00000000000000e+00
0.00000000000000e+00
0.00000000000000e+00
0.00000000000000e+00
0.00000000000000e+00
0.00000000000000e+00
0.00000000000000e+00
0.00000000000000e+00
0.00000000000000e+00
0.00000000000000e+00
0.00000000000000e+00
0.00000000000000e+00
0.00000000000000e+00
0.00000000000000e+00
0.00000000000000e+00
0.00000000000000e+00
0.00000000000000e+00
0.00000000000000e+00
0.00000000000000e+00
0.00000000000000e+00
0.00000000000000e+00
0.00000000000000e+00
0.00000000000000e+00
0.00000000000000e+00
0.00000000000000e+00
0.00000000000000e+00
0.00000000000000e+00
0.00000000000000e+00
0.00000000000000e+00
0.00000000000000e+00
0.00000000000000e+00
0.00000000000000e+00
0.00000000000000e+00
0.00000000000000e+00
0.00000000000000e+00
0.00000000000000e+00
0.00000000000000e+00
0.00000000000000e+00
0.00000000000000e+00
0.00000000000000e+00
0.00000000000000e+00
0.00000000000000e+00
0.00000000000000e+00
0.00000000000000e+00
0.00000000000000e+00
0.00000000000000e+00
0.00000000000000e+00
0.00000000000000e+00
0.00000000000000e+00
0.00000000000000e+00
0.00000000000000e+00
0.00000000000000e+00
0.00000000000000e+00
0.00000000000000e+00
0.00000000000000e+00
0.00000000000000e+00
0.00000000000000e+00
0.00000000000000e+00
0.00000000000000e+00
0.00000000000000e+00
0.00000000000000e+00
0.00000000000000e+00
4.35230613788284e+01
0.00000000000000e+00
0.00000000000000e+00
2.92490913210855e+01
0.00000000000000e+00
0.00000000000000e+00
0.00000000000000e+00
0.00000000000000e+00
0.00000000000000e+00
0.00000000000000e+00
0.00000000000000e+00
0.00000000000000e+00
0.00000000000000e+00
0.00000000000000e+00
0.00000000000000e+00
0.00000000000000e+00
0.00000000000000e+00
0.00000000000000e+00
0.00000000000000e+00
0.00000000000000e+00
0.00000000000000e+00
0.00000000000000e+00
0.00000000000000e+00
0.00000000000000e+00
0.00000000000000e+00
0.00000000000000e+00
0.00000000000000e+00
0.00000000000000e+00
0.00000000000000e+00
0.00000000000000e+00
0.00000000000000e+00
0.00000000000000e+00
0.00000000000000e+00
0.00000000000000e+00
0.00000000000000e+00
0.00000000000000e+00
0.00000000000000e+00
0.00000000000000e+00
0.00000000000000e+00
0.00000000000000e+00
0.00000000000000e+00
0.00000000000000e+00
0.00000000000000e+00
0.00000000000000e+00
0.00000000000000e+00
0.00000000000000e+00
0.00000000000000e+00
0.00000000000000e+00
0.00000000000000e+00
0.00000000000000e+00
0.00000000000000e+00
0.00000000000000e+00
0.00000000000000e+00
0.00000000000000e+00
0.00000000000000e+00
0.00000000000000e+00
0.00000000000000e+00
0.00000000000000e+00
0.00000000000000e+00
0.00000000000000e+00
0.00000000000000e+00
0.00000000000000e+00
0.00000000000000e+00
0.00000000000000e+00
0.00000000000000e+00
0.00000000000000e+00
0.00000000000000e+00
0.00000000000000e+00
0.00000000000000e+00
0.00000000000000e+00
0.00000000000000e+00
0.00000000000000e+00
0.00000000000000e+00
0.00000000000000e+00
0.00000000000000e+00
0.00000000000000e+00
0.00000000000000e+00
0.00000000000000e+00
0.00000000000000e+00
0.00000000000000e+00
0.00000000000000e+00
0.00000000000000e+00
0.00000000000000e+00
0.00000000000000e+00
0.00000000000000e+00
0.00000000000000e+00
0.00000000000000e+00
0.00000000000000e+00
0.00000000000000e+00
0.00000000000000e+00
0.00000000000000e+00
0.00000000000000e+00
0.00000000000000e+00
0.00000000000000e+00
0.00000000000000e+00
0.00000000000000e+00
0.00000000000000e+00
0.00000000000000e+00
0.00000000000000e+00
0.00000000000000e+00
0.00000000000000e+00
0.00000000000000e+00
0.00000000000000e+00
0.00000000000000e+00
0.00000000000000e+00
0.00000000000000e+00
0.00000000000000e+00
0.00000000000000e+00
0.00000000000000e+00
0.00000000000000e+00
0.00000000000000e+00
0.00000000000000e+00
0.00000000000000e+00
0.00000000000000e+00
0.00000000000000e+00
0.00000000000000e+00
0.00000000000000e+00
0.00000000000000e+00
0.00000000000000e+00
0.00000000000000e+00
0.00000000000000e+00
0.00000000000000e+00
0.00000000000000e+00
0.00000000000000e+00
0.00000000000000e+00
0.00000000000000e+00
0.00000000000000e+00
0.00000000000000e+00
0.00000000000000e+00
0.00000000000000e+00
0.00000000000000e+00
0.00000000000000e+00
0.00000000000000e+00
0.00000000000000e+00
0.00000000000000e+00
0.00000000000000e+00
0.00000000000000e+00
0.00000000000000e+00
0.00000000000000e+00
0.00000000000000e+00
0.00000000000000e+00
0.00000000000000e+00
0.00000000000000e+00
0.00000000000000e+00
0.00000000000000e+00
0.00000000000000e+00
0.00000000000000e+00
0.00000000000000e+00
0.00000000000000e+00
0.00000000000000e+00
0.00000000000000e+00
