0.00000000000000e+00
4.46767712200047e+00
0.00000000000000e+00
0.00000000000000e+00
0.00000000000000e+00
0.00000000000000e+00
5.25347884140107e+00
0.00000000000000e+00
0.00000000000000e+00
0.00000000000000e+00
0.00000000000000e+00
0.00000000000000e+00
0.00000000000000e+00
0.00000000000000e+00
0.00000000000000e+00
0.00000000000000e+00
0.00000000000000e+00
0.00000000000000e+00
7.53139887404724e-01
0.00000000000000e+00
7.53334348081912e-01
0.00000000000000e+00
1.04813565546162e+00
5.28176548791247e+00
0.00000000000000e+00
0.00000000000000e+00
1.67997820675228e+00
0.00000000000000e+00
2.79548809622158e+00
6.96832747499430e-01
0.00000000000000e+00
0.00000000000000e+00
3.62400241886701e+00
0.00000000000000e+00
0.00000000000000e+00
0.00000000000000e+00
2.48849271648527e-01
0.00000000000000e+00
6.41230920910252e+00
0.00000000000000e+00
0.00000000000000e+00
8.23874840042643e-01
0.00000000000000e+00
7.42597629945045e-01
0.00000000000000e+00
7.42597629945045e-01
0.00000000000000e+00
0.00000000000000e+00
0.00000000000000e+00
0.00000000000000e+00
7.42377808127342e-01
0.00000000000000e+00
2.48990682556574e-01
0.00000000000000e+00
0.00000000000000e+00
0.00000000000000e+00
0.00000000000000e+00
0.00000000000000e+00
0.00000000000000e+00
0.00000000000000e+00
0.00000000000000e+00
0.00000000000000e+00
4.00370599206233e+00
2.39691813796161e+00
0.00000000000000e+00
0.00000000000000e+00
0.00000000000000e+00
2.56645332713218e+00
3.84317019243768e+00
7.39990972917927e-01
0.00000000000000e+00
7.39990972917927e-01
0.00000000000000e+00
1.99028439130385e+01
0.00000000000000e+00
0.00000000000000e+00
0.00000000000000e+00
0.00000000000000e+00
9.86654630557180e-01
0.00000000000000e+00
0.00000000000000e+00
0.00000000000000e+00
0.00000000000000e+00
0.00000000000000e+00
0.00000000000000e+00
2.31673692171828e+00
0.00000000000000e+00
0.00000000000000e+00
0.00000000000000e+00
0.00000000000000e+00
2.58902652577798e+00
3.25003492366068e-01
0.00000000000000e+00
9.73438401062348e+00
0.00000000000000e+00
0.00000000000000e+00
2.91955562737315e+00
0.00000000000000e+00
0.00000000000000e+00
0.00000000000000e+00
4.04805822938049e+00
0.00000000000000e+00
0.00000000000000e+00
0.00000000000000e+00
0.00000000000000e+00
0.00000000000000e+00
0.00000000000000e+00
0.00000000000000e+00
0.00000000000000e+00
0.00000000000000e+00
7.52656953731218e-01
0.00000000000000e+00
0.00000000000000e+00
3.72218728566697e+00
1.14987756139070e+00
7.25608702682551e-01
0.00000000000000e+00
1.21847729596868e+00
3.05497953433470e+00
0.00000000000000e+00
0.00000000000000e+00
4.96022736230844e+00
5.36184416382132e-01
0.00000000000000e+00
0.00000000000000e+00
0.00000000000000e+00
0.00000000000000e+00
6.12936176016223e-01
0.00000000000000e+00
5.49292436231665e+00
0.00000000000000e+00
0.00000000000000e+00
0.00000000000000e+00
0.00000000000000e+00
6.02847264907101e+00
0.00000000000000e+00
7.56863851693288e-01
3.00713876880234e+00
1.87425483094999e+00
0.00000000000000e+00
0.00000000000000e+00
0.00000000000000e+00
0.00000000000000e+00
0.00000000000000e+00
0.00000000000000e+00
6.18077142442513e-01
7.56863851693288e-01
0.00000000000000e+00
0.00000000000000e+00
0.00000000000000e+00
1.02696590705837e+00
0.00000000000000e+00
6.64993522193462e-01
0.00000000000000e+00
0.00000000000000e+00
0.00000000000000e+00
1.03904649388000e+00
7.44102150245534e-01
9.93794827919690e-01
0.00000000000000e+00
1.23170950000096e+00
2.93984759350027e+00
1.44690228952672e+00
8.24013831984291e-01
1.14909510292040e+00
1.28752491469082e+00
0.00000000000000e+00
0.00000000000000e+00
4.02917641481708e-01
2.32729038822212e+00
1.17415067602547e+00
0.00000000000000e+00
6.38993722461343e+00
8.30846326435517e-01
1.19414883915555e+01
2.41631036547216e+00
0.00000000000000e+00
0.00000000000000e+00
0.00000000000000e+00
0.00000000000000e+00
1.54426360746871e+00
0.00000000000000e+00
2.67084972634620e+00
3.29561617442510e+00
3.51992159383109e+00
2.26735528755386e-01
0.00000000000000e+00
1.99048714960924e+00
0.00000000000000e+00
0.00000000000000e+00
1.10301872995055e+00
0.00000000000000e+00
4.82078621808235e-01
0.00000000000000e+00
4.34102729602365e+00
0.00000000000000e+00
1.61373478904237e+00
0.00000000000000e+00
0.00000000000000e+00
0.00000000000000e+00
0.00000000000000e+00
1.03656852897339e+01
0.00000000000000e+00
1.61407692887825e+00
0.00000000000000e+00
0.00000000000000e+00
7.51811552185799e-01
0.00000000000000e+00
0.00000000000000e+00
1.61407692887825e+00
1.30295198201779e+01
0.00000000000000e+00
0.00000000000000e+00
3.02120819871754e+00
0.00000000000000e+00
0.00000000000000e+00
0.00000000000000e+00
0.00000000000000e+00
0.00000000000000e+00
0.00000000000000e+00
0.00000000000000e+00
0.00000000000000e+00
0.00000000000000e+00
0.00000000000000e+00
2.57286817522064e+00
0.00000000000000e+00
1.83804871454826e+00
0.00000000000000e+00
0.00000000000000e+00
0.00000000000000e+00
4.37460423056044e+00
0.00000000000000e+00
5.70760392980589e+00
0.00000000000000e+00
0.00000000000000e+00
0.00000000000000e+00
0.00000000000000e+00
0.00000000000000e+00
2.29737879622767e+00
0.00000000000000e+00
0.00000000000000e+00
0.00000000000000e+00
0.00000000000000e+00
0.00000000000000e+00
0.00000000000000e+00
0.00000000000000e+00
0.00000000000000e+00
0.00000000000000e+00
0.00000000000000e+00
0.00000000000000e+00
0.00000000000000e+00
0.00000000000000e+00
0.00000000000000e+00
0.00000000000000e+00
0.00000000000000e+00
0.00000000000000e+00
0.00000000000000e+00
0.00000000000000e+00
0.00000000000000e+00
0.00000000000000e+00
0.00000000000000e+00
4.34102729602365e+00
0.00000000000000e+00
0.00000000000000e+00
0.00000000000000e+00
0.00000000000000e+00
0.00000000000000e+00
0.00000000000000e+00
0.00000000000000e+00
0.00000000000000e+00
8.85183393398575e+00
0.00000000000000e+00
0.00000000000000e+00
1.55052850273084e+00
0.00000000000000e+00
0.00000000000000e+00
0.00000000000000e+00
0.00000000000000e+00
0.00000000000000e+00
1.87711380848373e+00
0.00000000000000e+00
0.00000000000000e+00
0.00000000000000e+00
0.00000000000000e+00
0.00000000000000e+00
0.00000000000000e+00
0.00000000000000e+00
0.00000000000000e+00
1.87711380848343e+00
0.00000000000000e+00
0.00000000000000e+00
0.00000000000000e+00
4.11678742751507e+00
0.00000000000000e+00
0.00000000000000e+00
0.00000000000000e+00
2.50281841131135e+00
0.00000000000000e+00
0.00000000000000e+00
0.00000000000000e+00
0.00000000000000e+00
0.00000000000000e+00
0.00000000000000e+00
0.00000000000000e+00
0.00000000000000e+00
0.00000000000000e+00
0.00000000000000e+00
0.00000000000000e+00
0.00000000000000e+00
0.00000000000000e+00
0.00000000000000e+00
0.00000000000000e+00
0.00000000000000e+00
1.25298054653698e+00
0.00000000000000e+00
0.00000000000000e+00
0.00000000000000e+00
6.44015245365462e+00
0.00000000000000e+00
5.14531519251270e+00
0.00000000000000e+00
0.00000000000000e+00
0.00000000000000e+00
3.54171052997094e+00
0.00000000000000e+00
0.00000000000000e+00
0.00000000000000e+00
7.45346120939814e-01
2.26735528755443e-01
2.21024743059258e+00
3.66235882808828e+00
4.65818724168875e-01
0.00000000000000e+00
0.00000000000000e+00
0.00000000000000e+00
0.00000000000000e+00
0.00000000000000e+00
0.00000000000000e+00
0.00000000000000e+00
0.00000000000000e+00
0.00000000000000e+00
0.00000000000000e+00
0.00000000000000e+00
0.00000000000000e+00
0.00000000000000e+00
0.00000000000000e+00
0.00000000000000e+00
0.00000000000000e+00
0.00000000000000e+00
0.00000000000000e+00
0.00000000000000e+00
0.00000000000000e+00
0.00000000000000e+00
0.00000000000000e+00
0.00000000000000e+00
0.00000000000000e+00
0.00000000000000e+00
7.53139887404724e-01
0.00000000000000e+00
2.15107915026398e+01
0.00000000000000e+00
0.00000000000000e+00
0.00000000000000e+00
0.00000000000000e+00
5.61179557734205e-01
7.51070063502919e-01
7.88570748559315e-01
0.00000000000000e+00
0.00000000000000e+00
4.54509166340678e-01
0.00000000000000e+00
7.23470746970697e+00
0.00000000000000e+00
0.00000000000000e+00
0.00000000000000e+00
1.15894205852741e+01
0.00000000000000e+00
0.00000000000000e+00
6.66546036292114e-01
5.85435596719901e-01
4.85564794318004e-01
0.00000000000000e+00
7.23470746970697e+00
0.00000000000000e+00
4.85564794318004e-01
0.00000000000000e+00
0.00000000000000e+00
0.00000000000000e+00
0.00000000000000e+00
0.00000000000000e+00
0.00000000000000e+00
0.00000000000000e+00
1.34661680492333e+00
3.87918145424958e+00
8.12805022365961e-01
0.00000000000000e+00
0.00000000000000e+00
0.00000000000000e+00
9.93633646504815e+00
0.00000000000000e+00
0.00000000000000e+00
5.36557132613694e+00
0.00000000000000e+00
0.00000000000000e+00
0.00000000000000e+00
8.07653637408873e+00
4.79598830725233e+00
3.80999506146677e-01
2.95380299999978e+00
2.07768812525547e+00
3.80999506146677e-01
8.54560515515613e-01
0.00000000000000e+00
2.89855215659103e+00
0.00000000000000e+00
0.00000000000000e+00
0.00000000000000e+00
0.00000000000000e+00
0.00000000000000e+00
0.00000000000000e+00
0.00000000000000e+00
0.00000000000000e+00
0.00000000000000e+00
0.00000000000000e+00
0.00000000000000e+00
7.42377808127342e-01
0.00000000000000e+00
5.27092918187426e-01
3.33337839969573e-01
2.50003379977151e-01
0.00000000000000e+00
0.00000000000000e+00
3.76661336201050e+00
0.00000000000000e+00
0.00000000000000e+00
0.00000000000000e+00
0.00000000000000e+00
7.88570748559315e-01
3.61722062603089e+00
1.39340590800929e+01
0.00000000000000e+00
0.00000000000000e+00
0.00000000000000e+00
7.12402167720542e+00
9.93633646504815e+00
3.34121399261157e-01
0.00000000000000e+00
2.60552009720508e+00
1.66037922574211e+00
0.00000000000000e+00
5.63153132494846e+00
4.50269037699798e+00
0.00000000000000e+00
7.53334348081913e-01
3.36808136111762e+00
0.00000000000000e+00
7.34336659659789e+00
0.00000000000000e+00
0.00000000000000e+00
0.00000000000000e+00
0.00000000000000e+00
0.00000000000000e+00
0.00000000000000e+00
0.00000000000000e+00
3.08134785771343e+00
0.00000000000000e+00
0.00000000000000e+00
1.80949626745466e+00
2.99817563780526e+00
1.74372934195834e+00
7.35171843329972e-01
0.00000000000000e+00
0.00000000000000e+00
1.45223862160522e+00
0.00000000000000e+00
0.00000000000000e+00
3.70606342593655e+00
0.00000000000000e+00
0.00000000000000e+00
0.00000000000000e+00
0.00000000000000e+00
1.95247588205759e+00
3.09827470177292e+00
6.29421439491929e-01
9.24297399463567e-01
1.51081557100863e+01
0.00000000000000e+00
4.12242176210858e+00
0.00000000000000e+00
1.00241540291434e+00
2.24220863805597e+01
4.82100931255182e-01
0.00000000000000e+00
0.00000000000000e+00
0.00000000000000e+00
0.00000000000000e+00
6.72639230176141e+00
0.00000000000000e+00
0.00000000000000e+00
0.00000000000000e+00
1.10654523727995e+00
2.03012890667128e+01
0.00000000000000e+00
0.00000000000000e+00
4.47391594730633e+00
6.85276930046712e-01
0.00000000000000e+00
0.00000000000000e+00
6.53284394001997e-01
1.44910689896478e+01
0.00000000000000e+00
2.68564014546169e+00
0.00000000000000e+00
4.96152542676431e+00
0.00000000000000e+00
0.00000000000000e+00
5.83282002449244e+00
7.45346120939814e-01
9.92136200327318e-01
6.67628857340116e+00
0.00000000000000e+00
0.00000000000000e+00
0.00000000000000e+00
0.00000000000000e+00
1.10816036922247e+01
5.95007215540766e-01
0.00000000000000e+00
1.00418651653963e+00
0.00000000000000e+00
1.00444579744255e+00
0.00000000000000e+00
0.00000000000000e+00
9.56431257022299e-01
9.64738997735829e-01
0.00000000000000e+00
0.00000000000000e+00
1.04223166318977e+01
0.00000000000000e+00
0.00000000000000e+00
0.00000000000000e+00
0.00000000000000e+00
0.00000000000000e+00
0.00000000000000e+00
5.68656152893933e+00
1.83976422665891e+00
0.00000000000000e+00
0.00000000000000e+00
8.45569500911427e-01
0.00000000000000e+00
0.00000000000000e+00
1.06087812458384e+00
8.65155583637264e-01
0.00000000000000e+00
1.15935142741510e+01
6.34736314868934e+01
1.19309230504832e+00
0.00000000000000e+00
1.00354260497503e+00
3.30081196303719e+00
8.44589981281041e+00
0.00000000000000e+00
1.64968926162200e+00
2.72886020416461e+00
1.84614800544367e+00
0.00000000000000e+00
3.06164849767882e+00
0.00000000000000e+00
6.42816043490911e-01
0.00000000000000e+00
0.00000000000000e+00
0.00000000000000e+00
1.66209012269203e+00
3.85051043804559e-01
0.00000000000000e+00
0.00000000000000e+00
5.07749697408290e-01
0.00000000000000e+00
9.90130173260069e-01
0.00000000000000e+00
0.00000000000000e+00
3.39665784450414e+00
0.00000000000000e+00
0.00000000000000e+00
0.00000000000000e+00
0.00000000000000e+00
2.03959964426854e+00
0.00000000000000e+00
0.00000000000000e+00
0.00000000000000e+00
1.29864980769685e+00
7.64760442310377e+00
0.00000000000000e+00
9.51025466707318e-01
0.00000000000000e+00
0.00000000000000e+00
0.00000000000000e+00
0.00000000000000e+00
0.00000000000000e+00
0.00000000000000e+00
9.89837077503197e-01
0.00000000000000e+00
0.00000000000000e+00
0.00000000000000e+00
1.35109336261763e+01
0.00000000000000e+00
0.00000000000000e+00
0.00000000000000e+00
5.40343024583347e-01
5.29447258635079e+00
7.52656953731218e-01
0.00000000000000e+00
2.75800838736316e+00
8.21555142677582e-01
9.87307135020425e+00
5.54763827318704e-01
1.68770660192578e+00
2.99312995696860e+00
7.28322977160912e+00
3.85051043804559e-01
2.03418428484687e+00
3.14048735210459e+01
1.47037247276919e+00
0.00000000000000e+00
1.02297510607949e+00
0.00000000000000e+00
4.03115760448335e+00
1.23537465778077e+01
0.00000000000000e+00
0.00000000000000e+00
2.20285764567555e+00
4.35368516428251e-01
4.96926615744357e+00
7.77456658413703e-01
4.81452870870022e-01
2.58413202464788e-01
0.00000000000000e+00
4.81452870870022e-01
2.73909335947057e-01
1.65970846488521e-01
0.00000000000000e+00
0.00000000000000e+00
6.35374783723964e+00
9.95618397615304e+00
0.00000000000000e+00
0.00000000000000e+00
4.60866656566437e+00
4.62540596195726e+00
0.00000000000000e+00
0.00000000000000e+00
0.00000000000000e+00
0.00000000000000e+00
3.09823028528910e+00
6.51033214079933e+00
0.00000000000000e+00
1.75377594765881e+01
0.00000000000000e+00
1.28471444336598e+00
0.00000000000000e+00
1.13437897810654e+00
3.19397578813201e+00
0.00000000000000e+00
4.79694056191427e-01
1.86849658088727e+01
7.35211597165513e+00
6.03602062933026e+00
0.00000000000000e+00
0.00000000000000e+00
0.00000000000000e+00
1.78485562849587e+00
3.39665784450414e+00
0.00000000000000e+00
1.17563490890400e+01
0.00000000000000e+00
9.76565119035635e-01
0.00000000000000e+00
2.06464037783798e+01
0.00000000000000e+00
2.94572989797295e+00
0.00000000000000e+00
5.17411754537496e+00
1.32556915673529e+00
8.28184277476581e-01
6.90854312312136e-01
5.46721710962026e+00
5.17158662749816e+00
0.00000000000000e+00
8.72618405779067e+01
2.63104550676280e+00
8.19482110827629e-01
1.57902821117117e+00
7.81153642732669e-01
7.82089966719329e-01
4.78630193000329e+00
0.00000000000000e+00
6.99314912080681e-01
0.00000000000000e+00
3.83372901561761e+00
7.74542570564037e+00
0.00000000000000e+00
1.10567435079756e+00
0.00000000000000e+00
2.18006926521844e-01
0.00000000000000e+00
0.00000000000000e+00
0.00000000000000e+00
4.54355702676658e-01
4.54355702676658e-01
0.00000000000000e+00
0.00000000000000e+00
0.00000000000000e+00
0.00000000000000e+00
2.03959964426854e+00
2.29737879622767e+00
0.00000000000000e+00
0.00000000000000e+00
0.00000000000000e+00
0.00000000000000e+00
0.00000000000000e+00
0.00000000000000e+00
5.68418170209059e+00
0.00000000000000e+00
0.00000000000000e+00
0.00000000000000e+00
1.75910697263677e+00
0.00000000000000e+00
2.85114867285554e-01
4.22058729098060e+00
0.00000000000000e+00
8.65427069454942e-01
2.72886020416461e+00
4.41629437721447e+00
4.95327365437823e+00
2.27635845455827e+01
0.00000000000000e+00
1.78090568710881e+00
0.00000000000000e+00
5.99441497406804e+00
1.98032723481236e+01
5.03046385396110e+00
4.60734544567905e+00
4.53249739450430e+00
4.30931801294994e+00
0.00000000000000e+00
0.00000000000000e+00
1.70802057388391e+01
0.00000000000000e+00
3.67152326088470e+00
0.00000000000000e+00
0.00000000000000e+00
0.00000000000000e+00
0.00000000000000e+00
1.61623564923582e+01
1.09086105931325e+00
0.00000000000000e+00
6.89849870831711e-01
6.42816043490911e-01
2.09548424493968e+01
0.00000000000000e+00
1.14419958209499e+01
0.00000000000000e+00
5.51656260707757e+00
0.00000000000000e+00
0.00000000000000e+00
0.00000000000000e+00
1.15649530046507e+02
2.34434906091614e+01
1.26978599873087e+01
0.00000000000000e+00
5.46391067156059e+00
0.00000000000000e+00
3.55831338123790e+00
2.61127719815217e+00
1.10567435079756e+00
1.06548444693571e+00
0.00000000000000e+00
0.00000000000000e+00
0.00000000000000e+00
1.05233990985991e+00
5.55045565255764e+00
0.00000000000000e+00
0.00000000000000e+00
0.00000000000000e+00
0.00000000000000e+00
0.00000000000000e+00
0.00000000000000e+00
0.00000000000000e+00
0.00000000000000e+00
0.00000000000000e+00
0.00000000000000e+00
0.00000000000000e+00
0.00000000000000e+00
0.00000000000000e+00
0.00000000000000e+00
0.00000000000000e+00
1.20653554563784e+00
0.00000000000000e+00
0.00000000000000e+00
0.00000000000000e+00
0.00000000000000e+00
1.24617660176179e+00
0.00000000000000e+00
0.00000000000000e+00
4.40890005595357e-01
4.25139579346896e-01
9.28197407787478e+00
6.73448338534761e+00
4.96777642379172e-01
1.71795995767524e+00
2.89562701397851e+01
0.00000000000000e+00
0.00000000000000e+00
0.00000000000000e+00
0.00000000000000e+00
0.00000000000000e+00
0.00000000000000e+00
2.61996295009167e+01
0.00000000000000e+00
0.00000000000000e+00
1.31662429103371e+01
5.63267480154767e+00
3.74971445439159e+01
4.95422776310857e-01
4.36439735401242e+00
4.39505027667167e+00
1.69338700140064e+01
3.86145925978105e+01
2.48761001376428e+00
0.00000000000000e+00
2.61991807599641e+00
4.98623225498819e+01
2.44522757839979e+01
1.16354282097444e+01
0.00000000000000e+00
6.99759970012819e+00
0.00000000000000e+00
1.81434224787313e+00
5.41337417306648e+00
0.00000000000000e+00
0.00000000000000e+00
0.00000000000000e+00
0.00000000000000e+00
0.00000000000000e+00
3.21893650601888e+00
2.54986449482452e+00
1.80060038687822e+01
0.00000000000000e+00
7.50869821088334e-01
0.00000000000000e+00
1.79051475891124e+01
0.00000000000000e+00
0.00000000000000e+00
0.00000000000000e+00
0.00000000000000e+00
0.00000000000000e+00
1.17231656525970e+01
6.24654588556669e-01
0.00000000000000e+00
1.96055260848461e+00
1.27440727463659e+01
0.00000000000000e+00
0.00000000000000e+00
1.04321057814516e+00
4.40890005595357e-01
2.48761001376428e+00
0.00000000000000e+00
0.00000000000000e+00
2.61991807599641e+00
0.00000000000000e+00
1.72545293797446e+00
3.99357574888350e+00
3.43662609622140e-01
1.05089377834129e+01
3.80930082269441e+00
3.09823028528910e+00
6.67539323283512e+01
3.57329457488815e+00
2.27141905404941e+01
0.00000000000000e+00
2.91236077381817e+00
1.66209012269203e+00
2.03251425057790e+00
5.70902430070336e+01
2.67623315568570e+00
0.00000000000000e+00
0.00000000000000e+00
1.75995559489150e+00
2.23773666004443e+00
0.00000000000000e+00
1.00915180225772e+00
0.00000000000000e+00
1.24394263013604e+00
1.04321057814516e+00
0.00000000000000e+00
6.08989002055462e+00
2.04972901816799e+00
0.00000000000000e+00
1.10904518661585e+01
1.44690228952672e+00
1.88130878205358e+00
4.93350263579055e+01
0.00000000000000e+00
1.11921159248640e+00
2.43037028424734e+00
0.00000000000000e+00
8.03322370327905e+00
1.20001890436895e+01
0.00000000000000e+00
0.00000000000000e+00
0.00000000000000e+00
3.87102504396457e+00
8.68993308627995e-01
1.01202192095469e+01
3.87604498053617e+00
0.00000000000000e+00
2.88223229184952e+00
1.29119063824261e+01
0.00000000000000e+00
2.21889023626580e+00
1.03902905316164e+01
0.00000000000000e+00
5.25642502296867e+00
0.00000000000000e+00
0.00000000000000e+00
0.00000000000000e+00
0.00000000000000e+00
1.83120647081128e+01
0.00000000000000e+00
6.32479830177687e+00
5.96673421628241e-01
7.77137532829548e+00
1.00445902557839e+00
0.00000000000000e+00
0.00000000000000e+00
2.60816855420045e+01
3.63602598394508e+00
2.31902306157980e+00
3.26616790482627e+00
0.00000000000000e+00
3.62462977098362e+01
6.14426627490484e+00
3.78047016472498e-01
4.37960065321555e+00
0.00000000000000e+00
8.64235476932069e+00
2.00467947233367e+00
5.55283204293828e+00
1.64025722749938e+01
5.40948776160205e+00
3.35791673286384e+00
1.82092065531310e+01
1.07871732416579e+01
6.02176025634293e+00
0.00000000000000e+00
0.00000000000000e+00
8.47927557547305e+00
0.00000000000000e+00
2.40506616308078e+00
1.78090568710881e+00
4.96489939912860e+00
0.00000000000000e+00
0.00000000000000e+00
1.94356609974146e+00
5.15277116898231e+00
0.00000000000000e+00
0.00000000000000e+00
0.00000000000000e+00
0.00000000000000e+00
5.90669385712364e-01
0.00000000000000e+00
0.00000000000000e+00
0.00000000000000e+00
1.55103213190094e+00
0.00000000000000e+00
4.19383412669934e+00
6.19054023397605e-01
0.00000000000000e+00
2.76654247135179e+00
2.92511276383865e+00
3.96738445415521e+00
0.00000000000000e+00
0.00000000000000e+00
0.00000000000000e+00
3.56198672965173e+00
0.00000000000000e+00
8.65359242643827e+00
1.53318542813792e+01
1.08848346306187e+00
8.39759888190634e+00
2.33950588642970e+01
0.00000000000000e+00
0.00000000000000e+00
0.00000000000000e+00
1.39637510727140e+00
1.39637510727140e+00
0.00000000000000e+00
1.24394263013604e+00
0.00000000000000e+00
0.00000000000000e+00
0.00000000000000e+00
2.83460813773986e+01
1.55490135919830e+01
5.47212114825826e-01
4.09309407753926e+00
0.00000000000000e+00
1.17301839510942e+01
0.00000000000000e+00
3.56861507928164e+00
5.85259232235119e-01
3.26461805112723e+01
0.00000000000000e+00
3.33393953087742e+00
0.00000000000000e+00
0.00000000000000e+00
1.30953994095156e+01
1.86184692246455e+00
0.00000000000000e+00
1.57964515744887e+00
0.00000000000000e+00
0.00000000000000e+00
0.00000000000000e+00
3.78698752222418e+00
6.02163945629961e-01
2.46674926435679e+01
6.91648502513603e+00
0.00000000000000e+00
0.00000000000000e+00
6.26402735590614e+00
0.00000000000000e+00
0.00000000000000e+00
0.00000000000000e+00
3.78683080387273e+00
1.81434224787313e+00
6.81448957870346e+00
0.00000000000000e+00
1.30520737859398e+00
1.30520737859398e+00
0.00000000000000e+00
0.00000000000000e+00
0.00000000000000e+00
0.00000000000000e+00
0.00000000000000e+00
1.93350724564374e+00
1.12930789256659e+01
1.05105507464353e+01
1.45630041916235e+01
1.34075916153682e+00
2.98694172395267e+01
5.85698041963806e+00
0.00000000000000e+00
1.53318542813792e+01
1.47215078343874e+01
1.22438387156531e+00
2.29781992470618e+01
2.44833285121070e+00
2.32539181930300e+01
0.00000000000000e+00
0.00000000000000e+00
0.00000000000000e+00
9.73982284794593e-01
3.45948977003384e+00
0.00000000000000e+00
0.00000000000000e+00
1.08970981410064e+02
2.56051747372500e+01
7.81435193104437e-01
0.00000000000000e+00
0.00000000000000e+00
4.99080160568316e+01
3.36643656514287e+00
0.00000000000000e+00
0.00000000000000e+00
0.00000000000000e+00
5.29723164124703e+00
7.53711645663405e-01
2.24953937920435e+00
5.28052037660877e+00
1.08888512806035e+00
7.37399976580984e+00
4.38109305672481e+00
0.00000000000000e+00
2.85176671094082e+01
4.78724688186525e+00
0.00000000000000e+00
8.57027857485054e-01
2.00435840924361e+00
0.00000000000000e+00
0.00000000000000e+00
3.05648871049511e+01
1.71190529732713e+00
0.00000000000000e+00
1.38048300510124e+01
0.00000000000000e+00
0.00000000000000e+00
3.34837693447044e+00
9.16990564708667e+01
3.72844458487749e+00
0.00000000000000e+00
1.22746845294468e+01
2.45197764524455e+01
0.00000000000000e+00
0.00000000000000e+00
0.00000000000000e+00
0.00000000000000e+00
2.23474758141195e+01
4.74261925012569e+01
4.65255537783860e+00
0.00000000000000e+00
2.08477963065623e+01
5.12970361197693e+00
1.78215133153905e+00
0.00000000000000e+00
1.30227615752576e+02
3.95410627916943e+01
0.00000000000000e+00
1.63284371427087e+01
0.00000000000000e+00
0.00000000000000e+00
3.77452357602223e+00
0.00000000000000e+00
5.41629977955110e+01
1.39409601703864e+02
1.93350724564374e+00
0.00000000000000e+00
3.36643656514287e+00
4.69990843163050e+00
1.21308957005002e+01
6.18886713780612e+01
9.18115150989382e+00
3.56917767844943e+00
0.00000000000000e+00
0.00000000000000e+00
0.00000000000000e+00
5.23358964380673e+00
3.80296998594207e+00
4.08092652481785e+00
3.56917767844943e+00
2.48392375846250e+01
0.00000000000000e+00
0.00000000000000e+00
0.00000000000000e+00
0.00000000000000e+00
0.00000000000000e+00
1.12598415604397e+01
0.00000000000000e+00
0.00000000000000e+00
5.94552139772872e+00
5.57739777649067e+00
4.56492181063311e+00
2.56238660022250e+00
3.48149105454960e+01
1.15269418486747e+01
1.28898471132457e+01
3.07251805766044e+01
1.38192864663628e+01
2.04426318075640e+01
3.99064275617511e+01
3.11402086911597e+01
9.84612343583329e+00
2.08273978962439e+00
0.00000000000000e+00
3.62408302707828e+00
0.00000000000000e+00
1.92210393156224e+01
1.27032905413821e+01
4.09309407753926e+00
1.07257486023953e+00
2.66616435764006e+00
9.18952326005816e+00
0.00000000000000e+00
1.58047720786035e+01
0.00000000000000e+00
2.48159799324116e+01
6.58889561931823e+00
9.70379360908142e+00
4.98839962074941e+00
0.00000000000000e+00
0.00000000000000e+00
2.58028709748881e+01
5.73114339947784e+00
1.81329847049343e+01
0.00000000000000e+00
1.05568970236292e+00
7.19420840866060e+00
3.67297474209932e+00
1.01278782800519e+01
3.08088224207668e+01
4.13622053447885e+01
1.52105320502376e+01
0.00000000000000e+00
2.90764381528207e+00
1.08958898205698e+01
7.15521801680650e+00
2.90764381528207e+00
6.46429563390709e+00
3.84810845940426e+01
6.82688868158255e+00
1.82213372666724e+01
0.00000000000000e+00
1.04457350932116e+01
4.69314569645684e+00
3.71000806143400e+00
0.00000000000000e+00
0.00000000000000e+00
0.00000000000000e+00
0.00000000000000e+00
1.31994503337076e+02
0.00000000000000e+00
0.00000000000000e+00
0.00000000000000e+00
0.00000000000000e+00
1.17301839510942e+01
1.17034234165641e+01
4.54029253305047e+00
0.00000000000000e+00
4.17304248735975e+01
0.00000000000000e+00
1.46461491377712e+01
0.00000000000000e+00
0.00000000000000e+00
5.79636455938383e+00
8.07218253341575e+00
2.62567552598418e+00
7.91909299899116e+00
1.41253847091943e+01
4.12444179580746e+01
1.49076209487015e+01
1.09977871572981e+01
0.00000000000000e+00
4.91806590526507e+00
7.50869821088334e-01
0.00000000000000e+00
2.22224268983676e+00
0.00000000000000e+00
1.02392075963545e+01
2.95294495327578e+01
0.00000000000000e+00
0.00000000000000e+00
0.00000000000000e+00
0.00000000000000e+00
0.00000000000000e+00
1.93520005334818e+00
1.12598415604397e+01
0.00000000000000e+00
0.00000000000000e+00
0.00000000000000e+00
0.00000000000000e+00
0.00000000000000e+00
0.00000000000000e+00
0.00000000000000e+00
3.52886343102416e+01
6.62012360641659e+01
0.00000000000000e+00
0.00000000000000e+00
0.00000000000000e+00
1.29119063824261e+01
8.29302034638089e-01
0.00000000000000e+00
2.44998431084293e+01
2.82871756501257e+01
7.94534203556598e+00
0.00000000000000e+00
5.04484544686008e+00
0.00000000000000e+00
3.65973513972900e+01
0.00000000000000e+00
0.00000000000000e+00
1.82343752187289e+01
9.00974262205454e+00
4.87870097872546e+01
0.00000000000000e+00
0.00000000000000e+00
9.06023449769075e+00
1.05711887646002e+01
1.54329242677459e+01
7.96750560059417e+01
0.00000000000000e+00
0.00000000000000e+00
4.39244521131764e+00
0.00000000000000e+00
5.13118352867644e+01
5.95602981984564e+01
5.73114339947784e+00
3.94664932794247e+01
3.94262508954257e+01
1.11984151113602e+01
2.29041591663266e+01
0.00000000000000e+00
4.42881745883240e+01
2.46877651274283e+01
0.00000000000000e+00
0.00000000000000e+00
0.00000000000000e+00
0.00000000000000e+00
0.00000000000000e+00
0.00000000000000e+00
0.00000000000000e+00
5.06937478412057e+00
3.50843893314600e+01
3.69334437510214e+01
2.46095129170245e+01
1.18226974862923e+01
2.54217199174109e+01
1.72195630461033e+01
0.00000000000000e+00
0.00000000000000e+00
0.00000000000000e+00
4.61673325077924e+01
0.00000000000000e+00
2.42603490100532e+01
2.50324060924814e+01
0.00000000000000e+00
1.54329242677459e+01
2.07686549469620e+01
0.00000000000000e+00
6.86906540708845e+00
1.05656843513422e+01
4.00689410804491e+01
0.00000000000000e+00
0.00000000000000e+00
0.00000000000000e+00
0.00000000000000e+00
0.00000000000000e+00
0.00000000000000e+00
0.00000000000000e+00
1.60981278041776e+02
2.00926186008930e+01
9.49363250541086e+01
2.30141306191395e+01
0.00000000000000e+00
1.49447213987243e+00
0.00000000000000e+00
0.00000000000000e+00
0.00000000000000e+00
0.00000000000000e+00
0.00000000000000e+00
0.00000000000000e+00
0.00000000000000e+00
0.00000000000000e+00
0.00000000000000e+00
0.00000000000000e+00
0.00000000000000e+00
0.00000000000000e+00
0.00000000000000e+00
0.00000000000000e+00
0.00000000000000e+00
0.00000000000000e+00
0.00000000000000e+00
0.00000000000000e+00
0.00000000000000e+00
0.00000000000000e+00
0.00000000000000e+00
0.00000000000000e+00
0.00000000000000e+00
0.00000000000000e+00
0.00000000000000e+00
0.00000000000000e+00
1.98910463942264e+01
1.67858895139348e+01
0.00000000000000e+00
0.00000000000000e+00
0.00000000000000e+00
2.14938358590372e+01
4.60172792093664e+01
0.00000000000000e+00
4.03712481575354e+01
2.12869675927426e+01
1.09212354692132e+01
1.41041123508391e+01
0.00000000000000e+00
0.00000000000000e+00
0.00000000000000e+00
0.00000000000000e+00
0.00000000000000e+00
0.00000000000000e+00
4.92824846780721e+01
3.86840226401314e+01
0.00000000000000e+00
5.57658741360495e+01
1.27389359396566e+01
0.00000000000000e+00
0.00000000000000e+00
0.00000000000000e+00
0.00000000000000e+00
1.26531779986498e+02
1.16111257404113e+01
3.22661614415405e+01
0.00000000000000e+00
0.00000000000000e+00
0.00000000000000e+00
5.38759672827278e+01
0.00000000000000e+00
0.00000000000000e+00
2.89681724702145e+01
0.00000000000000e+00
0.00000000000000e+00
1.65950194216333e+01
5.94115906729776e+00
0.00000000000000e+00
0.00000000000000e+00
0.00000000000000e+00
4.05365738115764e+01
0.00000000000000e+00
2.75664481261413e+01
0.00000000000000e+00
0.00000000000000e+00
0.00000000000000e+00
0.00000000000000e+00
0.00000000000000e+00
0.00000000000000e+00
0.00000000000000e+00
0.00000000000000e+00
0.00000000000000e+00
2.32607197423539e+01
0.00000000000000e+00
1.48837162119841e+00
0.00000000000000e+00
4.19638318466683e+01
0.00000000000000e+00
0.00000000000000e+00
0.00000000000000e+00
0.00000000000000e+00
0.00000000000000e+00
0.00000000000000e+00
0.00000000000000e+00
0.00000000000000e+00
1.49539740085026e+01
0.00000000000000e+00
0.00000000000000e+00
6.34736314868934e+01
0.00000000000000e+00
0.00000000000000e+00
0.00000000000000e+00
0.00000000000000e+00
0.00000000000000e+00
0.00000000000000e+00
0.00000000000000e+00
0.00000000000000e+00
0.00000000000000e+00
0.00000000000000e+00
0.00000000000000e+00
0.00000000000000e+00
0.00000000000000e+00
0.00000000000000e+00
7.25356432424456e+00
8.30692552863128e+01
7.65630640900433e+00
6.43772573215031e+01
1.05717558447066e+02
4.81281457003791e+01
2.74374954036194e+01
0.00000000000000e+00
0.00000000000000e+00
0.00000000000000e+00
0.00000000000000e+00
0.00000000000000e+00
0.00000000000000e+00
0.00000000000000e+00
0.00000000000000e+00
0.00000000000000e+00
0.00000000000000e+00
0.00000000000000e+00
0.00000000000000e+00
4.56334878136578e+01
4.48903392559868e+01
0.00000000000000e+00
5.35850035566746e+01
0.00000000000000e+00
0.00000000000000e+00
0.00000000000000e+00
0.00000000000000e+00
0.00000000000000e+00
0.00000000000000e+00
0.00000000000000e+00
0.00000000000000e+00
0.00000000000000e+00
0.00000000000000e+00
0.00000000000000e+00
0.00000000000000e+00
0.00000000000000e+00
0.00000000000000e+00
0.00000000000000e+00
0.00000000000000e+00
0.00000000000000e+00
0.00000000000000e+00
0.00000000000000e+00
0.00000000000000e+00
0.00000000000000e+00
0.00000000000000e+00
0.00000000000000e+00
0.00000000000000e+00
0.00000000000000e+00
0.00000000000000e+00
0.00000000000000e+00
0.00000000000000e+00
0.00000000000000e+00
0.00000000000000e+00
0.00000000000000e+00
0.00000000000000e+00
0.00000000000000e+00
0.00000000000000e+00
0.00000000000000e+00
0.00000000000000e+00
0.00000000000000e+00
0.00000000000000e+00
0.00000000000000e+00
0.00000000000000e+00
0.00000000000000e+00
0.00000000000000e+00
0.00000000000000e+00
0.00000000000000e+00
0.00000000000000e+00
0.00000000000000e+00
0.00000000000000e+00
0.00000000000000e+00
0.00000000000000e+00
0.00000000000000e+00
0.00000000000000e+00
0.00000000000000e+00
0.00000000000000e+00
0.00000000000000e+00
0.00000000000000e+00
0.00000000000000e+00
0.00000000000000e+00
0.00000000000000e+00
0.00000000000000e+00
0.00000000000000e+00
0.00000000000000e+00
0.00000000000000e+00
5.52730461772612e+01
2.12359468851929e+01
4.25943198632118e+01
0.00000000000000e+00
6.09710709313390e+01
1.55289548459755e+01
5.72665206148924e+01
4.28298443963038e+01
1.87976053200776e+01
0.00000000000000e+00
1.93328130906743e+01
0.00000000000000e+00
0.00000000000000e+00
0.00000000000000e+00
0.00000000000000e+00
1.23282945847097e+01
0.00000000000000e+00
0.00000000000000e+00
0.00000000000000e+00
0.00000000000000e+00
0.00000000000000e+00
0.00000000000000e+00
0.00000000000000e+00
0.00000000000000e+00
0.00000000000000e+00
0.00000000000000e+00
0.00000000000000e+00
0.00000000000000e+00
0.00000000000000e+00
0.00000000000000e+00
0.00000000000000e+00
2.83827518098942e+01
0.00000000000000e+00
0.00000000000000e+00
8.55891560368078e+00
0.00000000000000e+00
0.00000000000000e+00
0.00000000000000e+00
0.00000000000000e+00
0.00000000000000e+00
0.00000000000000e+00
0.00000000000000e+00
0.00000000000000e+00
0.00000000000000e+00
0.00000000000000e+00
0.00000000000000e+00
0.00000000000000e+00
0.00000000000000e+00
0.00000000000000e+00
0.00000000000000e+00
0.00000000000000e+00
0.00000000000000e+00
0.00000000000000e+00
0.00000000000000e+00
0.00000000000000e+00
0.00000000000000e+00
0.00000000000000e+00
0.00000000000000e+00
0.00000000000000e+00
0.00000000000000e+00
0.00000000000000e+00
0.00000000000000e+00
0.00000000000000e+00
0.00000000000000e+00
0.00000000000000e+00
0.00000000000000e+00
0.00000000000000e+00
0.00000000000000e+00
0.00000000000000e+00
0.00000000000000e+00
0.00000000000000e+00
0.00000000000000e+00
0.00000000000000e+00
0.00000000000000e+00
0.00000000000000e+00
0.00000000000000e+00
0.00000000000000e+00
0.00000000000000e+00
0.00000000000000e+00
0.00000000000000e+00
0.00000000000000e+00
0.00000000000000e+00
0.00000000000000e+00
0.00000000000000e+00
0.00000000000000e+00
0.00000000000000e+00
0.00000000000000e+00
0.00000000000000e+00
0.00000000000000e+00
0.00000000000000e+00
0.00000000000000e+00
0.00000000000000e+00
0.00000000000000e+00
0.00000000000000e+00
0.00000000000000e+00
0.00000000000000e+00
0.00000000000000e+00
0.00000000000000e+00
0.00000000000000e+00
0.00000000000000e+00
0.00000000000000e+00
0.00000000000000e+00
0.00000000000000e+00
0.00000000000000e+00
0.00000000000000e+00
0.00000000000000e+00
0.00000000000000e+00
0.00000000000000e+00
0.00000000000000e+00
0.00000000000000e+00
0.00000000000000e+00
0.00000000000000e+00
0.00000000000000e+00
0.00000000000000e+00
0.00000000000000e+00
0.00000000000000e+00
0.00000000000000e+00
0.00000000000000e+00
0.00000000000000e+00
0.00000000000000e+00
0.00000000000000e+00
0.00000000000000e+00
0.00000000000000e+00
0.00000000000000e+00
0.00000000000000e+00
0.00000000000000e+00
0.00000000000000e+00
0.00000000000000e+00
0.00000000000000e+00
0.00000000000000e+00
0.00000000000000e+00
0.00000000000000e+00
0.00000000000000e+00
0.00000000000000e+00
0.00000000000000e+00
0.00000000000000e+00
0.00000000000000e+00
0.00000000000000e+00
0.00000000000000e+00
0.00000000000000e+00
0.00000000000000e+00
0.00000000000000e+00
0.00000000000000e+00
0.00000000000000e+00
0.00000000000000e+00
0.00000000000000e+00
0.00000000000000e+00
0.00000000000000e+00
0.00000000000000e+00
0.00000000000000e+00
0.00000000000000e+00
0.00000000000000e+00
0.00000000000000e+00
0.00000000000000e+00
0.00000000000000e+00
0.00000000000000e+00
0.00000000000000e+00
0.00000000000000e+00
0.00000000000000e+00
0.00000000000000e+00
0.00000000000000e+00
0.00000000000000e+00
0.00000000000000e+00
0.00000000000000e+00
0.00000000000000e+00
0.00000000000000e+00
0.00000000000000e+00
0.00000000000000e+00
0.00000000000000e+00
0.00000000000000e+00
0.00000000000000e+00
0.00000000000000e+00
0.00000000000000e+00
0.00000000000000e+00
0.00000000000000e+00
0.00000000000000e+00
0.00000000000000e+00
0.00000000000000e+00
0.00000000000000e+00
0.00000000000000e+00
0.00000000000000e+00
0.00000000000000e+00
0.00000000000000e+00
0.00000000000000e+00
0.00000000000000e+00
0.00000000000000e+00
0.00000000000000e+00
0.00000000000000e+00
0.00000000000000e+00
0.00000000000000e+00
0.00000000000000e+00
0.00000000000000e+00
0.00000000000000e+00
0.00000000000000e+00
0.00000000000000e+00
0.00000000000000e+00
0.00000000000000e+00
0.00000000000000e+00
0.00000000000000e+00
0.00000000000000e+00
0.00000000000000e+00
0.00000000000000e+00
0.00000000000000e+00
0.00000000000000e+00
0.00000000000000e+00
0.00000000000000e+00
0.00000000000000e+00
0.00000000000000e+00
0.00000000000000e+00
0.00000000000000e+00
0.00000000000000e+00
0.00000000000000e+00
0.00000000000000e+00
0.00000000000000e+00
0.00000000000000e+00
0.00000000000000e+00
0.00000000000000e+00
0.00000000000000e+00
0.00000000000000e+00
0.00000000000000e+00
0.00000000000000e+00
0.00000000000000e+00
0.00000000000000e+00
0.00000000000000e+00
0.00000000000000e+00
0.00000000000000e+00
0.00000000000000e+00
0.00000000000000e+00
0.00000000000000e+00
0.00000000000000e+00
0.00000000000000e+00
0.00000000000000e+00
0.00000000000000e+00
0.00000000000000e+00
0.00000000000000e+00
0.00000000000000e+00
0.00000000000000e+00
0.00000000000000e+00
0.00000000000000e+00
0.00000000000000e+00
0.00000000000000e+00
0.00000000000000e+00
0.00000000000000e+00
0.00000000000000e+00
0.00000000000000e+00
0.00000000000000e+00
0.00000000000000e+00
0.00000000000000e+00
0.00000000000000e+00
0.00000000000000e+00
0.00000000000000e+00
0.00000000000000e+00
0.00000000000000e+00
0.00000000000000e+00
0.00000000000000e+00
0.00000000000000e+00
0.00000000000000e+00
0.00000000000000e+00
0.00000000000000e+00
0.00000000000000e+00
0.00000000000000e+00
0.00000000000000e+00
0.00000000000000e+00
0.00000000000000e+00
0.00000000000000e+00
0.00000000000000e+00
0.00000000000000e+00
0.00000000000000e+00
0.00000000000000e+00
0.00000000000000e+00
0.00000000000000e+00
0.00000000000000e+00
0.00000000000000e+00
0.00000000000000e+00
0.00000000000000e+00
0.00000000000000e+00
0.00000000000000e+00
0.00000000000000e+00
0.00000000000000e+00
0.00000000000000e+00
0.00000000000000e+00
0.00000000000000e+00
0.00000000000000e+00
0.00000000000000e+00
0.00000000000000e+00
0.00000000000000e+00
0.00000000000000e+00
0.00000000000000e+00
0.00000000000000e+00
0.00000000000000e+00
0.00000000000000e+00
0.00000000000000e+00
0.00000000000000e+00
0.00000000000000e+00
0.00000000000000e+00
0.00000000000000e+00
0.00000000000000e+00
0.00000000000000e+00
0.00000000000000e+00
0.00000000000000e+00
0.00000000000000e+00
0.00000000000000e+00
0.00000000000000e+00
0.00000000000000e+00
0.00000000000000e+00
0.00000000000000e+00
0.00000000000000e+00
1.61252392868127e+01
0.00000000000000e+00
0.00000000000000e+00
0.00000000000000e+00
0.00000000000000e+00
0.00000000000000e+00
0.00000000000000e+00
0.00000000000000e+00
0.00000000000000e+00
0.00000000000000e+00
0.00000000000000e+00
0.00000000000000e+00
0.00000000000000e+00
0.00000000000000e+00
0.00000000000000e+00
0.00000000000000e+00
0.00000000000000e+00
0.00000000000000e+00
0.00000000000000e+00
0.00000000000000e+00
0.00000000000000e+00
0.00000000000000e+00
0.00000000000000e+00
0.00000000000000e+00
0.00000000000000e+00
0.00000000000000e+00
0.00000000000000e+00
0.00000000000000e+00
0.00000000000000e+00
0.00000000000000e+00
0.00000000000000e+00
0.00000000000000e+00
0.00000000000000e+00
0.00000000000000e+00
0.00000000000000e+00
0.00000000000000e+00
0.00000000000000e+00
0.00000000000000e+00
0.00000000000000e+00
0.00000000000000e+00
0.00000000000000e+00
0.00000000000000e+00
0.00000000000000e+00
0.00000000000000e+00
0.00000000000000e+00
0.00000000000000e+00
0.00000000000000e+00
0.00000000000000e+00
0.00000000000000e+00
0.00000000000000e+00
0.00000000000000e+00
0.00000000000000e+00
0.00000000000000e+00
0.00000000000000e+00
0.00000000000000e+00
0.00000000000000e+00
0.00000000000000e+00
0.00000000000000e+00
0.00000000000000e+00
0.00000000000000e+00
0.00000000000000e+00
0.00000000000000e+00
0.00000000000000e+00
0.00000000000000e+00
0.00000000000000e+00
0.00000000000000e+00
0.00000000000000e+00
0.00000000000000e+00
0.00000000000000e+00
0.00000000000000e+00
0.00000000000000e+00
0.00000000000000e+00
0.00000000000000e+00
0.00000000000000e+00
0.00000000000000e+00
0.00000000000000e+00
0.00000000000000e+00
0.00000000000000e+00
0.00000000000000e+00
0.00000000000000e+00
0.00000000000000e+00
0.00000000000000e+00
0.00000000000000e+00
0.00000000000000e+00
0.00000000000000e+00
0.00000000000000e+00
0.00000000000000e+00
0.00000000000000e+00
0.00000000000000e+00
0.00000000000000e+00
0.00000000000000e+00
0.00000000000000e+00
0.00000000000000e+00
0.00000000000000e+00
0.00000000000000e+00
0.00000000000000e+00
0.00000000000000e+00
0.00000000000000e+00
0.00000000000000e+00
0.00000000000000e+00
0.00000000000000e+00
0.00000000000000e+00
0.00000000000000e+00
0.00000000000000e+00
0.00000000000000e+00
0.00000000000000e+00
0.00000000000000e+00
0.00000000000000e+00
0.00000000000000e+00
0.00000000000000e+00
0.00000000000000e+00
0.00000000000000e+00
0.00000000000000e+00
0.00000000000000e+00
0.00000000000000e+00
0.00000000000000e+00
0.00000000000000e+00
0.00000000000000e+00
0.00000000000000e+00
0.00000000000000e+00
0.00000000000000e+00
0.00000000000000e+00
0.00000000000000e+00
0.00000000000000e+00
0.00000000000000e+00
0.00000000000000e+00
0.00000000000000e+00
0.00000000000000e+00
0.00000000000000e+00
0.00000000000000e+00
0.00000000000000e+00
0.00000000000000e+00
0.00000000000000e+00
0.00000000000000e+00
0.00000000000000e+00
0.00000000000000e+00
9.06516830587052e+00
0.00000000000000e+00
0.00000000000000e+00
0.00000000000000e+00
0.00000000000000e+00
0.00000000000000e+00
0.00000000000000e+00
0.00000000000000e+00
0.00000000000000e+00
0.00000000000000e+00
0.00000000000000e+00
0.00000000000000e+00
0.00000000000000e+00
0.00000000000000e+00
0.00000000000000e+00
0.00000000000000e+00
0.00000000000000e+00
0.00000000000000e+00
0.00000000000000e+00
0.00000000000000e+00
0.00000000000000e+00
0.00000000000000e+00
0.00000000000000e+00
0.00000000000000e+00
0.00000000000000e+00
0.00000000000000e+00
0.00000000000000e+00
0.00000000000000e+00
0.00000000000000e+00
0.00000000000000e+00
0.00000000000000e+00
0.00000000000000e+00
0.00000000000000e+00
0.00000000000000e+00
0.00000000000000e+00
0.00000000000000e+00
0.00000000000000e+00
0.00000000000000e+00
0.00000000000000e+00
0.00000000000000e+00
0.00000000000000e+00
0.00000000000000e+00
0.00000000000000e+00
0.00000000000000e+00
0.00000000000000e+00
0.00000000000000e+00
0.00000000000000e+00
0.00000000000000e+00
