-7.50 -20.03 
-3.75 -20.03 
0.00 -20.03 
2.50 -20.02 
5.00 -20.02 
7.45 -19.46 
9.90 -18.90 
12.30 -18.32 
14.70 -17.74 
17.20 -17.29 
19.70 -16.84 
22.10 -16.18 
24.50 -15.51 
26.95 -15.04 
29.40 -14.58 
31.85 -14.13 
34.30 -13.68 
36.70 -13.02 
39.10 -12.35 
41.60 -11.96 
44.10 -11.57 
46.35 -10.57 
48.60 -9.56 
51.10 -9.21 
53.60 -8.87 
56.10 -8.60 
58.60 -8.33 
61.00 -7.73 
63.40 -7.13 
65.85 -6.49 
68.30 -5.85 
70.70 -5.21 
73.10 -4.56 
75.60 -4.36 
78.10 -4.15 
80.55 -3.77 
83.00 -3.39 
85.50 -3.34 
88.00 -3.29 
90.50 -3.15 
93.00 -3.00 
95.45 -2.60 
97.90 -2.20 
100.40 -1.93 
102.90 -1.66 
105.40 -1.35 
107.90 -1.05 
110.35 -0.73 
112.80 -0.40 
116.55 -0.20 
120.30 0.00