113.40 -23.13 
115.90 -22.78 
118.40 -22.42 
120.85 -22.01 
123.30 -21.60 
125.75 -21.65 
128.20 -21.71 
130.70 -21.33 
133.20 -20.95 
135.70 -20.62 
138.20 -20.30 
140.70 -20.03 
143.20 -19.76 
145.70 -19.84 
148.20 -19.93 
150.70 -20.38 
153.20 -20.83 
155.65 -20.83 
158.10 -20.83 
160.50 -21.52 
162.90 -22.21 
165.40 -22.93 
167.90 -23.65 
170.35 -23.88 
172.80 -24.11 
175.25 -24.17 
177.70 -24.24 
180.15 -24.14 
182.60 -24.05 
185.10 -23.74 
187.60 -23.43 
190.00 -23.25 
192.40 -23.07 
194.90 -21.89 
197.40 -20.72 
199.90 -19.91 
202.40 -19.11 
204.90 -18.59 
207.40 -18.07 
209.80 -17.22 
212.20 -16.37 
214.60 -15.52 
217.00 -14.67 
219.35 -13.83 
221.70 -12.99 
224.00 -12.19 
226.30 -11.39 
228.65 -10.82 
231.00 -10.26 
233.30 -9.07 
235.60 -7.88 
237.85 -6.36 
240.10 -4.85 
242.40 -5.36 
244.70 -5.88 
246.95 -6.01 
249.20 -6.15 
251.45 -6.31 
253.70 -6.47 
256.00 -5.34 
258.30 -4.20 
260.55 -3.33 
262.80 -2.46 
265.05 -2.71 
267.30 -2.96 
269.80 -2.40 
272.30 -1.84 
274.80 -2.03 
277.30 -2.22 
279.80 -1.86 
282.30 -1.51 
284.80 -1.24 
287.30 -0.97 
289.80 -1.31 
292.30 -1.66 
294.80 -1.52 
297.30 -1.38 
299.80 -1.04 
302.30 -0.69 
304.80 -0.60 
307.30 -0.51 
309.80 -0.38 
312.30 -0.24 
314.80 -0.13 
317.30 -0.01 
319.80 -0.09 
322.30 -0.17