-7.50 -24.70 
-3.75 -24.70 
0.00 -24.70 
2.50 -24.50 
5.00 -24.30 
7.50 -24.20 
10.00 -24.10 
12.50 -23.95 
15.00 -23.80 
17.50 -23.75 
20.00 -23.70 
22.45 -23.45 
24.90 -23.20 
27.40 -22.90 
29.90 -22.60 
32.40 -22.40 
34.90 -22.20 
37.40 -21.95 
39.90 -21.70 
42.35 -21.25 
44.80 -20.80 
47.25 -20.45 
49.70 -20.10 
52.05 -19.20 
54.40 -18.30 
56.75 -17.40 
59.10 -16.50 
61.50 -15.95 
63.90 -15.40 
66.35 -14.85 
68.80 -14.30 
71.25 -13.70 
73.70 -13.10 
76.05 -12.35 
78.40 -11.60 
80.80 -10.85 
83.20 -10.10 
85.60 -9.35 
88.00 -8.60 
90.40 -7.90 
92.80 -7.20 
95.15 -6.40 
97.50 -5.60 
99.90 -4.85 
102.30 -4.10 
104.70 -3.35 
107.10 -2.60 
109.50 -1.90 
111.90 -1.20 
115.65 -0.60 
119.40 0.00