19.70 -5.47 
21.70 -4.94 
23.70 -4.40 
24.70 -4.53 
25.70 -4.67 
26.70 -4.74 
27.70 -4.80 
28.65 -5.06 
29.60 -5.32 
30.60 -5.14 
31.60 -4.95 
32.25 -4.20 
32.90 -3.44 
33.90 -3.19 
34.90 -2.94 
35.80 -3.32 
36.70 -3.70 
37.70 -3.60 
38.70 -3.50 
39.50 -2.91 
40.30 -2.31 
41.20 -1.84 
42.10 -1.36 
43.00 -1.02 
43.90 -0.67 
44.90 -0.44 
45.90 -0.21 
46.90 -0.23 
47.90 -0.26 
48.90 -0.21 
49.90 -0.17 
50.90 -0.15 
51.90 -0.13 
52.90 -0.10 
53.90 -0.06 
54.90 -0.06 
55.90 -0.05 
56.90 -0.03 
57.90 -0.01 
58.90 -0.01 
59.90 0.00 
60.90 -0.03 
61.90 -0.06 
62.90 -0.17 
63.90 -0.28 
64.90 -0.38 
65.90 -0.48 
66.85 -0.36 
67.80 -0.25 
69.80 -0.18 
71.80 -0.11