83.60 -9.70 
86.10 -10.00 
88.60 -10.30 
91.10 -10.45 
93.60 -10.60 
95.20 -10.60 
96.80 -10.60 
99.30 -12.50 
101.80 -14.40 
104.30 -14.30 
106.80 -14.20 
109.30 -14.50 
111.80 -14.80 
114.25 -14.95 
116.70 -15.10 
119.20 -15.55 
121.70 -16.00 
124.20 -15.90 
126.70 -15.80 
129.15 -16.30 
131.60 -16.80 
133.85 -17.00 
136.10 -17.20 
138.60 -18.30 
141.10 -19.40 
143.60 -19.35 
146.10 -19.30 
148.55 -18.90 
151.00 -18.50 
153.45 -18.80 
155.90 -19.10 
158.20 -19.60 
160.50 -20.10 
162.90 -19.10 
165.30 -18.10 
167.80 -18.60 
170.30 -19.10 
172.60 -18.75 
174.90 -18.40 
177.40 -19.45 
179.90 -20.50 
182.40 -20.25 
184.90 -20.00 
187.35 -20.05 
189.80 -20.10 
192.10 -20.60 
194.40 -21.10 
196.75 -20.15 
199.10 -19.20 
205.80 -18.40 
212.50 -17.60