-7.50 0.00 
-3.75 0.00 
0.00 0.00 
2.50 0.00 
5.00 0.00 
7.50 -0.35 
10.00 -0.70 
12.50 -0.80 
15.00 -0.90 
17.35 -0.90 
19.70 -0.90 
22.15 -1.70 
24.60 -2.50 
27.10 -2.20 
29.60 -1.90 
31.95 -2.10 
34.30 -2.30 
36.80 -3.15 
39.30 -4.00 
41.80 -4.15 
44.30 -4.30 
46.75 -4.55 
49.20 -4.80 
51.70 -5.00 
54.20 -5.20 
56.70 -5.05 
59.20 -4.90 
61.65 -4.90 
64.10 -4.90 
66.50 -5.45 
68.90 -6.00 
71.35 -6.70 
73.80 -7.40 
76.20 -7.90 
78.60 -8.40 
81.10 -9.05 
83.60 -9.70 
86.10 -10.00 
88.60 -10.30 
91.10 -10.45 
93.60 -10.60 
95.20 -10.60 
96.80 -10.60 
99.30 -12.50 
101.80 -14.40 
104.30 -14.30 
106.80 -14.20 
109.30 -14.50 
111.80 -14.80 
114.25 -14.95 
116.70 -15.10