-5.00 3898.91 
-2.50 3898.91 
0.00 3898.91 
2.50 3898.99 
5.00 3899.06 
7.50 3899.10 
10.00 3899.14 
12.50 3899.24 
15.00 3899.34 
17.50 3899.42 
20.00 3899.50 
22.50 3899.56 
25.00 3899.62 
27.50 3899.71 
30.00 3899.80 
32.50 3899.81 
35.00 3899.82 
37.50 3899.89 
40.00 3899.96 
42.50 3900.03 
45.00 3900.10 
47.50 3900.18 
50.00 3900.26 
52.50 3900.31 
55.00 3900.36 
57.50 3900.43 
60.00 3900.49 
62.50 3900.58 
65.00 3900.67 
67.50 3900.73 
70.00 3900.80 
72.50 3900.89 
75.00 3900.97 
77.50 3901.03 
80.00 3901.09 
82.50 3901.15 
85.00 3901.20 
87.50 3901.27 
90.00 3901.35 
92.50 3901.42 
95.00 3901.49 
97.50 3901.53 
100.00 3901.58 
102.50 3901.64 
105.00 3901.69 
107.50 3901.77 
110.00 3901.85 
112.50 3901.92 
115.00 3901.99 
117.50 3902.11 
120.00 3902.23 
122.50 3902.28 
125.00 3902.33 
127.50 3902.40 
130.00 3902.47 
132.50 3902.56 
135.00 3902.66 
137.50 3902.73 
140.00 3902.80 
142.50 3902.86 
145.00 3902.92 
147.50 3902.94 
150.00 3902.97 
152.50 3903.07 
155.00 3903.17 
157.50 3903.22 
160.00 3903.27 
162.50 3903.32 
165.00 3903.36 
167.50 3903.50 
170.00 3903.63 
172.50 3903.70 
175.00 3903.77 
177.50 3903.82 
180.00 3903.87 
182.50 3903.95 
185.00 3904.02 
187.50 3904.09 
190.00 3904.16 
192.50 3904.24 
195.00 3904.32 
197.50 3904.38 
200.00 3904.43 
202.50 3904.51 
205.00 3904.59