-5.00 3898.61 
-2.50 3898.61 
0.00 3898.61 
2.50 3898.68 
5.00 3898.76 
7.50 3898.82 
10.00 3898.89 
12.50 3898.87 
15.00 3898.85 
17.50 3898.91 
20.00 3898.96 
22.50 3898.98 
25.00 3898.99 
27.50 3898.99 
30.00 3898.98 
32.50 3898.96 
35.00 3898.93 
37.50 3898.91 
40.00 3898.89 
42.50 3898.79 
45.00 3898.70 
47.50 3898.72 
50.00 3898.74 
52.50 3898.65 
55.00 3898.57 
57.50 3898.56 
60.00 3898.55 
62.50 3898.60 
65.00 3898.66 
67.50 3898.69 
70.00 3898.72 
72.50 3898.75 
75.00 3898.78 
77.50 3898.71 
80.00 3898.64 
82.50 3898.72 
85.00 3898.81 
87.50 3898.70 
90.00 3898.60 
92.50 3898.55 
95.00 3898.50 
97.50 3898.50 
100.00 3898.50 
102.50 3898.50 
105.00 3898.50 
107.50 3898.57 
110.00 3898.64 
112.50 3898.69 
115.00 3898.74 
117.50 3898.70 
120.00 3898.67