54.30 -10.30 
56.80 -10.08 
59.30 -9.87 
61.80 -9.79 
64.30 -9.72 
66.80 -9.58 
69.30 -9.45 
71.80 -9.56 
74.30 -9.68 
76.75 -9.19 
79.20 -8.70 
81.65 -8.15 
84.10 -7.59 
86.60 -7.46 
89.10 -7.33 
91.55 -7.50 
94.00 -7.68 
96.50 -7.28 
99.00 -6.88 
101.30 -5.99 
103.60 -5.09 
106.10 -5.22 
108.60 -5.35 
111.10 -5.62 
113.60 -5.88 
116.10 -5.64 
118.60 -5.40 
121.10 -5.44 
123.60 -5.48 
126.05 -5.00 
128.50 -4.52 
131.00 -4.70 
133.50 -4.87 
135.95 -5.31 
138.40 -5.76 
140.85 -5.27 
143.30 -4.78 
145.80 -4.76 
148.30 -4.74 
150.80 -4.76 
153.30 -4.78 
155.80 -4.72 
158.30 -4.65 
160.80 -4.70 
163.30 -4.74 
165.80 -4.52 
168.30 -4.29 
170.75 -3.91 
173.20 -3.52 
176.95 -3.18 
180.70 -2.83