70.00 -3.50 
72.50 -3.28 
75.00 -3.05 
76.48 -2.81 
77.96 -2.57 
79.46 -2.43 
80.96 -2.30 
82.44 -2.55 
83.93 -2.81 
85.43 -2.82 
86.93 -2.83 
88.43 -2.72 
89.92 -2.61 
91.40 -2.36 
92.88 -2.11 
94.37 -1.94 
95.86 -1.77 
97.35 -1.92 
98.85 -2.07 
100.35 -2.17 
101.85 -2.27 
103.34 -2.35 
104.84 -2.44 
106.34 -2.50 
107.84 -2.57 
109.34 -2.47 
110.83 -2.37 
112.27 -1.95 
113.71 -1.53 
115.20 -1.33 
116.69 -1.13 
118.19 -1.02 
119.68 -0.91 
121.17 -0.75 
122.66 -0.59 
124.16 -0.44 
125.65 -0.29 
127.14 -0.20 
128.64 -0.11 
130.14 -0.12 
131.64 -0.13 
133.14 -0.20 
134.64 -0.26 
136.08 -0.68 
137.52 -1.09 
139.00 -1.33 
140.48 -1.57 
141.97 -1.45 
143.47 -1.33 
144.69 -1.33 
145.90 -1.33