26.80 -1.70 
31.30 -1.32 
35.80 -0.95 
37.30 -0.86 
38.80 -0.78 
40.30 -0.88 
41.80 -0.98 
43.30 -0.92 
44.80 -0.85 
46.30 -0.73 
47.80 -0.61 
49.30 -0.80 
50.80 -1.00 
52.30 -0.86 
53.80 -0.73 
55.30 -0.71 
56.80 -0.68 
58.30 -0.63 
59.80 -0.58 
61.25 -0.42 
62.70 -0.26 
64.20 -0.18 
65.70 -0.11 
67.20 -0.05 
68.70 0.00 
70.20 -0.01 
71.70 -0.02 
73.20 -0.07 
74.70 -0.11 
76.20 -0.27 
77.70 -0.43 
79.20 -0.47 
80.70 -0.50 
82.20 -0.57 
83.70 -0.63 
85.20 -0.76 
86.70 -0.89 
88.20 -1.02 
89.70 -1.15 
91.20 -1.32 
92.70 -1.49 
94.15 -1.74 
95.60 -2.00 
97.10 -2.32 
98.60 -2.64 
100.10 -2.77 
101.60 -2.90 
103.05 -3.00 
104.50 -3.09 
109.50 -3.25 
114.50 -3.42