68.10 -6.64 
70.60 -6.65 
73.10 -6.66 
74.55 -5.58 
76.00 -4.50 
77.45 -3.70 
78.90 -2.90 
80.35 -2.20 
81.80 -1.50 
83.25 -2.00 
84.70 -2.50 
86.15 -2.80 
87.60 -3.11 
89.00 -3.10 
90.40 -3.08 
91.85 -2.99 
93.30 -2.89 
94.75 -2.63 
96.20 -2.38 
97.65 -2.41 
99.10 -2.45 
100.55 -2.07 
102.00 -1.68 
103.45 -1.69 
104.90 -1.69 
106.30 -1.50 
107.70 -1.30 
109.15 -1.00 
110.60 -0.70 
112.05 -0.60 
113.50 -0.50 
114.95 -0.90 
116.40 -1.29 
117.85 -1.45 
119.30 -1.60 
120.75 -1.60 
122.20 -1.59 
123.65 -1.50 
125.10 -1.40 
126.50 -1.10 
127.90 -0.80 
129.35 -0.40 
130.80 0.00 
132.25 -0.30 
133.70 -0.60 
135.15 -0.89 
136.60 -1.19 
138.05 -1.39 
139.50 -1.60 
140.95 -2.00 
142.40 -2.40