4      0.000      0.000     15.000     -2.657      5.000     -0.886     10.000     -1.772   1070.00000
4      5.000     -0.886     20.000     -3.543     10.000     -1.772     15.000     -2.657   1104.50000
4     10.000     -1.772     25.000     -4.518     15.000     -2.657     20.000     -3.543   1435.00000
4     15.000     -2.657     30.000     -5.324     20.000     -3.543     25.000     -4.518   1541.50000
4     20.000     -3.543     35.000     -6.026     25.000     -4.518     30.000     -5.324   1648.19995
4     25.000     -4.518     40.000     -6.806     30.000     -5.324     35.000     -6.026   1705.90002
4     30.000     -5.324     45.000     -7.680     35.000     -6.026     40.000     -6.806   1425.90002
4     35.000     -6.026     50.000     -8.648     40.000     -6.806     45.000     -7.680   1504.59998
4     40.000     -6.806     55.000     -9.137     45.000     -7.680     50.000     -8.648   1547.19995
4     45.000     -7.680     60.000     -9.619     50.000     -8.648     55.000     -9.137  10462.00000
4     50.000     -8.648     65.000    -10.753     55.000     -9.137     60.000     -9.619  13565.00000
4     55.000     -9.137     70.000    -11.863     60.000     -9.619     65.000    -10.753  22653.00000
4     60.000     -9.619     75.000    -12.864     65.000    -10.753     70.000    -11.863  15274.00000
4     65.000    -10.753     80.000    -13.252     70.000    -11.863     75.000    -12.864  18445.00000
4     70.000    -11.863     85.000    -13.972     75.000    -12.864     80.000    -13.252  35495.00000
4     75.000    -12.864     90.000    -14.643     80.000    -13.252     85.000    -13.972  19555.00000
4     85.000    -13.972    100.000    -15.877     90.000    -14.643     95.000    -15.166  29544.00000
4    100.000    -15.877    115.000    -18.041    105.000    -16.386    110.000    -17.334  29782.00000
4    105.000    -16.386    120.000    -18.336    110.000    -17.334    115.000    -18.041  32587.00000
4    110.000    -17.334    125.000    -18.872    115.000    -18.041    120.000    -18.336  24824.00000
4    115.000    -18.041    130.000    -19.565    120.000    -18.336    125.000    -18.872  23560.00000
4    120.000    -18.336    135.000    -19.932    125.000    -18.872    130.000    -19.565  35207.00000
4    125.000    -18.872    140.000    -20.198    130.000    -19.565    135.000    -19.932  22382.00000
4    130.000    -19.565    145.000    -20.300    135.000    -19.932    140.000    -20.198  28942.00000
4    135.000    -19.932    150.000    -20.628    140.000    -20.198    145.000    -20.300   9262.70020
4    140.000    -20.198    155.000    -20.669    145.000    -20.300    150.000    -20.628  19483.00000
4    145.000    -20.300    160.000    -21.301    150.000    -20.628    155.000    -20.669  20500.00000
4    150.000    -20.628    165.000    -22.548    155.000    -20.669    160.000    -21.301  15075.00000
4    155.000    -20.669    170.000    -23.394    160.000    -21.301    165.000    -22.548  23752.00000
4    160.000    -21.301    175.000    -24.006    165.000    -22.548    170.000    -23.394  19150.00000
4    165.000    -22.548    180.000    -24.972    170.000    -23.394    175.000    -24.006   6031.89990
4    170.000    -23.394    185.000    -25.718    175.000    -24.006    180.000    -24.972  14252.00000
4    175.000    -24.006    190.000    -26.063    180.000    -24.972    185.000    -25.718   6949.29980
4    185.000    -25.718    200.000    -27.701    190.000    -26.063    195.000    -26.931  30247.00000
4    195.000    -26.931    210.000    -28.598    200.000    -27.701    205.000    -28.100  17810.00000
4    200.000    -27.701    215.000    -29.420    205.000    -28.100    210.000    -28.598  12906.00000
4    210.000    -28.598    225.000    -32.268    215.000    -29.420    220.000    -30.760  13950.00000
4    220.000    -30.760    235.000    -35.641    225.000    -32.268    230.000    -33.938  10405.00000
4    225.000    -32.268    240.000    -37.263    230.000    -33.938    235.000    -35.641  11305.00000
4    230.000    -33.938    245.000    -39.200    235.000    -35.641    240.000    -37.263   6128.00000
4    235.000    -35.641    250.000    -41.136    240.000    -37.263    245.000    -39.200  13257.00000
4    240.000    -37.263    255.000    -43.072    245.000    -39.200    250.000    -41.136  12773.00000
4    245.000    -39.200    260.000    -45.008    250.000    -41.136    255.000    -43.072  14103.00000
4    250.000    -41.136    265.000    -46.944    255.000    -43.072    260.000    -45.008  19582.00000
4    255.000    -43.072    270.000    -48.880    260.000    -45.008    265.000    -46.944  20622.00000
4    260.000    -45.008    275.000    -50.873    265.000    -46.944    270.000    -48.880  28965.00000
4    265.000    -46.944    280.000    -52.837    270.000    -48.880    275.000    -50.873  17861.00000
4    270.000    -48.880    285.000    -53.811    275.000    -50.873    280.000    -52.837  11381.00000
4    275.000    -50.873    290.000    -54.066    280.000    -52.837    285.000    -53.811   1047.50000
4    280.000    -52.837    295.000    -54.200    285.000    -53.811    290.000    -54.066    804.78998
4    285.000    -53.811    300.000    -54.200    290.000    -54.066    295.000    -54.200    700.38000
4    290.000    -54.066    305.000    -54.200    295.000    -54.200    300.000    -54.200    537.09003
4    295.000    -54.200    310.000    -54.200    300.000    -54.200    305.000    -54.200    500.26001
4    300.000    -54.200    315.000    -54.145    305.000    -54.200    310.000    -54.200    490.19000
4    305.000    -54.200    320.000    -54.045    310.000    -54.200    315.000    -54.145    540.59003
4    310.000    -54.200    325.000    -53.890    315.000    -54.145    320.000    -54.045    402.70999
4    315.000    -54.145    330.000    -53.635    320.000    -54.045    325.000    -53.890    535.39001
4    320.000    -54.045    335.000    -53.336    325.000    -53.890    330.000    -53.635    503.29001
4    325.000    -53.890    340.000    -53.091    330.000    -53.635    335.000    -53.336    540.52002
4    330.000    -53.635    345.000    -52.836    335.000    -53.336    340.000    -53.091    540.03998
4    335.000    -53.336    350.000    -52.537    340.000    -53.091    345.000    -52.836    556.21997
4    340.000    -53.091    355.000    -52.237    345.000    -52.836    350.000    -52.537    605.53003
4    345.000    -52.836    360.000    -51.884    350.000    -52.537    355.000    -52.237    606.16998
4    350.000    -52.537    365.000    -51.432    355.000    -52.237    360.000    -51.884    660.59003
4    355.000    -52.237    370.000    -50.935    360.000    -51.884    365.000    -51.432    720.90997
4    360.000    -51.884    375.000    -50.490    365.000    -51.432    370.000    -50.935    907.48999
4    365.000    -51.432    380.000    -50.300    370.000    -50.935    375.000    -50.490    924.33002
4    370.000    -50.935    385.000    -50.300    375.000    -50.490    380.000    -50.300   1054.19995
4    375.000    -50.490    390.000    -50.352    380.000    -50.300    385.000    -50.300    913.72998
4    380.000    -50.300    395.000    -50.400    385.000    -50.300    390.000    -50.352    994.21002
4    385.000    -50.300    400.000    -50.763    390.000    -50.352    395.000    -50.400    985.60999
4    390.000    -50.352    405.000    -51.506    395.000    -50.400    400.000    -50.763   1138.00000
4    395.000    -50.400    410.000    -52.392    400.000    -50.763    405.000    -51.506   1159.00000
4    400.000    -50.763    415.000    -53.281    405.000    -51.506    410.000    -52.392   1041.90002
4    405.000    -51.506    420.000    -54.071    410.000    -52.392    415.000    -53.281    997.19000
4    410.000    -52.392    425.000    -54.991    415.000    -53.281    420.000    -54.071    852.54999
4    415.000    -53.281    430.000    -55.983    420.000    -54.071    425.000    -54.991    667.48999
4    420.000    -54.071    435.000    -56.748    425.000    -54.991    430.000    -55.983    542.19000
4    425.000    -54.991    440.000    -57.304    430.000    -55.983    435.000    -56.748    571.57001
4    430.000    -55.983    445.000    -57.801    435.000    -56.748    440.000    -57.304    474.97000
4    435.000    -56.748    450.000    -58.220    440.000    -57.304    445.000    -57.801    525.23999
4    440.000    -57.304    455.000    -58.559    445.000    -57.801    450.000    -58.220    487.31000
4    445.000    -57.801    460.000    -58.957    450.000    -58.220    455.000    -58.559    526.34003
4    450.000    -58.220    465.000    -59.395    455.000    -58.559    460.000    -58.957    469.89001
4    455.000    -58.559    470.000    -59.854    460.000    -58.957    465.000    -59.395    430.25000
4    460.000    -58.957    475.000    -60.253    465.000    -59.395    470.000    -59.854    411.69000
4      0.000      0.000     30.000     -5.324     10.000     -1.772     20.000     -3.543   1653.30005
4      5.000     -0.886     35.000     -6.026     15.000     -2.657     25.000     -4.518   1577.50000
4     10.000     -1.772     40.000     -6.806     20.000     -3.543     30.000     -5.324   1529.90002
4     15.000     -2.657     45.000     -7.680     25.000     -4.518     35.000     -6.026   1799.80005
4     20.000     -3.543     50.000     -8.648     30.000     -5.324     40.000     -6.806   2029.90002
4     25.000     -4.518     55.000     -9.137     35.000     -6.026     45.000     -7.680   1822.59998
4     30.000     -5.324     60.000     -9.619     40.000     -6.806     50.000     -8.648   1734.19995
4     35.000     -6.026     65.000    -10.753     45.000     -7.680     55.000     -9.137  10912.00000
4     40.000     -6.806     70.000    -11.863     50.000     -8.648     60.000     -9.619  23819.00000
4     45.000     -7.680     75.000    -12.864     55.000     -9.137     65.000    -10.753  30895.00000
4     50.000     -8.648     80.000    -13.252     60.000     -9.619     70.000    -11.863  21153.00000
4     55.000     -9.137     85.000    -13.972     65.000    -10.753     75.000    -12.864  25244.00000
4     60.000     -9.619     90.000    -14.643     70.000    -11.863     80.000    -13.252  53402.00000
4     65.000    -10.753     95.000    -15.166     75.000    -12.864     85.000    -13.972  57479.00000
4     70.000    -11.863    100.000    -15.877     80.000    -13.252     90.000    -14.643  37411.00000
4     75.000    -12.864    105.000    -16.386     85.000    -13.972     95.000    -15.166  45305.00000
4     80.000    -13.252    110.000    -17.334     90.000    -14.643    100.000    -15.877  58048.00000
4     85.000    -13.972    115.000    -18.041     95.000    -15.166    105.000    -16.386  49199.00000
4     90.000    -14.643    120.000    -18.336    100.000    -15.877    110.000    -17.334  49020.00000
4     95.000    -15.166    125.000    -18.872    105.000    -16.386    115.000    -18.041  63392.00000
4    100.000    -15.877    130.000    -19.565    110.000    -17.334    120.000    -18.336  49916.00000
4    110.000    -17.334    140.000    -20.198    120.000    -18.336    130.000    -19.565  48079.00000
4    115.000    -18.041    145.000    -20.300    125.000    -18.872    135.000    -19.932  61121.00000
4    120.000    -18.336    150.000    -20.628    130.000    -19.565    140.000    -20.198  43341.00000
4    125.000    -18.872    155.000    -20.669    135.000    -19.932    145.000    -20.300  30719.00000
4    130.000    -19.565    160.000    -21.301    140.000    -20.198    150.000    -20.628  27797.00000
4    135.000    -19.932    165.000    -22.548    145.000    -20.300    155.000    -20.669  37752.00000
4    140.000    -20.198    170.000    -23.394    150.000    -20.628    160.000    -21.301  32360.00000
4    145.000    -20.300    175.000    -24.006    155.000    -20.669    165.000    -22.548  38088.00000
4    150.000    -20.628    180.000    -24.972    160.000    -21.301    170.000    -23.394  33084.00000
4    155.000    -20.669    185.000    -25.718    165.000    -22.548    175.000    -24.006  20112.00000
4    165.000    -22.548    195.000    -26.931    175.000    -24.006    185.000    -25.718  18063.00000
4    170.000    -23.394    200.000    -27.701    180.000    -24.972    190.000    -26.063  11887.00000
4    175.000    -24.006    205.000    -28.100    185.000    -25.718    195.000    -26.931  41900.00000
4    180.000    -24.972    210.000    -28.598    190.000    -26.063    200.000    -27.701  43760.00000
4    185.000    -25.718    215.000    -29.420    195.000    -26.931    205.000    -28.100  19652.00000
4    195.000    -26.931    225.000    -32.268    205.000    -28.100    215.000    -29.420  23958.00000
4    200.000    -27.701    230.000    -33.938    210.000    -28.598    220.000    -30.760  26124.00000
4    205.000    -28.100    235.000    -35.641    215.000    -29.420    225.000    -32.268  26342.00000
4    210.000    -28.598    240.000    -37.263    220.000    -30.760    230.000    -33.938  25797.00000
4    215.000    -29.420    245.000    -39.200    225.000    -32.268    235.000    -35.641  21654.00000
4    220.000    -30.760    250.000    -41.136    230.000    -33.938    240.000    -37.263  14834.00000
4    225.000    -32.268    255.000    -43.072    235.000    -35.641    245.000    -39.200  16610.00000
4    230.000    -33.938    260.000    -45.008    240.000    -37.263    250.000    -41.136  25399.00000
4    235.000    -35.641    265.000    -46.944    245.000    -39.200    255.000    -43.072  27252.00000
4    240.000    -37.263    270.000    -48.880    250.000    -41.136    260.000    -45.008  17640.00000
4    245.000    -39.200    275.000    -50.873    255.000    -43.072    265.000    -46.944  14611.00000
4    250.000    -41.136    280.000    -52.837    260.000    -45.008    270.000    -48.880  21917.00000
4    255.000    -43.072    285.000    -53.811    265.000    -46.944    275.000    -50.873  26685.00000
4    260.000    -45.008    290.000    -54.066    270.000    -48.880    280.000    -52.837  13865.00000
4    265.000    -46.944    295.000    -54.200    275.000    -50.873    285.000    -53.811   5657.70020
4    270.000    -48.880    300.000    -54.200    280.000    -52.837    290.000    -54.066    863.26001
4    275.000    -50.873    305.000    -54.200    285.000    -53.811    295.000    -54.200   1041.90002
4    280.000    -52.837    310.000    -54.200    290.000    -54.066    300.000    -54.200   1052.69995
4    285.000    -53.811    315.000    -54.145    295.000    -54.200    305.000    -54.200    864.54999
4    290.000    -54.066    320.000    -54.045    300.000    -54.200    310.000    -54.200    822.01001
4    295.000    -54.200    325.000    -53.890    305.000    -54.200    315.000    -54.145    837.83002
4    300.000    -54.200    330.000    -53.635    310.000    -54.200    320.000    -54.045    668.73999
4    305.000    -54.200    335.000    -53.336    315.000    -54.145    325.000    -53.890    572.98999
4    310.000    -54.200    340.000    -53.091    320.000    -54.045    330.000    -53.635    620.72998
4    315.000    -54.145    345.000    -52.836    325.000    -53.890    335.000    -53.336    727.03003
4    320.000    -54.045    350.000    -52.537    330.000    -53.635    340.000    -53.091    691.03003
4    325.000    -53.890    355.000    -52.237    335.000    -53.336    345.000    -52.836    725.20001
4    330.000    -53.635    360.000    -51.884    340.000    -53.091    350.000    -52.537    721.22998
4    335.000    -53.336    365.000    -51.432    345.000    -52.836    355.000    -52.237    752.47998
4    340.000    -53.091    370.000    -50.935    350.000    -52.537    360.000    -51.884    788.84003
4    345.000    -52.836    375.000    -50.490    355.000    -52.237    365.000    -51.432    877.75000
4    350.000    -52.537    380.000    -50.300    360.000    -51.884    370.000    -50.935    993.92999
4    355.000    -52.237    385.000    -50.300    365.000    -51.432    375.000    -50.490   1158.19995
4    360.000    -51.884    390.000    -50.352    370.000    -50.935    380.000    -50.300   1252.90002
4    365.000    -51.432    395.000    -50.400    375.000    -50.490    385.000    -50.300   1249.50000
4    370.000    -50.935    400.000    -50.763    380.000    -50.300    390.000    -50.352   1235.59998
4    375.000    -50.490    405.000    -51.506    385.000    -50.300    395.000    -50.400   1270.00000
4    380.000    -50.300    410.000    -52.392    390.000    -50.352    400.000    -50.763   1356.50000
4    385.000    -50.300    415.000    -53.281    395.000    -50.400    405.000    -51.506   1390.40002
4    390.000    -50.352    420.000    -54.071    400.000    -50.763    410.000    -52.392   1278.09998
4    395.000    -50.400    425.000    -54.991    405.000    -51.506    415.000    -53.281   1169.59998
4    400.000    -50.763    430.000    -55.983    410.000    -52.392    420.000    -54.071   1180.80005
4    405.000    -51.506    435.000    -56.748    415.000    -53.281    425.000    -54.991    950.53003
4    410.000    -52.392    440.000    -57.304    420.000    -54.071    430.000    -55.983    693.54999
4    415.000    -53.281    445.000    -57.801    425.000    -54.991    435.000    -56.748    658.84003
4    420.000    -54.071    450.000    -58.220    430.000    -55.983    440.000    -57.304    679.81000
4    425.000    -54.991    455.000    -58.559    435.000    -56.748    445.000    -57.801    598.57001
4    430.000    -55.983    460.000    -58.957    440.000    -57.304    450.000    -58.220    578.92999
4    435.000    -56.748    465.000    -59.395    445.000    -57.801    455.000    -58.559    661.73999
4    440.000    -57.304    470.000    -59.854    450.000    -58.220    460.000    -58.957    700.98999
4    445.000    -57.801    475.000    -60.253    455.000    -58.559    465.000    -59.395    612.37000
4      0.000      0.000     45.000     -7.680     15.000     -2.657     30.000     -5.324   1985.90002
4      5.000     -0.886     50.000     -8.648     20.000     -3.543     35.000     -6.026   2171.30005
4     10.000     -1.772     55.000     -9.137     25.000     -4.518     40.000     -6.806   2117.60010
4     15.000     -2.657     60.000     -9.619     30.000     -5.324     45.000     -7.680   2086.39990
4     20.000     -3.543     65.000    -10.753     35.000     -6.026     50.000     -8.648   2252.10010
4     25.000     -4.518     70.000    -11.863     40.000     -6.806     55.000     -9.137  12870.00000
4     30.000     -5.324     75.000    -12.864     45.000     -7.680     60.000     -9.619  31367.00000
4     35.000     -6.026     80.000    -13.252     50.000     -8.648     65.000    -10.753  34023.00000
4     40.000     -6.806     85.000    -13.972     55.000     -9.137     70.000    -11.863  35245.00000
4     45.000     -7.680     90.000    -14.643     60.000     -9.619     75.000    -12.864  36097.00000
4     50.000     -8.648     95.000    -15.166     65.000    -10.753     80.000    -13.252  60726.00000
4     55.000     -9.137    100.000    -15.877     70.000    -11.863     85.000    -13.972  57491.00000
4     60.000     -9.619    105.000    -16.386     75.000    -12.864     90.000    -14.643  70217.00000
4     65.000    -10.753    110.000    -17.334     80.000    -13.252     95.000    -15.166  59719.00000
4     70.000    -11.863    115.000    -18.041     85.000    -13.972    100.000    -15.877  58738.00000
4     75.000    -12.864    120.000    -18.336     90.000    -14.643    105.000    -16.386  63743.00000
4     80.000    -13.252    125.000    -18.872     95.000    -15.166    110.000    -17.334  74248.00000
4     85.000    -13.972    130.000    -19.565    100.000    -15.877    115.000    -18.041  76506.00000
4     90.000    -14.643    135.000    -19.932    105.000    -16.386    120.000    -18.336  66923.00000
4     95.000    -15.166    140.000    -20.198    110.000    -17.334    125.000    -18.872  58405.00000
4    100.000    -15.877    145.000    -20.300    115.000    -18.041    130.000    -19.565  65702.00000
4    105.000    -16.386    150.000    -20.628    120.000    -18.336    135.000    -19.932  62350.00000
4    110.000    -17.334    155.000    -20.669    125.000    -18.872    140.000    -20.198  74512.00000
4    115.000    -18.041    160.000    -21.301    130.000    -19.565    145.000    -20.300  44734.00000
4    120.000    -18.336    165.000    -22.548    135.000    -19.932    150.000    -20.628  40855.00000
4    125.000    -18.872    170.000    -23.394    140.000    -20.198    155.000    -20.669  34008.00000
4    130.000    -19.565    175.000    -24.006    145.000    -20.300    160.000    -21.301  53582.00000
4    135.000    -19.932    180.000    -24.972    150.000    -20.628    165.000    -22.548  51544.00000
4    140.000    -20.198    185.000    -25.718    155.000    -20.669    170.000    -23.394  55536.00000
4    145.000    -20.300    190.000    -26.063    160.000    -21.301    175.000    -24.006  42563.00000
4    150.000    -20.628    195.000    -26.931    165.000    -22.548    180.000    -24.972  24534.00000
4    155.000    -20.669    200.000    -27.701    170.000    -23.394    185.000    -25.718  18226.00000
4    160.000    -21.301    205.000    -28.100    175.000    -24.006    190.000    -26.063  21544.00000
4    165.000    -22.548    210.000    -28.598    180.000    -24.972    195.000    -26.931  55694.00000
4    170.000    -23.394    215.000    -29.420    185.000    -25.718    200.000    -27.701  55293.00000
4    175.000    -24.006    220.000    -30.760    190.000    -26.063    205.000    -28.100  55733.00000
4    185.000    -25.718    230.000    -33.938    200.000    -27.701    215.000    -29.420  26251.00000
4    195.000    -26.931    240.000    -37.263    210.000    -28.598    225.000    -32.268  41772.00000
4    200.000    -27.701    245.000    -39.200    215.000    -29.420    230.000    -33.938  39319.00000
4    205.000    -28.100    250.000    -41.136    220.000    -30.760    235.000    -35.641  34487.00000
4    215.000    -29.420    260.000    -45.008    230.000    -33.938    245.000    -39.200  23902.00000
4    220.000    -30.760    265.000    -46.944    235.000    -35.641    250.000    -41.136  26129.00000
4    225.000    -32.268    270.000    -48.880    240.000    -37.263    255.000    -43.072  21191.00000
4    235.000    -35.641    280.000    -52.837    250.000    -41.136    265.000    -46.944  15899.00000
4    240.000    -37.263    285.000    -53.811    255.000    -43.072    270.000    -48.880  20597.00000
4    245.000    -39.200    290.000    -54.066    260.000    -45.008    275.000    -50.873  25077.00000
4    250.000    -41.136    295.000    -54.200    265.000    -46.944    280.000    -52.837  28167.00000
4    255.000    -43.072    300.000    -54.200    270.000    -48.880    285.000    -53.811  12284.00000
4    260.000    -45.008    305.000    -54.200    275.000    -50.873    290.000    -54.066   5635.00000
4    265.000    -46.944    310.000    -54.200    280.000    -52.837    295.000    -54.200    744.19000
4    270.000    -48.880    315.000    -54.145    285.000    -53.811    300.000    -54.200    759.60999
4    275.000    -50.873    320.000    -54.045    290.000    -54.066    305.000    -54.200    971.72998
4    280.000    -52.837    325.000    -53.890    295.000    -54.200    310.000    -54.200   1098.80005
4    285.000    -53.811    330.000    -53.635    300.000    -54.200    315.000    -54.145   1072.59998
4    290.000    -54.066    335.000    -53.336    305.000    -54.200    320.000    -54.045    926.84003
4    295.000    -54.200    340.000    -53.091    310.000    -54.200    325.000    -53.890    821.14001
4    300.000    -54.200    345.000    -52.836    315.000    -54.145    330.000    -53.635    708.95001
4    305.000    -54.200    350.000    -52.537    320.000    -54.045    335.000    -53.336    716.60999
4    310.000    -54.200    355.000    -52.237    325.000    -53.890    340.000    -53.091    729.84003
4    315.000    -54.145    360.000    -51.884    330.000    -53.635    345.000    -52.836    776.50000
4    320.000    -54.045    365.000    -51.432    335.000    -53.336    350.000    -52.537    803.67999
4    325.000    -53.890    370.000    -50.935    340.000    -53.091    355.000    -52.237    823.15997
4    330.000    -53.635    375.000    -50.490    345.000    -52.836    360.000    -51.884    849.58002
4    335.000    -53.336    380.000    -50.300    350.000    -52.537    365.000    -51.432    865.65997
4    340.000    -53.091    385.000    -50.300    355.000    -52.237    370.000    -50.935   1037.19995
4    345.000    -52.836    390.000    -50.352    360.000    -51.884    375.000    -50.490   1224.30005
4    355.000    -52.237    400.000    -50.763    370.000    -50.935    385.000    -50.300   1339.69995
4    360.000    -51.884    405.000    -51.506    375.000    -50.490    390.000    -50.352   1216.19995
4    365.000    -51.432    410.000    -52.392    380.000    -50.300    395.000    -50.400   1101.30005
4    370.000    -50.935    415.000    -53.281    385.000    -50.300    400.000    -50.763   1174.00000
4    375.000    -50.490    420.000    -54.071    390.000    -50.352    405.000    -51.506   1247.50000
4    380.000    -50.300    425.000    -54.991    395.000    -50.400    410.000    -52.392   1353.80005
4    385.000    -50.300    430.000    -55.983    400.000    -50.763    415.000    -53.281   1356.09998
4    390.000    -50.352    435.000    -56.748    405.000    -51.506    420.000    -54.071   1247.90002
4    395.000    -50.400    440.000    -57.304    410.000    -52.392    425.000    -54.991   1101.80005
4    400.000    -50.763    445.000    -57.801    415.000    -53.281    430.000    -55.983    948.03998
4    405.000    -51.506    450.000    -58.220    420.000    -54.071    435.000    -56.748    803.72998
4    410.000    -52.392    455.000    -58.559    425.000    -54.991    440.000    -57.304    720.89001
4    415.000    -53.281    460.000    -58.957    430.000    -55.983    445.000    -57.801    726.89001
4    420.000    -54.071    465.000    -59.395    435.000    -56.748    450.000    -58.220    707.76001
4    425.000    -54.991    470.000    -59.854    440.000    -57.304    455.000    -58.559    719.37000
4    430.000    -55.983    475.000    -60.253    445.000    -57.801    460.000    -58.957    693.41998
4      0.000      0.000     60.000     -9.619     20.000     -3.543     40.000     -6.806   2471.60010
4      5.000     -0.886     65.000    -10.753     25.000     -4.518     45.000     -7.680   2529.39990
4     10.000     -1.772     70.000    -11.863     30.000     -5.324     50.000     -8.648   2806.19995
4     15.000     -2.657     75.000    -12.864     35.000     -6.026     55.000     -9.137  15942.00000
4     20.000     -3.543     80.000    -13.252     40.000     -6.806     60.000     -9.619  27946.00000
4     25.000     -4.518     85.000    -13.972     45.000     -7.680     65.000    -10.753  38143.00000
4     30.000     -5.324     90.000    -14.643     50.000     -8.648     70.000    -11.863  45119.00000
4     35.000     -6.026     95.000    -15.166     55.000     -9.137     75.000    -12.864  49189.00000
4     40.000     -6.806    100.000    -15.877     60.000     -9.619     80.000    -13.252  67841.00000
4     45.000     -7.680    105.000    -16.386     65.000    -10.753     85.000    -13.972  65902.00000
4     50.000     -8.648    110.000    -17.334     70.000    -11.863     90.000    -14.643  70744.00000
4     55.000     -9.137    115.000    -18.041     75.000    -12.864     95.000    -15.166  78230.00000
4     60.000     -9.619    120.000    -18.336     80.000    -13.252    100.000    -15.877  68015.00000
4     65.000    -10.753    125.000    -18.872     85.000    -13.972    105.000    -16.386  80418.00000
4     70.000    -11.863    130.000    -19.565     90.000    -14.643    110.000    -17.334  73464.00000
4     75.000    -12.864    135.000    -19.932     95.000    -15.166    115.000    -18.041  81381.00000
4     80.000    -13.252    140.000    -20.198    100.000    -15.877    120.000    -18.336  82502.00000
4     85.000    -13.972    145.000    -20.300    105.000    -16.386    125.000    -18.872  78763.00000
4     90.000    -14.643    150.000    -20.628    110.000    -17.334    130.000    -19.565  84488.00000
4     95.000    -15.166    155.000    -20.669    115.000    -18.041    135.000    -19.932  73818.00000
4    100.000    -15.877    160.000    -21.301    120.000    -18.336    140.000    -20.198  80690.00000
4    105.000    -16.386    165.000    -22.548    125.000    -18.872    145.000    -20.300  77985.00000
4    110.000    -17.334    170.000    -23.394    130.000    -19.565    150.000    -20.628  58402.00000
4    115.000    -18.041    175.000    -24.006    135.000    -19.932    155.000    -20.669  61089.00000
4    120.000    -18.336    180.000    -24.972    140.000    -20.198    160.000    -21.301  48782.00000
4    125.000    -18.872    185.000    -25.718    145.000    -20.300    165.000    -22.548  65484.00000
4    130.000    -19.565    190.000    -26.063    150.000    -20.628    170.000    -23.394  71425.00000
4    135.000    -19.932    195.000    -26.931    155.000    -20.669    175.000    -24.006  55300.00000
4    140.000    -20.198    200.000    -27.701    160.000    -21.301    180.000    -24.972  50673.00000
4    145.000    -20.300    205.000    -28.100    165.000    -22.548    185.000    -25.718  30113.00000
4    150.000    -20.628    210.000    -28.598    170.000    -23.394    190.000    -26.063  24198.00000
4    155.000    -20.669    215.000    -29.420    175.000    -24.006    195.000    -26.931  61082.00000
4    160.000    -21.301    220.000    -30.760    180.000    -24.972    200.000    -27.701  59405.00000
4    165.000    -22.548    225.000    -32.268    185.000    -25.718    205.000    -28.100  67031.00000
4    170.000    -23.394    230.000    -33.938    190.000    -26.063    210.000    -28.598  67601.00000
4    175.000    -24.006    235.000    -35.641    195.000    -26.931    215.000    -29.420  37242.00000
4    180.000    -24.972    240.000    -37.263    200.000    -27.701    220.000    -30.760  40011.00000
4    185.000    -25.718    245.000    -39.200    205.000    -28.100    225.000    -32.268  39242.00000
4    190.000    -26.063    250.000    -41.136    210.000    -28.598    230.000    -33.938  40621.00000
4    195.000    -26.931    255.000    -43.072    215.000    -29.420    235.000    -35.641  48319.00000
4    200.000    -27.701    260.000    -45.008    220.000    -30.760    240.000    -37.263  36668.00000
4    205.000    -28.100    265.000    -46.944    225.000    -32.268    245.000    -39.200  31567.00000
4    210.000    -28.598    270.000    -48.880    230.000    -33.938    250.000    -41.136  20522.00000
4    215.000    -29.420    275.000    -50.873    235.000    -35.641    255.000    -43.072  15715.00000
4    220.000    -30.760    280.000    -52.837    240.000    -37.263    260.000    -45.008  15406.00000
4    225.000    -32.268    285.000    -53.811    245.000    -39.200    265.000    -46.944  17004.00000
4    230.000    -33.938    290.000    -54.066    250.000    -41.136    270.000    -48.880  23681.00000
4    235.000    -35.641    295.000    -54.200    255.000    -43.072    275.000    -50.873  26388.00000
4    240.000    -37.263    300.000    -54.200    260.000    -45.008    280.000    -52.837  26168.00000
4    245.000    -39.200    305.000    -54.200    265.000    -46.944    285.000    -53.811  25427.00000
4    250.000    -41.136    310.000    -54.200    270.000    -48.880    290.000    -54.066  11152.00000
4    255.000    -43.072    315.000    -54.145    275.000    -50.873    295.000    -54.200   5352.79980
4    260.000    -45.008    320.000    -54.045    280.000    -52.837    300.000    -54.200    713.53998
4    265.000    -46.944    325.000    -53.890    285.000    -53.811    305.000    -54.200    672.62000
4    270.000    -48.880    330.000    -53.635    290.000    -54.066    310.000    -54.200    798.00000
4    275.000    -50.873    335.000    -53.336    295.000    -54.200    315.000    -54.145   1022.09998
4    280.000    -52.837    340.000    -53.091    300.000    -54.200    320.000    -54.045   1126.69995
4    285.000    -53.811    345.000    -52.836    305.000    -54.200    325.000    -53.890   1057.59998
4    290.000    -54.066    350.000    -52.537    310.000    -54.200    330.000    -53.635    920.44000
4    295.000    -54.200    355.000    -52.237    315.000    -54.145    335.000    -53.336    843.37000
4    300.000    -54.200    360.000    -51.884    320.000    -54.045    340.000    -53.091    842.54999
4    305.000    -54.200    365.000    -51.432    325.000    -53.890    345.000    -52.836    765.91998
4    310.000    -54.200    370.000    -50.935    330.000    -53.635    350.000    -52.537    877.53998
4    315.000    -54.145    375.000    -50.490    335.000    -53.336    355.000    -52.237    894.01001
4    320.000    -54.045    380.000    -50.300    340.000    -53.091    360.000    -51.884    864.90997
4    325.000    -53.890    385.000    -50.300    345.000    -52.836    365.000    -51.432    941.03003
4    330.000    -53.635    390.000    -50.352    350.000    -52.537    370.000    -50.935   1080.59998
4    335.000    -53.336    395.000    -50.400    355.000    -52.237    375.000    -50.490   1254.50000
4    340.000    -53.091    400.000    -50.763    360.000    -51.884    380.000    -50.300   1355.50000
4    345.000    -52.836    405.000    -51.506    365.000    -51.432    385.000    -50.300   1248.59998
4    355.000    -52.237    415.000    -53.281    375.000    -50.490    395.000    -50.400   1006.79999
4    360.000    -51.884    420.000    -54.071    380.000    -50.300    400.000    -50.763    921.13000
4    365.000    -51.432    425.000    -54.991    385.000    -50.300    405.000    -51.506   1013.70001
4    370.000    -50.935    430.000    -55.983    390.000    -50.352    410.000    -52.392   1157.69995
4    375.000    -50.490    435.000    -56.748    395.000    -50.400    415.000    -53.281   1316.69995
4    380.000    -50.300    440.000    -57.304    400.000    -50.763    420.000    -54.071   1402.59998
4    385.000    -50.300    445.000    -57.801    405.000    -51.506    425.000    -54.991   1223.90002
4    390.000    -50.352    450.000    -58.220    410.000    -52.392    430.000    -55.983   1088.00000
4    395.000    -50.400    455.000    -58.559    415.000    -53.281    435.000    -56.748    947.46997
4    400.000    -50.763    460.000    -58.957    420.000    -54.071    440.000    -57.304    818.58002
4    405.000    -51.506    465.000    -59.395    425.000    -54.991    445.000    -57.801    810.47998
4    410.000    -52.392    470.000    -59.854    430.000    -55.983    450.000    -58.220    803.95001
4    415.000    -53.281    475.000    -60.253    435.000    -56.748    455.000    -58.559    786.53003
4      0.000      0.000     75.000    -12.864     25.000     -4.518     50.000     -8.648   3438.60010
4      5.000     -0.886     80.000    -13.252     30.000     -5.324     55.000     -9.137  14086.00000
4     10.000     -1.772     85.000    -13.972     35.000     -6.026     60.000     -9.619  29107.00000
4     15.000     -2.657     90.000    -14.643     40.000     -6.806     65.000    -10.753  40892.00000
4     20.000     -3.543     95.000    -15.166     45.000     -7.680     70.000    -11.863  46318.00000
4     25.000     -4.518    100.000    -15.877     50.000     -8.648     75.000    -12.864  53901.00000
4     30.000     -5.324    105.000    -16.386     55.000     -9.137     80.000    -13.252  78947.00000
4     35.000     -6.026    110.000    -17.334     60.000     -9.619     85.000    -13.972  74885.00000
4     40.000     -6.806    115.000    -18.041     65.000    -10.753     90.000    -14.643  73116.00000
4     45.000     -7.680    120.000    -18.336     70.000    -11.863     95.000    -15.166  82893.00000
4     50.000     -8.648    125.000    -18.872     75.000    -12.864    100.000    -15.877  88569.00000
4     55.000     -9.137    130.000    -19.565     80.000    -13.252    105.000    -16.386  76341.00000
4     60.000     -9.619    135.000    -19.932     85.000    -13.972    110.000    -17.334  79843.00000
4     65.000    -10.753    140.000    -20.198     90.000    -14.643    115.000    -18.041  87270.00000
4     70.000    -11.863    145.000    -20.300     95.000    -15.166    120.000    -18.336  86248.00000
4     75.000    -12.864    150.000    -20.628    100.000    -15.877    125.000    -18.872  82111.00000
4     80.000    -13.252    155.000    -20.669    105.000    -16.386    130.000    -19.565  97004.00000
4     85.000    -13.972    160.000    -21.301    110.000    -17.334    135.000    -19.932  91215.00000
4     90.000    -14.643    165.000    -22.548    115.000    -18.041    140.000    -20.198  79422.00000
4     95.000    -15.166    170.000    -23.394    120.000    -18.336    145.000    -20.300  76915.00000
4    100.000    -15.877    175.000    -24.006    125.000    -18.872    150.000    -20.628  78069.00000
4    105.000    -16.386    180.000    -24.972    130.000    -19.565    155.000    -20.669  71555.00000
4    110.000    -17.334    185.000    -25.718    135.000    -19.932    160.000    -21.301  74551.00000
4    115.000    -18.041    190.000    -26.063    140.000    -20.198    165.000    -22.548  77779.00000
4    120.000    -18.336    195.000    -26.931    145.000    -20.300    170.000    -23.394  70000.00000
4    125.000    -18.872    200.000    -27.701    150.000    -20.628    175.000    -24.006  62838.00000
4    130.000    -19.565    205.000    -28.100    155.000    -20.669    180.000    -24.972  62182.00000
4    135.000    -19.932    210.000    -28.598    160.000    -21.301    185.000    -25.718  53535.00000
4    140.000    -20.198    215.000    -29.420    165.000    -22.548    190.000    -26.063  38293.00000
4    145.000    -20.300    220.000    -30.760    170.000    -23.394    195.000    -26.931  63029.00000
4    150.000    -20.628    225.000    -32.268    175.000    -24.006    200.000    -27.701  68265.00000
4    155.000    -20.669    230.000    -33.938    180.000    -24.972    205.000    -28.100  67104.00000
4    160.000    -21.301    235.000    -35.641    185.000    -25.718    210.000    -28.598  73985.00000
4    165.000    -22.548    240.000    -37.263    190.000    -26.063    215.000    -29.420  75765.00000
4    170.000    -23.394    245.000    -39.200    195.000    -26.931    220.000    -30.760  52607.00000
4    180.000    -24.972    255.000    -43.072    205.000    -28.100    230.000    -33.938  50605.00000
4    185.000    -25.718    260.000    -45.008    210.000    -28.598    235.000    -35.641  48272.00000
4    190.000    -26.063    265.000    -46.944    215.000    -29.420    240.000    -37.263  39179.00000
4    195.000    -26.931    270.000    -48.880    220.000    -30.760    245.000    -39.200  33944.00000
4    205.000    -28.100    280.000    -52.837    230.000    -33.938    255.000    -43.072  16819.00000
4    210.000    -28.598    285.000    -53.811    235.000    -35.641    260.000    -45.008  15265.00000
4    215.000    -29.420    290.000    -54.066    240.000    -37.263    265.000    -46.944  18410.00000
4    220.000    -30.760    295.000    -54.200    245.000    -39.200    270.000    -48.880  22568.00000
4    225.000    -32.268    300.000    -54.200    250.000    -41.136    275.000    -50.873  24269.00000
4    230.000    -33.938    305.000    -54.200    255.000    -43.072    280.000    -52.837  27677.00000
4    235.000    -35.641    310.000    -54.200    260.000    -45.008    285.000    -53.811  28147.00000
4    240.000    -37.263    315.000    -54.145    265.000    -46.944    290.000    -54.066  23226.00000
4    245.000    -39.200    320.000    -54.045    270.000    -48.880    295.000    -54.200   9997.00000
4    250.000    -41.136    325.000    -53.890    275.000    -50.873    300.000    -54.200   5104.29980
4    255.000    -43.072    330.000    -53.635    280.000    -52.837    305.000    -54.200    777.00000
4    260.000    -45.008    335.000    -53.336    285.000    -53.811    310.000    -54.200    724.96002
4    265.000    -46.944    340.000    -53.091    290.000    -54.066    315.000    -54.145    757.64001
4    270.000    -48.880    345.000    -52.836    295.000    -54.200    320.000    -54.045    834.09998
4    275.000    -50.873    350.000    -52.537    300.000    -54.200    325.000    -53.890   1019.59998
4    280.000    -52.837    355.000    -52.237    305.000    -54.200    330.000    -53.635   1134.00000
4    285.000    -53.811    360.000    -51.884    310.000    -54.200    335.000    -53.336   1040.90002
4    290.000    -54.066    365.000    -51.432    315.000    -54.145    340.000    -53.091    952.22998
4    295.000    -54.200    370.000    -50.935    320.000    -54.045    345.000    -52.836    971.08002
4    300.000    -54.200    375.000    -50.490    325.000    -53.890    350.000    -52.537    951.14001
4    305.000    -54.200    380.000    -50.300    330.000    -53.635    355.000    -52.237    925.31000
4    310.000    -54.200    385.000    -50.300    335.000    -53.336    360.000    -51.884    950.84003
4    315.000    -54.145    390.000    -50.352    340.000    -53.091    365.000    -51.432   1019.70001
4    320.000    -54.045    395.000    -50.400    345.000    -52.836    370.000    -50.935   1149.80005
4    325.000    -53.890    400.000    -50.763    350.000    -52.537    375.000    -50.490   1235.00000
4    330.000    -53.635    405.000    -51.506    355.000    -52.237    380.000    -50.300   1228.80005
4    335.000    -53.336    410.000    -52.392    360.000    -51.884    385.000    -50.300   1130.19995
4    340.000    -53.091    415.000    -53.281    365.000    -51.432    390.000    -50.352   1034.19995
4    345.000    -52.836    420.000    -54.071    370.000    -50.935    395.000    -50.400    938.40002
4    350.000    -52.537    425.000    -54.991    375.000    -50.490    400.000    -50.763    940.66998
4    355.000    -52.237    430.000    -55.983    380.000    -50.300    405.000    -51.506    965.28998
4    360.000    -51.884    435.000    -56.748    385.000    -50.300    410.000    -52.392   1011.00000
4    365.000    -51.432    440.000    -57.304    390.000    -50.352    415.000    -53.281   1104.40002
4    370.000    -50.935    445.000    -57.801    395.000    -50.400    420.000    -54.071   1259.09998
4    375.000    -50.490    450.000    -58.220    400.000    -50.763    425.000    -54.991   1300.30005
4    380.000    -50.300    455.000    -58.559    405.000    -51.506    430.000    -55.983   1208.00000
4    385.000    -50.300    460.000    -58.957    410.000    -52.392    435.000    -56.748   1093.19995
4    390.000    -50.352    465.000    -59.395    415.000    -53.281    440.000    -57.304    979.14001
4    395.000    -50.400    470.000    -59.854    420.000    -54.071    445.000    -57.801    877.73999
4    400.000    -50.763    475.000    -60.253    425.000    -54.991    450.000    -58.220    857.19000
4      0.000      0.000     90.000    -14.643     30.000     -5.324     60.000     -9.619  30560.00000
4      5.000     -0.886     95.000    -15.166     35.000     -6.026     65.000    -10.753  40075.00000
4     10.000     -1.772    100.000    -15.877     40.000     -6.806     70.000    -11.863  47364.00000
4     15.000     -2.657    105.000    -16.386     45.000     -7.680     75.000    -12.864  56560.00000
4     20.000     -3.543    110.000    -17.334     50.000     -8.648     80.000    -13.252  83881.00000
4     25.000     -4.518    115.000    -18.041     55.000     -9.137     85.000    -13.972  81846.00000
4     30.000     -5.324    120.000    -18.336     60.000     -9.619     90.000    -14.643  86368.00000
4     35.000     -6.026    125.000    -18.872     65.000    -10.753     95.000    -15.166  95333.00000
4     40.000     -6.806    130.000    -19.565     70.000    -11.863    100.000    -15.877  88770.00000
4     45.000     -7.680    135.000    -19.932     75.000    -12.864    105.000    -16.386  93337.00000
4     50.000     -8.648    140.000    -20.198     80.000    -13.252    110.000    -17.334  72257.00000
4     55.000     -9.137    145.000    -20.300     85.000    -13.972    115.000    -18.041  92127.00000
4     60.000     -9.619    150.000    -20.628     90.000    -14.643    120.000    -18.336  95274.00000
4     65.000    -10.753    155.000    -20.669     95.000    -15.166    125.000    -18.872  86950.00000
4     70.000    -11.863    160.000    -21.301    100.000    -15.877    130.000    -19.565  91782.00000
4     75.000    -12.864    165.000    -22.548    105.000    -16.386    135.000    -19.932  83367.00000
4     80.000    -13.252    170.000    -23.394    110.000    -17.334    140.000    -20.198  93292.00000
4     85.000    -13.972    175.000    -24.006    115.000    -18.041    145.000    -20.300  80221.00000
4     90.000    -14.643    180.000    -24.972    120.000    -18.336    150.000    -20.628  82170.00000
4     95.000    -15.166    185.000    -25.718    125.000    -18.872    155.000    -20.669  95309.00000
4    100.000    -15.877    190.000    -26.063    130.000    -19.565    160.000    -21.301  86262.00000
4    105.000    -16.386    195.000    -26.931    135.000    -19.932    165.000    -22.548  77203.00000
4    110.000    -17.334    200.000    -27.701    140.000    -20.198    170.000    -23.394  69000.00000
4    115.000    -18.041    205.000    -28.100    145.000    -20.300    175.000    -24.006  75675.00000
4    120.000    -18.336    210.000    -28.598    150.000    -20.628    180.000    -24.972  72378.00000
4    125.000    -18.872    215.000    -29.420    155.000    -20.669    185.000    -25.718  60933.00000
4    130.000    -19.565    220.000    -30.760    160.000    -21.301    190.000    -26.063  56865.00000
4    135.000    -19.932    225.000    -32.268    165.000    -22.548    195.000    -26.931  76428.00000
4    140.000    -20.198    230.000    -33.938    170.000    -23.394    200.000    -27.701  72257.00000
4    145.000    -20.300    235.000    -35.641    175.000    -24.006    205.000    -28.100  78139.00000
4    150.000    -20.628    240.000    -37.263    180.000    -24.972    210.000    -28.598  71429.00000
4    155.000    -20.669    245.000    -39.200    185.000    -25.718    215.000    -29.420  87862.00000
4    160.000    -21.301    250.000    -41.136    190.000    -26.063    220.000    -30.760  97064.00000
4    165.000    -22.548    255.000    -43.072    195.000    -26.931    225.000    -32.268  66211.00000
4    170.000    -23.394    260.000    -45.008    200.000    -27.701    230.000    -33.938  65586.00000
4    175.000    -24.006    265.000    -46.944    205.000    -28.100    235.000    -35.641  54803.00000
4    180.000    -24.972    270.000    -48.880    210.000    -28.598    240.000    -37.263  43875.00000
4    185.000    -25.718    275.000    -50.873    215.000    -29.420    245.000    -39.200  32421.00000
4    190.000    -26.063    280.000    -52.837    220.000    -30.760    250.000    -41.136  23410.00000
4    195.000    -26.931    285.000    -53.811    225.000    -32.268    255.000    -43.072  23369.00000
4    200.000    -27.701    290.000    -54.066    230.000    -33.938    260.000    -45.008  19049.00000
4    205.000    -28.100    295.000    -54.200    235.000    -35.641    265.000    -46.944  18949.00000
4    210.000    -28.598    300.000    -54.200    240.000    -37.263    270.000    -48.880  24547.00000
4    215.000    -29.420    305.000    -54.200    245.000    -39.200    275.000    -50.873  24859.00000
4    220.000    -30.760    310.000    -54.200    250.000    -41.136    280.000    -52.837  25065.00000
4    225.000    -32.268    315.000    -54.145    255.000    -43.072    285.000    -53.811  25199.00000
4    230.000    -33.938    320.000    -54.045    260.000    -45.008    290.000    -54.066  26653.00000
4    235.000    -35.641    325.000    -53.890    265.000    -46.944    295.000    -54.200  24289.00000
4    240.000    -37.263    330.000    -53.635    270.000    -48.880    300.000    -54.200   9193.50000
4    245.000    -39.200    335.000    -53.336    275.000    -50.873    305.000    -54.200   4821.39990
4    250.000    -41.136    340.000    -53.091    280.000    -52.837    310.000    -54.200    866.27002
4    255.000    -43.072    345.000    -52.836    285.000    -53.811    315.000    -54.145    833.20001
4    260.000    -45.008    350.000    -52.537    290.000    -54.066    320.000    -54.045    785.07001
4    265.000    -46.944    355.000    -52.237    295.000    -54.200    325.000    -53.890    803.51001
4    270.000    -48.880    360.000    -51.884    300.000    -54.200    330.000    -53.635    915.60999
4    275.000    -50.873    365.000    -51.432    305.000    -54.200    335.000    -53.336   1084.50000
4    280.000    -52.837    370.000    -50.935    310.000    -54.200    340.000    -53.091   1126.80005
4    285.000    -53.811    375.000    -50.490    315.000    -54.145    345.000    -52.836   1039.80005
4    290.000    -54.066    380.000    -50.300    320.000    -54.045    350.000    -52.537   1037.80005
4    295.000    -54.200    385.000    -50.300    325.000    -53.890    355.000    -52.237   1047.69995
4    300.000    -54.200    390.000    -50.352    330.000    -53.635    360.000    -51.884   1044.40002
4    305.000    -54.200    395.000    -50.400    335.000    -53.336    365.000    -51.432   1075.59998
4    310.000    -54.200    400.000    -50.763    340.000    -53.091    370.000    -50.935   1157.59998
4    315.000    -54.145    405.000    -51.506    345.000    -52.836    375.000    -50.490   1183.90002
4    320.000    -54.045    410.000    -52.392    350.000    -52.537    380.000    -50.300   1147.69995
4    325.000    -53.890    415.000    -53.281    355.000    -52.237    385.000    -50.300   1042.00000
4    330.000    -53.635    420.000    -54.071    360.000    -51.884    390.000    -50.352    966.13000
4    340.000    -53.091    430.000    -55.983    370.000    -50.935    400.000    -50.763    983.10999
4    345.000    -52.836    435.000    -56.748    375.000    -50.490    405.000    -51.506   1006.50000
4    355.000    -52.237    445.000    -57.801    385.000    -50.300    415.000    -53.281   1061.69995
4    360.000    -51.884    450.000    -58.220    390.000    -50.352    420.000    -54.071   1120.09998
4    365.000    -51.432    455.000    -58.559    395.000    -50.400    425.000    -54.991   1150.19995
4    370.000    -50.935    460.000    -58.957    400.000    -50.763    430.000    -55.983   1174.09998
4    375.000    -50.490    465.000    -59.395    405.000    -51.506    435.000    -56.748   1158.59998
4    380.000    -50.300    470.000    -59.854    410.000    -52.392    440.000    -57.304   1108.50000
4    385.000    -50.300    475.000    -60.253    415.000    -53.281    445.000    -57.801    992.31000
4      0.000      0.000    105.000    -16.386     35.000     -6.026     70.000    -11.863  48125.00000
4      5.000     -0.886    110.000    -17.334     40.000     -6.806     75.000    -12.864  56033.00000
4     10.000     -1.772    115.000    -18.041     45.000     -7.680     80.000    -13.252  81012.00000
4     15.000     -2.657    120.000    -18.336     50.000     -8.648     85.000    -13.972  89796.00000
4     20.000     -3.543    125.000    -18.872     55.000     -9.137     90.000    -14.643 100851.00000
4     25.000     -4.518    130.000    -19.565     60.000     -9.619     95.000    -15.166  97763.00000
4     30.000     -5.324    135.000    -19.932     65.000    -10.753    100.000    -15.877  95134.00000
4     35.000     -6.026    140.000    -20.198     70.000    -11.863    105.000    -16.386  96625.00000
4     40.000     -6.806    145.000    -20.300     75.000    -12.864    110.000    -17.334  97630.00000
4     55.000     -9.137    160.000    -21.301     90.000    -14.643    125.000    -18.872  88743.00000
4     60.000     -9.619    165.000    -22.548     95.000    -15.166    130.000    -19.565  84970.00000
4     65.000    -10.753    170.000    -23.394    100.000    -15.877    135.000    -19.932  84446.00000
4     70.000    -11.863    175.000    -24.006    105.000    -16.386    140.000    -20.198  89338.00000
4     75.000    -12.864    180.000    -24.972    110.000    -17.334    145.000    -20.300  82408.00000
4     80.000    -13.252    185.000    -25.718    115.000    -18.041    150.000    -20.628  86478.00000
4     85.000    -13.972    190.000    -26.063    120.000    -18.336    155.000    -20.669  91936.00000
4     90.000    -14.643    195.000    -26.931    125.000    -18.872    160.000    -21.301  86101.00000
4     95.000    -15.166    200.000    -27.701    130.000    -19.565    165.000    -22.548  82956.00000
4    100.000    -15.877    205.000    -28.100    135.000    -19.932    170.000    -23.394  77690.00000
4    105.000    -16.386    210.000    -28.598    140.000    -20.198    175.000    -24.006  69864.00000
4    110.000    -17.334    215.000    -29.420    145.000    -20.300    180.000    -24.972  76075.00000
4    115.000    -18.041    220.000    -30.760    150.000    -20.628    185.000    -25.718  74597.00000
4    120.000    -18.336    225.000    -32.268    155.000    -20.669    190.000    -26.063  66792.00000
4    125.000    -18.872    230.000    -33.938    160.000    -21.301    195.000    -26.931  88750.00000
4    130.000    -19.565    235.000    -35.641    165.000    -22.548    200.000    -27.701  81488.00000
4    135.000    -19.932    240.000    -37.263    170.000    -23.394    205.000    -28.100  85684.00000
4    140.000    -20.198    245.000    -39.200    175.000    -24.006    210.000    -28.598  93449.00000
4    145.000    -20.300    250.000    -41.136    180.000    -24.972    215.000    -29.420  92363.00000
4    150.000    -20.628    255.000    -43.072    185.000    -25.718    220.000    -30.760 101993.00000
4    155.000    -20.669    260.000    -45.008    190.000    -26.063    225.000    -32.268 109822.00000
4    160.000    -21.301    265.000    -46.944    195.000    -26.931    230.000    -33.938  74446.00000
4    165.000    -22.548    270.000    -48.880    200.000    -27.701    235.000    -35.641  63102.00000
4    170.000    -23.394    275.000    -50.873    205.000    -28.100    240.000    -37.263  51918.00000
4    175.000    -24.006    280.000    -52.837    210.000    -28.598    245.000    -39.200  43911.00000
4    180.000    -24.972    285.000    -53.811    215.000    -29.420    250.000    -41.136  36013.00000
4    185.000    -25.718    290.000    -54.066    220.000    -30.760    255.000    -43.072  26941.00000
4    190.000    -26.063    295.000    -54.200    225.000    -32.268    260.000    -45.008  20055.00000
4    195.000    -26.931    300.000    -54.200    230.000    -33.938    265.000    -46.944  23269.00000
4    200.000    -27.701    305.000    -54.200    235.000    -35.641    270.000    -48.880  25433.00000
4    205.000    -28.100    310.000    -54.200    240.000    -37.263    275.000    -50.873  27750.00000
4    210.000    -28.598    315.000    -54.145    245.000    -39.200    280.000    -52.837  26790.00000
4    215.000    -29.420    320.000    -54.045    250.000    -41.136    285.000    -53.811  24907.00000
4    220.000    -30.760    325.000    -53.890    255.000    -43.072    290.000    -54.066  23909.00000
4    225.000    -32.268    330.000    -53.635    260.000    -45.008    295.000    -54.200  24156.00000
4    230.000    -33.938    335.000    -53.336    265.000    -46.944    300.000    -54.200  22401.00000
4    235.000    -35.641    340.000    -53.091    270.000    -48.880    305.000    -54.200   9514.29980
4    240.000    -37.263    345.000    -52.836    275.000    -50.873    310.000    -54.200   4617.00000
4    245.000    -39.200    350.000    -52.537    280.000    -52.837    315.000    -54.145    960.52002
4    250.000    -41.136    355.000    -52.237    285.000    -53.811    320.000    -54.045    897.83002
4    255.000    -43.072    360.000    -51.884    290.000    -54.066    325.000    -53.890    872.00000
4    260.000    -45.008    365.000    -51.432    295.000    -54.200    330.000    -53.635    866.82001
4    265.000    -46.944    370.000    -50.935    300.000    -54.200    335.000    -53.336    893.67999
4    270.000    -48.880    375.000    -50.490    305.000    -54.200    340.000    -53.091    997.76001
4    275.000    -50.873    380.000    -50.300    310.000    -54.200    345.000    -52.836   1087.59998
4    280.000    -52.837    385.000    -50.300    315.000    -54.145    350.000    -52.537   1136.80005
4    285.000    -53.811    390.000    -50.352    320.000    -54.045    355.000    -52.237   1151.59998
4    290.000    -54.066    395.000    -50.400    325.000    -53.890    360.000    -51.884   1142.69995
4    295.000    -54.200    400.000    -50.763    330.000    -53.635    365.000    -51.432   1150.59998
4    300.000    -54.200    405.000    -51.506    335.000    -53.336    370.000    -50.935   1143.09998
4    305.000    -54.200    410.000    -52.392    340.000    -53.091    375.000    -50.490   1135.09998
4    310.000    -54.200    415.000    -53.281    345.000    -52.836    380.000    -50.300   1107.69995
4    315.000    -54.145    420.000    -54.071    350.000    -52.537    385.000    -50.300   1027.09998
4    320.000    -54.045    425.000    -54.991    355.000    -52.237    390.000    -50.352    990.97998
4    325.000    -53.890    430.000    -55.983    360.000    -51.884    395.000    -50.400    996.44000
4    330.000    -53.635    435.000    -56.748    365.000    -51.432    400.000    -50.763   1031.50000
4    335.000    -53.336    440.000    -57.304    370.000    -50.935    405.000    -51.506   1028.09998
4    340.000    -53.091    445.000    -57.801    375.000    -50.490    410.000    -52.392   1066.30005
4    345.000    -52.836    450.000    -58.220    380.000    -50.300    415.000    -53.281   1062.30005
4    350.000    -52.537    455.000    -58.559    385.000    -50.300    420.000    -54.071   1105.90002
4    355.000    -52.237    460.000    -58.957    390.000    -50.352    425.000    -54.991   1105.80005
4    360.000    -51.884    465.000    -59.395    395.000    -50.400    430.000    -55.983   1121.69995
4    365.000    -51.432    470.000    -59.854    400.000    -50.763    435.000    -56.748   1128.19995
4    370.000    -50.935    475.000    -60.253    405.000    -51.506    440.000    -57.304   1096.80005
4      0.000      0.000    120.000    -18.336     40.000     -6.806     80.000    -13.252  87041.00000
4      5.000     -0.886    125.000    -18.872     45.000     -7.680     85.000    -13.972  95153.00000
4     10.000     -1.772    130.000    -19.565     50.000     -8.648     90.000    -14.643  97380.00000
4     15.000     -2.657    135.000    -19.932     55.000     -9.137     95.000    -15.166 105290.00000
4     20.000     -3.543    140.000    -20.198     60.000     -9.619    100.000    -15.877 100635.00000
4     25.000     -4.518    145.000    -20.300     65.000    -10.753    105.000    -16.386 108991.00000
4     30.000     -5.324    150.000    -20.628     70.000    -11.863    110.000    -17.334 110637.00000
4     35.000     -6.026    155.000    -20.669     75.000    -12.864    115.000    -18.041 118520.00000
4     40.000     -6.806    160.000    -21.301     80.000    -13.252    120.000    -18.336  99840.00000
4     45.000     -7.680    165.000    -22.548     85.000    -13.972    125.000    -18.872  84518.00000
4     50.000     -8.648    170.000    -23.394     90.000    -14.643    130.000    -19.565  79497.00000
4     55.000     -9.137    175.000    -24.006     95.000    -15.166    135.000    -19.932  84658.00000
4     60.000     -9.619    180.000    -24.972    100.000    -15.877    140.000    -20.198  91252.00000
4     65.000    -10.753    185.000    -25.718    105.000    -16.386    145.000    -20.300  88881.00000
4     70.000    -11.863    190.000    -26.063    110.000    -17.334    150.000    -20.628  88034.00000
4     75.000    -12.864    195.000    -26.931    115.000    -18.041    155.000    -20.669  64597.00000
4     80.000    -13.252    200.000    -27.701    120.000    -18.336    160.000    -21.301  79263.00000
4     85.000    -13.972    205.000    -28.100    125.000    -18.872    165.000    -22.548  85644.00000
4     90.000    -14.643    210.000    -28.598    130.000    -19.565    170.000    -23.394  79945.00000
4     95.000    -15.166    215.000    -29.420    135.000    -19.932    175.000    -24.006  76434.00000
4    100.000    -15.877    220.000    -30.760    140.000    -20.198    180.000    -24.972  66350.00000
4    105.000    -16.386    225.000    -32.268    145.000    -20.300    185.000    -25.718  71415.00000
4    110.000    -17.334    230.000    -33.938    150.000    -20.628    190.000    -26.063  68562.00000
4    115.000    -18.041    235.000    -35.641    155.000    -20.669    195.000    -26.931 100363.00000
4    120.000    -18.336    240.000    -37.263    160.000    -21.301    200.000    -27.701  98330.00000
4    125.000    -18.872    245.000    -39.200    165.000    -22.548    205.000    -28.100  89473.00000
4    130.000    -19.565    250.000    -41.136    170.000    -23.394    210.000    -28.598  92979.00000
4    135.000    -19.932    255.000    -43.072    175.000    -24.006    215.000    -29.420 102833.00000
4    140.000    -20.198    260.000    -45.008    180.000    -24.972    220.000    -30.760 110487.00000
4    145.000    -20.300    265.000    -46.944    185.000    -25.718    225.000    -32.268 114961.00000
4    150.000    -20.628    270.000    -48.880    190.000    -26.063    230.000    -33.938 117077.00000
4    155.000    -20.669    275.000    -50.873    195.000    -26.931    235.000    -35.641  71974.00000
4    160.000    -21.301    280.000    -52.837    200.000    -27.701    240.000    -37.263  64321.00000
4    165.000    -22.548    285.000    -53.811    205.000    -28.100    245.000    -39.200  56510.00000
4    170.000    -23.394    290.000    -54.066    210.000    -28.598    250.000    -41.136  51367.00000
4    175.000    -24.006    295.000    -54.200    215.000    -29.420    255.000    -43.072  40948.00000
4    180.000    -24.972    300.000    -54.200    220.000    -30.760    260.000    -45.008  31449.00000
4    185.000    -25.718    305.000    -54.200    225.000    -32.268    265.000    -46.944  24382.00000
4    190.000    -26.063    310.000    -54.200    230.000    -33.938    270.000    -48.880  25509.00000
4    195.000    -26.931    315.000    -54.145    235.000    -35.641    275.000    -50.873  28905.00000
4    200.000    -27.701    320.000    -54.045    240.000    -37.263    280.000    -52.837  30117.00000
4    205.000    -28.100    325.000    -53.890    245.000    -39.200    285.000    -53.811  27684.00000
4    210.000    -28.598    330.000    -53.635    250.000    -41.136    290.000    -54.066  24964.00000
4    215.000    -29.420    335.000    -53.336    255.000    -43.072    295.000    -54.200  23634.00000
4    220.000    -30.760    340.000    -53.091    260.000    -45.008    300.000    -54.200  22750.00000
4    225.000    -32.268    345.000    -52.836    265.000    -46.944    305.000    -54.200  20263.00000
4    230.000    -33.938    350.000    -52.537    270.000    -48.880    310.000    -54.200   8940.90039
4    235.000    -35.641    355.000    -52.237    275.000    -50.873    315.000    -54.145   4867.70020
4    240.000    -37.263    360.000    -51.884    280.000    -52.837    320.000    -54.045   1021.50000
4    245.000    -39.200    365.000    -51.432    285.000    -53.811    325.000    -53.890   1024.00000
4    250.000    -41.136    370.000    -50.935    290.000    -54.066    330.000    -53.635    958.21002
4    255.000    -43.072    375.000    -50.490    295.000    -54.200    335.000    -53.336    934.44000
4    260.000    -45.008    380.000    -50.300    300.000    -54.200    340.000    -53.091    925.40997
4    265.000    -46.944    385.000    -50.300    305.000    -54.200    345.000    -52.836    970.50000
4    270.000    -48.880    390.000    -50.352    310.000    -54.200    350.000    -52.537   1090.00000
4    275.000    -50.873    395.000    -50.400    315.000    -54.145    355.000    -52.237   1168.80005
4    280.000    -52.837    400.000    -50.763    320.000    -54.045    360.000    -51.884   1223.90002
4    285.000    -53.811    405.000    -51.506    325.000    -53.890    365.000    -51.432   1186.90002
4    290.000    -54.066    410.000    -52.392    330.000    -53.635    370.000    -50.935   1171.80005
4    295.000    -54.200    415.000    -53.281    335.000    -53.336    375.000    -50.490   1156.00000
4    300.000    -54.200    420.000    -54.071    340.000    -53.091    380.000    -50.300   1116.19995
4    305.000    -54.200    425.000    -54.991    345.000    -52.836    385.000    -50.300   1068.69995
4    310.000    -54.200    430.000    -55.983    350.000    -52.537    390.000    -50.352   1050.69995
4    315.000    -54.145    435.000    -56.748    355.000    -52.237    395.000    -50.400   1051.59998
4    320.000    -54.045    440.000    -57.304    360.000    -51.884    400.000    -50.763   1086.80005
4    325.000    -53.890    445.000    -57.801    365.000    -51.432    405.000    -51.506   1136.69995
4    330.000    -53.635    450.000    -58.220    370.000    -50.935    410.000    -52.392   1157.40002
4    335.000    -53.336    455.000    -58.559    375.000    -50.490    415.000    -53.281    989.91998
4    340.000    -53.091    460.000    -58.957    380.000    -50.300    420.000    -54.071   1106.90002
4    345.000    -52.836    465.000    -59.395    385.000    -50.300    425.000    -54.991   1128.59998
4    350.000    -52.537    470.000    -59.854    390.000    -50.352    430.000    -55.983   1129.59998
4    355.000    -52.237    475.000    -60.253    395.000    -50.400    435.000    -56.748   1144.19995
4      0.000      0.000    135.000    -19.932     45.000     -7.680     90.000    -14.643 101045.00000
4      5.000     -0.886    140.000    -20.198     50.000     -8.648     95.000    -15.166 105221.00000
4     10.000     -1.772    145.000    -20.300     55.000     -9.137    100.000    -15.877 112451.00000
4     15.000     -2.657    150.000    -20.628     60.000     -9.619    105.000    -16.386 119346.00000
4     20.000     -3.543    155.000    -20.669     65.000    -10.753    110.000    -17.334 114692.00000
4     25.000     -4.518    160.000    -21.301     70.000    -11.863    115.000    -18.041 123046.00000
4     30.000     -5.324    165.000    -22.548     75.000    -12.864    120.000    -18.336 111280.00000
4     35.000     -6.026    170.000    -23.394     80.000    -13.252    125.000    -18.872  90114.00000
4     40.000     -6.806    175.000    -24.006     85.000    -13.972    130.000    -19.565  94470.00000
4     45.000     -7.680    180.000    -24.972     90.000    -14.643    135.000    -19.932  90639.00000
4     50.000     -8.648    185.000    -25.718     95.000    -15.166    140.000    -20.198  89782.00000
4     55.000     -9.137    190.000    -26.063    100.000    -15.877    145.000    -20.300  88186.00000
4     60.000     -9.619    195.000    -26.931    105.000    -16.386    150.000    -20.628  66608.00000
4     65.000    -10.753    200.000    -27.701    110.000    -17.334    155.000    -20.669  65548.00000
4     70.000    -11.863    205.000    -28.100    115.000    -18.041    160.000    -21.301  57016.00000
4     75.000    -12.864    210.000    -28.598    120.000    -18.336    165.000    -22.548  64030.00000
4     80.000    -13.252    215.000    -29.420    125.000    -18.872    170.000    -23.394  81726.00000
4     85.000    -13.972    220.000    -30.760    130.000    -19.565    175.000    -24.006  69671.00000
4     90.000    -14.643    225.000    -32.268    135.000    -19.932    180.000    -24.972  66627.00000
4     95.000    -15.166    230.000    -33.938    140.000    -20.198    185.000    -25.718  63759.00000
4    100.000    -15.877    235.000    -35.641    145.000    -20.300    190.000    -26.063  68372.00000
4    120.000    -18.336    255.000    -43.072    165.000    -22.548    210.000    -28.598  97806.00000
4    125.000    -18.872    260.000    -45.008    170.000    -23.394    215.000    -29.420  99537.00000
4    130.000    -19.565    265.000    -46.944    175.000    -24.006    220.000    -30.760  98334.00000
4    135.000    -19.932    270.000    -48.880    180.000    -24.972    225.000    -32.268 114533.00000
4    140.000    -20.198    275.000    -50.873    185.000    -25.718    230.000    -33.938 120076.00000
4    145.000    -20.300    280.000    -52.837    190.000    -26.063    235.000    -35.641  92384.00000
4    150.000    -20.628    285.000    -53.811    195.000    -26.931    240.000    -37.263  76027.00000
4    155.000    -20.669    290.000    -54.066    200.000    -27.701    245.000    -39.200  68369.00000
4    160.000    -21.301    295.000    -54.200    205.000    -28.100    250.000    -41.136  61052.00000
4    165.000    -22.548    300.000    -54.200    210.000    -28.598    255.000    -43.072  57114.00000
4    170.000    -23.394    305.000    -54.200    215.000    -29.420    260.000    -45.008  46803.00000
4    175.000    -24.006    310.000    -54.200    220.000    -30.760    265.000    -46.944  36982.00000
4    180.000    -24.972    315.000    -54.145    225.000    -32.268    270.000    -48.880  33078.00000
4    185.000    -25.718    320.000    -54.045    230.000    -33.938    275.000    -50.873  29007.00000
4    190.000    -26.063    325.000    -53.890    235.000    -35.641    280.000    -52.837  28319.00000
4    195.000    -26.931    330.000    -53.635    240.000    -37.263    285.000    -53.811  31619.00000
4    200.000    -27.701    335.000    -53.336    245.000    -39.200    290.000    -54.066  28179.00000
4    205.000    -28.100    340.000    -53.091    250.000    -41.136    295.000    -54.200  25643.00000
4    210.000    -28.598    345.000    -52.836    255.000    -43.072    300.000    -54.200  23697.00000
4    215.000    -29.420    350.000    -52.537    260.000    -45.008    305.000    -54.200  22288.00000
4    220.000    -30.760    355.000    -52.237    265.000    -46.944    310.000    -54.200  18930.00000
4    240.000    -37.263    375.000    -50.490    285.000    -53.811    330.000    -53.635   1150.30005
4    245.000    -39.200    380.000    -50.300    290.000    -54.066    335.000    -53.336   1012.50000
4    250.000    -41.136    385.000    -50.300    295.000    -54.200    340.000    -53.091   1014.09998
4    255.000    -43.072    390.000    -50.352    300.000    -54.200    345.000    -52.836   1023.00000
4    260.000    -45.008    395.000    -50.400    305.000    -54.200    350.000    -52.537   1048.40002
4    265.000    -46.944    400.000    -50.763    310.000    -54.200    355.000    -52.237   1067.80005
4    270.000    -48.880    405.000    -51.506    315.000    -54.145    360.000    -51.884   1112.30005
4    275.000    -50.873    410.000    -52.392    320.000    -54.045    365.000    -51.432   1180.09998
4    280.000    -52.837    415.000    -53.281    325.000    -53.890    370.000    -50.935   1221.19995
4    285.000    -53.811    420.000    -54.071    330.000    -53.635    375.000    -50.490   1194.50000
4    290.000    -54.066    425.000    -54.991    335.000    -53.336    380.000    -50.300   1188.19995
4    295.000    -54.200    430.000    -55.983    340.000    -53.091    385.000    -50.300   1165.00000
4    300.000    -54.200    435.000    -56.748    345.000    -52.836    390.000    -50.352   1124.80005
4    305.000    -54.200    440.000    -57.304    350.000    -52.537    395.000    -50.400   1104.69995
4    310.000    -54.200    445.000    -57.801    355.000    -52.237    400.000    -50.763   1132.40002
4    315.000    -54.145    450.000    -58.220    360.000    -51.884    405.000    -51.506   1186.90002
4    320.000    -54.045    455.000    -58.559    365.000    -51.432    410.000    -52.392   1190.50000
4    325.000    -53.890    460.000    -58.957    370.000    -50.935    415.000    -53.281   1177.09998
4    330.000    -53.635    465.000    -59.395    375.000    -50.490    420.000    -54.071   1171.30005
4    335.000    -53.336    470.000    -59.854    380.000    -50.300    425.000    -54.991    917.73999
4    340.000    -53.091    475.000    -60.253    385.000    -50.300    430.000    -55.983   1126.19995
4      0.000      0.000    150.000    -20.628     50.000     -8.648    100.000    -15.877 120386.00000
4      5.000     -0.886    155.000    -20.669     55.000     -9.137    105.000    -16.386 124644.00000
4     10.000     -1.772    160.000    -21.301     60.000     -9.619    110.000    -17.334 121410.00000
4     15.000     -2.657    165.000    -22.548     65.000    -10.753    115.000    -18.041 119847.00000
4     20.000     -3.543    170.000    -23.394     70.000    -11.863    120.000    -18.336 114612.00000
4     25.000     -4.518    175.000    -24.006     75.000    -12.864    125.000    -18.872 111085.00000
4     30.000     -5.324    180.000    -24.972     80.000    -13.252    130.000    -19.565 104329.00000
4     35.000     -6.026    185.000    -25.718     85.000    -13.972    135.000    -19.932 103086.00000
4     40.000     -6.806    190.000    -26.063     90.000    -14.643    140.000    -20.198 103574.00000
4     45.000     -7.680    195.000    -26.931     95.000    -15.166    145.000    -20.300  64260.00000
4     50.000     -8.648    200.000    -27.701    100.000    -15.877    150.000    -20.628  55770.00000
4     55.000     -9.137    205.000    -28.100    105.000    -16.386    155.000    -20.669  52879.00000
4     60.000     -9.619    210.000    -28.598    110.000    -17.334    160.000    -21.301  53359.00000
4     65.000    -10.753    215.000    -29.420    115.000    -18.041    165.000    -22.548  51313.00000
4     70.000    -11.863    220.000    -30.760    120.000    -18.336    170.000    -23.394  51741.00000
4     75.000    -12.864    225.000    -32.268    125.000    -18.872    175.000    -24.006  53158.00000
4     80.000    -13.252    230.000    -33.938    130.000    -19.565    180.000    -24.972  61954.00000
4     85.000    -13.972    235.000    -35.641    135.000    -19.932    185.000    -25.718  60309.00000
4    120.000    -18.336    270.000    -48.880    170.000    -23.394    220.000    -30.760 106971.00000
4    125.000    -18.872    275.000    -50.873    175.000    -24.006    225.000    -32.268 113961.00000
4    130.000    -19.565    280.000    -52.837    180.000    -24.972    230.000    -33.938 116467.00000
4    135.000    -19.932    285.000    -53.811    185.000    -25.718    235.000    -35.641 123590.00000
4    140.000    -20.198    290.000    -54.066    190.000    -26.063    240.000    -37.263 129175.00000
4    145.000    -20.300    295.000    -54.200    195.000    -26.931    245.000    -39.200  79819.00000
4    155.000    -20.669    305.000    -54.200    205.000    -28.100    255.000    -43.072  64734.00000
4    160.000    -21.301    310.000    -54.200    210.000    -28.598    260.000    -45.008  60027.00000
4    165.000    -22.548    315.000    -54.145    215.000    -29.420    265.000    -46.944  52644.00000
4    170.000    -23.394    320.000    -54.045    220.000    -30.760    270.000    -48.880  46744.00000
4    175.000    -24.006    325.000    -53.890    225.000    -32.268    275.000    -50.873  37083.00000
4    180.000    -24.972    330.000    -53.635    230.000    -33.938    280.000    -52.837  33332.00000
4    185.000    -25.718    335.000    -53.336    235.000    -35.641    285.000    -53.811  29610.00000
4    190.000    -26.063    340.000    -53.091    240.000    -37.263    290.000    -54.066  29097.00000
4    195.000    -26.931    345.000    -52.836    245.000    -39.200    295.000    -54.200  29392.00000
4    200.000    -27.701    350.000    -52.537    250.000    -41.136    300.000    -54.200  25904.00000
4    205.000    -28.100    355.000    -52.237    255.000    -43.072    305.000    -54.200  24190.00000
4    240.000    -37.263    390.000    -50.352    290.000    -54.066    340.000    -53.091   1099.80005
4    245.000    -39.200    395.000    -50.400    295.000    -54.200    345.000    -52.836   1100.80005
4    250.000    -41.136    400.000    -50.763    300.000    -54.200    350.000    -52.537   1104.30005
4    255.000    -43.072    405.000    -51.506    305.000    -54.200    355.000    -52.237   1081.30005
4    260.000    -45.008    410.000    -52.392    310.000    -54.200    360.000    -51.884   1047.40002
4    265.000    -46.944    415.000    -53.281    315.000    -54.145    365.000    -51.432   1046.09998
4    270.000    -48.880    420.000    -54.071    320.000    -54.045    370.000    -50.935   1144.00000
4    275.000    -50.873    425.000    -54.991    325.000    -53.890    375.000    -50.490   1222.00000
4    280.000    -52.837    430.000    -55.983    330.000    -53.635    380.000    -50.300   1283.19995
4    285.000    -53.811    435.000    -56.748    335.000    -53.336    385.000    -50.300   1240.90002
4    290.000    -54.066    440.000    -57.304    340.000    -53.091    390.000    -50.352   1209.80005
4    295.000    -54.200    445.000    -57.801    345.000    -52.836    395.000    -50.400   1197.90002
4    300.000    -54.200    450.000    -58.220    350.000    -52.537    400.000    -50.763   1198.00000
4    305.000    -54.200    455.000    -58.559    355.000    -52.237    405.000    -51.506   1211.50000
4    310.000    -54.200    460.000    -58.957    360.000    -51.884    410.000    -52.392   1226.50000
4    315.000    -54.145    465.000    -59.395    365.000    -51.432    415.000    -53.281   1246.59998
4    320.000    -54.045    470.000    -59.854    370.000    -50.935    420.000    -54.071   1238.00000
4    325.000    -53.890    475.000    -60.253    375.000    -50.490    425.000    -54.991   1185.09998
4      0.000      0.000    165.000    -22.548     55.000     -9.137    110.000    -17.334 119776.00000
4      5.000     -0.886    170.000    -23.394     60.000     -9.619    115.000    -18.041 124847.00000
4     10.000     -1.772    175.000    -24.006     65.000    -10.753    120.000    -18.336 126654.00000
4     15.000     -2.657    180.000    -24.972     70.000    -11.863    125.000    -18.872 119415.00000
4     20.000     -3.543    185.000    -25.718     75.000    -12.864    130.000    -19.565 123402.00000
4     25.000     -4.518    190.000    -26.063     80.000    -13.252    135.000    -19.932 114428.00000
4     30.000     -5.324    195.000    -26.931     85.000    -13.972    140.000    -20.198  77556.00000
4     35.000     -6.026    200.000    -27.701     90.000    -14.643    145.000    -20.300  66738.00000
4     40.000     -6.806    205.000    -28.100     95.000    -15.166    150.000    -20.628  55619.00000
4     45.000     -7.680    210.000    -28.598    100.000    -15.877    155.000    -20.669  49072.00000
4     50.000     -8.648    215.000    -29.420    105.000    -16.386    160.000    -21.301  38666.00000
4     55.000     -9.137    220.000    -30.760    110.000    -17.334    165.000    -22.548  36562.00000
4     60.000     -9.619    225.000    -32.268    115.000    -18.041    170.000    -23.394  37049.00000
4     65.000    -10.753    230.000    -33.938    120.000    -18.336    175.000    -24.006  39112.00000
4     70.000    -11.863    235.000    -35.641    125.000    -18.872    180.000    -24.972  43284.00000
4    120.000    -18.336    285.000    -53.811    175.000    -24.006    230.000    -33.938 119367.00000
4    125.000    -18.872    290.000    -54.066    180.000    -24.972    235.000    -35.641 116558.00000
4    130.000    -19.565    295.000    -54.200    185.000    -25.718    240.000    -37.263 124993.00000
4    135.000    -19.932    300.000    -54.200    190.000    -26.063    245.000    -39.200 133036.00000
4    140.000    -20.198    305.000    -54.200    195.000    -26.931    250.000    -41.136  86983.00000
4    145.000    -20.300    310.000    -54.200    200.000    -27.701    255.000    -43.072  79545.00000
4    150.000    -20.628    315.000    -54.145    205.000    -28.100    260.000    -45.008  73118.00000
4    155.000    -20.669    320.000    -54.045    210.000    -28.598    265.000    -46.944  65189.00000
4    160.000    -21.301    325.000    -53.890    215.000    -29.420    270.000    -48.880  60179.00000
4    165.000    -22.548    330.000    -53.635    220.000    -30.760    275.000    -50.873  51219.00000
4    175.000    -24.006    340.000    -53.091    230.000    -33.938    285.000    -53.811  35243.00000
4    180.000    -24.972    345.000    -52.836    235.000    -35.641    290.000    -54.066  31976.00000
4    185.000    -25.718    350.000    -52.537    240.000    -37.263    295.000    -54.200  30471.00000
4    240.000    -37.263    405.000    -51.506    295.000    -54.200    350.000    -52.537   1141.19995
4    245.000    -39.200    410.000    -52.392    300.000    -54.200    355.000    -52.237   1126.80005
4    250.000    -41.136    415.000    -53.281    305.000    -54.200    360.000    -51.884   1111.09998
4    255.000    -43.072    420.000    -54.071    310.000    -54.200    365.000    -51.432   1080.19995
4    260.000    -45.008    425.000    -54.991    315.000    -54.145    370.000    -50.935   1078.40002
4    265.000    -46.944    430.000    -55.983    320.000    -54.045    375.000    -50.490   1129.69995
4    270.000    -48.880    435.000    -56.748    325.000    -53.890    380.000    -50.300   1255.50000
4    275.000    -50.873    440.000    -57.304    330.000    -53.635    385.000    -50.300   1295.80005
4    280.000    -52.837    445.000    -57.801    335.000    -53.336    390.000    -50.352   1295.30005
4    285.000    -53.811    450.000    -58.220    340.000    -53.091    395.000    -50.400   1281.50000
4    290.000    -54.066    455.000    -58.559    345.000    -52.836    400.000    -50.763   1274.69995
4    295.000    -54.200    460.000    -58.957    350.000    -52.537    405.000    -51.506   1292.50000
4    300.000    -54.200    465.000    -59.395    355.000    -52.237    410.000    -52.392   1287.30005
4    305.000    -54.200    470.000    -59.854    360.000    -51.884    415.000    -53.281   1048.80005
4    310.000    -54.200    475.000    -60.253    365.000    -51.432    420.000    -54.071   1431.00000
4      0.000      0.000    180.000    -24.972     60.000     -9.619    120.000    -18.336 132762.00000
4      5.000     -0.886    185.000    -25.718     65.000    -10.753    125.000    -18.872 129453.00000
4     10.000     -1.772    190.000    -26.063     70.000    -11.863    130.000    -19.565 134715.00000
4     15.000     -2.657    195.000    -26.931     75.000    -12.864    135.000    -19.932  89253.00000
4     20.000     -3.543    200.000    -27.701     80.000    -13.252    140.000    -20.198  78032.00000
4     25.000     -4.518    205.000    -28.100     85.000    -13.972    145.000    -20.300  64870.00000
4     30.000     -5.324    210.000    -28.598     90.000    -14.643    150.000    -20.628  58049.00000
4     35.000     -6.026    215.000    -29.420     95.000    -15.166    155.000    -20.669  45962.00000
4     40.000     -6.806    220.000    -30.760    100.000    -15.877    160.000    -21.301  34901.00000
4     45.000     -7.680    225.000    -32.268    105.000    -16.386    165.000    -22.548  26998.00000
4     50.000     -8.648    230.000    -33.938    110.000    -17.334    170.000    -23.394  22357.00000
4     55.000     -9.137    235.000    -35.641    115.000    -18.041    175.000    -24.006  23140.00000
4    120.000    -18.336    300.000    -54.200    180.000    -24.972    240.000    -37.263 122047.00000
4    125.000    -18.872    305.000    -54.200    185.000    -25.718    245.000    -39.200 125276.00000
4    130.000    -19.565    310.000    -54.200    190.000    -26.063    250.000    -41.136 136119.00000
4    135.000    -19.932    315.000    -54.145    195.000    -26.931    255.000    -43.072  90666.00000
4    140.000    -20.198    320.000    -54.045    200.000    -27.701    260.000    -45.008  85488.00000
4    145.000    -20.300    325.000    -53.890    205.000    -28.100    265.000    -46.944  75220.00000
4    150.000    -20.628    330.000    -53.635    210.000    -28.598    270.000    -48.880  75368.00000
4    155.000    -20.669    335.000    -53.336    215.000    -29.420    275.000    -50.873  64906.00000
4    160.000    -21.301    340.000    -53.091    220.000    -30.760    280.000    -52.837  54233.00000
4    170.000    -23.394    350.000    -52.537    230.000    -33.938    290.000    -54.066  37875.00000
4    175.000    -24.006    355.000    -52.237    235.000    -35.641    295.000    -54.200  33474.00000
4    240.000    -37.263    420.000    -54.071    300.000    -54.200    360.000    -51.884   1155.80005
4    245.000    -39.200    425.000    -54.991    305.000    -54.200    365.000    -51.432   1159.50000
4    250.000    -41.136    430.000    -55.983    310.000    -54.200    370.000    -50.935   1170.90002
4    255.000    -43.072    435.000    -56.748    315.000    -54.145    375.000    -50.490   1162.40002
4    260.000    -45.008    440.000    -57.304    320.000    -54.045    380.000    -50.300   1186.40002
4    265.000    -46.944    445.000    -57.801    325.000    -53.890    385.000    -50.300   1183.90002
4    270.000    -48.880    450.000    -58.220    330.000    -53.635    390.000    -50.352   1265.19995
4    275.000    -50.873    455.000    -58.559    335.000    -53.336    395.000    -50.400   1317.40002
4    280.000    -52.837    460.000    -58.957    340.000    -53.091    400.000    -50.763   1351.09998
4    285.000    -53.811    465.000    -59.395    345.000    -52.836    405.000    -51.506   1385.90002
4    290.000    -54.066    470.000    -59.854    350.000    -52.537    410.000    -52.392   1358.19995
4    295.000    -54.200    475.000    -60.253    355.000    -52.237    415.000    -53.281   1354.40002
4      0.000      0.000    195.000    -26.931     65.000    -10.753    130.000    -19.565  96878.00000
4      5.000     -0.886    200.000    -27.701     70.000    -11.863    135.000    -19.932  88791.00000
4     10.000     -1.772    205.000    -28.100     75.000    -12.864    140.000    -20.198  79123.00000
4     15.000     -2.657    210.000    -28.598     80.000    -13.252    145.000    -20.300  64742.00000
4     20.000     -3.543    215.000    -29.420     85.000    -13.972    150.000    -20.628  53685.00000
4     25.000     -4.518    220.000    -30.760     90.000    -14.643    155.000    -20.669  41787.00000
4     30.000     -5.324    225.000    -32.268     95.000    -15.166    160.000    -21.301  30718.00000
4     35.000     -6.026    230.000    -33.938    100.000    -15.877    165.000    -22.548  26467.00000
4     40.000     -6.806    235.000    -35.641    105.000    -16.386    170.000    -23.394  22860.00000
4    120.000    -18.336    315.000    -54.145    185.000    -25.718    250.000    -41.136 131739.00000
4    125.000    -18.872    320.000    -54.045    190.000    -26.063    255.000    -43.072 134428.00000
4    130.000    -19.565    325.000    -53.890    195.000    -26.931    260.000    -45.008  90703.00000
4    135.000    -19.932    330.000    -53.635    200.000    -27.701    265.000    -46.944  87647.00000
4    140.000    -20.198    335.000    -53.336    205.000    -28.100    270.000    -48.880  85525.00000
4    145.000    -20.300    340.000    -53.091    210.000    -28.598    275.000    -50.873  79034.00000
4    150.000    -20.628    345.000    -52.836    215.000    -29.420    280.000    -52.837  70507.00000
4    155.000    -20.669    350.000    -52.537    220.000    -30.760    285.000    -53.811  56582.00000
4    240.000    -37.263    435.000    -56.748    305.000    -54.200    370.000    -50.935   1234.80005
4    245.000    -39.200    440.000    -57.304    310.000    -54.200    375.000    -50.490   1241.59998
4    250.000    -41.136    445.000    -57.801    315.000    -54.145    380.000    -50.300   1239.59998
4    255.000    -43.072    450.000    -58.220    320.000    -54.045    385.000    -50.300   1219.80005
4    260.000    -45.008    455.000    -58.559    325.000    -53.890    390.000    -50.352   1193.50000
4    265.000    -46.944    460.000    -58.957    330.000    -53.635    395.000    -50.400   1195.69995
4    270.000    -48.880    465.000    -59.395    335.000    -53.336    400.000    -50.763   1297.69995
4    275.000    -50.873    470.000    -59.854    340.000    -53.091    405.000    -51.506   1423.80005
4    280.000    -52.837    475.000    -60.253    345.000    -52.836    410.000    -52.392   1428.69995
4      0.000      0.000    210.000    -28.598     70.000    -11.863    140.000    -20.198  77303.00000
4      5.000     -0.886    215.000    -29.420     75.000    -12.864    145.000    -20.300  62351.00000
4     10.000     -1.772    220.000    -30.760     80.000    -13.252    150.000    -20.628  47516.00000
4     15.000     -2.657    225.000    -32.268     85.000    -13.972    155.000    -20.669  36289.00000
4     20.000     -3.543    230.000    -33.938     90.000    -14.643    160.000    -21.301  29697.00000
4     25.000     -4.518    235.000    -35.641     95.000    -15.166    165.000    -22.548  25894.00000
4    120.000    -18.336    330.000    -53.635    190.000    -26.063    260.000    -45.008 139707.00000
4    125.000    -18.872    335.000    -53.336    195.000    -26.931    265.000    -46.944  90842.00000
4    130.000    -19.565    340.000    -53.091    200.000    -27.701    270.000    -48.880  95262.00000
4    135.000    -19.932    345.000    -52.836    205.000    -28.100    275.000    -50.873  87458.00000
4    140.000    -20.198    350.000    -52.537    210.000    -28.598    280.000    -52.837  86499.00000
4    145.000    -20.300    355.000    -52.237    215.000    -29.420    285.000    -53.811  70262.00000
4    240.000    -37.263    450.000    -58.220    310.000    -54.200    380.000    -50.300   1307.30005
4    245.000    -39.200    455.000    -58.559    315.000    -54.145    385.000    -50.300   1265.90002
4    250.000    -41.136    460.000    -58.957    320.000    -54.045    390.000    -50.352   1256.50000
4    255.000    -43.072    465.000    -59.395    325.000    -53.890    395.000    -50.400   1243.69995
4    260.000    -45.008    470.000    -59.854    330.000    -53.635    400.000    -50.763   1257.00000
4    265.000    -46.944    475.000    -60.253    335.000    -53.336    405.000    -51.506   1288.90002
4      0.000      0.000    225.000    -32.268     75.000    -12.864    150.000    -20.628  42766.00000
4      5.000     -0.886    230.000    -33.938     80.000    -13.252    155.000    -20.669  33899.00000
4     10.000     -1.772    235.000    -35.641     85.000    -13.972    160.000    -21.301  29341.00000
4    120.000    -18.336    345.000    -52.836    195.000    -26.931    270.000    -48.880  99612.00000
4    125.000    -18.872    350.000    -52.537    200.000    -27.701    275.000    -50.873  93533.00000
4    130.000    -19.565    355.000    -52.237    205.000    -28.100    280.000    -52.837  89598.00000
4    240.000    -37.263    465.000    -59.395    315.000    -54.145    390.000    -50.352   1297.90002
4    245.000    -39.200    470.000    -59.854    320.000    -54.045    395.000    -50.400   1300.90002
4    250.000    -41.136    475.000    -60.253    325.000    -53.890    400.000    -50.763   1312.40002