4      0.000   3864.187     15.000   3865.697      5.000   3864.427     10.000   3865.009    721.46997
4      5.000   3864.427     20.000   3866.352     10.000   3865.009     15.000   3865.697    700.23999
4     10.000   3865.009     25.000   3866.702     15.000   3865.697     20.000   3866.352    657.58002
4     15.000   3865.697     30.000   3867.028     20.000   3866.352     25.000   3866.702    808.20001
4     20.000   3866.352     35.000   3866.856     25.000   3866.702     30.000   3867.028    682.20001
4     25.000   3866.702     40.000   3866.664     30.000   3867.028     35.000   3866.856    774.54999
4     30.000   3867.028     45.000   3866.407     35.000   3866.856     40.000   3866.664    706.15997
4     35.000   3866.856     50.000   3866.227     40.000   3866.664     45.000   3866.407    798.50000
4     40.000   3866.664     55.000   3865.738     45.000   3866.407     50.000   3866.227    749.64001
4     45.000   3866.407     60.000   3865.002     50.000   3866.227     55.000   3865.738    799.92999
4     50.000   3866.227     65.000   3864.027     55.000   3865.738     60.000   3865.002    776.75000
4     55.000   3865.738     70.000   3862.984     60.000   3865.002     65.000   3864.027    721.12000
4     60.000   3865.002     75.000   3862.162     65.000   3864.027     70.000   3862.984    748.87000
4     65.000   3864.027     80.000   3861.682     70.000   3862.984     75.000   3862.162    817.75000
4     70.000   3862.984     85.000   3861.404     75.000   3862.162     80.000   3861.682    736.60999
4     75.000   3862.162     90.000   3861.708     80.000   3861.682     85.000   3861.404    809.31000
4     80.000   3861.682     95.000   3862.356     85.000   3861.404     90.000   3861.708    789.27002
4     85.000   3861.404    100.000   3863.218     90.000   3861.708     95.000   3862.356    915.34998
4     90.000   3861.708    105.000   3864.118     95.000   3862.356    100.000   3863.218    883.21002
4     95.000   3862.356    110.000   3865.056    100.000   3863.218    105.000   3864.118    962.56000
4    100.000   3863.218    115.000   3865.869    105.000   3864.118    110.000   3865.056    795.09003
4    105.000   3864.118    120.000   3866.811    110.000   3865.056    115.000   3865.869    600.44000
4    110.000   3865.056    125.000   3867.631    115.000   3865.869    120.000   3866.811    933.65997
4    115.000   3865.869    130.000   3868.349    120.000   3866.811    125.000   3867.631    754.84998
4    120.000   3866.811    135.000   3868.896    125.000   3867.631    130.000   3868.349    878.25000
4    125.000   3867.631    140.000   3869.105    130.000   3868.349    135.000   3868.896    879.96002
4    130.000   3868.349    145.000   3868.999    135.000   3868.896    140.000   3869.105   1131.30005
4    135.000   3868.896    150.000   3868.755    140.000   3869.105    145.000   3868.999    908.58002
4    140.000   3869.105    155.000   3868.600    145.000   3868.999    150.000   3868.755   1471.40002
4    145.000   3868.999    160.000   3868.293    150.000   3868.755    155.000   3868.600    986.09998
4    150.000   3868.755    165.000   3868.027    155.000   3868.600    160.000   3868.293   1161.00000
4    155.000   3868.600    170.000   3867.729    160.000   3868.293    165.000   3868.027   1043.00000
4    160.000   3868.293    175.000   3867.494    165.000   3868.027    170.000   3867.729    713.62000
4    165.000   3868.027    180.000   3867.333    170.000   3867.729    175.000   3867.494   1011.20001
4    170.000   3867.729    185.000   3867.109    175.000   3867.494    180.000   3867.333    897.62000
4    175.000   3867.494    190.000   3867.191    180.000   3867.333    185.000   3867.109   1120.80005
4    180.000   3867.333    195.000   3866.994    185.000   3867.109    190.000   3867.191    974.77002
4    185.000   3867.109    200.000   3867.103    190.000   3867.191    195.000   3866.994   1077.90002
4    190.000   3867.191    205.000   3867.577    195.000   3866.994    200.000   3867.103    823.08002
4    195.000   3866.994    210.000   3868.398    200.000   3867.103    205.000   3867.577   1016.70001
4    200.000   3867.103    215.000   3870.011    205.000   3867.577    210.000   3868.398   2663.10010
4    205.000   3867.577    220.000   3871.316    210.000   3868.398    215.000   3870.011   5786.70020
4    210.000   3868.398    225.000   3872.332    215.000   3870.011    220.000   3871.316   2647.00000
4    215.000   3870.011    230.000   3873.367    220.000   3871.316    225.000   3872.332  13179.00000
4    220.000   3871.316    235.000   3874.002    225.000   3872.332    230.000   3873.367   5596.50000
4    225.000   3872.332    240.000   3876.178    230.000   3873.367    235.000   3874.002   8157.10010
4    230.000   3873.367    245.000   3879.283    235.000   3874.002    240.000   3876.178   8824.00000
4    235.000   3874.002    250.000   3880.632    240.000   3876.178    245.000   3879.283  10478.00000
4    240.000   3876.178    255.000   3881.791    245.000   3879.283    250.000   3880.632  12773.00000
4    245.000   3879.283    260.000   3882.186    250.000   3880.632    255.000   3881.791   7651.10010
4    250.000   3880.632    265.000   3882.869    255.000   3881.791    260.000   3882.186  12380.00000
4    255.000   3881.791    270.000   3883.099    260.000   3882.186    265.000   3882.869  16401.00000
4    265.000   3882.869    280.000   3885.354    270.000   3883.099    275.000   3884.132  13561.00000
4    280.000   3885.354    295.000   3888.504    285.000   3885.942    290.000   3886.083  60297.00000
4    290.000   3886.083    305.000   3889.731    295.000   3888.504    300.000   3889.797  22320.00000
4    300.000   3889.797    315.000   3890.458    305.000   3889.731    310.000   3890.165  20114.00000
4    315.000   3890.458    330.000   3890.748    320.000   3890.453    325.000   3890.535  17724.00000
4    320.000   3890.453    335.000   3891.216    325.000   3890.535    330.000   3890.748  43094.00000
4    325.000   3890.535    340.000   3892.198    330.000   3890.748    335.000   3891.216  69887.00000
4    335.000   3891.216    350.000   3894.163    340.000   3892.198    345.000   3893.148  78917.00000
4      0.000   3864.187     30.000   3867.028     10.000   3865.009     20.000   3866.352    769.32001
4      5.000   3864.427     35.000   3866.856     15.000   3865.697     25.000   3866.702    706.79999
4     10.000   3865.009     40.000   3866.664     20.000   3866.352     30.000   3867.028    801.15002
4     15.000   3865.697     45.000   3866.407     25.000   3866.702     35.000   3866.856    861.10999
4     20.000   3866.352     50.000   3866.227     30.000   3867.028     40.000   3866.664    928.42999
4     25.000   3866.702     55.000   3865.738     35.000   3866.856     45.000   3866.407    966.65997
4     30.000   3867.028     60.000   3865.002     40.000   3866.664     50.000   3866.227    881.71002
4     35.000   3866.856     65.000   3864.027     45.000   3866.407     55.000   3865.738    876.58002
4     40.000   3866.664     70.000   3862.984     50.000   3866.227     60.000   3865.002    878.26001
4     45.000   3866.407     75.000   3862.162     55.000   3865.738     65.000   3864.027    826.04999
4     50.000   3866.227     80.000   3861.682     60.000   3865.002     70.000   3862.984    864.48999
4     55.000   3865.738     85.000   3861.404     65.000   3864.027     75.000   3862.162   1013.50000
4     60.000   3865.002     90.000   3861.708     70.000   3862.984     80.000   3861.682    993.51001
4     65.000   3864.027     95.000   3862.356     75.000   3862.162     85.000   3861.404    926.79999
4     70.000   3862.984    100.000   3863.218     80.000   3861.682     90.000   3861.708   1020.00000
4     75.000   3862.162    105.000   3864.118     85.000   3861.404     95.000   3862.356   1101.40002
4     80.000   3861.682    110.000   3865.056     90.000   3861.708    100.000   3863.218   1119.59998
4     85.000   3861.404    115.000   3865.869     95.000   3862.356    105.000   3864.118   1180.59998
4     90.000   3861.708    120.000   3866.811    100.000   3863.218    110.000   3865.056   1069.50000
4     95.000   3862.356    125.000   3867.631    105.000   3864.118    115.000   3865.869   1013.90002
4    100.000   3863.218    130.000   3868.349    110.000   3865.056    120.000   3866.811   1167.19995
4    105.000   3864.118    135.000   3868.896    115.000   3865.869    125.000   3867.631   1287.59998
4    110.000   3865.056    140.000   3869.105    120.000   3866.811    130.000   3868.349   1132.69995
4    115.000   3865.869    145.000   3868.999    125.000   3867.631    135.000   3868.896   1178.00000
4    120.000   3866.811    150.000   3868.755    130.000   3868.349    140.000   3869.105   1122.90002
4    125.000   3867.631    155.000   3868.600    135.000   3868.896    145.000   3868.999   1060.09998
4    130.000   3868.349    160.000   3868.293    140.000   3869.105    150.000   3868.755   1211.40002
4    135.000   3868.896    165.000   3868.027    145.000   3868.999    155.000   3868.600   1220.30005
4    140.000   3869.105    170.000   3867.729    150.000   3868.755    160.000   3868.293   1253.50000
4    145.000   3868.999    175.000   3867.494    155.000   3868.600    165.000   3868.027   1207.40002
4    150.000   3868.755    180.000   3867.333    160.000   3868.293    170.000   3867.729   1031.50000
4    155.000   3868.600    185.000   3867.109    165.000   3868.027    175.000   3867.494    973.54999
4    160.000   3868.293    190.000   3867.191    170.000   3867.729    180.000   3867.333   1177.59998
4    165.000   3868.027    195.000   3866.994    175.000   3867.494    185.000   3867.109   1129.09998
4    170.000   3867.729    200.000   3867.103    180.000   3867.333    190.000   3867.191   1144.69995
4    175.000   3867.494    205.000   3867.577    185.000   3867.109    195.000   3866.994   1302.40002
4    180.000   3867.333    210.000   3868.398    190.000   3867.191    200.000   3867.103   1352.40002
4    185.000   3867.109    215.000   3870.011    195.000   3866.994    205.000   3867.577   1317.59998
4    190.000   3867.191    220.000   3871.316    200.000   3867.103    210.000   3868.398   4271.60010
4    195.000   3866.994    225.000   3872.332    205.000   3867.577    215.000   3870.011   7592.79980
4    200.000   3867.103    230.000   3873.367    210.000   3868.398    220.000   3871.316   7005.10010
4    205.000   3867.577    235.000   3874.002    215.000   3870.011    225.000   3872.332  12864.00000
4    210.000   3868.398    240.000   3876.178    220.000   3871.316    230.000   3873.367  12835.00000
4    215.000   3870.011    245.000   3879.283    225.000   3872.332    235.000   3874.002   9562.29980
4    220.000   3871.316    250.000   3880.632    230.000   3873.367    240.000   3876.178  10831.00000
4    225.000   3872.332    255.000   3881.791    235.000   3874.002    245.000   3879.283  22101.00000
4    235.000   3874.002    265.000   3882.869    245.000   3879.283    255.000   3881.791  18922.00000
4    240.000   3876.178    270.000   3883.099    250.000   3880.632    260.000   3882.186  14356.00000
4    250.000   3880.632    280.000   3885.354    260.000   3882.186    270.000   3883.099  52912.00000
4    260.000   3882.186    290.000   3886.083    270.000   3883.099    280.000   3885.354  27083.00000
4    265.000   3882.869    295.000   3888.504    275.000   3884.132    285.000   3885.942  29770.00000
4    270.000   3883.099    300.000   3889.797    280.000   3885.354    290.000   3886.083  94152.00000
4    275.000   3884.132    305.000   3889.731    285.000   3885.942    295.000   3888.504  85940.00000
4    280.000   3885.354    310.000   3890.165    290.000   3886.083    300.000   3889.797  40100.00000
4    290.000   3886.083    320.000   3890.453    300.000   3889.797    310.000   3890.165  99027.00000
4    295.000   3888.504    325.000   3890.535    305.000   3889.731    315.000   3890.458  41791.00000
4    300.000   3889.797    330.000   3890.748    310.000   3890.165    320.000   3890.453  25402.00000
4    305.000   3889.731    335.000   3891.216    315.000   3890.458    325.000   3890.535  32172.00000
4    310.000   3890.165    340.000   3892.198    320.000   3890.453    330.000   3890.748  62330.00000
4    315.000   3890.458    345.000   3893.148    325.000   3890.535    335.000   3891.216 112820.00000
4    320.000   3890.453    350.000   3894.163    330.000   3890.748    340.000   3892.198 115313.00000
4      0.000   3864.187     45.000   3866.407     15.000   3865.697     30.000   3867.028    810.57001
4      5.000   3864.427     50.000   3866.227     20.000   3866.352     35.000   3866.856    891.21997
4     10.000   3865.009     55.000   3865.738     25.000   3866.702     40.000   3866.664   1006.79999
4     15.000   3865.697     60.000   3865.002     30.000   3867.028     45.000   3866.407   1071.19995
4     20.000   3866.352     65.000   3864.027     35.000   3866.856     50.000   3866.227   1015.20001
4     25.000   3866.702     70.000   3862.984     40.000   3866.664     55.000   3865.738    951.22998
4     30.000   3867.028     75.000   3862.162     45.000   3866.407     60.000   3865.002    833.15997
4     35.000   3866.856     80.000   3861.682     50.000   3866.227     65.000   3864.027    809.13000
4     40.000   3866.664     85.000   3861.404     55.000   3865.738     70.000   3862.984    893.87000
4     45.000   3866.407     90.000   3861.708     60.000   3865.002     75.000   3862.162   1039.19995
4     50.000   3866.227     95.000   3862.356     65.000   3864.027     80.000   3861.682   1134.30005
4     55.000   3865.738    100.000   3863.218     70.000   3862.984     85.000   3861.404   1190.59998
4     60.000   3865.002    105.000   3864.118     75.000   3862.162     90.000   3861.708   1157.90002
4     65.000   3864.027    110.000   3865.056     80.000   3861.682     95.000   3862.356   1210.80005
4     70.000   3862.984    115.000   3865.869     85.000   3861.404    100.000   3863.218   1252.90002
4     75.000   3862.162    120.000   3866.811     90.000   3861.708    105.000   3864.118   1256.69995
4     80.000   3861.682    125.000   3867.631     95.000   3862.356    110.000   3865.056   1132.50000
4     85.000   3861.404    130.000   3868.349    100.000   3863.218    115.000   3865.869   1109.19995
4     90.000   3861.708    135.000   3868.896    105.000   3864.118    120.000   3866.811   1202.30005
4     95.000   3862.356    140.000   3869.105    110.000   3865.056    125.000   3867.631   1316.40002
4    100.000   3863.218    145.000   3868.999    115.000   3865.869    130.000   3868.349   1462.80005
4    105.000   3864.118    150.000   3868.755    120.000   3866.811    135.000   3868.896   1321.09998
4    110.000   3865.056    155.000   3868.600    125.000   3867.631    140.000   3869.105   1293.30005
4    115.000   3865.869    160.000   3868.293    130.000   3868.349    145.000   3868.999   1120.69995
4    120.000   3866.811    165.000   3868.027    135.000   3868.896    150.000   3868.755   1267.00000
4    125.000   3867.631    170.000   3867.729    140.000   3869.105    155.000   3868.600   1339.59998
4    130.000   3868.349    175.000   3867.494    145.000   3868.999    160.000   3868.293   1526.30005
4    135.000   3868.896    180.000   3867.333    150.000   3868.755    165.000   3868.027   1361.19995
4    140.000   3869.105    185.000   3867.109    155.000   3868.600    170.000   3867.729   1214.09998
4    145.000   3868.999    190.000   3867.191    160.000   3868.293    175.000   3867.494   1107.69995
4    150.000   3868.755    195.000   3866.994    165.000   3868.027    180.000   3867.333   1089.50000
4    155.000   3868.600    200.000   3867.103    170.000   3867.729    185.000   3867.109   1320.40002
4    160.000   3868.293    205.000   3867.577    175.000   3867.494    190.000   3867.191   1564.59998
4    165.000   3868.027    210.000   3868.398    180.000   3867.333    195.000   3866.994   1747.40002
4    170.000   3867.729    215.000   3870.011    185.000   3867.109    200.000   3867.103   1635.50000
4    175.000   3867.494    220.000   3871.316    190.000   3867.191    205.000   3867.577   1969.19995
4    180.000   3867.333    225.000   3872.332    195.000   3866.994    210.000   3868.398   4002.10010
4    185.000   3867.109    230.000   3873.367    200.000   3867.103    215.000   3870.011   9253.90039
4    190.000   3867.191    235.000   3874.002    205.000   3867.577    220.000   3871.316  10406.00000
4    195.000   3866.994    240.000   3876.178    210.000   3868.398    225.000   3872.332  18722.00000
4    200.000   3867.103    245.000   3879.283    215.000   3870.011    230.000   3873.367  16098.00000
4    205.000   3867.577    250.000   3880.632    220.000   3871.316    235.000   3874.002  15196.00000
4    210.000   3868.398    255.000   3881.791    225.000   3872.332    240.000   3876.178  15348.00000
4    215.000   3870.011    260.000   3882.186    230.000   3873.367    245.000   3879.283  24647.00000
4    220.000   3871.316    265.000   3882.869    235.000   3874.002    250.000   3880.632  31682.00000
4    225.000   3872.332    270.000   3883.099    240.000   3876.178    255.000   3881.791  28762.00000
4    230.000   3873.367    275.000   3884.132    245.000   3879.283    260.000   3882.186  27368.00000
4    235.000   3874.002    280.000   3885.354    250.000   3880.632    265.000   3882.869  32850.00000
4    245.000   3879.283    290.000   3886.083    260.000   3882.186    275.000   3884.132  58690.00000
4    250.000   3880.632    295.000   3888.504    265.000   3882.869    280.000   3885.354  58460.00000
4    255.000   3881.791    300.000   3889.797    270.000   3883.099    285.000   3885.942  42317.00000
4    265.000   3882.869    310.000   3890.165    280.000   3885.354    295.000   3888.504  96310.00000
4    270.000   3883.099    315.000   3890.458    285.000   3885.942    300.000   3889.797 114724.00000
4    275.000   3884.132    320.000   3890.453    290.000   3886.083    305.000   3889.731 107679.00000
4    290.000   3886.083    335.000   3891.216    305.000   3889.731    320.000   3890.453  57316.00000
4    295.000   3888.504    340.000   3892.198    310.000   3890.165    325.000   3890.535  40904.00000
4    300.000   3889.797    345.000   3893.148    315.000   3890.458    330.000   3890.748  69145.00000
4      0.000   3864.187     60.000   3865.002     20.000   3866.352     40.000   3866.664   1046.00000
4      5.000   3864.427     65.000   3864.027     25.000   3866.702     45.000   3866.407   1086.69995
4     10.000   3865.009     70.000   3862.984     30.000   3867.028     50.000   3866.227   1084.69995
4     15.000   3865.697     75.000   3862.162     35.000   3866.856     55.000   3865.738   1012.59998
4     20.000   3866.352     80.000   3861.682     40.000   3866.664     60.000   3865.002    913.32001
4     25.000   3866.702     85.000   3861.404     45.000   3866.407     65.000   3864.027    841.04999
4     30.000   3867.028     90.000   3861.708     50.000   3866.227     70.000   3862.984    890.56000
4     35.000   3866.856     95.000   3862.356     55.000   3865.738     75.000   3862.162   1003.20001
4     40.000   3866.664    100.000   3863.218     60.000   3865.002     80.000   3861.682   1122.19995
4     45.000   3866.407    105.000   3864.118     65.000   3864.027     85.000   3861.404   1273.59998
4     50.000   3866.227    110.000   3865.056     70.000   3862.984     90.000   3861.708   1369.69995
4     55.000   3865.738    115.000   3865.869     75.000   3862.162     95.000   3862.356   1431.40002
4     60.000   3865.002    120.000   3866.811     80.000   3861.682    100.000   3863.218   1325.90002
4     65.000   3864.027    125.000   3867.631     85.000   3861.404    105.000   3864.118   1348.59998
4     70.000   3862.984    130.000   3868.349     90.000   3861.708    110.000   3865.056   1223.80005
4     75.000   3862.162    135.000   3868.896     95.000   3862.356    115.000   3865.869   1172.19995
4     80.000   3861.682    140.000   3869.105    100.000   3863.218    120.000   3866.811   1219.09998
4     85.000   3861.404    145.000   3868.999    105.000   3864.118    125.000   3867.631   1273.90002
4     90.000   3861.708    150.000   3868.755    110.000   3865.056    130.000   3868.349   1321.09998
4     95.000   3862.356    155.000   3868.600    115.000   3865.869    135.000   3868.896   1412.80005
4    100.000   3863.218    160.000   3868.293    120.000   3866.811    140.000   3869.105   1325.00000
4    105.000   3864.118    165.000   3868.027    125.000   3867.631    145.000   3868.999   1264.00000
4    110.000   3865.056    170.000   3867.729    130.000   3868.349    150.000   3868.755   1411.50000
4    115.000   3865.869    175.000   3867.494    135.000   3868.896    155.000   3868.600   1394.19995
4    120.000   3866.811    180.000   3867.333    140.000   3869.105    160.000   3868.293   1496.30005
4    125.000   3867.631    185.000   3867.109    145.000   3868.999    165.000   3868.027   1573.90002
4    130.000   3868.349    190.000   3867.191    150.000   3868.755    170.000   3867.729   1345.19995
4    135.000   3868.896    195.000   3866.994    155.000   3868.600    175.000   3867.494   1329.30005
4    140.000   3869.105    200.000   3867.103    160.000   3868.293    180.000   3867.333   1324.19995
4    145.000   3868.999    205.000   3867.577    165.000   3868.027    185.000   3867.109   1401.40002
4    150.000   3868.755    210.000   3868.398    170.000   3867.729    190.000   3867.191   1865.09998
4    155.000   3868.600    215.000   3870.011    175.000   3867.494    195.000   3866.994   1889.69995
4    160.000   3868.293    220.000   3871.316    180.000   3867.333    200.000   3867.103   2166.19995
4    165.000   3868.027    225.000   3872.332    185.000   3867.109    205.000   3867.577   2157.10010
4    170.000   3867.729    230.000   3873.367    190.000   3867.191    210.000   3868.398   4605.60010
4    175.000   3867.494    235.000   3874.002    195.000   3866.994    215.000   3870.011  10619.00000
4    180.000   3867.333    240.000   3876.178    200.000   3867.103    220.000   3871.316  11971.00000
4    185.000   3867.109    245.000   3879.283    205.000   3867.577    225.000   3872.332  21171.00000
4    190.000   3867.191    250.000   3880.632    210.000   3868.398    230.000   3873.367  21007.00000
4    205.000   3867.577    265.000   3882.869    225.000   3872.332    245.000   3879.283  26287.00000
4    210.000   3868.398    270.000   3883.099    230.000   3873.367    250.000   3880.632  30510.00000
4    215.000   3870.011    275.000   3884.132    235.000   3874.002    255.000   3881.791  32753.00000
4    220.000   3871.316    280.000   3885.354    240.000   3876.178    260.000   3882.186  33645.00000
4    225.000   3872.332    285.000   3885.942    245.000   3879.283    265.000   3882.869  50108.00000
4    230.000   3873.367    290.000   3886.083    250.000   3880.632    270.000   3883.099  62107.00000
4    235.000   3874.002    295.000   3888.504    255.000   3881.791    275.000   3884.132  63479.00000
4    240.000   3876.178    300.000   3889.797    260.000   3882.186    280.000   3885.354  73872.00000
4    245.000   3879.283    305.000   3889.731    265.000   3882.869    285.000   3885.942  65055.00000
4    250.000   3880.632    310.000   3890.165    270.000   3883.099    290.000   3886.083 103721.00000
4    255.000   3881.791    315.000   3890.458    275.000   3884.132    295.000   3888.504 117695.00000
4    265.000   3882.869    325.000   3890.535    285.000   3885.942    305.000   3889.731 182543.00000
4    270.000   3883.099    330.000   3890.748    290.000   3886.083    310.000   3890.165 147639.00000
4    280.000   3885.354    340.000   3892.198    300.000   3889.797    320.000   3890.453 100198.00000
4    290.000   3886.083    350.000   3894.163    310.000   3890.165    330.000   3890.748  76900.00000
4      0.000   3864.187     75.000   3862.162     25.000   3866.702     50.000   3866.227   1079.69995
4      5.000   3864.427     80.000   3861.682     30.000   3867.028     55.000   3865.738   1033.59998
4     10.000   3865.009     85.000   3861.404     35.000   3866.856     60.000   3865.002   1002.70001
4     15.000   3865.697     90.000   3861.708     40.000   3866.664     65.000   3864.027    928.82001
4     20.000   3866.352     95.000   3862.356     45.000   3866.407     70.000   3862.984    919.78998
4     25.000   3866.702    100.000   3863.218     50.000   3866.227     75.000   3862.162   1028.59998
4     30.000   3867.028    105.000   3864.118     55.000   3865.738     80.000   3861.682   1101.40002
4     35.000   3866.856    110.000   3865.056     60.000   3865.002     85.000   3861.404   1250.19995
4     40.000   3866.664    115.000   3865.869     65.000   3864.027     90.000   3861.708   1463.09998
4     45.000   3866.407    120.000   3866.811     70.000   3862.984     95.000   3862.356   1547.40002
4     50.000   3866.227    125.000   3867.631     75.000   3862.162    100.000   3863.218   1523.90002
4     55.000   3865.738    130.000   3868.349     80.000   3861.682    105.000   3864.118   1503.00000
4     60.000   3865.002    135.000   3868.896     85.000   3861.404    110.000   3865.056   1385.19995
4     65.000   3864.027    140.000   3869.105     90.000   3861.708    115.000   3865.869   1233.59998
4     70.000   3862.984    145.000   3868.999     95.000   3862.356    120.000   3866.811   1281.30005
4     75.000   3862.162    150.000   3868.755    100.000   3863.218    125.000   3867.631   1242.19995
4     80.000   3861.682    155.000   3868.600    105.000   3864.118    130.000   3868.349   1224.30005
4     85.000   3861.404    160.000   3868.293    110.000   3865.056    135.000   3868.896   1238.80005
4     90.000   3861.708    165.000   3868.027    115.000   3865.869    140.000   3869.105   1264.59998
4     95.000   3862.356    170.000   3867.729    120.000   3866.811    145.000   3868.999   1332.30005
4    100.000   3863.218    175.000   3867.494    125.000   3867.631    150.000   3868.755   1493.59998
4    105.000   3864.118    180.000   3867.333    130.000   3868.349    155.000   3868.600   1513.59998
4    110.000   3865.056    185.000   3867.109    135.000   3868.896    160.000   3868.293   1560.19995
4    115.000   3865.869    190.000   3867.191    140.000   3869.105    165.000   3868.027   1505.80005
4    120.000   3866.811    195.000   3866.994    145.000   3868.999    170.000   3867.729   1519.00000
4    125.000   3867.631    200.000   3867.103    150.000   3868.755    175.000   3867.494   1524.80005
4    130.000   3868.349    205.000   3867.577    155.000   3868.600    180.000   3867.333   1658.59998
4    135.000   3868.896    210.000   3868.398    160.000   3868.293    185.000   3867.109   1760.00000
4    140.000   3869.105    215.000   3870.011    165.000   3868.027    190.000   3867.191   1824.40002
4    145.000   3868.999    220.000   3871.316    170.000   3867.729    195.000   3866.994   2200.69995
4    150.000   3868.755    225.000   3872.332    175.000   3867.494    200.000   3867.103   2194.60010
4    155.000   3868.600    230.000   3873.367    180.000   3867.333    205.000   3867.577   2500.50000
4    160.000   3868.293    235.000   3874.002    185.000   3867.109    210.000   3868.398   5294.50000
4    165.000   3868.027    240.000   3876.178    190.000   3867.191    215.000   3870.011  11532.00000
4    175.000   3867.494    250.000   3880.632    200.000   3867.103    225.000   3872.332  21270.00000
4    180.000   3867.333    255.000   3881.791    205.000   3867.577    230.000   3873.367  24560.00000
4    190.000   3867.191    265.000   3882.869    215.000   3870.011    240.000   3876.178  26754.00000
4    195.000   3866.994    270.000   3883.099    220.000   3871.316    245.000   3879.283  30722.00000
4    205.000   3867.577    280.000   3885.354    230.000   3873.367    255.000   3881.791  33382.00000
4    210.000   3868.398    285.000   3885.942    235.000   3874.002    260.000   3882.186  41783.00000
4    220.000   3871.316    295.000   3888.504    245.000   3879.283    270.000   3883.099  70953.00000
4    225.000   3872.332    300.000   3889.797    250.000   3880.632    275.000   3884.132  74250.00000
4    230.000   3873.367    305.000   3889.731    255.000   3881.791    280.000   3885.354  74091.00000
4    235.000   3874.002    310.000   3890.165    260.000   3882.186    285.000   3885.942  75453.00000
4    240.000   3876.178    315.000   3890.458    265.000   3882.869    290.000   3886.083 138263.00000
4    245.000   3879.283    320.000   3890.453    270.000   3883.099    295.000   3888.504 142082.00000
4    250.000   3880.632    325.000   3890.535    275.000   3884.132    300.000   3889.797 154416.00000
4    255.000   3881.791    330.000   3890.748    280.000   3885.354    305.000   3889.731 203479.00000
4    270.000   3883.099    345.000   3893.148    295.000   3888.504    320.000   3890.453 120387.00000
4    275.000   3884.132    350.000   3894.163    300.000   3889.797    325.000   3890.535 108146.00000
4      0.000   3864.187     90.000   3861.708     30.000   3867.028     60.000   3865.002   1050.90002
4      5.000   3864.427     95.000   3862.356     35.000   3866.856     65.000   3864.027    973.23999
4     10.000   3865.009    100.000   3863.218     40.000   3866.664     70.000   3862.984   1002.29999
4     15.000   3865.697    105.000   3864.118     45.000   3866.407     75.000   3862.162   1060.90002
4     20.000   3866.352    110.000   3865.056     50.000   3866.227     80.000   3861.682   1158.09998
4     25.000   3866.702    115.000   3865.869     55.000   3865.738     85.000   3861.404   1312.80005
4     30.000   3867.028    120.000   3866.811     60.000   3865.002     90.000   3861.708   1395.19995
4     35.000   3866.856    125.000   3867.631     65.000   3864.027     95.000   3862.356   1576.30005
4     40.000   3866.664    130.000   3868.349     70.000   3862.984    100.000   3863.218   1625.00000
4     45.000   3866.407    135.000   3868.896     75.000   3862.162    105.000   3864.118   1615.30005
4     50.000   3866.227    140.000   3869.105     80.000   3861.682    110.000   3865.056   1500.30005
4     55.000   3865.738    145.000   3868.999     85.000   3861.404    115.000   3865.869   1436.19995
4     60.000   3865.002    150.000   3868.755     90.000   3861.708    120.000   3866.811   1358.40002
4     65.000   3864.027    155.000   3868.600     95.000   3862.356    125.000   3867.631   1265.09998
4     70.000   3862.984    160.000   3868.293    100.000   3863.218    130.000   3868.349   1209.19995
4     75.000   3862.162    165.000   3868.027    105.000   3864.118    135.000   3868.896   1172.09998
4     80.000   3861.682    170.000   3867.729    110.000   3865.056    140.000   3869.105   1283.40002
4     85.000   3861.404    175.000   3867.494    115.000   3865.869    145.000   3868.999   1304.40002
4     90.000   3861.708    180.000   3867.333    120.000   3866.811    150.000   3868.755   1425.19995
4     95.000   3862.356    185.000   3867.109    125.000   3867.631    155.000   3868.600   1516.30005
4    100.000   3863.218    190.000   3867.191    130.000   3868.349    160.000   3868.293   1583.30005
4    105.000   3864.118    195.000   3866.994    135.000   3868.896    165.000   3868.027   1611.69995
4    110.000   3865.056    200.000   3867.103    140.000   3869.105    170.000   3867.729   1588.30005
4    115.000   3865.869    205.000   3867.577    145.000   3868.999    175.000   3867.494   1751.90002
4    120.000   3866.811    210.000   3868.398    150.000   3868.755    180.000   3867.333   1870.30005
4    125.000   3867.631    215.000   3870.011    155.000   3868.600    185.000   3867.109   1953.30005
4    130.000   3868.349    220.000   3871.316    160.000   3868.293    190.000   3867.191   2240.39990
4    135.000   3868.896    225.000   3872.332    165.000   3868.027    195.000   3866.994   2122.10010
4    140.000   3869.105    230.000   3873.367    170.000   3867.729    200.000   3867.103   2430.80005
4    145.000   3868.999    235.000   3874.002    175.000   3867.494    205.000   3867.577   2797.10010
4    155.000   3868.600    245.000   3879.283    185.000   3867.109    215.000   3870.011  11600.00000
4    175.000   3867.494    265.000   3882.869    205.000   3867.577    235.000   3874.002  27813.00000
4    180.000   3867.333    270.000   3883.099    210.000   3868.398    240.000   3876.178  28192.00000
4    185.000   3867.109    275.000   3884.132    215.000   3870.011    245.000   3879.283  35224.00000
4    190.000   3867.191    280.000   3885.354    220.000   3871.316    250.000   3880.632  43296.00000
4    195.000   3866.994    285.000   3885.942    225.000   3872.332    255.000   3881.791  42142.00000
4    200.000   3867.103    290.000   3886.083    230.000   3873.367    260.000   3882.186  36121.00000
4    205.000   3867.577    295.000   3888.504    235.000   3874.002    265.000   3882.869  47438.00000
4    210.000   3868.398    300.000   3889.797    240.000   3876.178    270.000   3883.099  78080.00000
4    215.000   3870.011    305.000   3889.731    245.000   3879.283    275.000   3884.132  55013.00000
4    220.000   3871.316    310.000   3890.165    250.000   3880.632    280.000   3885.354  75754.00000
4    225.000   3872.332    315.000   3890.458    255.000   3881.791    285.000   3885.942  87964.00000
4    230.000   3873.367    320.000   3890.453    260.000   3882.186    290.000   3886.083 161766.00000
4    235.000   3874.002    325.000   3890.535    265.000   3882.869    295.000   3888.504 179646.00000
4    245.000   3879.283    335.000   3891.216    275.000   3884.132    305.000   3889.731 210070.00000
4    250.000   3880.632    340.000   3892.198    280.000   3885.354    310.000   3890.165 208185.00000
4    255.000   3881.791    345.000   3893.148    285.000   3885.942    315.000   3890.458 187875.00000
4    260.000   3882.186    350.000   3894.163    290.000   3886.083    320.000   3890.453 134046.00000
4      0.000   3864.187    105.000   3864.118     35.000   3866.856     70.000   3862.984   1053.09998
4      5.000   3864.427    110.000   3865.056     40.000   3866.664     75.000   3862.162   1115.40002
4     10.000   3865.009    115.000   3865.869     45.000   3866.407     80.000   3861.682   1264.00000
4     15.000   3865.697    120.000   3866.811     50.000   3866.227     85.000   3861.404   1310.80005
4     20.000   3866.352    125.000   3867.631     55.000   3865.738     90.000   3861.708   1421.09998
4     25.000   3866.702    130.000   3868.349     60.000   3865.002     95.000   3862.356   1546.90002
4     30.000   3867.028    135.000   3868.896     65.000   3864.027    100.000   3863.218   1646.40002
4     35.000   3866.856    140.000   3869.105     70.000   3862.984    105.000   3864.118   1679.19995
4     40.000   3866.664    145.000   3868.999     75.000   3862.162    110.000   3865.056   1622.00000
4     45.000   3866.407    150.000   3868.755     80.000   3861.682    115.000   3865.869   1510.19995
4     50.000   3866.227    155.000   3868.600     85.000   3861.404    120.000   3866.811   1470.80005
4     55.000   3865.738    160.000   3868.293     90.000   3861.708    125.000   3867.631   1372.19995
4     60.000   3865.002    165.000   3868.027     95.000   3862.356    130.000   3868.349   1312.59998
4     65.000   3864.027    170.000   3867.729    100.000   3863.218    135.000   3868.896   1272.90002
4     70.000   3862.984    175.000   3867.494    105.000   3864.118    140.000   3869.105   1240.19995
4     75.000   3862.162    180.000   3867.333    110.000   3865.056    145.000   3868.999   1248.90002
4     80.000   3861.682    185.000   3867.109    115.000   3865.869    150.000   3868.755   1431.09998
4     85.000   3861.404    190.000   3867.191    120.000   3866.811    155.000   3868.600   1408.80005
4     90.000   3861.708    195.000   3866.994    125.000   3867.631    160.000   3868.293   1562.69995
4     95.000   3862.356    200.000   3867.103    130.000   3868.349    165.000   3868.027   1683.50000
4    100.000   3863.218    205.000   3867.577    135.000   3868.896    170.000   3867.729   1761.69995
4    105.000   3864.118    210.000   3868.398    140.000   3869.105    175.000   3867.494   1929.30005
4    110.000   3865.056    215.000   3870.011    145.000   3868.999    180.000   3867.333   2035.30005
4    115.000   3865.869    220.000   3871.316    150.000   3868.755    185.000   3867.109   2167.39990
4    120.000   3866.811    225.000   3872.332    155.000   3868.600    190.000   3867.191   2237.39990
4    125.000   3867.631    230.000   3873.367    160.000   3868.293    195.000   3866.994   2381.60010
4    130.000   3868.349    235.000   3874.002    165.000   3868.027    200.000   3867.103   2568.10010
4    135.000   3868.896    240.000   3876.178    170.000   3867.729    205.000   3867.577   3039.39990
4    140.000   3869.105    245.000   3879.283    175.000   3867.494    210.000   3868.398   5726.50000
4    145.000   3868.999    250.000   3880.632    180.000   3867.333    215.000   3870.011  11422.00000
4    150.000   3868.755    255.000   3881.791    185.000   3867.109    220.000   3871.316  13659.00000
4    155.000   3868.600    260.000   3882.186    190.000   3867.191    225.000   3872.332  24773.00000
4    165.000   3868.027    270.000   3883.099    200.000   3867.103    235.000   3874.002  26669.00000
4    170.000   3867.729    275.000   3884.132    205.000   3867.577    240.000   3876.178  31366.00000
4    175.000   3867.494    280.000   3885.354    210.000   3868.398    245.000   3879.283  39808.00000
4    180.000   3867.333    285.000   3885.942    215.000   3870.011    250.000   3880.632  51618.00000
4    185.000   3867.109    290.000   3886.083    220.000   3871.316    255.000   3881.791  41005.00000
4    190.000   3867.191    295.000   3888.504    225.000   3872.332    260.000   3882.186  39747.00000
4    195.000   3866.994    300.000   3889.797    230.000   3873.367    265.000   3882.869  53009.00000
4    200.000   3867.103    305.000   3889.731    235.000   3874.002    270.000   3883.099  74220.00000
4    205.000   3867.577    310.000   3890.165    240.000   3876.178    275.000   3884.132  76327.00000
4    210.000   3868.398    315.000   3890.458    245.000   3879.283    280.000   3885.354  87427.00000
4    220.000   3871.316    325.000   3890.535    255.000   3881.791    290.000   3886.083 180313.00000
4    225.000   3872.332    330.000   3890.748    260.000   3882.186    295.000   3888.504 200536.00000
4    230.000   3873.367    335.000   3891.216    265.000   3882.869    300.000   3889.797 187931.00000
4    235.000   3874.002    340.000   3892.198    270.000   3883.099    305.000   3889.731 217233.00000
4    240.000   3876.178    345.000   3893.148    275.000   3884.132    310.000   3890.165 219710.00000
4      0.000   3864.187    120.000   3866.811     40.000   3866.664     80.000   3861.682   1249.00000
4      5.000   3864.427    125.000   3867.631     45.000   3866.407     85.000   3861.404   1333.59998
4     10.000   3865.009    130.000   3868.349     50.000   3866.227     90.000   3861.708   1465.19995
4     15.000   3865.697    135.000   3868.896     55.000   3865.738     95.000   3862.356   1578.90002
4     25.000   3866.702    145.000   3868.999     65.000   3864.027    105.000   3864.118   1733.50000
4     30.000   3867.028    150.000   3868.755     70.000   3862.984    110.000   3865.056   1648.09998
4     35.000   3866.856    155.000   3868.600     75.000   3862.162    115.000   3865.869   1547.50000
4     40.000   3866.664    160.000   3868.293     80.000   3861.682    120.000   3866.811   1526.69995
4     45.000   3866.407    165.000   3868.027     85.000   3861.404    125.000   3867.631   1514.69995
4     50.000   3866.227    170.000   3867.729     90.000   3861.708    130.000   3868.349   1464.69995
4     55.000   3865.738    175.000   3867.494     95.000   3862.356    135.000   3868.896   1397.00000
4     60.000   3865.002    180.000   3867.333    100.000   3863.218    140.000   3869.105   1343.90002
4     65.000   3864.027    185.000   3867.109    105.000   3864.118    145.000   3868.999   1254.80005
4     70.000   3862.984    190.000   3867.191    110.000   3865.056    150.000   3868.755   1318.69995
4     75.000   3862.162    195.000   3866.994    115.000   3865.869    155.000   3868.600   1425.59998
4     80.000   3861.682    200.000   3867.103    120.000   3866.811    160.000   3868.293   1554.00000
4     85.000   3861.404    205.000   3867.577    125.000   3867.631    165.000   3868.027   1731.19995
4     90.000   3861.708    210.000   3868.398    130.000   3868.349    170.000   3867.729   1808.19995
4     95.000   3862.356    215.000   3870.011    135.000   3868.896    175.000   3867.494   1947.09998
4    100.000   3863.218    220.000   3871.316    140.000   3869.105    180.000   3867.333   2174.30005
4    105.000   3864.118    225.000   3872.332    145.000   3868.999    185.000   3867.109   2275.30005
4    110.000   3865.056    230.000   3873.367    150.000   3868.755    190.000   3867.191   2319.80005
4    115.000   3865.869    235.000   3874.002    155.000   3868.600    195.000   3866.994   2614.30005
4    120.000   3866.811    240.000   3876.178    160.000   3868.293    200.000   3867.103   2752.19995
4    125.000   3867.631    245.000   3879.283    165.000   3868.027    205.000   3867.577   3018.00000
4    130.000   3868.349    250.000   3880.632    170.000   3867.729    210.000   3868.398   5616.20020
4    135.000   3868.896    255.000   3881.791    175.000   3867.494    215.000   3870.011  12086.00000
4    140.000   3869.105    260.000   3882.186    180.000   3867.333    220.000   3871.316  14326.00000
4    145.000   3868.999    265.000   3882.869    185.000   3867.109    225.000   3872.332  24837.00000
4    150.000   3868.755    270.000   3883.099    190.000   3867.191    230.000   3873.367  25146.00000
4    155.000   3868.600    275.000   3884.132    195.000   3866.994    235.000   3874.002  28122.00000
4    165.000   3868.027    285.000   3885.942    205.000   3867.577    245.000   3879.283  45184.00000
4    170.000   3867.729    290.000   3886.083    210.000   3868.398    250.000   3880.632  45656.00000
4    180.000   3867.333    300.000   3889.797    220.000   3871.316    260.000   3882.186  48872.00000
4    185.000   3867.109    305.000   3889.731    225.000   3872.332    265.000   3882.869  52095.00000
4    190.000   3867.191    310.000   3890.165    230.000   3873.367    270.000   3883.099  79023.00000
4    195.000   3866.994    315.000   3890.458    235.000   3874.002    275.000   3884.132  86845.00000
4    200.000   3867.103    320.000   3890.453    240.000   3876.178    280.000   3885.354  93890.00000
4    205.000   3867.577    325.000   3890.535    245.000   3879.283    285.000   3885.942 106759.00000
4    210.000   3868.398    330.000   3890.748    250.000   3880.632    290.000   3886.083 185288.00000
4    215.000   3870.011    335.000   3891.216    255.000   3881.791    295.000   3888.504 199276.00000
4    220.000   3871.316    340.000   3892.198    260.000   3882.186    300.000   3889.797 196097.00000
4    225.000   3872.332    345.000   3893.148    265.000   3882.869    305.000   3889.731 249452.00000
4    230.000   3873.367    350.000   3894.163    270.000   3883.099    310.000   3890.165 223156.00000
4      0.000   3864.187    135.000   3868.896     45.000   3866.407     90.000   3861.708   1489.40002
4      5.000   3864.427    140.000   3869.105     50.000   3866.227     95.000   3862.356   1580.30005
4     10.000   3865.009    145.000   3868.999     55.000   3865.738    100.000   3863.218   1677.69995
4     15.000   3865.697    150.000   3868.755     60.000   3865.002    105.000   3864.118   1687.40002
4     20.000   3866.352    155.000   3868.600     65.000   3864.027    110.000   3865.056   1641.80005
4     25.000   3866.702    160.000   3868.293     70.000   3862.984    115.000   3865.869   1593.69995
4     30.000   3867.028    165.000   3868.027     75.000   3862.162    120.000   3866.811   1667.80005
4     35.000   3866.856    170.000   3867.729     80.000   3861.682    125.000   3867.631   1590.09998
4     40.000   3866.664    175.000   3867.494     85.000   3861.404    130.000   3868.349   1567.90002
4     45.000   3866.407    180.000   3867.333     90.000   3861.708    135.000   3868.896   1508.90002
4     50.000   3866.227    185.000   3867.109     95.000   3862.356    140.000   3869.105   1448.09998
4     55.000   3865.738    190.000   3867.191    100.000   3863.218    145.000   3868.999   1372.59998
4     60.000   3865.002    195.000   3866.994    105.000   3864.118    150.000   3868.755   1417.30005
4     65.000   3864.027    200.000   3867.103    110.000   3865.056    155.000   3868.600   1493.30005
4     70.000   3862.984    205.000   3867.577    115.000   3865.869    160.000   3868.293   1649.69995
4     75.000   3862.162    210.000   3868.398    120.000   3866.811    165.000   3868.027   1788.19995
4     80.000   3861.682    215.000   3870.011    125.000   3867.631    170.000   3867.729   1763.00000
4     85.000   3861.404    220.000   3871.316    130.000   3868.349    175.000   3867.494   2018.80005
4     90.000   3861.708    225.000   3872.332    135.000   3868.896    180.000   3867.333   2078.39990
4     95.000   3862.356    230.000   3873.367    140.000   3869.105    185.000   3867.109   2307.10010
4    100.000   3863.218    235.000   3874.002    145.000   3868.999    190.000   3867.191   2596.80005
4    120.000   3866.811    255.000   3881.791    165.000   3868.027    210.000   3868.398   5776.50000
4    125.000   3867.631    260.000   3882.186    170.000   3867.729    215.000   3870.011  12535.00000
4    130.000   3868.349    265.000   3882.869    175.000   3867.494    220.000   3871.316  14253.00000
4    140.000   3869.105    275.000   3884.132    185.000   3867.109    230.000   3873.367  26479.00000
4    145.000   3868.999    280.000   3885.354    190.000   3867.191    235.000   3874.002  28593.00000
4    150.000   3868.755    285.000   3885.942    195.000   3866.994    240.000   3876.178  35881.00000
4    155.000   3868.600    290.000   3886.083    200.000   3867.103    245.000   3879.283  39097.00000
4    160.000   3868.293    295.000   3888.504    205.000   3867.577    250.000   3880.632  47234.00000
4    170.000   3867.729    305.000   3889.731    215.000   3870.011    260.000   3882.186  46246.00000
4    175.000   3867.494    310.000   3890.165    220.000   3871.316    265.000   3882.869  58339.00000
4    180.000   3867.333    315.000   3890.458    225.000   3872.332    270.000   3883.099  87918.00000
4    185.000   3867.109    320.000   3890.453    230.000   3873.367    275.000   3884.132  97053.00000
4    190.000   3867.191    325.000   3890.535    235.000   3874.002    280.000   3885.354 115350.00000
4    195.000   3866.994    330.000   3890.748    240.000   3876.178    285.000   3885.942 117271.00000
4    205.000   3867.577    340.000   3892.198    250.000   3880.632    295.000   3888.504 195763.00000
4    210.000   3868.398    345.000   3893.148    255.000   3881.791    300.000   3889.797 202001.00000
4    215.000   3870.011    350.000   3894.163    260.000   3882.186    305.000   3889.731 240897.00000
4      0.000   3864.187    150.000   3868.755     50.000   3866.227    100.000   3863.218   1645.50000
4      5.000   3864.427    155.000   3868.600     55.000   3865.738    105.000   3864.118   1671.69995
4     10.000   3865.009    160.000   3868.293     60.000   3865.002    110.000   3865.056   1649.59998
4     15.000   3865.697    165.000   3868.027     65.000   3864.027    115.000   3865.869   1731.69995
4     20.000   3866.352    170.000   3867.729     70.000   3862.984    120.000   3866.811   1696.69995
4     25.000   3866.702    175.000   3867.494     75.000   3862.162    125.000   3867.631   1658.69995
4     30.000   3867.028    180.000   3867.333     80.000   3861.682    130.000   3868.349   1625.40002
4     35.000   3866.856    185.000   3867.109     85.000   3861.404    135.000   3868.896   1587.00000
4     40.000   3866.664    190.000   3867.191     90.000   3861.708    140.000   3869.105   1565.30005
4     45.000   3866.407    195.000   3866.994     95.000   3862.356    145.000   3868.999   1492.80005
4     50.000   3866.227    200.000   3867.103    100.000   3863.218    150.000   3868.755   1584.50000
4     55.000   3865.738    205.000   3867.577    105.000   3864.118    155.000   3868.600   1637.80005
4     60.000   3865.002    210.000   3868.398    110.000   3865.056    160.000   3868.293   1769.80005
4     65.000   3864.027    215.000   3870.011    115.000   3865.869    165.000   3868.027   1765.59998
4     70.000   3862.984    220.000   3871.316    120.000   3866.811    170.000   3867.729   1862.09998
4     75.000   3862.162    225.000   3872.332    125.000   3867.631    175.000   3867.494   1911.19995
4     80.000   3861.682    230.000   3873.367    130.000   3868.349    180.000   3867.333   2079.69995
4     85.000   3861.404    235.000   3874.002    135.000   3868.896    185.000   3867.109   2330.19995
4    120.000   3866.811    270.000   3883.099    170.000   3867.729    220.000   3871.316  13254.00000
4    125.000   3867.631    275.000   3884.132    175.000   3867.494    225.000   3872.332  24093.00000
4    130.000   3868.349    280.000   3885.354    180.000   3867.333    230.000   3873.367  27053.00000
4    140.000   3869.105    290.000   3886.083    190.000   3867.191    240.000   3876.178  30446.00000
4    145.000   3868.999    295.000   3888.504    195.000   3866.994    245.000   3879.283  39184.00000
4    150.000   3868.755    300.000   3889.797    200.000   3867.103    250.000   3880.632  48339.00000
4    155.000   3868.600    305.000   3889.731    205.000   3867.577    255.000   3881.791  46597.00000
4    160.000   3868.293    310.000   3890.165    210.000   3868.398    260.000   3882.186  49681.00000
4    165.000   3868.027    315.000   3890.458    215.000   3870.011    265.000   3882.869  64214.00000
4    170.000   3867.729    320.000   3890.453    220.000   3871.316    270.000   3883.099  99178.00000
4    175.000   3867.494    325.000   3890.535    225.000   3872.332    275.000   3884.132 106331.00000
4    180.000   3867.333    330.000   3890.748    230.000   3873.367    280.000   3885.354 118525.00000
4    185.000   3867.109    335.000   3891.216    235.000   3874.002    285.000   3885.942 121146.00000
4    195.000   3866.994    345.000   3893.148    245.000   3879.283    295.000   3888.504 206410.00000
4      0.000   3864.187    165.000   3868.027     55.000   3865.738    110.000   3865.056   1748.90002
4      5.000   3864.427    170.000   3867.729     60.000   3865.002    115.000   3865.869   1673.50000
4     10.000   3865.009    175.000   3867.494     65.000   3864.027    120.000   3866.811   1748.90002
4     15.000   3865.697    180.000   3867.333     70.000   3862.984    125.000   3867.631   1744.40002
4     20.000   3866.352    185.000   3867.109     75.000   3862.162    130.000   3868.349   1700.59998
4     25.000   3866.702    190.000   3867.191     80.000   3861.682    135.000   3868.896   1654.09998
4     30.000   3867.028    195.000   3866.994     85.000   3861.404    140.000   3869.105   1651.30005
4     35.000   3866.856    200.000   3867.103     90.000   3861.708    145.000   3868.999   1637.90002
4     40.000   3866.664    205.000   3867.577     95.000   3862.356    150.000   3868.755   1744.30005
4     45.000   3866.407    210.000   3868.398    100.000   3863.218    155.000   3868.600   1808.40002
4     50.000   3866.227    215.000   3870.011    105.000   3864.118    160.000   3868.293   1832.80005
4     55.000   3865.738    220.000   3871.316    110.000   3865.056    165.000   3868.027   2124.10010
4     60.000   3865.002    225.000   3872.332    115.000   3865.869    170.000   3867.729   1862.90002
4     65.000   3864.027    230.000   3873.367    120.000   3866.811    175.000   3867.494   1951.50000
4     70.000   3862.984    235.000   3874.002    125.000   3867.631    180.000   3867.333   2130.80005
4    120.000   3866.811    285.000   3885.942    175.000   3867.494    230.000   3873.367  28538.00000
4    125.000   3867.631    290.000   3886.083    180.000   3867.333    235.000   3874.002  26808.00000
4    130.000   3868.349    295.000   3888.504    185.000   3867.109    240.000   3876.178  30956.00000
4    140.000   3869.105    305.000   3889.731    195.000   3866.994    250.000   3880.632  46241.00000
4    145.000   3868.999    310.000   3890.165    200.000   3867.103    255.000   3881.791  47326.00000
4    150.000   3868.755    315.000   3890.458    205.000   3867.577    260.000   3882.186  53993.00000
4    155.000   3868.600    320.000   3890.453    210.000   3868.398    265.000   3882.869  70691.00000
4    160.000   3868.293    325.000   3890.535    215.000   3870.011    270.000   3883.099 107336.00000
4    170.000   3867.729    335.000   3891.216    225.000   3872.332    280.000   3885.354 119560.00000
4    175.000   3867.494    340.000   3892.198    230.000   3873.367    285.000   3885.942 122161.00000
4    180.000   3867.333    345.000   3893.148    235.000   3874.002    290.000   3886.083 195605.00000
4    185.000   3867.109    350.000   3894.163    240.000   3876.178    295.000   3888.504 203267.00000
4      0.000   3864.187    180.000   3867.333     60.000   3865.002    120.000   3866.811   1736.90002
4      5.000   3864.427    185.000   3867.109     65.000   3864.027    125.000   3867.631   1775.19995
4     15.000   3865.697    195.000   3866.994     75.000   3862.162    135.000   3868.896   1774.80005
4     20.000   3866.352    200.000   3867.103     80.000   3861.682    140.000   3869.105   1796.19995
4     25.000   3866.702    205.000   3867.577     85.000   3861.404    145.000   3868.999   1798.40002
4     30.000   3867.028    210.000   3868.398     90.000   3861.708    150.000   3868.755   1898.80005
4     40.000   3866.664    220.000   3871.316    100.000   3863.218    160.000   3868.293   2012.59998
4     45.000   3866.407    225.000   3872.332    105.000   3864.118    165.000   3868.027   1979.30005
4     50.000   3866.227    230.000   3873.367    110.000   3865.056    170.000   3867.729   1963.59998
4     55.000   3865.738    235.000   3874.002    115.000   3865.869    175.000   3867.494   2096.30005
4    120.000   3866.811    300.000   3889.797    180.000   3867.333    240.000   3876.178  31735.00000
4    130.000   3868.349    310.000   3890.165    190.000   3867.191    250.000   3880.632  46643.00000
4    140.000   3869.105    320.000   3890.453    200.000   3867.103    260.000   3882.186  57747.00000
4    145.000   3868.999    325.000   3890.535    205.000   3867.577    265.000   3882.869  76211.00000
4    150.000   3868.755    330.000   3890.748    210.000   3868.398    270.000   3883.099 112803.00000
4    160.000   3868.293    340.000   3892.198    220.000   3871.316    280.000   3885.354 124851.00000
4    170.000   3867.729    350.000   3894.163    230.000   3873.367    290.000   3886.083 193785.00000
4      5.000   3864.427    200.000   3867.103     70.000   3862.984    135.000   3868.896   1891.00000
4     10.000   3865.009    205.000   3867.577     75.000   3862.162    140.000   3869.105   1947.19995
4     15.000   3865.697    210.000   3868.398     80.000   3861.682    145.000   3868.999   1949.30005
4     20.000   3866.352    215.000   3870.011     85.000   3861.404    150.000   3868.755   1977.80005
4     25.000   3866.702    220.000   3871.316     90.000   3861.708    155.000   3868.600   2054.80005
4     30.000   3867.028    225.000   3872.332     95.000   3862.356    160.000   3868.293   2008.40002
4     35.000   3866.856    230.000   3873.367    100.000   3863.218    165.000   3868.027   2031.09998
4     40.000   3866.664    235.000   3874.002    105.000   3864.118    170.000   3867.729   2051.00000
4    120.000   3866.811    315.000   3890.458    185.000   3867.109    250.000   3880.632  49535.00000
4    125.000   3867.631    320.000   3890.453    190.000   3867.191    255.000   3881.791  52767.00000
4    130.000   3868.349    325.000   3890.535    195.000   3866.994    260.000   3882.186  60778.00000
4    135.000   3868.896    330.000   3890.748    200.000   3867.103    265.000   3882.869  78371.00000
4    140.000   3869.105    335.000   3891.216    205.000   3867.577    270.000   3883.099 111045.00000
4    145.000   3868.999    340.000   3892.198    210.000   3868.398    275.000   3884.132 117030.00000
4    150.000   3868.755    345.000   3893.148    215.000   3870.011    280.000   3885.354 126062.00000
4    155.000   3868.600    350.000   3894.163    220.000   3871.316    285.000   3885.942 126595.00000
4      0.000   3864.187    210.000   3868.398     70.000   3862.984    140.000   3869.105   2070.69995
4      5.000   3864.427    215.000   3870.011     75.000   3862.162    145.000   3868.999   2011.59998
4     10.000   3865.009    220.000   3871.316     80.000   3861.682    150.000   3868.755   2124.10010
4     15.000   3865.697    225.000   3872.332     85.000   3861.404    155.000   3868.600   2076.80005
4     20.000   3866.352    230.000   3873.367     90.000   3861.708    160.000   3868.293   2131.30005
4     25.000   3866.702    235.000   3874.002     95.000   3862.356    165.000   3868.027   2128.69995
4    120.000   3866.811    330.000   3890.748    190.000   3867.191    260.000   3882.186  61534.00000
4    125.000   3867.631    335.000   3891.216    195.000   3866.994    265.000   3882.869  76681.00000
4    130.000   3868.349    340.000   3892.198    200.000   3867.103    270.000   3883.099 112123.00000
4      0.000   3864.187    225.000   3872.332     75.000   3862.162    150.000   3868.755   2139.10010
4      5.000   3864.427    230.000   3873.367     80.000   3861.682    155.000   3868.600   2169.89990
4     10.000   3865.009    235.000   3874.002     85.000   3861.404    160.000   3868.293   2262.10010
4    125.000   3867.631    350.000   3894.163    200.000   3867.103    275.000   3884.132 114638.00000