4     235.00       0.00     220.00       0.00     230.00       0.00     225.00       0.00   3036.87012 
4     230.00       0.00     215.00       0.00     225.00       0.00     220.00       0.00   3031.48999 
4     225.00       0.00     210.00       0.00     220.00       0.00     215.00       0.00   2605.91992 
4     220.00       0.00     205.00       0.00     215.00       0.00     210.00       0.00   3102.20996 
4     215.00       0.00     200.00       0.00     210.00       0.00     205.00       0.00   2721.64990 
4     210.00       0.00     195.00       0.00     205.00       0.00     200.00       0.00   3289.06006 
4     205.00       0.00     190.00       0.00     200.00       0.00     195.00       0.00   2958.01001 
4     200.00       0.00     185.00       0.00     195.00       0.00     190.00       0.00   2640.80005 
4     195.00       0.00     180.00       0.00     190.00       0.00     185.00       0.00   3129.81006 
4     190.00       0.00     175.00       0.00     185.00       0.00     180.00       0.00   2442.92993 
4     185.00       0.00     170.00       0.00     180.00       0.00     175.00       0.00   2696.12988 
4     180.00       0.00     165.00       0.00     175.00       0.00     170.00       0.00   2797.84009 
4     175.00       0.00     160.00       0.00     170.00       0.00     165.00       0.00   2730.20996 
4     170.00       0.00     155.00       0.00     165.00       0.00     160.00       0.00   2259.86011 
4     165.00       0.00     150.00       0.00     160.00       0.00     155.00       0.00   2703.96997 
4     160.00       0.00     145.00       0.00     155.00       0.00     150.00       0.00   2462.57007 
4     155.00       0.00     140.00       0.00     150.00       0.00     145.00       0.00   3385.39990 
4     150.00       0.00     135.00       0.00     145.00       0.00     140.00       0.00   2841.06006 
4     145.00       0.00     130.00       0.00     140.00       0.00     135.00       0.00   5099.33008 
4     140.00       0.00     125.00       0.00     135.00       0.00     130.00       0.00   5961.35986 
4     135.00       0.00     120.00       0.00     130.00       0.00     125.00       0.00   5425.62988 
4     130.00       0.00     115.00       0.00     125.00       0.00     120.00       0.00   6416.89014 
4     125.00       0.00     110.00       0.00     120.00       0.00     115.00       0.00   6150.79004 
4     120.00       0.00     105.00       0.00     115.00       0.00     110.00       0.00  18106.05078 
4     115.00       0.00     100.00       0.00     110.00       0.00     105.00       0.00   9601.57031 
4     110.00       0.00      95.00       0.00     105.00       0.00     100.00       0.00  18730.43945 
4     105.00       0.00      90.00       0.00     100.00       0.00      95.00       0.00  10954.49023 
4     100.00       0.00      85.00       0.00      95.00       0.00      90.00       0.00   9045.16992 
4      95.00       0.00      80.00       0.00      90.00       0.00      85.00       0.00   9523.33984 
4      90.00       0.00      75.00       0.00      85.00       0.00      80.00       0.00   4511.33008 
4      85.00       0.00      70.00       0.00      80.00       0.00      75.00       0.00   3587.89990 
4      80.00       0.00      65.00       0.00      75.00       0.00      70.00       0.00   4763.64990 
4      75.00       0.00      60.00       0.00      70.00       0.00      65.00       0.00   2569.62988 
4      70.00       0.00      55.00       0.00      65.00       0.00      60.00       0.00   5390.31006 
4      65.00       0.00      50.00       0.00      60.00       0.00      55.00       0.00   3960.53003 
4      60.00       0.00      45.00       0.00      55.00       0.00      50.00       0.00   6964.83008 
4      55.00       0.00      40.00       0.00      50.00       0.00      45.00       0.00   4519.87988 
4      50.00       0.00      35.00       0.00      45.00       0.00      40.00       0.00   5611.16992 
4      45.00       0.00      30.00       0.00      40.00       0.00      35.00       0.00   8820.15039 
4      40.00       0.00      25.00       0.00      35.00       0.00      30.00       0.00   7867.39014 
4      35.00       0.00      20.00       0.00      30.00       0.00      25.00       0.00  13347.09961 
4      30.00       0.00      15.00       0.00      25.00       0.00      20.00       0.00   8083.16016 
4      25.00       0.00      10.00       0.00      20.00       0.00      15.00       0.00   6178.18018 
4      20.00       0.00       5.00       0.00      15.00       0.00      10.00       0.00   4950.85010 
4      15.00       0.00       0.00       0.00      10.00       0.00       5.00       0.00   8394.11035 
4     235.00       0.00     205.00       0.00     225.00       0.00     215.00       0.00   2762.63989 
4     230.00       0.00     200.00       0.00     220.00       0.00     210.00       0.00   2631.32007 
4     225.00       0.00     195.00       0.00     215.00       0.00     205.00       0.00   2679.93994 
4     220.00       0.00     190.00       0.00     210.00       0.00     200.00       0.00   2857.91992 
4     215.00       0.00     185.00       0.00     205.00       0.00     195.00       0.00   2755.23999 
4     210.00       0.00     180.00       0.00     200.00       0.00     190.00       0.00   2665.73999 
4     205.00       0.00     175.00       0.00     195.00       0.00     185.00       0.00   2949.70996 
4     200.00       0.00     170.00       0.00     190.00       0.00     180.00       0.00   3014.04004 
4     195.00       0.00     165.00       0.00     185.00       0.00     175.00       0.00   2419.50000 
4     190.00       0.00     160.00       0.00     180.00       0.00     170.00       0.00   2495.58008 
4     185.00       0.00     155.00       0.00     175.00       0.00     165.00       0.00   2714.90991 
4     180.00       0.00     150.00       0.00     170.00       0.00     160.00       0.00   2567.28003 
4     175.00       0.00     145.00       0.00     165.00       0.00     155.00       0.00   2771.66992 
4     170.00       0.00     140.00       0.00     160.00       0.00     150.00       0.00   3625.97998 
4     165.00       0.00     135.00       0.00     155.00       0.00     145.00       0.00   3781.85010 
4     160.00       0.00     130.00       0.00     150.00       0.00     140.00       0.00   2926.27002 
4     155.00       0.00     125.00       0.00     145.00       0.00     135.00       0.00   4067.50000 
4     150.00       0.00     120.00       0.00     140.00       0.00     130.00       0.00   5096.47998 
4     145.00       0.00     115.00       0.00     135.00       0.00     125.00       0.00   5073.41992 
4     140.00       0.00     110.00       0.00     130.00       0.00     120.00       0.00   4874.85010 
4     135.00       0.00     105.00       0.00     125.00       0.00     115.00       0.00   5268.47998 
4     130.00       0.00     100.00       0.00     120.00       0.00     110.00       0.00   7047.43018 
4     125.00       0.00      95.00       0.00     115.00       0.00     105.00       0.00   8157.79004 
4     120.00       0.00      90.00       0.00     110.00       0.00     100.00       0.00   7412.45996 
4     115.00       0.00      85.00       0.00     105.00       0.00      95.00       0.00   5401.04980 
4     110.00       0.00      80.00       0.00     100.00       0.00      90.00       0.00  11168.16016 
4     105.00       0.00      75.00       0.00      95.00       0.00      85.00       0.00  13832.86035 
4     100.00       0.00      70.00       0.00      90.00       0.00      80.00       0.00   9720.70020 
4      95.00       0.00      65.00       0.00      85.00       0.00      75.00       0.00   5804.35986 
4      90.00       0.00      60.00       0.00      80.00       0.00      70.00       0.00   7204.72021 
4      85.00       0.00      55.00       0.00      75.00       0.00      65.00       0.00   6899.81006 
4      80.00       0.00      50.00       0.00      70.00       0.00      60.00       0.00   6352.85986 
4      75.00       0.00      45.00       0.00      65.00       0.00      55.00       0.00   8590.83008 
4      70.00       0.00      40.00       0.00      60.00       0.00      50.00       0.00  11760.13965 
4      65.00       0.00      35.00       0.00      55.00       0.00      45.00       0.00  11453.54980 
4      60.00       0.00      30.00       0.00      50.00       0.00      40.00       0.00   9164.70996 
4      55.00       0.00      25.00       0.00      45.00       0.00      35.00       0.00   8744.59961 
4      50.00       0.00      20.00       0.00      40.00       0.00      30.00       0.00  11250.07031 
4      45.00       0.00      15.00       0.00      35.00       0.00      25.00       0.00  17135.59961 
4      40.00       0.00      10.00       0.00      30.00       0.00      20.00       0.00  17535.09961 
4      35.00       0.00       5.00       0.00      25.00       0.00      15.00       0.00  10042.95996 
4      30.00       0.00       0.00       0.00      20.00       0.00      10.00       0.00   8302.62012 
4     235.00       0.00     190.00       0.00     220.00       0.00     205.00       0.00   2728.18994 
4     230.00       0.00     185.00       0.00     215.00       0.00     200.00       0.00   2746.37012 
4     225.00       0.00     180.00       0.00     210.00       0.00     195.00       0.00   2814.45996 
4     220.00       0.00     175.00       0.00     205.00       0.00     190.00       0.00   2918.32007 
4     215.00       0.00     170.00       0.00     200.00       0.00     185.00       0.00   2970.81006 
4     210.00       0.00     165.00       0.00     195.00       0.00     180.00       0.00   2760.90991 
4     205.00       0.00     160.00       0.00     190.00       0.00     175.00       0.00   2726.86011 
4     200.00       0.00     155.00       0.00     185.00       0.00     170.00       0.00   2531.05005 
4     195.00       0.00     150.00       0.00     180.00       0.00     165.00       0.00   2657.19995 
4     190.00       0.00     145.00       0.00     175.00       0.00     160.00       0.00   2662.19995 
4     185.00       0.00     140.00       0.00     170.00       0.00     155.00       0.00   3385.07007 
4     180.00       0.00     135.00       0.00     165.00       0.00     150.00       0.00   3549.26001 
4     175.00       0.00     130.00       0.00     160.00       0.00     145.00       0.00   3486.35010 
4     170.00       0.00     125.00       0.00     155.00       0.00     140.00       0.00   3128.20996 
4     165.00       0.00     120.00       0.00     150.00       0.00     135.00       0.00   3521.88989 
4     160.00       0.00     115.00       0.00     145.00       0.00     130.00       0.00   4072.06006 
4     155.00       0.00     110.00       0.00     140.00       0.00     125.00       0.00   4905.37012 
4     150.00       0.00     105.00       0.00     135.00       0.00     120.00       0.00   5005.85010 
4     145.00       0.00     100.00       0.00     130.00       0.00     115.00       0.00   5418.64014 
4     140.00       0.00      95.00       0.00     125.00       0.00     110.00       0.00   5976.33008 
4     135.00       0.00      90.00       0.00     120.00       0.00     105.00       0.00   7090.95020 
4     130.00       0.00      85.00       0.00     115.00       0.00     100.00       0.00   5606.00000 
4     125.00       0.00      80.00       0.00     110.00       0.00      95.00       0.00   6782.66992 
4     120.00       0.00      75.00       0.00     105.00       0.00      90.00       0.00  10005.61035 
4     115.00       0.00      70.00       0.00     100.00       0.00      85.00       0.00  13340.09961 
4     110.00       0.00      65.00       0.00      95.00       0.00      80.00       0.00  14081.73047 
4     105.00       0.00      60.00       0.00      90.00       0.00      75.00       0.00  11543.03027 
4     100.00       0.00      55.00       0.00      85.00       0.00      70.00       0.00   7984.52002 
4      95.00       0.00      50.00       0.00      80.00       0.00      65.00       0.00   7050.06982 
4      90.00       0.00      45.00       0.00      75.00       0.00      60.00       0.00  10097.30957 
4      85.00       0.00      40.00       0.00      70.00       0.00      55.00       0.00  11668.51953 
4      80.00       0.00      35.00       0.00      65.00       0.00      50.00       0.00  17774.61914 
4      75.00       0.00      30.00       0.00      60.00       0.00      45.00       0.00  17309.64063 
4      70.00       0.00      25.00       0.00      55.00       0.00      40.00       0.00  13939.08984 
4      65.00       0.00      20.00       0.00      50.00       0.00      35.00       0.00  10655.78027 
4      60.00       0.00      15.00       0.00      45.00       0.00      30.00       0.00  13351.48047 
4      55.00       0.00      10.00       0.00      40.00       0.00      25.00       0.00  20960.71094 
4      50.00       0.00       5.00       0.00      35.00       0.00      20.00       0.00  22111.57031 
4      45.00       0.00       0.00       0.00      30.00       0.00      15.00       0.00  20281.86914 
4     235.00       0.00     175.00       0.00     215.00       0.00     195.00       0.00   2933.02002 
4     230.00       0.00     170.00       0.00     210.00       0.00     190.00       0.00   2920.45996 
4     225.00       0.00     165.00       0.00     205.00       0.00     185.00       0.00   3072.36011 
4     220.00       0.00     160.00       0.00     200.00       0.00     180.00       0.00   2937.64990 
4     215.00       0.00     155.00       0.00     195.00       0.00     175.00       0.00   2787.77002 
4     210.00       0.00     150.00       0.00     190.00       0.00     170.00       0.00   2792.91992 
4     205.00       0.00     145.00       0.00     185.00       0.00     165.00       0.00   2733.26001 
4     200.00       0.00     140.00       0.00     180.00       0.00     160.00       0.00   2877.17993 
4     195.00       0.00     135.00       0.00     175.00       0.00     155.00       0.00   3223.41992 
4     190.00       0.00     130.00       0.00     170.00       0.00     150.00       0.00   3274.40991 
4     185.00       0.00     125.00       0.00     165.00       0.00     145.00       0.00   3400.87012 
4     180.00       0.00     120.00       0.00     160.00       0.00     140.00       0.00   3184.97998 
4     175.00       0.00     115.00       0.00     155.00       0.00     135.00       0.00   3697.86011 
4     170.00       0.00     110.00       0.00     150.00       0.00     130.00       0.00   4370.20020 
4     165.00       0.00     105.00       0.00     145.00       0.00     125.00       0.00   4342.18018 
4     160.00       0.00     100.00       0.00     140.00       0.00     120.00       0.00   5199.75977 
4     155.00       0.00      95.00       0.00     135.00       0.00     115.00       0.00   5804.04980 
4     150.00       0.00      90.00       0.00     130.00       0.00     110.00       0.00   5550.77979 
4     145.00       0.00      85.00       0.00     125.00       0.00     105.00       0.00   5635.62012 
4     140.00       0.00      80.00       0.00     120.00       0.00     100.00       0.00   5602.16992 
4     135.00       0.00      75.00       0.00     115.00       0.00      95.00       0.00   7224.85010 
4     130.00       0.00      70.00       0.00     110.00       0.00      90.00       0.00  11154.50000 
4     125.00       0.00      65.00       0.00     105.00       0.00      85.00       0.00  14909.51953 
4     120.00       0.00      60.00       0.00     100.00       0.00      80.00       0.00  15170.79004 
4     115.00       0.00      55.00       0.00      95.00       0.00      75.00       0.00  14724.11035 
4     110.00       0.00      50.00       0.00      90.00       0.00      70.00       0.00  12175.71973 
4     105.00       0.00      45.00       0.00      85.00       0.00      65.00       0.00   8973.98047 
4     100.00       0.00      40.00       0.00      80.00       0.00      60.00       0.00  10427.16992 
4      95.00       0.00      35.00       0.00      75.00       0.00      55.00       0.00  13222.26953 
4      90.00       0.00      30.00       0.00      70.00       0.00      50.00       0.00  19393.41016 
4      85.00       0.00      25.00       0.00      65.00       0.00      45.00       0.00  19523.47070 
4      80.00       0.00      20.00       0.00      60.00       0.00      40.00       0.00  17351.50977 
4      75.00       0.00      15.00       0.00      55.00       0.00      35.00       0.00  17860.56055 
4      70.00       0.00      10.00       0.00      50.00       0.00      30.00       0.00  17301.50000 
4      65.00       0.00       5.00       0.00      45.00       0.00      25.00       0.00  21860.46094 
4      60.00       0.00       0.00       0.00      40.00       0.00      20.00       0.00  24108.24023 
4     235.00       0.00     160.00       0.00     210.00       0.00     185.00       0.00   3171.72998 
4     230.00       0.00     155.00       0.00     205.00       0.00     180.00       0.00   3085.07007 
4     225.00       0.00     150.00       0.00     200.00       0.00     175.00       0.00   2960.76001 
4     220.00       0.00     145.00       0.00     195.00       0.00     170.00       0.00   2946.19995 
4     215.00       0.00     140.00       0.00     190.00       0.00     165.00       0.00   3111.60010 
4     210.00       0.00     135.00       0.00     185.00       0.00     160.00       0.00   2876.65991 
4     205.00       0.00     130.00       0.00     180.00       0.00     155.00       0.00   2965.05005 
4     200.00       0.00     125.00       0.00     175.00       0.00     150.00       0.00   3237.62988 
4     195.00       0.00     120.00       0.00     170.00       0.00     145.00       0.00   3345.95996 
4     190.00       0.00     115.00       0.00     165.00       0.00     140.00       0.00   3248.29004 
4     185.00       0.00     110.00       0.00     160.00       0.00     135.00       0.00   4054.33008 
4     180.00       0.00     105.00       0.00     155.00       0.00     130.00       0.00   4440.39990 
4     175.00       0.00     100.00       0.00     150.00       0.00     125.00       0.00   4757.99023 
4     170.00       0.00      95.00       0.00     145.00       0.00     120.00       0.00   5286.85010 
4     165.00       0.00      90.00       0.00     140.00       0.00     115.00       0.00   5548.89990 
4     160.00       0.00      85.00       0.00     135.00       0.00     110.00       0.00   4846.37012 
4     155.00       0.00      80.00       0.00     130.00       0.00     105.00       0.00   5712.45996 
4     150.00       0.00      75.00       0.00     125.00       0.00     100.00       0.00   6171.95020 
4     145.00       0.00      70.00       0.00     120.00       0.00      95.00       0.00   7347.52002 
4     140.00       0.00      65.00       0.00     115.00       0.00      90.00       0.00  12025.04980 
4     135.00       0.00      60.00       0.00     110.00       0.00      85.00       0.00  16130.50977 
4     130.00       0.00      55.00       0.00     105.00       0.00      80.00       0.00  16422.67969 
4     125.00       0.00      50.00       0.00     100.00       0.00      75.00       0.00  15578.30957 
4     120.00       0.00      45.00       0.00      95.00       0.00      70.00       0.00  16390.91992 
4     115.00       0.00      40.00       0.00      90.00       0.00      65.00       0.00  13720.62012 
4     110.00       0.00      35.00       0.00      85.00       0.00      60.00       0.00  12593.45020 
4     105.00       0.00      30.00       0.00      80.00       0.00      55.00       0.00  14608.41016 
4     100.00       0.00      25.00       0.00      75.00       0.00      50.00       0.00  17239.14063 
4      95.00       0.00      20.00       0.00      70.00       0.00      45.00       0.00  17147.85938 
4      90.00       0.00      15.00       0.00      65.00       0.00      40.00       0.00  20757.77930 
4      85.00       0.00      10.00       0.00      60.00       0.00      35.00       0.00  22239.59961 
4      80.00       0.00       5.00       0.00      55.00       0.00      30.00       0.00  23094.53906 
4      75.00       0.00       0.00       0.00      50.00       0.00      25.00       0.00  26427.28906 
4     235.00       0.00     145.00       0.00     205.00       0.00     175.00       0.00   3217.83008 
4     230.00       0.00     140.00       0.00     200.00       0.00     170.00       0.00   3193.29004 
4     225.00       0.00     135.00       0.00     195.00       0.00     165.00       0.00   3213.29004 
4     220.00       0.00     130.00       0.00     190.00       0.00     160.00       0.00   2988.03003 
4     215.00       0.00     125.00       0.00     185.00       0.00     155.00       0.00   3025.17993 
4     210.00       0.00     120.00       0.00     180.00       0.00     150.00       0.00   3150.45996 
4     205.00       0.00     115.00       0.00     175.00       0.00     145.00       0.00   3429.22998 
4     200.00       0.00     110.00       0.00     170.00       0.00     140.00       0.00   3487.77002 
4     195.00       0.00     105.00       0.00     165.00       0.00     135.00       0.00   3937.36011 
4     190.00       0.00     100.00       0.00     160.00       0.00     130.00       0.00   4792.39014 
4     185.00       0.00      95.00       0.00     155.00       0.00     125.00       0.00   5065.81982 
4     180.00       0.00      90.00       0.00     150.00       0.00     120.00       0.00   5033.06006 
4     175.00       0.00      85.00       0.00     145.00       0.00     115.00       0.00   4682.27002 
4     170.00       0.00      80.00       0.00     140.00       0.00     110.00       0.00   5340.29980 
4     165.00       0.00      75.00       0.00     135.00       0.00     105.00       0.00   6343.35010 
4     160.00       0.00      70.00       0.00     130.00       0.00     100.00       0.00   6260.43018 
4     155.00       0.00      65.00       0.00     125.00       0.00      95.00       0.00   8225.25977 
4     150.00       0.00      60.00       0.00     120.00       0.00      90.00       0.00  12597.66016 
4     145.00       0.00      55.00       0.00     115.00       0.00      85.00       0.00  16882.13086 
4     140.00       0.00      50.00       0.00     110.00       0.00      80.00       0.00  16560.46094 
4     135.00       0.00      45.00       0.00     105.00       0.00      75.00       0.00  16852.57031 
4     130.00       0.00      40.00       0.00     100.00       0.00      70.00       0.00  18363.21094 
4     125.00       0.00      35.00       0.00      95.00       0.00      65.00       0.00  17860.33008 
4     120.00       0.00      30.00       0.00      90.00       0.00      60.00       0.00  16975.26953 
4     115.00       0.00      25.00       0.00      85.00       0.00      55.00       0.00  14368.50000 
4     110.00       0.00      20.00       0.00      80.00       0.00      50.00       0.00  17788.24023 
4     105.00       0.00      15.00       0.00      75.00       0.00      45.00       0.00  19208.86914 
4     100.00       0.00      10.00       0.00      70.00       0.00      40.00       0.00  19648.48047 
4      95.00       0.00       5.00       0.00      65.00       0.00      35.00       0.00  21116.59961 
4      90.00       0.00       0.00       0.00      60.00       0.00      30.00       0.00  25443.69922 
4     235.00       0.00     130.00       0.00     200.00       0.00     165.00       0.00   3227.69995 
4     230.00       0.00     125.00       0.00     195.00       0.00     160.00       0.00   3124.15991 
4     225.00       0.00     120.00       0.00     190.00       0.00     155.00       0.00   3243.68994 
4     220.00       0.00     115.00       0.00     185.00       0.00     150.00       0.00   3320.59009 
4     215.00       0.00     110.00       0.00     180.00       0.00     145.00       0.00   3536.54004 
4     210.00       0.00     105.00       0.00     175.00       0.00     140.00       0.00   3500.64990 
4     205.00       0.00     100.00       0.00     170.00       0.00     135.00       0.00   4169.12012 
4     200.00       0.00      95.00       0.00     165.00       0.00     130.00       0.00   4828.83984 
4     195.00       0.00      90.00       0.00     160.00       0.00     125.00       0.00   4784.87988 
4     190.00       0.00      85.00       0.00     155.00       0.00     120.00       0.00   4524.83008 
4     185.00       0.00      80.00       0.00     150.00       0.00     115.00       0.00   4936.66992 
4     180.00       0.00      75.00       0.00     145.00       0.00     110.00       0.00   5505.41016 
4     175.00       0.00      70.00       0.00     140.00       0.00     105.00       0.00   6681.85986 
4     170.00       0.00      65.00       0.00     135.00       0.00     100.00       0.00   7317.04980 
4     165.00       0.00      60.00       0.00     130.00       0.00      95.00       0.00   8679.49023 
4     160.00       0.00      55.00       0.00     125.00       0.00      90.00       0.00  13277.54980 
4     155.00       0.00      50.00       0.00     120.00       0.00      85.00       0.00  16783.36914 
4     150.00       0.00      45.00       0.00     115.00       0.00      80.00       0.00  17878.25000 
4     145.00       0.00      40.00       0.00     110.00       0.00      75.00       0.00  18646.56055 
4     140.00       0.00      35.00       0.00     105.00       0.00      70.00       0.00  19282.40039 
4     135.00       0.00      30.00       0.00     100.00       0.00      65.00       0.00  19552.13086 
4     130.00       0.00      25.00       0.00      95.00       0.00      60.00       0.00  18959.17969 
4     125.00       0.00      20.00       0.00      90.00       0.00      55.00       0.00  17695.19922 
4     120.00       0.00      15.00       0.00      85.00       0.00      50.00       0.00  19933.91016 
4     115.00       0.00      10.00       0.00      80.00       0.00      45.00       0.00  20960.08984 
4     110.00       0.00       5.00       0.00      75.00       0.00      40.00       0.00  20278.98047 
4     105.00       0.00       0.00       0.00      70.00       0.00      35.00       0.00  22240.38086 
4     235.00       0.00     115.00       0.00     195.00       0.00     155.00       0.00   3406.87988 
4     230.00       0.00     110.00       0.00     190.00       0.00     150.00       0.00   3552.80005 
4     225.00       0.00     105.00       0.00     185.00       0.00     145.00       0.00   3579.93994 
4     220.00       0.00     100.00       0.00     180.00       0.00     140.00       0.00   3677.05005 
4     215.00       0.00      95.00       0.00     175.00       0.00     135.00       0.00   4252.83008 
4     210.00       0.00      90.00       0.00     170.00       0.00     130.00       0.00   4566.50977 
4     205.00       0.00      85.00       0.00     165.00       0.00     125.00       0.00   4233.56982 
4     200.00       0.00      80.00       0.00     160.00       0.00     120.00       0.00   4666.04980 
4     195.00       0.00      75.00       0.00     155.00       0.00     115.00       0.00   5107.89990 
4     190.00       0.00      70.00       0.00     150.00       0.00     110.00       0.00   5585.81982 
4     185.00       0.00      65.00       0.00     145.00       0.00     105.00       0.00   7109.99023 
4     180.00       0.00      60.00       0.00     140.00       0.00     100.00       0.00   7884.89990 
4     175.00       0.00      55.00       0.00     135.00       0.00      95.00       0.00   9471.41992 
4     170.00       0.00      50.00       0.00     130.00       0.00      90.00       0.00  13235.99023 
4     165.00       0.00      45.00       0.00     125.00       0.00      85.00       0.00  17972.76953 
4     160.00       0.00      40.00       0.00     120.00       0.00      80.00       0.00  19197.23047 
4     155.00       0.00      35.00       0.00     115.00       0.00      75.00       0.00  20017.73047 
4     150.00       0.00      30.00       0.00     110.00       0.00      70.00       0.00  20894.14063 
4     145.00       0.00      25.00       0.00     105.00       0.00      65.00       0.00  18523.89063 
4     140.00       0.00      20.00       0.00     100.00       0.00      60.00       0.00  19497.50977 
4     135.00       0.00      15.00       0.00      95.00       0.00      55.00       0.00  21328.56055 
4     130.00       0.00      10.00       0.00      90.00       0.00      50.00       0.00  24208.36914 
4     125.00       0.00       5.00       0.00      85.00       0.00      45.00       0.00  21756.21094 
4     120.00       0.00       0.00       0.00      80.00       0.00      40.00       0.00  22747.91992 
4     235.00       0.00     100.00       0.00     190.00       0.00     145.00       0.00   3880.69995 
4     230.00       0.00      95.00       0.00     185.00       0.00     140.00       0.00   3726.55005 
4     225.00       0.00      90.00       0.00     180.00       0.00     135.00       0.00   4045.78003 
4     220.00       0.00      85.00       0.00     175.00       0.00     130.00       0.00   4153.85986 
4     215.00       0.00      80.00       0.00     170.00       0.00     125.00       0.00   4374.43994 
4     210.00       0.00      75.00       0.00     165.00       0.00     120.00       0.00   4755.33008 
4     205.00       0.00      70.00       0.00     160.00       0.00     115.00       0.00   5192.87988 
4     200.00       0.00      65.00       0.00     155.00       0.00     110.00       0.00   5976.66016 
4     195.00       0.00      60.00       0.00     150.00       0.00     105.00       0.00   7259.50000 
4     190.00       0.00      55.00       0.00     145.00       0.00     100.00       0.00   7992.72021 
4     185.00       0.00      50.00       0.00     140.00       0.00      95.00       0.00   9646.28027 
4     180.00       0.00      45.00       0.00     135.00       0.00      90.00       0.00  14219.16016 
4     175.00       0.00      40.00       0.00     130.00       0.00      85.00       0.00  18988.07031 
4     170.00       0.00      35.00       0.00     125.00       0.00      80.00       0.00  20341.69922 
4     165.00       0.00      30.00       0.00     120.00       0.00      75.00       0.00  20764.26953 
4     160.00       0.00      25.00       0.00     115.00       0.00      70.00       0.00  19838.39063 
4     155.00       0.00      20.00       0.00     110.00       0.00      65.00       0.00  19053.69922 
4     150.00       0.00      15.00       0.00     105.00       0.00      60.00       0.00  20897.66016 
4     145.00       0.00      10.00       0.00     100.00       0.00      55.00       0.00  23252.08984 
4     140.00       0.00       5.00       0.00      95.00       0.00      50.00       0.00  25834.14063 
4     135.00       0.00       0.00       0.00      90.00       0.00      45.00       0.00  25852.89063 
4     235.00       0.00      85.00       0.00     185.00       0.00     135.00       0.00   3760.90991 
4     230.00       0.00      80.00       0.00     180.00       0.00     130.00       0.00   4203.12988 
4     225.00       0.00      75.00       0.00     175.00       0.00     125.00       0.00   4467.33984 
4     220.00       0.00      70.00       0.00     170.00       0.00     120.00       0.00   4851.33008 
4     215.00       0.00      65.00       0.00     165.00       0.00     115.00       0.00   5458.10986 
4     210.00       0.00      60.00       0.00     160.00       0.00     110.00       0.00   6145.77979 
4     205.00       0.00      55.00       0.00     155.00       0.00     105.00       0.00   7543.49023 
4     200.00       0.00      50.00       0.00     150.00       0.00     100.00       0.00   7960.58984 
4     195.00       0.00      45.00       0.00     145.00       0.00      95.00       0.00   9861.45020 
4     190.00       0.00      40.00       0.00     140.00       0.00      90.00       0.00  14992.20020 
4     185.00       0.00      35.00       0.00     135.00       0.00      85.00       0.00  20047.51953 
4     180.00       0.00      30.00       0.00     130.00       0.00      80.00       0.00  20738.88086 
4     175.00       0.00      25.00       0.00     125.00       0.00      75.00       0.00  19692.82031 
4     170.00       0.00      20.00       0.00     120.00       0.00      70.00       0.00  20201.58008 
4     165.00       0.00      15.00       0.00     115.00       0.00      65.00       0.00  20363.75977 
4     160.00       0.00      10.00       0.00     110.00       0.00      60.00       0.00  22569.86914 
4     155.00       0.00       5.00       0.00     105.00       0.00      55.00       0.00  23462.74023 
4     150.00       0.00       0.00       0.00     100.00       0.00      50.00       0.00  28337.92969 
4     235.00       0.00      70.00       0.00     180.00       0.00     125.00       0.00   4579.89014 
4     230.00       0.00      65.00       0.00     175.00       0.00     120.00       0.00   5071.93994 
4     225.00       0.00      60.00       0.00     170.00       0.00     115.00       0.00   5602.29004 
4     220.00       0.00      55.00       0.00     165.00       0.00     110.00       0.00   6418.70996 
4     215.00       0.00      50.00       0.00     160.00       0.00     105.00       0.00   7456.31006 
4     210.00       0.00      45.00       0.00     155.00       0.00     100.00       0.00   8213.20020 
4     205.00       0.00      40.00       0.00     150.00       0.00      95.00       0.00  10226.08008 
4     200.00       0.00      35.00       0.00     145.00       0.00      90.00       0.00  15336.79980 
4     195.00       0.00      30.00       0.00     140.00       0.00      85.00       0.00  20498.17969 
4     190.00       0.00      25.00       0.00     135.00       0.00      80.00       0.00  19545.57031 
4     185.00       0.00      20.00       0.00     130.00       0.00      75.00       0.00  19660.81055 
4     180.00       0.00      15.00       0.00     125.00       0.00      70.00       0.00  21305.66992 
4     175.00       0.00      10.00       0.00     120.00       0.00      65.00       0.00  21380.52930 
4     170.00       0.00       5.00       0.00     115.00       0.00      60.00       0.00  22534.84961 
4     165.00       0.00       0.00       0.00     110.00       0.00      55.00       0.00  24971.33984 
4     235.00       0.00      55.00       0.00     175.00       0.00     115.00       0.00   5868.45020 
4     230.00       0.00      50.00       0.00     170.00       0.00     110.00       0.00   6261.54004 
4     225.00       0.00      45.00       0.00     165.00       0.00     105.00       0.00   7591.14990 
4     220.00       0.00      40.00       0.00     160.00       0.00     100.00       0.00   8557.41016 
4     215.00       0.00      35.00       0.00     155.00       0.00      95.00       0.00  10503.04004 
4     210.00       0.00      30.00       0.00     150.00       0.00      90.00       0.00  15341.29980 
4     205.00       0.00      25.00       0.00     145.00       0.00      85.00       0.00  18839.89063 
4     200.00       0.00      20.00       0.00     140.00       0.00      80.00       0.00  19740.16016 
4     195.00       0.00      15.00       0.00     135.00       0.00      75.00       0.00  20618.15039 
4     190.00       0.00      10.00       0.00     130.00       0.00      70.00       0.00  22160.72070 
4     185.00       0.00       5.00       0.00     125.00       0.00      65.00       0.00  21116.59961 
4     180.00       0.00       0.00       0.00     120.00       0.00      60.00       0.00  23917.67969 
4     235.00       0.00      40.00       0.00     170.00       0.00     105.00       0.00   7887.74023 
4     230.00       0.00      35.00       0.00     165.00       0.00     100.00       0.00   8704.49023 
4     225.00       0.00      30.00       0.00     160.00       0.00      95.00       0.00  10651.04004 
4     220.00       0.00      25.00       0.00     155.00       0.00      90.00       0.00  14268.95020 
4     215.00       0.00      20.00       0.00     150.00       0.00      85.00       0.00  18509.24023 
4     210.00       0.00      15.00       0.00     145.00       0.00      80.00       0.00  20083.13086 
4     205.00       0.00      10.00       0.00     140.00       0.00      75.00       0.00  21414.50000 
4     200.00       0.00       5.00       0.00     135.00       0.00      70.00       0.00  21966.09961 
4     195.00       0.00       0.00       0.00     130.00       0.00      65.00       0.00  22254.13086 
4     235.00       0.00      25.00       0.00     165.00       0.00      95.00       0.00   9936.00000 
4     230.00       0.00      20.00       0.00     160.00       0.00      90.00       0.00  14026.04004 
4     225.00       0.00      15.00       0.00     155.00       0.00      85.00       0.00  18868.41016 
4     220.00       0.00      10.00       0.00     150.00       0.00      80.00       0.00  20568.64063 
4     215.00       0.00       5.00       0.00     145.00       0.00      75.00       0.00  21198.91992 
4     210.00       0.00       0.00       0.00     140.00       0.00      70.00       0.00  22730.23047 
4     235.00       0.00      10.00       0.00     160.00       0.00      85.00       0.00  19270.16992 
4     230.00       0.00       5.00       0.00     155.00       0.00      80.00       0.00  20441.30078 
4     225.00       0.00       0.00       0.00     150.00       0.00      75.00       0.00  21269.18945 