gl_1-pr_DD
         5.00
11
3
Type of measurement (0=app. resistivity,1=resistance)
0
944
 2
0
4  0.00  0.00 5.00  0.00 10.00  0.00 15.00  0.00 1813.15 
4  0.00  0.00 5.00  0.00 15.00  0.00 20.00  0.00 2019.45 
4  0.00  0.00 5.00  0.00 20.00  0.00 25.00  0.00 1805.20 
4  0.00  0.00 5.00  0.00 25.00  0.00 30.00  0.00 1656.42 
4  0.00  0.00 5.00  0.00 30.00  0.00 35.00  0.00 1807.69 
4  0.00  0.00 5.00  0.00 35.00  0.00 40.00  0.00 1821.15 
4  0.00  0.00 5.00  0.00 40.00  0.00 45.00  0.00 1648.76 
4  0.00  0.00 5.00  0.00 45.00  0.00 50.00  0.00 1473.00 
4  0.00  0.00 5.00  0.00 50.00  0.00 55.00  0.00 1981.97 
4  0.00  0.00 5.00  0.00 55.00  0.00 60.00  0.00 1867.13 
4  0.00  0.00 5.00  0.00 60.00  0.00 65.00  0.00 1498.07 
4  0.00  0.00 5.00  0.00 65.00  0.00 70.00  0.00 1255.85 
4  0.00  0.00 5.00  0.00 70.00  0.00 75.00  0.00 1266.05 
4  0.00  0.00 5.00  0.00 75.00  0.00 80.00  0.00 699844.81 
4  0.00  0.00 5.00  0.00 80.00  0.00 85.00  0.00 60442.98 
4  0.00  0.00 5.00  0.00 85.00  0.00 90.00  0.00 1638.45 
4  0.00  0.00 5.00  0.00 90.00  0.00 95.00  0.00 2208.26 
4  0.00  0.00 5.00  0.00 95.00  0.00 100.00  0.00 1513.97 
4  0.00  0.00 5.00  0.00 100.00  0.00 105.00  0.00 1952.31 
4  0.00  0.00 5.00  0.00 105.00  0.00 110.00  0.00 2435.32 
4  0.00  0.00 5.00  0.00 110.00  0.00 115.00  0.00 2455.42 
4  0.00  0.00 5.00  0.00 115.00  0.00 120.00  0.00 3080.02 
4  0.00  0.00 5.00  0.00 120.00  0.00 125.00  0.00 2618.89 
4  0.00  0.00 5.00  0.00 125.00  0.00 130.00  0.00 2569.83 
4  0.00  0.00 5.00  0.00 130.00  0.00 135.00  0.00 6663.89 
4  0.00  0.00 5.00  0.00 135.00  0.00 140.00  0.00 2256.38 
4  0.00  0.00 5.00  0.00 140.00  0.00 145.00  0.00 2210.78 
4  0.00  0.00 5.00  0.00 145.00  0.00 150.00  0.00 2259.30 
4  0.00  0.00 5.00  0.00 150.00  0.00 155.00  0.00 2657.70 
4  0.00  0.00 5.00  0.00 155.00  0.00 160.00  0.00 2691.88 
4  0.00  0.00 5.00  0.00 160.00  0.00 165.00  0.00 2434.54 
4  0.00  0.00 5.00  0.00 165.00  0.00 170.00  0.00 2563.82 
4  5.00  0.00 10.00  0.00 15.00  0.00 20.00  0.00 2182.91 
4  5.00  0.00 10.00  0.00 20.00  0.00 25.00  0.00 2234.95 
4  5.00  0.00 10.00  0.00 25.00  0.00 30.00  0.00 2108.58 
4  5.00  0.00 10.00  0.00 30.00  0.00 35.00  0.00 2350.22 
4  5.00  0.00 10.00  0.00 35.00  0.00 40.00  0.00 2419.63 
4  5.00  0.00 10.00  0.00 40.00  0.00 45.00  0.00 2218.97 
4  5.00  0.00 10.00  0.00 45.00  0.00 50.00  0.00 1974.15 
4  5.00  0.00 10.00  0.00 50.00  0.00 55.00  0.00 2707.87 
4  5.00  0.00 10.00  0.00 55.00  0.00 60.00  0.00 2521.21 
4  5.00  0.00 10.00  0.00 60.00  0.00 65.00  0.00 1962.93 
4  5.00  0.00 10.00  0.00 65.00  0.00 70.00  0.00 1626.46 
4  5.00  0.00 10.00  0.00 70.00  0.00 75.00  0.00 1650.20 
4  5.00  0.00 10.00  0.00 75.00  0.00 80.00  0.00 286839.19 
4  5.00  0.00 10.00  0.00 80.00  0.00 85.00  0.00 12299.17 
4  5.00  0.00 10.00  0.00 85.00  0.00 90.00  0.00 2103.47 
4  5.00  0.00 10.00  0.00 90.00  0.00 95.00  0.00 2889.67 
4  5.00  0.00 10.00  0.00 95.00  0.00 100.00  0.00 1924.58 
4  5.00  0.00 10.00  0.00 100.00  0.00 105.00  0.00 2541.40 
4  5.00  0.00 10.00  0.00 105.00  0.00 110.00  0.00 3134.23 
4  5.00  0.00 10.00  0.00 110.00  0.00 115.00  0.00 3243.66 
4  5.00  0.00 10.00  0.00 115.00  0.00 120.00  0.00 3613.55 
4  5.00  0.00 10.00  0.00 120.00  0.00 125.00  0.00 3260.05 
4  5.00  0.00 10.00  0.00 125.00  0.00 130.00  0.00 3249.73 
4  5.00  0.00 10.00  0.00 130.00  0.00 135.00  0.00 2836.90 
4  5.00  0.00 10.00  0.00 135.00  0.00 140.00  0.00 2839.46 
4  5.00  0.00 10.00  0.00 140.00  0.00 145.00  0.00 2772.21 
4  5.00  0.00 10.00  0.00 145.00  0.00 150.00  0.00 2840.81 
4  5.00  0.00 10.00  0.00 150.00  0.00 155.00  0.00 3328.06 
4  5.00  0.00 10.00  0.00 155.00  0.00 160.00  0.00 3356.95 
4  5.00  0.00 10.00  0.00 160.00  0.00 165.00  0.00 3046.26 
4  5.00  0.00 10.00  0.00 165.00  0.00 170.00  0.00 3140.12 
4  5.00  0.00 10.00  0.00 170.00  0.00 175.00  0.00 3084.82 
4  10.00  0.00 15.00  0.00 20.00  0.00 25.00  0.00 1715.43 
4  10.00  0.00 15.00  0.00 25.00  0.00 30.00  0.00 1662.72 
4  10.00  0.00 15.00  0.00 30.00  0.00 35.00  0.00 1909.18 
4  10.00  0.00 15.00  0.00 35.00  0.00 40.00  0.00 1964.80 
4  10.00  0.00 15.00  0.00 40.00  0.00 45.00  0.00 1859.34 
4  10.00  0.00 15.00  0.00 45.00  0.00 50.00  0.00 1680.44 
4  10.00  0.00 15.00  0.00 50.00  0.00 55.00  0.00 2313.07 
4  10.00  0.00 15.00  0.00 55.00  0.00 60.00  0.00 2209.67 
4  10.00  0.00 15.00  0.00 60.00  0.00 65.00  0.00 1710.91 
4  10.00  0.00 15.00  0.00 65.00  0.00 70.00  0.00 1416.72 
4  10.00  0.00 15.00  0.00 70.00  0.00 75.00  0.00 1405.38 
4  10.00  0.00 15.00  0.00 75.00  0.00 80.00  0.00 200482.39 
4  10.00  0.00 15.00  0.00 80.00  0.00 85.00  0.00 8147.73 
4  10.00  0.00 15.00  0.00 85.00  0.00 90.00  0.00 1756.67 
4  10.00  0.00 15.00  0.00 90.00  0.00 95.00  0.00 2366.00 
4  10.00  0.00 15.00  0.00 95.00  0.00 100.00  0.00 1647.22 
4  10.00  0.00 15.00  0.00 100.00  0.00 105.00  0.00 2138.92 
4  10.00  0.00 15.00  0.00 105.00  0.00 110.00  0.00 2634.63 
4  10.00  0.00 15.00  0.00 110.00  0.00 115.00  0.00 2745.88 
4  10.00  0.00 15.00  0.00 115.00  0.00 120.00  0.00 3069.79 
4  10.00  0.00 15.00  0.00 120.00  0.00 125.00  0.00 2785.08 
4  10.00  0.00 15.00  0.00 125.00  0.00 130.00  0.00 2756.99 
4  10.00  0.00 15.00  0.00 130.00  0.00 135.00  0.00 2385.94 
4  10.00  0.00 15.00  0.00 135.00  0.00 140.00  0.00 2397.66 
4  10.00  0.00 15.00  0.00 140.00  0.00 145.00  0.00 2346.14 
4  10.00  0.00 15.00  0.00 145.00  0.00 150.00  0.00 2006.57 
4  10.00  0.00 15.00  0.00 150.00  0.00 155.00  0.00 2819.11 
4  10.00  0.00 15.00  0.00 155.00  0.00 160.00  0.00 2868.03 
4  10.00  0.00 15.00  0.00 160.00  0.00 165.00  0.00 2592.95 
4  10.00  0.00 15.00  0.00 165.00  0.00 170.00  0.00 2662.43 
4  10.00  0.00 15.00  0.00 170.00  0.00 175.00  0.00 2602.42 
4  10.00  0.00 15.00  0.00 175.00  0.00 180.00  0.00 2347.56 
4  15.00  0.00 20.00  0.00 25.00  0.00 30.00  0.00 1569.07 
4  15.00  0.00 20.00  0.00 30.00  0.00 35.00  0.00 1896.25 
4  15.00  0.00 20.00  0.00 35.00  0.00 40.00  0.00 1988.12 
4  15.00  0.00 20.00  0.00 40.00  0.00 45.00  0.00 1949.14 
4  15.00  0.00 20.00  0.00 45.00  0.00 50.00  0.00 1807.07 
4  15.00  0.00 20.00  0.00 50.00  0.00 55.00  0.00 2554.78 
4  15.00  0.00 20.00  0.00 55.00  0.00 60.00  0.00 2432.97 
4  15.00  0.00 20.00  0.00 60.00  0.00 65.00  0.00 1823.78 
4  15.00  0.00 20.00  0.00 65.00  0.00 70.00  0.00 1515.33 
4  15.00  0.00 20.00  0.00 70.00  0.00 75.00  0.00 1531.11 
4  15.00  0.00 20.00  0.00 75.00  0.00 80.00  0.00 109755.76 
4  15.00  0.00 20.00  0.00 80.00  0.00 85.00  0.00 62162.87 
4  15.00  0.00 20.00  0.00 85.00  0.00 90.00  0.00 1891.21 
4  15.00  0.00 20.00  0.00 90.00  0.00 95.00  0.00 2607.76 
4  15.00  0.00 20.00  0.00 95.00  0.00 100.00  0.00 1725.84 
4  15.00  0.00 20.00  0.00 100.00  0.00 105.00  0.00 2257.52 
4  15.00  0.00 20.00  0.00 105.00  0.00 110.00  0.00 2798.84 
4  15.00  0.00 20.00  0.00 110.00  0.00 115.00  0.00 2912.07 
4  15.00  0.00 20.00  0.00 115.00  0.00 120.00  0.00 3269.54 
4  15.00  0.00 20.00  0.00 120.00  0.00 125.00  0.00 2899.27 
4  15.00  0.00 20.00  0.00 125.00  0.00 130.00  0.00 2901.06 
4  15.00  0.00 20.00  0.00 130.00  0.00 135.00  0.00 2518.93 
4  15.00  0.00 20.00  0.00 135.00  0.00 140.00  0.00 2516.33 
4  15.00  0.00 20.00  0.00 140.00  0.00 145.00  0.00 2454.91 
4  15.00  0.00 20.00  0.00 145.00  0.00 150.00  0.00 2523.85 
4  15.00  0.00 20.00  0.00 150.00  0.00 155.00  0.00 2946.49 
4  15.00  0.00 20.00  0.00 155.00  0.00 160.00  0.00 2967.48 
4  15.00  0.00 20.00  0.00 160.00  0.00 165.00  0.00 2741.68 
4  15.00  0.00 20.00  0.00 165.00  0.00 170.00  0.00 2812.03 
4  15.00  0.00 20.00  0.00 170.00  0.00 175.00  0.00 2731.94 
4  15.00  0.00 20.00  0.00 175.00  0.00 180.00  0.00 2463.20 
4  15.00  0.00 20.00  0.00 180.00  0.00 185.00  0.00 2810.22 
4  20.00  0.00 25.00  0.00 30.00  0.00 35.00  0.00 1656.03 
4  20.00  0.00 25.00  0.00 35.00  0.00 40.00  0.00 1771.73 
4  20.00  0.00 25.00  0.00 40.00  0.00 45.00  0.00 1801.43 
4  20.00  0.00 25.00  0.00 45.00  0.00 50.00  0.00 1729.60 
4  20.00  0.00 25.00  0.00 50.00  0.00 55.00  0.00 2533.86 
4  20.00  0.00 25.00  0.00 55.00  0.00 60.00  0.00 2457.23 
4  20.00  0.00 25.00  0.00 60.00  0.00 65.00  0.00 1843.47 
4  20.00  0.00 25.00  0.00 65.00  0.00 70.00  0.00 1426.91 
4  20.00  0.00 25.00  0.00 70.00  0.00 75.00  0.00 1435.86 
4  20.00  0.00 25.00  0.00 75.00  0.00 80.00  0.00 26369.35 
4  20.00  0.00 25.00  0.00 80.00  0.00 85.00  0.00 518057.41 
4  20.00  0.00 25.00  0.00 85.00  0.00 90.00  0.00 1853.22 
4  20.00  0.00 25.00  0.00 90.00  0.00 95.00  0.00 2590.39 
4  20.00  0.00 25.00  0.00 95.00  0.00 100.00  0.00 1645.74 
4  20.00  0.00 25.00  0.00 100.00  0.00 105.00  0.00 2169.55 
4  20.00  0.00 25.00  0.00 105.00  0.00 110.00  0.00 2708.08 
4  20.00  0.00 25.00  0.00 110.00  0.00 115.00  0.00 2816.15 
4  20.00  0.00 25.00  0.00 115.00  0.00 120.00  0.00 3140.47 
4  20.00  0.00 25.00  0.00 120.00  0.00 125.00  0.00 2753.25 
4  20.00  0.00 25.00  0.00 125.00  0.00 130.00  0.00 2765.25 
4  20.00  0.00 25.00  0.00 130.00  0.00 135.00  0.00 2406.56 
4  20.00  0.00 25.00  0.00 135.00  0.00 140.00  0.00 2433.23 
4  20.00  0.00 25.00  0.00 140.00  0.00 145.00  0.00 2345.39 
4  20.00  0.00 25.00  0.00 145.00  0.00 150.00  0.00 2430.47 
4  20.00  0.00 25.00  0.00 150.00  0.00 155.00  0.00 2808.72 
4  20.00  0.00 25.00  0.00 155.00  0.00 160.00  0.00 2868.05 
4  20.00  0.00 25.00  0.00 160.00  0.00 165.00  0.00 2629.17 
4  20.00  0.00 25.00  0.00 165.00  0.00 170.00  0.00 2683.07 
4  20.00  0.00 25.00  0.00 170.00  0.00 175.00  0.00 2882.02 
4  20.00  0.00 25.00  0.00 175.00  0.00 180.00  0.00 2407.90 
4  20.00  0.00 25.00  0.00 180.00  0.00 185.00  0.00 2789.00 
4  20.00  0.00 25.00  0.00 185.00  0.00 190.00  0.00 2786.65 
4  25.00  0.00 30.00  0.00 35.00  0.00 40.00  0.00 1725.82 
4  25.00  0.00 30.00  0.00 40.00  0.00 45.00  0.00 1796.25 
4  25.00  0.00 30.00  0.00 45.00  0.00 50.00  0.00 1813.76 
4  25.00  0.00 30.00  0.00 50.00  0.00 55.00  0.00 2789.65 
4  25.00  0.00 30.00  0.00 55.00  0.00 60.00  0.00 2757.22 
4  25.00  0.00 30.00  0.00 60.00  0.00 65.00  0.00 2021.47 
4  25.00  0.00 30.00  0.00 65.00  0.00 70.00  0.00 1572.43 
4  25.00  0.00 30.00  0.00 70.00  0.00 75.00  0.00 1545.26 
4  25.00  0.00 30.00  0.00 75.00  0.00 80.00  0.00 110784.74 
4  25.00  0.00 30.00  0.00 80.00  0.00 85.00  0.00 285856.16 
4  25.00  0.00 30.00  0.00 85.00  0.00 90.00  0.00 1933.50 
4  25.00  0.00 30.00  0.00 90.00  0.00 95.00  0.00 2833.50 
4  25.00  0.00 30.00  0.00 95.00  0.00 100.00  0.00 1742.27 
4  25.00  0.00 30.00  0.00 100.00  0.00 105.00  0.00 2260.65 
4  25.00  0.00 30.00  0.00 105.00  0.00 110.00  0.00 2829.29 
4  25.00  0.00 30.00  0.00 110.00  0.00 115.00  0.00 2936.54 
4  25.00  0.00 30.00  0.00 115.00  0.00 120.00  0.00 3249.30 
4  25.00  0.00 30.00  0.00 120.00  0.00 125.00  0.00 2795.55 
4  25.00  0.00 30.00  0.00 125.00  0.00 130.00  0.00 2827.96 
4  25.00  0.00 30.00  0.00 130.00  0.00 135.00  0.00 2489.15 
4  25.00  0.00 30.00  0.00 135.00  0.00 140.00  0.00 2483.88 
4  25.00  0.00 30.00  0.00 140.00  0.00 145.00  0.00 2407.03 
4  25.00  0.00 30.00  0.00 145.00  0.00 150.00  0.00 2500.21 
4  25.00  0.00 30.00  0.00 150.00  0.00 155.00  0.00 2848.83 
4  25.00  0.00 30.00  0.00 155.00  0.00 160.00  0.00 2906.48 
4  25.00  0.00 30.00  0.00 160.00  0.00 165.00  0.00 2650.74 
4  25.00  0.00 30.00  0.00 165.00  0.00 170.00  0.00 2652.35 
4  25.00  0.00 30.00  0.00 170.00  0.00 175.00  0.00 2646.61 
4  25.00  0.00 30.00  0.00 175.00  0.00 180.00  0.00 2350.67 
4  25.00  0.00 30.00  0.00 180.00  0.00 185.00  0.00 2728.19 
4  25.00  0.00 30.00  0.00 185.00  0.00 190.00  0.00 2799.24 
4  25.00  0.00 30.00  0.00 190.00  0.00 195.00  0.00 2520.20 
4  30.00  0.00 35.00  0.00 40.00  0.00 45.00  0.00 1748.82 
4  30.00  0.00 35.00  0.00 45.00  0.00 50.00  0.00 2008.78 
4  30.00  0.00 35.00  0.00 50.00  0.00 55.00  0.00 3437.37 
4  30.00  0.00 35.00  0.00 55.00  0.00 60.00  0.00 3571.04 
4  30.00  0.00 35.00  0.00 60.00  0.00 65.00  0.00 2592.44 
4  30.00  0.00 35.00  0.00 65.00  0.00 70.00  0.00 1990.64 
4  30.00  0.00 35.00  0.00 70.00  0.00 75.00  0.00 1956.74 
4  30.00  0.00 35.00  0.00 75.00  0.00 80.00  0.00 159795.91 
4  30.00  0.00 35.00  0.00 80.00  0.00 85.00  0.00 142691.88 
4  30.00  0.00 35.00  0.00 85.00  0.00 90.00  0.00 2434.42 
4  30.00  0.00 35.00  0.00 90.00  0.00 95.00  0.00 3450.23 
4  30.00  0.00 35.00  0.00 95.00  0.00 100.00  0.00 2133.14 
4  30.00  0.00 35.00  0.00 100.00  0.00 105.00  0.00 2826.84 
4  30.00  0.00 35.00  0.00 105.00  0.00 110.00  0.00 3543.63 
4  30.00  0.00 35.00  0.00 110.00  0.00 115.00  0.00 3663.20 
4  30.00  0.00 35.00  0.00 115.00  0.00 120.00  0.00 4004.76 
4  30.00  0.00 35.00  0.00 120.00  0.00 125.00  0.00 3433.21 
4  30.00  0.00 35.00  0.00 125.00  0.00 130.00  0.00 3474.28 
4  30.00  0.00 35.00  0.00 130.00  0.00 135.00  0.00 3053.02 
4  30.00  0.00 35.00  0.00 135.00  0.00 140.00  0.00 3075.25 
4  30.00  0.00 35.00  0.00 140.00  0.00 145.00  0.00 2937.92 
4  30.00  0.00 35.00  0.00 145.00  0.00 150.00  0.00 3093.77 
4  30.00  0.00 35.00  0.00 150.00  0.00 155.00  0.00 3484.87 
4  30.00  0.00 35.00  0.00 155.00  0.00 160.00  0.00 3534.34 
4  30.00  0.00 35.00  0.00 160.00  0.00 165.00  0.00 3330.93 
4  30.00  0.00 35.00  0.00 165.00  0.00 170.00  0.00 3305.10 
4  30.00  0.00 35.00  0.00 170.00  0.00 175.00  0.00 3309.13 
4  30.00  0.00 35.00  0.00 175.00  0.00 180.00  0.00 3096.81 
4  30.00  0.00 35.00  0.00 180.00  0.00 185.00  0.00 3659.97 
4  30.00  0.00 35.00  0.00 185.00  0.00 190.00  0.00 3651.73 
4  30.00  0.00 35.00  0.00 190.00  0.00 195.00  0.00 3311.29 
4  30.00  0.00 35.00  0.00 195.00  0.00 200.00  0.00 3939.38 
4  35.00  0.00 40.00  0.00 45.00  0.00 50.00  0.00 1652.24 
4  35.00  0.00 40.00  0.00 50.00  0.00 55.00  0.00 3429.56 
4  35.00  0.00 40.00  0.00 55.00  0.00 60.00  0.00 3975.08 
4  35.00  0.00 40.00  0.00 60.00  0.00 65.00  0.00 2884.98 
4  35.00  0.00 40.00  0.00 65.00  0.00 70.00  0.00 2162.25 
4  35.00  0.00 40.00  0.00 70.00  0.00 75.00  0.00 2063.10 
4  35.00  0.00 40.00  0.00 75.00  0.00 80.00  0.00 82352.31 
4  35.00  0.00 40.00  0.00 80.00  0.00 85.00  0.00 44506.41 
4  35.00  0.00 40.00  0.00 85.00  0.00 90.00  0.00 2546.62 
4  35.00  0.00 40.00  0.00 90.00  0.00 95.00  0.00 3450.80 
4  35.00  0.00 40.00  0.00 95.00  0.00 100.00  0.00 2120.42 
4  35.00  0.00 40.00  0.00 100.00  0.00 105.00  0.00 2838.37 
4  35.00  0.00 40.00  0.00 105.00  0.00 110.00  0.00 3588.95 
4  35.00  0.00 40.00  0.00 110.00  0.00 115.00  0.00 3727.39 
4  35.00  0.00 40.00  0.00 115.00  0.00 120.00  0.00 4092.74 
4  35.00  0.00 40.00  0.00 120.00  0.00 125.00  0.00 3547.07 
4  35.00  0.00 40.00  0.00 125.00  0.00 130.00  0.00 3553.61 
4  35.00  0.00 40.00  0.00 130.00  0.00 135.00  0.00 3094.41 
4  35.00  0.00 40.00  0.00 135.00  0.00 140.00  0.00 3089.37 
4  35.00  0.00 40.00  0.00 140.00  0.00 145.00  0.00 2975.85 
4  35.00  0.00 40.00  0.00 145.00  0.00 150.00  0.00 3100.24 
4  35.00  0.00 40.00  0.00 150.00  0.00 155.00  0.00 3579.23 
4  35.00  0.00 40.00  0.00 155.00  0.00 160.00  0.00 3587.40 
4  35.00  0.00 40.00  0.00 160.00  0.00 165.00  0.00 3389.11 
4  35.00  0.00 40.00  0.00 165.00  0.00 170.00  0.00 3423.12 
4  35.00  0.00 40.00  0.00 170.00  0.00 175.00  0.00 3367.41 
4  35.00  0.00 40.00  0.00 175.00  0.00 180.00  0.00 3202.63 
4  35.00  0.00 40.00  0.00 180.00  0.00 185.00  0.00 3862.54 
4  35.00  0.00 40.00  0.00 185.00  0.00 190.00  0.00 3723.71 
4  35.00  0.00 40.00  0.00 190.00  0.00 195.00  0.00 3359.78 
4  35.00  0.00 40.00  0.00 195.00  0.00 200.00  0.00 3899.42 
4  35.00  0.00 40.00  0.00 200.00  0.00 205.00  0.00 4105.54 
4  40.00  0.00 45.00  0.00 50.00  0.00 55.00  0.00 2161.52 
4  40.00  0.00 45.00  0.00 55.00  0.00 60.00  0.00 3284.32 
4  40.00  0.00 45.00  0.00 60.00  0.00 65.00  0.00 2504.13 
4  40.00  0.00 45.00  0.00 65.00  0.00 70.00  0.00 1877.40 
4  40.00  0.00 45.00  0.00 70.00  0.00 75.00  0.00 1780.68 
4  40.00  0.00 45.00  0.00 75.00  0.00 80.00  0.00 6159.38 
4  40.00  0.00 45.00  0.00 80.00  0.00 85.00  0.00 2389.91 
4  40.00  0.00 45.00  0.00 85.00  0.00 90.00  0.00 2157.41 
4  40.00  0.00 45.00  0.00 90.00  0.00 95.00  0.00 2988.91 
4  40.00  0.00 45.00  0.00 95.00  0.00 100.00  0.00 1875.93 
4  40.00  0.00 45.00  0.00 100.00  0.00 105.00  0.00 2460.23 
4  40.00  0.00 45.00  0.00 105.00  0.00 110.00  0.00 3053.55 
4  40.00  0.00 45.00  0.00 110.00  0.00 115.00  0.00 3196.13 
4  40.00  0.00 45.00  0.00 115.00  0.00 120.00  0.00 3514.15 
4  40.00  0.00 45.00  0.00 120.00  0.00 125.00  0.00 3010.65 
4  40.00  0.00 45.00  0.00 125.00  0.00 130.00  0.00 3033.91 
4  40.00  0.00 45.00  0.00 130.00  0.00 135.00  0.00 2638.93 
4  40.00  0.00 45.00  0.00 135.00  0.00 140.00  0.00 2649.03 
4  40.00  0.00 45.00  0.00 140.00  0.00 145.00  0.00 2548.08 
4  40.00  0.00 45.00  0.00 145.00  0.00 150.00  0.00 2653.46 
4  40.00  0.00 45.00  0.00 150.00  0.00 155.00  0.00 3048.48 
4  40.00  0.00 45.00  0.00 155.00  0.00 160.00  0.00 3085.53 
4  40.00  0.00 45.00  0.00 160.00  0.00 165.00  0.00 2867.21 
4  40.00  0.00 45.00  0.00 165.00  0.00 170.00  0.00 2884.85 
4  40.00  0.00 45.00  0.00 170.00  0.00 175.00  0.00 2872.07 
4  40.00  0.00 45.00  0.00 175.00  0.00 180.00  0.00 2666.12 
4  40.00  0.00 45.00  0.00 180.00  0.00 185.00  0.00 3152.99 
4  40.00  0.00 45.00  0.00 185.00  0.00 190.00  0.00 3152.47 
4  40.00  0.00 45.00  0.00 190.00  0.00 195.00  0.00 2838.71 
4  40.00  0.00 45.00  0.00 195.00  0.00 200.00  0.00 3353.16 
4  40.00  0.00 45.00  0.00 200.00  0.00 205.00  0.00 3563.15 
4  40.00  0.00 45.00  0.00 205.00  0.00 210.00  0.00 3635.51 
4  45.00  0.00 50.00  0.00 55.00  0.00 60.00  0.00 2398.81 
4  45.00  0.00 50.00  0.00 60.00  0.00 65.00  0.00 2167.14 
4  45.00  0.00 50.00  0.00 65.00  0.00 70.00  0.00 1683.23 
4  45.00  0.00 50.00  0.00 70.00  0.00 75.00  0.00 1597.64 
4  45.00  0.00 50.00  0.00 75.00  0.00 80.00  0.00 3083.19 
4  45.00  0.00 50.00  0.00 80.00  0.00 85.00  0.00 256.38 
4  45.00  0.00 50.00  0.00 85.00  0.00 90.00  0.00 1902.50 
4  45.00  0.00 50.00  0.00 90.00  0.00 95.00  0.00 2613.12 
4  45.00  0.00 50.00  0.00 95.00  0.00 100.00  0.00 1662.65 
4  45.00  0.00 50.00  0.00 100.00  0.00 105.00  0.00 2187.61 
4  45.00  0.00 50.00  0.00 105.00  0.00 110.00  0.00 2700.34 
4  45.00  0.00 50.00  0.00 110.00  0.00 115.00  0.00 4996.68 
4  45.00  0.00 50.00  0.00 115.00  0.00 120.00  0.00 3050.10 
4  45.00  0.00 50.00  0.00 120.00  0.00 125.00  0.00 2625.59 
4  45.00  0.00 50.00  0.00 125.00  0.00 130.00  0.00 2636.36 
4  45.00  0.00 50.00  0.00 130.00  0.00 135.00  0.00 2288.18 
4  45.00  0.00 50.00  0.00 135.00  0.00 140.00  0.00 2283.36 
4  45.00  0.00 50.00  0.00 140.00  0.00 145.00  0.00 2200.49 
4  45.00  0.00 50.00  0.00 145.00  0.00 150.00  0.00 2278.81 
4  45.00  0.00 50.00  0.00 150.00  0.00 155.00  0.00 2627.73 
4  45.00  0.00 50.00  0.00 155.00  0.00 160.00  0.00 2662.66 
4  45.00  0.00 50.00  0.00 160.00  0.00 165.00  0.00 2456.67 
4  45.00  0.00 50.00  0.00 165.00  0.00 170.00  0.00 2486.75 
4  45.00  0.00 50.00  0.00 170.00  0.00 175.00  0.00 2465.88 
4  45.00  0.00 50.00  0.00 175.00  0.00 180.00  0.00 2273.98 
4  45.00  0.00 50.00  0.00 180.00  0.00 185.00  0.00 2660.76 
4  45.00  0.00 50.00  0.00 185.00  0.00 190.00  0.00 2674.45 
4  45.00  0.00 50.00  0.00 190.00  0.00 195.00  0.00 2419.58 
4  45.00  0.00 50.00  0.00 195.00  0.00 200.00  0.00 2850.80 
4  45.00  0.00 50.00  0.00 200.00  0.00 205.00  0.00 3023.97 
4  45.00  0.00 50.00  0.00 205.00  0.00 210.00  0.00 3059.29 
4  45.00  0.00 50.00  0.00 210.00  0.00 215.00  0.00 3604.44 
4  50.00  0.00 55.00  0.00 60.00  0.00 65.00  0.00 1786.16 
4  50.00  0.00 55.00  0.00 65.00  0.00 70.00  0.00 1644.09 
4  50.00  0.00 55.00  0.00 70.00  0.00 75.00  0.00 1676.56 
4  50.00  0.00 55.00  0.00 75.00  0.00 80.00  0.00 375.01 
4  50.00  0.00 55.00  0.00 80.00  0.00 85.00  0.00 1680.14 
4  50.00  0.00 55.00  0.00 85.00  0.00 90.00  0.00 2146.79 
4  50.00  0.00 55.00  0.00 90.00  0.00 95.00  0.00 2997.56 
4  50.00  0.00 55.00  0.00 95.00  0.00 100.00  0.00 1901.83 
4  50.00  0.00 55.00  0.00 100.00  0.00 105.00  0.00 2515.57 
4  50.00  0.00 55.00  0.00 105.00  0.00 110.00  0.00 3144.69 
4  50.00  0.00 55.00  0.00 110.00  0.00 115.00  0.00 3292.91 
4  50.00  0.00 55.00  0.00 115.00  0.00 120.00  0.00 3593.44 
4  50.00  0.00 55.00  0.00 120.00  0.00 125.00  0.00 3087.52 
4  50.00  0.00 55.00  0.00 125.00  0.00 130.00  0.00 3111.15 
4  50.00  0.00 55.00  0.00 130.00  0.00 135.00  0.00 2699.62 
4  50.00  0.00 55.00  0.00 135.00  0.00 140.00  0.00 2698.75 
4  50.00  0.00 55.00  0.00 140.00  0.00 145.00  0.00 2607.18 
4  50.00  0.00 55.00  0.00 145.00  0.00 150.00  0.00 2699.22 
4  50.00  0.00 55.00  0.00 150.00  0.00 155.00  0.00 3119.11 
4  50.00  0.00 55.00  0.00 155.00  0.00 160.00  0.00 3178.58 
4  50.00  0.00 55.00  0.00 160.00  0.00 165.00  0.00 2914.81 
4  50.00  0.00 55.00  0.00 165.00  0.00 170.00  0.00 2976.80 
4  50.00  0.00 55.00  0.00 170.00  0.00 175.00  0.00 2962.48 
4  50.00  0.00 55.00  0.00 175.00  0.00 180.00  0.00 2696.00 
4  50.00  0.00 55.00  0.00 180.00  0.00 185.00  0.00 3608.26 
4  50.00  0.00 55.00  0.00 185.00  0.00 190.00  0.00 3180.69 
4  50.00  0.00 55.00  0.00 190.00  0.00 195.00  0.00 2868.78 
4  50.00  0.00 55.00  0.00 195.00  0.00 200.00  0.00 3397.91 
4  50.00  0.00 55.00  0.00 200.00  0.00 205.00  0.00 3651.67 
4  50.00  0.00 55.00  0.00 205.00  0.00 210.00  0.00 3627.92 
4  50.00  0.00 55.00  0.00 210.00  0.00 215.00  0.00 4339.17 
4  50.00  0.00 55.00  0.00 215.00  0.00 220.00  0.00 4155.51 
4  55.00  0.00 60.00  0.00 65.00  0.00 70.00  0.00 1489.52 
4  55.00  0.00 60.00  0.00 70.00  0.00 75.00  0.00 1526.65 
4  55.00  0.00 60.00  0.00 75.00  0.00 80.00  0.00 96.94 
4  55.00  0.00 60.00  0.00 80.00  0.00 85.00  0.00 407.43 
4  55.00  0.00 60.00  0.00 85.00  0.00 90.00  0.00 1956.80 
4  55.00  0.00 60.00  0.00 90.00  0.00 95.00  0.00 2824.25 
4  55.00  0.00 60.00  0.00 95.00  0.00 100.00  0.00 1649.18 
4  55.00  0.00 60.00  0.00 100.00  0.00 105.00  0.00 2206.23 
4  55.00  0.00 60.00  0.00 105.00  0.00 110.00  0.00 2807.15 
4  55.00  0.00 60.00  0.00 110.00  0.00 115.00  0.00 2973.18 
4  55.00  0.00 60.00  0.00 115.00  0.00 120.00  0.00 3178.40 
4  55.00  0.00 60.00  0.00 120.00  0.00 125.00  0.00 2674.34 
4  55.00  0.00 60.00  0.00 125.00  0.00 130.00  0.00 2739.53 
4  55.00  0.00 60.00  0.00 130.00  0.00 135.00  0.00 2389.75 
4  55.00  0.00 60.00  0.00 135.00  0.00 140.00  0.00 2407.02 
4  55.00  0.00 60.00  0.00 140.00  0.00 145.00  0.00 2311.34 
4  55.00  0.00 60.00  0.00 145.00  0.00 150.00  0.00 2437.43 
4  55.00  0.00 60.00  0.00 150.00  0.00 155.00  0.00 2767.04 
4  55.00  0.00 60.00  0.00 155.00  0.00 160.00  0.00 2815.94 
4  55.00  0.00 60.00  0.00 160.00  0.00 165.00  0.00 2632.99 
4  55.00  0.00 60.00  0.00 165.00  0.00 170.00  0.00 2633.74 
4  55.00  0.00 60.00  0.00 170.00  0.00 175.00  0.00 2672.55 
4  55.00  0.00 60.00  0.00 175.00  0.00 180.00  0.00 2456.39 
4  55.00  0.00 60.00  0.00 180.00  0.00 185.00  0.00 2950.17 
4  55.00  0.00 60.00  0.00 185.00  0.00 190.00  0.00 3011.83 
4  55.00  0.00 60.00  0.00 190.00  0.00 195.00  0.00 2709.13 
4  55.00  0.00 60.00  0.00 195.00  0.00 200.00  0.00 3243.65 
4  55.00  0.00 60.00  0.00 200.00  0.00 205.00  0.00 3527.44 
4  55.00  0.00 60.00  0.00 205.00  0.00 210.00  0.00 3463.47 
4  55.00  0.00 60.00  0.00 210.00  0.00 215.00  0.00 4092.22 
4  55.00  0.00 60.00  0.00 215.00  0.00 220.00  0.00 3966.17 
4  55.00  0.00 60.00  0.00 220.00  0.00 225.00  0.00 3835.76 
4  60.00  0.00 65.00  0.00 70.00  0.00 75.00  0.00 1387.56 
4  60.00  0.00 65.00  0.00 75.00  0.00 80.00  0.00 150.46 
4  60.00  0.00 65.00  0.00 80.00  0.00 85.00  0.00 120.74 
4  60.00  0.00 65.00  0.00 85.00  0.00 90.00  0.00 1758.40 
4  60.00  0.00 65.00  0.00 90.00  0.00 95.00  0.00 2505.96 
4  60.00  0.00 65.00  0.00 95.00  0.00 100.00  0.00 1471.45 
4  60.00  0.00 65.00  0.00 100.00  0.00 105.00  0.00 1954.58 
4  60.00  0.00 65.00  0.00 105.00  0.00 110.00  0.00 2472.47 
4  60.00  0.00 65.00  0.00 110.00  0.00 115.00  0.00 2608.98 
4  60.00  0.00 65.00  0.00 115.00  0.00 120.00  0.00 2754.01 
4  60.00  0.00 65.00  0.00 120.00  0.00 125.00  0.00 2293.69 
4  60.00  0.00 65.00  0.00 125.00  0.00 130.00  0.00 2327.71 
4  60.00  0.00 65.00  0.00 130.00  0.00 135.00  0.00 2014.57 
4  60.00  0.00 65.00  0.00 135.00  0.00 140.00  0.00 2018.50 
4  60.00  0.00 65.00  0.00 140.00  0.00 145.00  0.00 1926.87 
4  60.00  0.00 65.00  0.00 145.00  0.00 150.00  0.00 2028.37 
4  60.00  0.00 65.00  0.00 150.00  0.00 155.00  0.00 2308.95 
4  60.00  0.00 65.00  0.00 155.00  0.00 160.00  0.00 2340.33 
4  60.00  0.00 65.00  0.00 160.00  0.00 165.00  0.00 2191.90 
4  60.00  0.00 65.00  0.00 165.00  0.00 170.00  0.00 2225.65 
4  60.00  0.00 65.00  0.00 170.00  0.00 175.00  0.00 2230.73 
4  60.00  0.00 65.00  0.00 175.00  0.00 180.00  0.00 2089.08 
4  60.00  0.00 65.00  0.00 180.00  0.00 185.00  0.00 2508.09 
4  60.00  0.00 65.00  0.00 185.00  0.00 190.00  0.00 2528.17 
4  60.00  0.00 65.00  0.00 190.00  0.00 195.00  0.00 2279.19 
4  60.00  0.00 65.00  0.00 195.00  0.00 200.00  0.00 2743.72 
4  60.00  0.00 65.00  0.00 200.00  0.00 205.00  0.00 2936.02 
4  60.00  0.00 65.00  0.00 205.00  0.00 210.00  0.00 2921.31 
4  60.00  0.00 65.00  0.00 210.00  0.00 215.00  0.00 3495.70 
4  60.00  0.00 65.00  0.00 215.00  0.00 220.00  0.00 3358.35 
4  60.00  0.00 65.00  0.00 220.00  0.00 225.00  0.00 3281.92 
4  60.00  0.00 65.00  0.00 225.00  0.00 230.00  0.00 3297.80 
4  65.00  0.00 70.00  0.00 75.00  0.00 80.00  0.00 227.89 
4  65.00  0.00 70.00  0.00 80.00  0.00 85.00  0.00 845.47 
4  65.00  0.00 70.00  0.00 85.00  0.00 90.00  0.00 1487.75 
4  65.00  0.00 70.00  0.00 90.00  0.00 95.00  0.00 2130.02 
4  65.00  0.00 70.00  0.00 95.00  0.00 100.00  0.00 1245.32 
4  65.00  0.00 70.00  0.00 100.00  0.00 105.00  0.00 1657.65 
4  65.00  0.00 70.00  0.00 105.00  0.00 110.00  0.00 2105.67 
4  65.00  0.00 70.00  0.00 110.00  0.00 115.00  0.00 2230.87 
4  65.00  0.00 70.00  0.00 115.00  0.00 120.00  0.00 2325.65 
4  65.00  0.00 70.00  0.00 120.00  0.00 125.00  0.00 1911.31 
4  65.00  0.00 70.00  0.00 125.00  0.00 130.00  0.00 1934.94 
4  65.00  0.00 70.00  0.00 130.00  0.00 135.00  0.00 1662.58 
4  65.00  0.00 70.00  0.00 135.00  0.00 140.00  0.00 1655.06 
4  65.00  0.00 70.00  0.00 140.00  0.00 145.00  0.00 1569.56 
4  65.00  0.00 70.00  0.00 145.00  0.00 150.00  0.00 1650.54 
4  65.00  0.00 70.00  0.00 150.00  0.00 155.00  0.00 1880.22 
4  65.00  0.00 70.00  0.00 155.00  0.00 160.00  0.00 1905.82 
4  65.00  0.00 70.00  0.00 160.00  0.00 165.00  0.00 1794.72 
4  65.00  0.00 70.00  0.00 165.00  0.00 170.00  0.00 1807.82 
4  65.00  0.00 70.00  0.00 170.00  0.00 175.00  0.00 1834.20 
4  65.00  0.00 70.00  0.00 175.00  0.00 180.00  0.00 1729.30 
4  65.00  0.00 70.00  0.00 180.00  0.00 185.00  0.00 2088.22 
4  65.00  0.00 70.00  0.00 185.00  0.00 190.00  0.00 2115.31 
4  65.00  0.00 70.00  0.00 190.00  0.00 195.00  0.00 1907.36 
4  65.00  0.00 70.00  0.00 195.00  0.00 200.00  0.00 2280.30 
4  65.00  0.00 70.00  0.00 200.00  0.00 205.00  0.00 2431.35 
4  65.00  0.00 70.00  0.00 205.00  0.00 210.00  0.00 2507.34 
4  65.00  0.00 70.00  0.00 210.00  0.00 215.00  0.00 2859.88 
4  65.00  0.00 70.00  0.00 215.00  0.00 220.00  0.00 2790.23 
4  65.00  0.00 70.00  0.00 220.00  0.00 225.00  0.00 2755.80 
4  65.00  0.00 70.00  0.00 225.00  0.00 230.00  0.00 2778.02 
4  65.00  0.00 70.00  0.00 230.00  0.00 235.00  0.00 2325.56 
4  70.00  0.00 75.00  0.00 80.00  0.00 85.00  0.00 1679.70 
4  70.00  0.00 75.00  0.00 85.00  0.00 90.00  0.00 1392.81 
4  70.00  0.00 75.00  0.00 90.00  0.00 95.00  0.00 1992.69 
4  70.00  0.00 75.00  0.00 95.00  0.00 100.00  0.00 1230.66 
4  70.00  0.00 75.00  0.00 100.00  0.00 105.00  0.00 1647.79 
4  70.00  0.00 75.00  0.00 105.00  0.00 110.00  0.00 2094.99 
4  70.00  0.00 75.00  0.00 110.00  0.00 115.00  0.00 2228.91 
4  70.00  0.00 75.00  0.00 115.00  0.00 120.00  0.00 2330.11 
4  70.00  0.00 75.00  0.00 120.00  0.00 125.00  0.00 1913.90 
4  70.00  0.00 75.00  0.00 125.00  0.00 130.00  0.00 1914.36 
4  70.00  0.00 75.00  0.00 130.00  0.00 135.00  0.00 1625.16 
4  70.00  0.00 75.00  0.00 135.00  0.00 140.00  0.00 1598.91 
4  70.00  0.00 75.00  0.00 140.00  0.00 145.00  0.00 1515.06 
4  70.00  0.00 75.00  0.00 145.00  0.00 150.00  0.00 1566.99 
4  70.00  0.00 75.00  0.00 150.00  0.00 155.00  0.00 1797.61 
4  70.00  0.00 75.00  0.00 155.00  0.00 160.00  0.00 1840.67 
4  70.00  0.00 75.00  0.00 160.00  0.00 165.00  0.00 1712.08 
4  70.00  0.00 75.00  0.00 165.00  0.00 170.00  0.00 1735.49 
4  70.00  0.00 75.00  0.00 170.00  0.00 175.00  0.00 1740.08 
4  70.00  0.00 75.00  0.00 175.00  0.00 180.00  0.00 1623.57 
4  70.00  0.00 75.00  0.00 180.00  0.00 185.00  0.00 1937.79 
4  70.00  0.00 75.00  0.00 185.00  0.00 190.00  0.00 1946.87 
4  70.00  0.00 75.00  0.00 190.00  0.00 195.00  0.00 1792.41 
4  70.00  0.00 75.00  0.00 195.00  0.00 200.00  0.00 2130.27 
4  70.00  0.00 75.00  0.00 200.00  0.00 205.00  0.00 2277.06 
4  70.00  0.00 75.00  0.00 205.00  0.00 210.00  0.00 2284.47 
4  70.00  0.00 75.00  0.00 210.00  0.00 215.00  0.00 2694.55 
4  70.00  0.00 75.00  0.00 215.00  0.00 220.00  0.00 2582.36 
4  70.00  0.00 75.00  0.00 220.00  0.00 225.00  0.00 2540.26 
4  70.00  0.00 75.00  0.00 225.00  0.00 230.00  0.00 2551.38 
4  70.00  0.00 75.00  0.00 230.00  0.00 235.00  0.00 2200.41 
4  75.00  0.00 80.00  0.00 85.00  0.00 90.00  0.00 1538.46 
4  75.00  0.00 80.00  0.00 90.00  0.00 95.00  0.00 2210.54 
4  75.00  0.00 80.00  0.00 95.00  0.00 100.00  0.00 1380.06 
4  75.00  0.00 80.00  0.00 100.00  0.00 105.00  0.00 1841.12 
4  75.00  0.00 80.00  0.00 105.00  0.00 110.00  0.00 2748.90 
4  75.00  0.00 80.00  0.00 110.00  0.00 115.00  0.00 2724.06 
4  75.00  0.00 80.00  0.00 115.00  0.00 120.00  0.00 4318.26 
4  75.00  0.00 80.00  0.00 120.00  0.00 125.00  0.00 1507.97 
4  75.00  0.00 80.00  0.00 125.00  0.00 130.00  0.00 2221.55 
4  75.00  0.00 80.00  0.00 130.00  0.00 135.00  0.00 1382.29 
4  75.00  0.00 80.00  0.00 135.00  0.00 140.00  0.00 0.00 
4  75.00  0.00 80.00  0.00 140.00  0.00 145.00  0.00 0.00 
4  75.00  0.00 80.00  0.00 145.00  0.00 150.00  0.00 0.00 
4  75.00  0.00 80.00  0.00 150.00  0.00 155.00  0.00 2199.12 
4  75.00  0.00 80.00  0.00 155.00  0.00 160.00  0.00 0.00 
4  75.00  0.00 80.00  0.00 160.00  0.00 165.00  0.00 9047.79 
4  75.00  0.00 80.00  0.00 165.00  0.00 170.00  0.00 85953.80 
4  75.00  0.00 80.00  0.00 170.00  0.00 175.00  0.00 30698.30 
4  75.00  0.00 80.00  0.00 175.00  0.00 180.00  0.00 158332.27 
4  75.00  0.00 80.00  0.00 180.00  0.00 185.00  0.00 80636.52 
4  75.00  0.00 80.00  0.00 185.00  0.00 190.00  0.00 55636.80 
4  75.00  0.00 80.00  0.00 190.00  0.00 195.00  0.00 34682.19 
4  75.00  0.00 80.00  0.00 195.00  0.00 200.00  0.00 72258.84 
4  75.00  0.00 80.00  0.00 200.00  0.00 205.00  0.00 19603.78 
4  75.00  0.00 80.00  0.00 205.00  0.00 210.00  0.00 206753.92 
4  75.00  0.00 80.00  0.00 210.00  0.00 215.00  0.00 23750.08 
4  75.00  0.00 80.00  0.00 215.00  0.00 220.00  0.00 98395.96 
4  75.00  0.00 80.00  0.00 220.00  0.00 225.00  0.00 546628.75 
4  75.00  0.00 80.00  0.00 225.00  0.00 230.00  0.00 282437.69 
4  75.00  0.00 80.00  0.00 230.00  0.00 235.00  0.00 112188.77 
4  80.00  0.00 85.00  0.00 90.00  0.00 95.00  0.00 1734.16 
4  80.00  0.00 85.00  0.00 95.00  0.00 100.00  0.00 1319.47 
4  80.00  0.00 85.00  0.00 100.00  0.00 105.00  0.00 2722.71 
4  80.00  0.00 85.00  0.00 105.00  0.00 110.00  0.00 2199.11 
4  80.00  0.00 85.00  0.00 110.00  0.00 115.00  0.00 2537.45 
4  80.00  0.00 85.00  0.00 115.00  0.00 120.00  0.00 6333.44 
4  80.00  0.00 85.00  0.00 120.00  0.00 125.00  0.00 18712.47 
4  80.00  0.00 85.00  0.00 125.00  0.00 130.00  0.00 7539.84 
4  80.00  0.00 85.00  0.00 130.00  0.00 135.00  0.00 3110.17 
4  80.00  0.00 85.00  0.00 135.00  0.00 140.00  0.00 20734.40 
4  80.00  0.00 85.00  0.00 140.00  0.00 145.00  0.00 23104.40 
4  80.00  0.00 85.00  0.00 145.00  0.00 150.00  0.00 9801.72 
4  80.00  0.00 85.00  0.00 150.00  0.00 155.00  0.00 128648.05 
4  80.00  0.00 85.00  0.00 155.00  0.00 160.00  0.00 84446.28 
4  80.00  0.00 85.00  0.00 160.00  0.00 165.00  0.00 384530.19 
4  80.00  0.00 85.00  0.00 165.00  0.00 170.00  0.00 1076686.62 
4  80.00  0.00 85.00  0.00 170.00  0.00 175.00  0.00 365303.62 
4  80.00  0.00 85.00  0.00 175.00  0.00 180.00  0.00 859552.31 
4  80.00  0.00 85.00  0.00 180.00  0.00 185.00  0.00 387434.31 
4  80.00  0.00 85.00  0.00 185.00  0.00 190.00  0.00 522524.62 
4  80.00  0.00 85.00  0.00 190.00  0.00 195.00  0.00 2336745.50 
4  80.00  0.00 85.00  0.00 195.00  0.00 200.00  0.00 1335264.38 
4  80.00  0.00 85.00  0.00 200.00  0.00 205.00  0.00 867106.06 
4  80.00  0.00 85.00  0.00 205.00  0.00 210.00  0.00 10291985.00 
4  80.00  0.00 85.00  0.00 210.00  0.00 215.00  0.00 490083.38 
4  80.00  0.00 85.00  0.00 215.00  0.00 220.00  0.00 494001.66 
4  80.00  0.00 85.00  0.00 220.00  0.00 225.00  0.00 1549736.25 
4  80.00  0.00 85.00  0.00 225.00  0.00 230.00  0.00 1147920.38 
4  80.00  0.00 85.00  0.00 230.00  0.00 235.00  0.00 1059141.38 
4  85.00  0.00 90.00  0.00 95.00  0.00 100.00  0.00 1344.71 
4  85.00  0.00 90.00  0.00 100.00  0.00 105.00  0.00 1801.33 
4  85.00  0.00 90.00  0.00 105.00  0.00 110.00  0.00 2270.44 
4  85.00  0.00 90.00  0.00 110.00  0.00 115.00  0.00 2558.33 
4  85.00  0.00 90.00  0.00 115.00  0.00 120.00  0.00 2734.36 
4  85.00  0.00 90.00  0.00 120.00  0.00 125.00  0.00 2259.54 
4  85.00  0.00 90.00  0.00 125.00  0.00 130.00  0.00 2238.72 
4  85.00  0.00 90.00  0.00 130.00  0.00 135.00  0.00 1841.59 
4  85.00  0.00 90.00  0.00 135.00  0.00 140.00  0.00 1747.09 
4  85.00  0.00 90.00  0.00 140.00  0.00 145.00  0.00 1618.10 
4  85.00  0.00 90.00  0.00 145.00  0.00 150.00  0.00 1632.62 
4  85.00  0.00 90.00  0.00 150.00  0.00 155.00  0.00 1904.06 
4  85.00  0.00 90.00  0.00 155.00  0.00 160.00  0.00 1959.94 
4  85.00  0.00 90.00  0.00 160.00  0.00 165.00  0.00 1787.66 
4  85.00  0.00 90.00  0.00 165.00  0.00 170.00  0.00 1829.41 
4  85.00  0.00 90.00  0.00 170.00  0.00 175.00  0.00 1813.83 
4  85.00  0.00 90.00  0.00 175.00  0.00 180.00  0.00 1655.09 
4  85.00  0.00 90.00  0.00 180.00  0.00 185.00  0.00 1938.42 
4  85.00  0.00 90.00  0.00 185.00  0.00 190.00  0.00 1928.19 
4  85.00  0.00 90.00  0.00 190.00  0.00 195.00  0.00 1772.67 
4  85.00  0.00 90.00  0.00 195.00  0.00 200.00  0.00 2086.76 
4  85.00  0.00 90.00  0.00 200.00  0.00 205.00  0.00 2215.76 
4  85.00  0.00 90.00  0.00 205.00  0.00 210.00  0.00 2278.17 
4  85.00  0.00 90.00  0.00 210.00  0.00 215.00  0.00 2682.44 
4  85.00  0.00 90.00  0.00 215.00  0.00 220.00  0.00 2550.83 
4  85.00  0.00 90.00  0.00 220.00  0.00 225.00  0.00 2583.60 
4  85.00  0.00 90.00  0.00 225.00  0.00 230.00  0.00 2577.78 
4  85.00  0.00 90.00  0.00 230.00  0.00 235.00  0.00 2245.79 
4  90.00  0.00 95.00  0.00 100.00  0.00 105.00  0.00 1774.49 
4  90.00  0.00 95.00  0.00 105.00  0.00 110.00  0.00 2570.06 
4  90.00  0.00 95.00  0.00 110.00  0.00 115.00  0.00 3129.36 
4  90.00  0.00 95.00  0.00 115.00  0.00 120.00  0.00 3482.22 
4  90.00  0.00 95.00  0.00 120.00  0.00 125.00  0.00 2945.77 
4  90.00  0.00 95.00  0.00 125.00  0.00 130.00  0.00 2955.72 
4  90.00  0.00 95.00  0.00 130.00  0.00 135.00  0.00 2431.25 
4  90.00  0.00 95.00  0.00 135.00  0.00 140.00  0.00 2288.31 
4  90.00  0.00 95.00  0.00 140.00  0.00 145.00  0.00 2184.82 
4  90.00  0.00 95.00  0.00 145.00  0.00 150.00  0.00 2098.49 
4  90.00  0.00 95.00  0.00 150.00  0.00 155.00  0.00 2490.43 
4  90.00  0.00 95.00  0.00 155.00  0.00 160.00  0.00 2581.92 
4  90.00  0.00 95.00  0.00 160.00  0.00 165.00  0.00 2324.75 
4  90.00  0.00 95.00  0.00 165.00  0.00 170.00  0.00 2398.97 
4  90.00  0.00 95.00  0.00 170.00  0.00 175.00  0.00 2360.21 
4  90.00  0.00 95.00  0.00 175.00  0.00 180.00  0.00 2123.30 
4  90.00  0.00 95.00  0.00 180.00  0.00 185.00  0.00 2427.18 
4  90.00  0.00 95.00  0.00 185.00  0.00 190.00  0.00 2420.61 
4  90.00  0.00 95.00  0.00 190.00  0.00 195.00  0.00 2191.38 
4  90.00  0.00 95.00  0.00 195.00  0.00 200.00  0.00 2567.80 
4  90.00  0.00 95.00  0.00 200.00  0.00 205.00  0.00 2736.47 
4  90.00  0.00 95.00  0.00 205.00  0.00 210.00  0.00 2806.19 
4  90.00  0.00 95.00  0.00 210.00  0.00 215.00  0.00 3319.61 
4  90.00  0.00 95.00  0.00 215.00  0.00 220.00  0.00 3177.21 
4  90.00  0.00 95.00  0.00 220.00  0.00 225.00  0.00 3201.30 
4  90.00  0.00 95.00  0.00 225.00  0.00 230.00  0.00 3186.53 
4  90.00  0.00 95.00  0.00 230.00  0.00 235.00  0.00 2864.79 
4  95.00  0.00 100.00  0.00 105.00  0.00 110.00  0.00 1266.27 
4  95.00  0.00 100.00  0.00 110.00  0.00 115.00  0.00 1724.12 
4  95.00  0.00 100.00  0.00 115.00  0.00 120.00  0.00 2005.41 
4  95.00  0.00 100.00  0.00 120.00  0.00 125.00  0.00 1703.38 
4  95.00  0.00 100.00  0.00 125.00  0.00 130.00  0.00 1775.83 
4  95.00  0.00 100.00  0.00 130.00  0.00 135.00  0.00 1474.59 
4  95.00  0.00 100.00  0.00 135.00  0.00 140.00  0.00 1413.27 
4  95.00  0.00 100.00  0.00 140.00  0.00 145.00  0.00 1309.50 
4  95.00  0.00 100.00  0.00 145.00  0.00 150.00  0.00 1333.53 
4  95.00  0.00 100.00  0.00 150.00  0.00 155.00  0.00 1546.80 
4  95.00  0.00 100.00  0.00 155.00  0.00 160.00  0.00 1601.43 
4  95.00  0.00 100.00  0.00 160.00  0.00 165.00  0.00 1485.54 
4  95.00  0.00 100.00  0.00 165.00  0.00 170.00  0.00 1512.38 
4  95.00  0.00 100.00  0.00 170.00  0.00 175.00  0.00 1528.86 
4  95.00  0.00 100.00  0.00 175.00  0.00 180.00  0.00 1416.44 
4  95.00  0.00 100.00  0.00 180.00  0.00 185.00  0.00 1683.46 
4  95.00  0.00 100.00  0.00 185.00  0.00 190.00  0.00 1694.14 
4  95.00  0.00 100.00  0.00 190.00  0.00 195.00  0.00 1543.74 
4  95.00  0.00 100.00  0.00 195.00  0.00 200.00  0.00 1849.51 
4  95.00  0.00 100.00  0.00 200.00  0.00 205.00  0.00 1983.90 
4  95.00  0.00 100.00  0.00 205.00  0.00 210.00  0.00 1988.76 
4  95.00  0.00 100.00  0.00 210.00  0.00 215.00  0.00 2355.65 
4  95.00  0.00 100.00  0.00 215.00  0.00 220.00  0.00 2288.31 
4  95.00  0.00 100.00  0.00 220.00  0.00 225.00  0.00 2246.44 
4  95.00  0.00 100.00  0.00 225.00  0.00 230.00  0.00 2292.06 
4  95.00  0.00 100.00  0.00 230.00  0.00 235.00  0.00 1947.52 
4  100.00  0.00 105.00  0.00 110.00  0.00 115.00  0.00 1774.18 
4  100.00  0.00 105.00  0.00 115.00  0.00 120.00  0.00 2348.83 
4  100.00  0.00 105.00  0.00 120.00  0.00 125.00  0.00 2083.47 
4  100.00  0.00 105.00  0.00 125.00  0.00 130.00  0.00 2241.76 
4  100.00  0.00 105.00  0.00 130.00  0.00 135.00  0.00 1864.87 
4  100.00  0.00 105.00  0.00 135.00  0.00 140.00  0.00 1771.49 
4  100.00  0.00 105.00  0.00 140.00  0.00 145.00  0.00 1624.50 
4  100.00  0.00 105.00  0.00 145.00  0.00 150.00  0.00 1650.98 
4  100.00  0.00 105.00  0.00 150.00  0.00 155.00  0.00 1938.73 
4  100.00  0.00 105.00  0.00 155.00  0.00 160.00  0.00 2029.63 
4  100.00  0.00 105.00  0.00 160.00  0.00 165.00  0.00 1866.97 
4  100.00  0.00 105.00  0.00 165.00  0.00 170.00  0.00 1911.52 
4  100.00  0.00 105.00  0.00 170.00  0.00 175.00  0.00 1923.42 
4  100.00  0.00 105.00  0.00 175.00  0.00 180.00  0.00 1764.12 
4  100.00  0.00 105.00  0.00 180.00  0.00 185.00  0.00 2067.60 
4  100.00  0.00 105.00  0.00 185.00  0.00 190.00  0.00 2075.06 
4  100.00  0.00 105.00  0.00 190.00  0.00 195.00  0.00 1896.17 
4  100.00  0.00 105.00  0.00 195.00  0.00 200.00  0.00 2253.44 
4  100.00  0.00 105.00  0.00 200.00  0.00 205.00  0.00 2411.65 
4  100.00  0.00 105.00  0.00 205.00  0.00 210.00  0.00 2430.29 
4  100.00  0.00 105.00  0.00 210.00  0.00 215.00  0.00 2883.09 
4  100.00  0.00 105.00  0.00 215.00  0.00 220.00  0.00 2785.45 
4  100.00  0.00 105.00  0.00 220.00  0.00 225.00  0.00 2743.76 
4  100.00  0.00 105.00  0.00 225.00  0.00 230.00  0.00 2790.90 
4  100.00  0.00 105.00  0.00 230.00  0.00 235.00  0.00 2406.31 
4  105.00  0.00 110.00  0.00 115.00  0.00 120.00  0.00 2080.92 
4  105.00  0.00 110.00  0.00 120.00  0.00 125.00  0.00 2165.71 
4  105.00  0.00 110.00  0.00 125.00  0.00 130.00  0.00 2531.91 
4  105.00  0.00 110.00  0.00 130.00  0.00 135.00  0.00 2144.01 
4  105.00  0.00 110.00  0.00 135.00  0.00 140.00  0.00 2040.83 
4  105.00  0.00 110.00  0.00 140.00  0.00 145.00  0.00 1864.18 
4  105.00  0.00 110.00  0.00 145.00  0.00 150.00  0.00 1904.11 
4  105.00  0.00 110.00  0.00 150.00  0.00 155.00  0.00 2260.56 
4  105.00  0.00 110.00  0.00 155.00  0.00 160.00  0.00 2393.83 
4  105.00  0.00 110.00  0.00 160.00  0.00 165.00  0.00 2199.67 
4  105.00  0.00 110.00  0.00 165.00  0.00 170.00  0.00 2266.63 
4  105.00  0.00 110.00  0.00 170.00  0.00 175.00  0.00 2278.25 
4  105.00  0.00 110.00  0.00 175.00  0.00 180.00  0.00 2082.62 
4  105.00  0.00 110.00  0.00 180.00  0.00 185.00  0.00 2424.79 
4  105.00  0.00 110.00  0.00 185.00  0.00 190.00  0.00 2428.39 
4  105.00  0.00 110.00  0.00 190.00  0.00 195.00  0.00 2213.96 
4  105.00  0.00 110.00  0.00 195.00  0.00 200.00  0.00 2623.42 
4  105.00  0.00 110.00  0.00 200.00  0.00 205.00  0.00 2804.44 
4  105.00  0.00 110.00  0.00 205.00  0.00 210.00  0.00 2837.06 
4  105.00  0.00 110.00  0.00 210.00  0.00 215.00  0.00 3376.54 
4  105.00  0.00 110.00  0.00 215.00  0.00 220.00  0.00 3251.19 
4  105.00  0.00 110.00  0.00 220.00  0.00 225.00  0.00 3213.17 
4  105.00  0.00 110.00  0.00 225.00  0.00 230.00  0.00 3262.95 
4  105.00  0.00 110.00  0.00 230.00  0.00 235.00  0.00 2838.21 
4  110.00  0.00 115.00  0.00 120.00  0.00 125.00  0.00 1511.77 
4  110.00  0.00 115.00  0.00 125.00  0.00 130.00  0.00 2218.41 
4  110.00  0.00 115.00  0.00 130.00  0.00 135.00  0.00 1958.62 
4  110.00  0.00 115.00  0.00 135.00  0.00 140.00  0.00 1883.62 
4  110.00  0.00 115.00  0.00 140.00  0.00 145.00  0.00 1722.48 
4  110.00  0.00 115.00  0.00 145.00  0.00 150.00  0.00 1761.23 
4  110.00  0.00 115.00  0.00 150.00  0.00 155.00  0.00 2129.19 
4  110.00  0.00 115.00  0.00 155.00  0.00 160.00  0.00 2286.98 
4  110.00  0.00 115.00  0.00 160.00  0.00 165.00  0.00 2112.79 
4  110.00  0.00 115.00  0.00 165.00  0.00 170.00  0.00 2191.14 
4  110.00  0.00 115.00  0.00 170.00  0.00 175.00  0.00 2214.26 
4  110.00  0.00 115.00  0.00 175.00  0.00 180.00  0.00 2025.64 
4  110.00  0.00 115.00  0.00 180.00  0.00 185.00  0.00 2359.74 
4  110.00  0.00 115.00  0.00 185.00  0.00 190.00  0.00 2363.20 
4  110.00  0.00 115.00  0.00 190.00  0.00 195.00  0.00 2158.38 
4  110.00  0.00 115.00  0.00 195.00  0.00 200.00  0.00 2555.73 
4  110.00  0.00 115.00  0.00 200.00  0.00 205.00  0.00 2737.16 
4  110.00  0.00 115.00  0.00 205.00  0.00 210.00  0.00 2766.94 
4  110.00  0.00 115.00  0.00 210.00  0.00 215.00  0.00 3295.90 
4  110.00  0.00 115.00  0.00 215.00  0.00 220.00  0.00 3170.27 
4  110.00  0.00 115.00  0.00 220.00  0.00 225.00  0.00 3141.42 
4  110.00  0.00 115.00  0.00 225.00  0.00 230.00  0.00 3188.20 
4  110.00  0.00 115.00  0.00 230.00  0.00 235.00  0.00 2774.83 
4  115.00  0.00 120.00  0.00 125.00  0.00 130.00  0.00 2522.02 
4  115.00  0.00 120.00  0.00 130.00  0.00 135.00  0.00 2402.25 
4  115.00  0.00 120.00  0.00 135.00  0.00 140.00  0.00 2285.34 
4  115.00  0.00 120.00  0.00 140.00  0.00 145.00  0.00 2023.18 
4  115.00  0.00 120.00  0.00 145.00  0.00 150.00  0.00 2062.34 
4  115.00  0.00 120.00  0.00 150.00  0.00 155.00  0.00 2491.91 
4  115.00  0.00 120.00  0.00 155.00  0.00 160.00  0.00 2697.48 
4  115.00  0.00 120.00  0.00 160.00  0.00 165.00  0.00 2499.98 
4  115.00  0.00 120.00  0.00 165.00  0.00 170.00  0.00 2598.40 
4  115.00  0.00 120.00  0.00 170.00  0.00 175.00  0.00 2639.87 
4  115.00  0.00 120.00  0.00 175.00  0.00 180.00  0.00 2428.70 
4  115.00  0.00 120.00  0.00 180.00  0.00 185.00  0.00 2843.31 
4  115.00  0.00 120.00  0.00 185.00  0.00 190.00  0.00 2847.15 
4  115.00  0.00 120.00  0.00 190.00  0.00 195.00  0.00 2595.78 
4  115.00  0.00 120.00  0.00 195.00  0.00 200.00  0.00 3085.36 
4  115.00  0.00 120.00  0.00 200.00  0.00 205.00  0.00 3301.38 
4  115.00  0.00 120.00  0.00 205.00  0.00 210.00  0.00 3308.74 
4  115.00  0.00 120.00  0.00 210.00  0.00 215.00  0.00 3940.54 
4  115.00  0.00 120.00  0.00 215.00  0.00 220.00  0.00 3795.38 
4  115.00  0.00 120.00  0.00 220.00  0.00 225.00  0.00 3722.03 
4  115.00  0.00 120.00  0.00 225.00  0.00 230.00  0.00 3795.57 
4  115.00  0.00 120.00  0.00 230.00  0.00 235.00  0.00 3276.47 
4  120.00  0.00 125.00  0.00 130.00  0.00 135.00  0.00 1640.91 
4  120.00  0.00 125.00  0.00 135.00  0.00 140.00  0.00 1808.24 
4  120.00  0.00 125.00  0.00 140.00  0.00 145.00  0.00 1618.80 
4  120.00  0.00 125.00  0.00 145.00  0.00 150.00  0.00 1679.58 
4  120.00  0.00 125.00  0.00 150.00  0.00 155.00  0.00 2064.25 
4  120.00  0.00 125.00  0.00 155.00  0.00 160.00  0.00 2281.75 
4  120.00  0.00 125.00  0.00 160.00  0.00 165.00  0.00 2114.37 
4  120.00  0.00 125.00  0.00 165.00  0.00 170.00  0.00 2293.93 
4  120.00  0.00 125.00  0.00 170.00  0.00 175.00  0.00 2315.01 
4  120.00  0.00 125.00  0.00 175.00  0.00 180.00  0.00 2134.24 
4  120.00  0.00 125.00  0.00 180.00  0.00 185.00  0.00 2515.70 
4  120.00  0.00 125.00  0.00 185.00  0.00 190.00  0.00 2535.44 
4  120.00  0.00 125.00  0.00 190.00  0.00 195.00  0.00 2308.50 
4  120.00  0.00 125.00  0.00 195.00  0.00 200.00  0.00 2759.19 
4  120.00  0.00 125.00  0.00 200.00  0.00 205.00  0.00 2952.81 
4  120.00  0.00 125.00  0.00 205.00  0.00 210.00  0.00 2945.68 
4  120.00  0.00 125.00  0.00 210.00  0.00 215.00  0.00 3532.84 
4  120.00  0.00 125.00  0.00 215.00  0.00 220.00  0.00 3396.38 
4  120.00  0.00 125.00  0.00 220.00  0.00 225.00  0.00 3299.63 
4  120.00  0.00 125.00  0.00 225.00  0.00 230.00  0.00 3401.89 
4  120.00  0.00 125.00  0.00 230.00  0.00 235.00  0.00 2894.08 
4  125.00  0.00 130.00  0.00 135.00  0.00 140.00  0.00 1276.78 
4  125.00  0.00 130.00  0.00 140.00  0.00 145.00  0.00 1275.62 
4  125.00  0.00 130.00  0.00 145.00  0.00 150.00  0.00 1381.99 
4  125.00  0.00 130.00  0.00 150.00  0.00 155.00  0.00 1783.39 
4  125.00  0.00 130.00  0.00 155.00  0.00 160.00  0.00 2053.89 
4  125.00  0.00 130.00  0.00 160.00  0.00 165.00  0.00 1991.30 
4  125.00  0.00 130.00  0.00 165.00  0.00 170.00  0.00 2038.07 
4  125.00  0.00 130.00  0.00 170.00  0.00 175.00  0.00 2170.11 
4  125.00  0.00 130.00  0.00 175.00  0.00 180.00  0.00 2019.35 
4  125.00  0.00 130.00  0.00 180.00  0.00 185.00  0.00 2386.10 
4  125.00  0.00 130.00  0.00 185.00  0.00 190.00  0.00 2386.58 
4  125.00  0.00 130.00  0.00 190.00  0.00 195.00  0.00 2202.01 
4  125.00  0.00 130.00  0.00 195.00  0.00 200.00  0.00 2619.72 
4  125.00  0.00 130.00  0.00 200.00  0.00 205.00  0.00 2804.48 
4  125.00  0.00 130.00  0.00 205.00  0.00 210.00  0.00 2850.21 
4  125.00  0.00 130.00  0.00 210.00  0.00 215.00  0.00 3369.71 
4  125.00  0.00 130.00  0.00 215.00  0.00 220.00  0.00 3260.92 
4  125.00  0.00 130.00  0.00 220.00  0.00 225.00  0.00 3194.50 
4  125.00  0.00 130.00  0.00 225.00  0.00 230.00  0.00 3278.14 
4  125.00  0.00 130.00  0.00 230.00  0.00 235.00  0.00 2824.23 
4  130.00  0.00 135.00  0.00 140.00  0.00 145.00  0.00 836.83 
4  130.00  0.00 135.00  0.00 145.00  0.00 150.00  0.00 974.58 
4  130.00  0.00 135.00  0.00 150.00  0.00 155.00  0.00 1334.19 
4  130.00  0.00 135.00  0.00 155.00  0.00 160.00  0.00 1619.95 
4  130.00  0.00 135.00  0.00 160.00  0.00 165.00  0.00 1582.64 
4  130.00  0.00 135.00  0.00 165.00  0.00 170.00  0.00 1710.73 
4  130.00  0.00 135.00  0.00 170.00  0.00 175.00  0.00 1804.20 
4  130.00  0.00 135.00  0.00 175.00  0.00 180.00  0.00 1697.07 
4  130.00  0.00 135.00  0.00 180.00  0.00 185.00  0.00 2010.97 
4  130.00  0.00 135.00  0.00 185.00  0.00 190.00  0.00 2021.87 
4  130.00  0.00 135.00  0.00 190.00  0.00 195.00  0.00 1873.49 
4  130.00  0.00 135.00  0.00 195.00  0.00 200.00  0.00 2238.31 
4  130.00  0.00 135.00  0.00 200.00  0.00 205.00  0.00 2403.95 
4  130.00  0.00 135.00  0.00 205.00  0.00 210.00  0.00 2447.76 
4  130.00  0.00 135.00  0.00 210.00  0.00 215.00  0.00 2918.20 
4  130.00  0.00 135.00  0.00 215.00  0.00 220.00  0.00 2794.97 
4  130.00  0.00 135.00  0.00 220.00  0.00 225.00  0.00 2793.82 
4  130.00  0.00 135.00  0.00 225.00  0.00 230.00  0.00 2808.81 
4  130.00  0.00 135.00  0.00 230.00  0.00 235.00  0.00 2475.90 
4  135.00  0.00 140.00  0.00 145.00  0.00 150.00  0.00 777.22 
4  135.00  0.00 140.00  0.00 150.00  0.00 155.00  0.00 1141.47 
4  135.00  0.00 140.00  0.00 155.00  0.00 160.00  0.00 1471.59 
4  135.00  0.00 140.00  0.00 160.00  0.00 165.00  0.00 1474.20 
4  135.00  0.00 140.00  0.00 165.00  0.00 170.00  0.00 1619.98 
4  135.00  0.00 140.00  0.00 170.00  0.00 175.00  0.00 1740.84 
4  135.00  0.00 140.00  0.00 175.00  0.00 180.00  0.00 1661.60 
4  135.00  0.00 140.00  0.00 180.00  0.00 185.00  0.00 1977.86 
4  135.00  0.00 140.00  0.00 185.00  0.00 190.00  0.00 2008.88 
4  135.00  0.00 140.00  0.00 190.00  0.00 195.00  0.00 1869.21 
4  135.00  0.00 140.00  0.00 195.00  0.00 200.00  0.00 2249.54 
4  135.00  0.00 140.00  0.00 200.00  0.00 205.00  0.00 2422.62 
4  135.00  0.00 140.00  0.00 205.00  0.00 210.00  0.00 2463.14 
4  135.00  0.00 140.00  0.00 210.00  0.00 215.00  0.00 2952.57 
4  135.00  0.00 140.00  0.00 215.00  0.00 220.00  0.00 2839.99 
4  135.00  0.00 140.00  0.00 220.00  0.00 225.00  0.00 2811.13 
4  135.00  0.00 140.00  0.00 225.00  0.00 230.00  0.00 2857.51 
4  135.00  0.00 140.00  0.00 230.00  0.00 235.00  0.00 2488.64 
4  140.00  0.00 145.00  0.00 150.00  0.00 155.00  0.00 840.98 
4  140.00  0.00 145.00  0.00 155.00  0.00 160.00  0.00 1267.65 
4  140.00  0.00 145.00  0.00 160.00  0.00 165.00  0.00 1326.04 
4  140.00  0.00 145.00  0.00 165.00  0.00 170.00  0.00 1489.92 
4  140.00  0.00 145.00  0.00 170.00  0.00 175.00  0.00 1652.05 
4  140.00  0.00 145.00  0.00 175.00  0.00 180.00  0.00 1602.92 
4  140.00  0.00 145.00  0.00 180.00  0.00 185.00  0.00 1944.46 
4  140.00  0.00 145.00  0.00 185.00  0.00 190.00  0.00 1985.98 
4  140.00  0.00 145.00  0.00 190.00  0.00 195.00  0.00 1867.18 
4  140.00  0.00 145.00  0.00 195.00  0.00 200.00  0.00 2265.82 
4  140.00  0.00 145.00  0.00 200.00  0.00 205.00  0.00 2460.46 
4  140.00  0.00 145.00  0.00 205.00  0.00 210.00  0.00 2498.39 
4  140.00  0.00 145.00  0.00 210.00  0.00 215.00  0.00 3015.56 
4  140.00  0.00 145.00  0.00 215.00  0.00 220.00  0.00 2889.15 
4  140.00  0.00 145.00  0.00 220.00  0.00 225.00  0.00 2874.69 
4  140.00  0.00 145.00  0.00 225.00  0.00 230.00  0.00 2955.67 
4  140.00  0.00 145.00  0.00 230.00  0.00 235.00  0.00 2524.40 
4  145.00  0.00 150.00  0.00 155.00  0.00 160.00  0.00 906.80 
4  145.00  0.00 150.00  0.00 160.00  0.00 165.00  0.00 1088.74 
4  145.00  0.00 150.00  0.00 165.00  0.00 170.00  0.00 1293.01 
4  145.00  0.00 150.00  0.00 170.00  0.00 175.00  0.00 1495.45 
4  145.00  0.00 150.00  0.00 175.00  0.00 180.00  0.00 1486.90 
4  145.00  0.00 150.00  0.00 180.00  0.00 185.00  0.00 1828.43 
4  145.00  0.00 150.00  0.00 185.00  0.00 190.00  0.00 1892.70 
4  145.00  0.00 150.00  0.00 190.00  0.00 195.00  0.00 1805.40 
4  145.00  0.00 150.00  0.00 195.00  0.00 200.00  0.00 2213.00 
4  145.00  0.00 150.00  0.00 200.00  0.00 205.00  0.00 2415.65 
4  145.00  0.00 150.00  0.00 205.00  0.00 210.00  0.00 2486.76 
4  145.00  0.00 150.00  0.00 210.00  0.00 215.00  0.00 3005.72 
4  145.00  0.00 150.00  0.00 215.00  0.00 220.00  0.00 2905.11 
4  145.00  0.00 150.00  0.00 220.00  0.00 225.00  0.00 2894.49 
4  145.00  0.00 150.00  0.00 225.00  0.00 230.00  0.00 2962.26 
4  145.00  0.00 150.00  0.00 230.00  0.00 235.00  0.00 2576.29 
4  150.00  0.00 155.00  0.00 160.00  0.00 165.00  0.00 817.89 
4  150.00  0.00 155.00  0.00 165.00  0.00 170.00  0.00 1073.58 
4  150.00  0.00 155.00  0.00 170.00  0.00 175.00  0.00 1358.62 
4  150.00  0.00 155.00  0.00 175.00  0.00 180.00  0.00 1432.34 
4  150.00  0.00 155.00  0.00 180.00  0.00 185.00  0.00 1838.06 
4  150.00  0.00 155.00  0.00 185.00  0.00 190.00  0.00 1948.48 
4  150.00  0.00 155.00  0.00 190.00  0.00 195.00  0.00 1901.85 
4  150.00  0.00 155.00  0.00 195.00  0.00 200.00  0.00 2384.38 
4  150.00  0.00 155.00  0.00 200.00  0.00 205.00  0.00 2638.61 
4  150.00  0.00 155.00  0.00 205.00  0.00 210.00  0.00 2732.11 
4  150.00  0.00 155.00  0.00 210.00  0.00 215.00  0.00 3333.22 
4  150.00  0.00 155.00  0.00 215.00  0.00 220.00  0.00 3259.43 
4  150.00  0.00 155.00  0.00 220.00  0.00 225.00  0.00 3238.25 
4  150.00  0.00 155.00  0.00 225.00  0.00 230.00  0.00 3372.24 
4  150.00  0.00 155.00  0.00 230.00  0.00 235.00  0.00 2887.46 
4  155.00  0.00 160.00  0.00 165.00  0.00 170.00  0.00 821.05 
4  155.00  0.00 160.00  0.00 170.00  0.00 175.00  0.00 1063.80 
4  155.00  0.00 160.00  0.00 175.00  0.00 180.00  0.00 1165.31 
4  155.00  0.00 160.00  0.00 180.00  0.00 185.00  0.00 1544.18 
4  155.00  0.00 160.00  0.00 185.00  0.00 190.00  0.00 1676.50 
4  155.00  0.00 160.00  0.00 190.00  0.00 195.00  0.00 1680.27 
4  155.00  0.00 160.00  0.00 195.00  0.00 200.00  0.00 2156.34 
4  155.00  0.00 160.00  0.00 200.00  0.00 205.00  0.00 2424.33 
4  155.00  0.00 160.00  0.00 205.00  0.00 210.00  0.00 2538.77 
4  155.00  0.00 160.00  0.00 210.00  0.00 215.00  0.00 3132.95 
4  155.00  0.00 160.00  0.00 215.00  0.00 220.00  0.00 3083.71 
4  155.00  0.00 160.00  0.00 220.00  0.00 225.00  0.00 3090.66 
4  155.00  0.00 160.00  0.00 225.00  0.00 230.00  0.00 3236.24 
4  155.00  0.00 160.00  0.00 230.00  0.00 235.00  0.00 2786.37 
4  160.00  0.00 165.00  0.00 170.00  0.00 175.00  0.00 1036.44 
4  160.00  0.00 165.00  0.00 175.00  0.00 180.00  0.00 1007.94 
4  160.00  0.00 165.00  0.00 180.00  0.00 185.00  0.00 1268.86 
4  160.00  0.00 165.00  0.00 185.00  0.00 190.00  0.00 1356.91 
4  160.00  0.00 165.00  0.00 190.00  0.00 195.00  0.00 1390.91 
4  160.00  0.00 165.00  0.00 195.00  0.00 200.00  0.00 1820.95 
4  160.00  0.00 165.00  0.00 200.00  0.00 205.00  0.00 2081.10 
4  160.00  0.00 165.00  0.00 205.00  0.00 210.00  0.00 2207.28 
4  160.00  0.00 165.00  0.00 210.00  0.00 215.00  0.00 2755.90 
4  160.00  0.00 165.00  0.00 215.00  0.00 220.00  0.00 2734.97 
4  160.00  0.00 165.00  0.00 220.00  0.00 225.00  0.00 2752.63 
4  160.00  0.00 165.00  0.00 225.00  0.00 230.00  0.00 2906.61 
4  160.00  0.00 165.00  0.00 230.00  0.00 235.00  0.00 2503.98 
4  165.00  0.00 170.00  0.00 175.00  0.00 180.00  0.00 1181.70 
4  165.00  0.00 170.00  0.00 180.00  0.00 185.00  0.00 1309.58 
4  165.00  0.00 170.00  0.00 185.00  0.00 190.00  0.00 1262.68 
4  165.00  0.00 170.00  0.00 190.00  0.00 195.00  0.00 1311.86 
4  165.00  0.00 170.00  0.00 195.00  0.00 200.00  0.00 1768.70 
4  165.00  0.00 170.00  0.00 200.00  0.00 205.00  0.00 2068.65 
4  165.00  0.00 170.00  0.00 205.00  0.00 210.00  0.00 2233.53 
4  165.00  0.00 170.00  0.00 210.00  0.00 215.00  0.00 2825.14 
4  165.00  0.00 170.00  0.00 215.00  0.00 220.00  0.00 2837.76 
4  165.00  0.00 170.00  0.00 220.00  0.00 225.00  0.00 2883.17 
4  165.00  0.00 170.00  0.00 225.00  0.00 230.00  0.00 3078.00 
4  165.00  0.00 170.00  0.00 230.00  0.00 235.00  0.00 2619.54 
4  170.00  0.00 175.00  0.00 180.00  0.00 185.00  0.00 1399.48 
4  170.00  0.00 175.00  0.00 185.00  0.00 190.00  0.00 1054.14 
4  170.00  0.00 175.00  0.00 190.00  0.00 195.00  0.00 1059.41 
4  170.00  0.00 175.00  0.00 195.00  0.00 200.00  0.00 1451.28 
4  170.00  0.00 175.00  0.00 200.00  0.00 205.00  0.00 1744.63 
4  170.00  0.00 175.00  0.00 205.00  0.00 210.00  0.00 1932.48 
4  170.00  0.00 175.00  0.00 210.00  0.00 215.00  0.00 2500.11 
4  170.00  0.00 175.00  0.00 215.00  0.00 220.00  0.00 2546.21 
4  170.00  0.00 175.00  0.00 220.00  0.00 225.00  0.00 2627.70 
4  170.00  0.00 175.00  0.00 225.00  0.00 230.00  0.00 2827.78 
4  170.00  0.00 175.00  0.00 230.00  0.00 235.00  0.00 2478.29 
4  175.00  0.00 180.00  0.00 185.00  0.00 190.00  0.00 1016.75 
4  175.00  0.00 180.00  0.00 190.00  0.00 195.00  0.00 856.25 
4  175.00  0.00 180.00  0.00 195.00  0.00 200.00  0.00 1130.87 
4  175.00  0.00 180.00  0.00 200.00  0.00 205.00  0.00 1376.35 
4  175.00  0.00 180.00  0.00 205.00  0.00 210.00  0.00 1557.32 
4  175.00  0.00 180.00  0.00 210.00  0.00 215.00  0.00 2057.43 
4  175.00  0.00 180.00  0.00 215.00  0.00 220.00  0.00 2125.93 
4  175.00  0.00 180.00  0.00 220.00  0.00 225.00  0.00 2227.06 
4  175.00  0.00 180.00  0.00 225.00  0.00 230.00  0.00 2421.98 
4  175.00  0.00 180.00  0.00 230.00  0.00 235.00  0.00 2132.99 
4  180.00  0.00 185.00  0.00 190.00  0.00 195.00  0.00 923.79 
4  180.00  0.00 185.00  0.00 195.00  0.00 200.00  0.00 1147.03 
4  180.00  0.00 185.00  0.00 200.00  0.00 205.00  0.00 1373.32 
4  180.00  0.00 185.00  0.00 205.00  0.00 210.00  0.00 1576.13 
4  180.00  0.00 185.00  0.00 210.00  0.00 215.00  0.00 2130.75 
4  180.00  0.00 185.00  0.00 215.00  0.00 220.00  0.00 2219.84 
4  180.00  0.00 185.00  0.00 220.00  0.00 225.00  0.00 2373.19 
4  180.00  0.00 185.00  0.00 225.00  0.00 230.00  0.00 2594.41 
4  180.00  0.00 185.00  0.00 230.00  0.00 235.00  0.00 2334.12 
4  185.00  0.00 190.00  0.00 195.00  0.00 200.00  0.00 1116.74 
4  185.00  0.00 190.00  0.00 200.00  0.00 205.00  0.00 1300.54 
4  185.00  0.00 190.00  0.00 205.00  0.00 210.00  0.00 1471.32 
4  185.00  0.00 190.00  0.00 210.00  0.00 215.00  0.00 2018.24 
4  185.00  0.00 190.00  0.00 215.00  0.00 220.00  0.00 2111.67 
4  185.00  0.00 190.00  0.00 220.00  0.00 225.00  0.00 2290.40 
4  185.00  0.00 190.00  0.00 225.00  0.00 230.00  0.00 2518.91 
4  185.00  0.00 190.00  0.00 230.00  0.00 235.00  0.00 2302.95 
4  190.00  0.00 195.00  0.00 200.00  0.00 205.00  0.00 1034.51 
4  190.00  0.00 195.00  0.00 205.00  0.00 210.00  0.00 1153.93 
4  190.00  0.00 195.00  0.00 210.00  0.00 215.00  0.00 1606.61 
4  190.00  0.00 195.00  0.00 215.00  0.00 220.00  0.00 1705.68 
4  190.00  0.00 195.00  0.00 220.00  0.00 225.00  0.00 1886.85 
4  190.00  0.00 195.00  0.00 225.00  0.00 230.00  0.00 2112.92 
4  190.00  0.00 195.00  0.00 230.00  0.00 235.00  0.00 1960.55 
4  195.00  0.00 200.00  0.00 205.00  0.00 210.00  0.00 1040.27 
4  195.00  0.00 200.00  0.00 210.00  0.00 215.00  0.00 1508.68 
4  195.00  0.00 200.00  0.00 215.00  0.00 220.00  0.00 1648.95 
4  195.00  0.00 200.00  0.00 220.00  0.00 225.00  0.00 1882.28 
4  195.00  0.00 200.00  0.00 225.00  0.00 230.00  0.00 2144.94 
4  195.00  0.00 200.00  0.00 230.00  0.00 235.00  0.00 2032.53 
4  200.00  0.00 205.00  0.00 210.00  0.00 215.00  0.00 1336.08 
4  200.00  0.00 205.00  0.00 215.00  0.00 220.00  0.00 1495.20 
4  200.00  0.00 205.00  0.00 220.00  0.00 225.00  0.00 1763.24 
4  200.00  0.00 205.00  0.00 225.00  0.00 230.00  0.00 2041.91 
4  200.00  0.00 205.00  0.00 230.00  0.00 235.00  0.00 1973.41 
4  205.00  0.00 210.00  0.00 215.00  0.00 220.00  0.00 1071.53 
4  205.00  0.00 210.00  0.00 220.00  0.00 225.00  0.00 1375.37 
4  205.00  0.00 210.00  0.00 225.00  0.00 230.00  0.00 1711.46 
4  205.00  0.00 210.00  0.00 230.00  0.00 235.00  0.00 1697.98 
4  210.00  0.00 215.00  0.00 220.00  0.00 225.00  0.00 1145.73 
4  210.00  0.00 215.00  0.00 225.00  0.00 230.00  0.00 1536.77 
4  210.00  0.00 215.00  0.00 230.00  0.00 235.00  0.00 1595.54 
4  215.00  0.00 220.00  0.00 225.00  0.00 230.00  0.00 1116.06 
4  215.00  0.00 220.00  0.00 230.00  0.00 235.00  0.00 1143.43 
4  220.00  0.00 225.00  0.00 230.00  0.00 235.00  0.00 810.27 
Topo	
2	
48	
0	3229.616
5	3228.263
10	3226.311
15	3225.692
20	3224.76
25	3223.519
30	3223.571
35	3220.214
40	3218.947
45	3219.622
50	3220.986
55	3222.614
60	3223.412
65	3223.628
70	3224.135
75	3223.831
80	3222.527
85	3221.386
90	3220.607
95	3220.018
100	3219.132
105	3218.804
110	3218.925
115	3219.813
120	3221.187
125	3221.349
130	3220.06
135	3218.882
140	3217.564
145	3216.986
150	3216.523
155	3214.139
160	3212.168
165	3207.967
170	3205.286
175	3204.369
180	3204.279
185	3203.862
190	3203.224
195	3203.165
200	3202.432
205	3202.705
210	3201.622
215	3200.935
220	3199.922
225	3199.504
230	3199.451
235	3198.745
1
0
0
0
0
