gl_3-pr_W
         5.00
11
1
Type of measurement (0=app. resistivity,1=resistance)
0
360
 2
0
4  0.00  0.00 225.00  0.00 75.00  0.00 150.00  0.00 159.53 
4  0.00  0.00 210.00  0.00 70.00  0.00 140.00  0.00 43204.50 
4  0.00  0.00 195.00  0.00 65.00  0.00 130.00  0.00 45854.25 
4  0.00  0.00 180.00  0.00 60.00  0.00 120.00  0.00 43294.84 
4  0.00  0.00 165.00  0.00 55.00  0.00 110.00  0.00 41545.82 
4  0.00  0.00 150.00  0.00 50.00  0.00 100.00  0.00 41777.36 
4  0.00  0.00 135.00  0.00 45.00  0.00 90.00  0.00 42182.77 
4  0.00  0.00 120.00  0.00 40.00  0.00 80.00  0.00 44383.95 
4  0.00  0.00 105.00  0.00 35.00  0.00 70.00  0.00 25122.27 
4  0.00  0.00 90.00  0.00 30.00  0.00 60.00  0.00 40999.63 
4  0.00  0.00 75.00  0.00 25.00  0.00 50.00  0.00 38143.59 
4  0.00  0.00 60.00  0.00 20.00  0.00 40.00  0.00 49806.06 
4  0.00  0.00 45.00  0.00 15.00  0.00 30.00  0.00 42642.77 
4  0.00  0.00 30.00  0.00 10.00  0.00 20.00  0.00 19458.83 
4  0.00  0.00 15.00  0.00 5.00  0.00 10.00  0.00 22219.55 
4  5.00  0.00 230.00  0.00 80.00  0.00 155.00  0.00 47644.73 
4  5.00  0.00 215.00  0.00 75.00  0.00 145.00  0.00 42873.18 
4  5.00  0.00 200.00  0.00 70.00  0.00 135.00  0.00 38634.09 
4  5.00  0.00 185.00  0.00 65.00  0.00 125.00  0.00 41069.85 
4  5.00  0.00 170.00  0.00 60.00  0.00 115.00  0.00 38023.14 
4  5.00  0.00 155.00  0.00 55.00  0.00 105.00  0.00 36611.64 
4  5.00  0.00 140.00  0.00 50.00  0.00 95.00  0.00 37307.24 
4  5.00  0.00 125.00  0.00 45.00  0.00 85.00  0.00 37209.18 
4  5.00  0.00 110.00  0.00 40.00  0.00 75.00  0.00 38974.60 
4  5.00  0.00 95.00  0.00 35.00  0.00 65.00  0.00 20587.39 
4  5.00  0.00 80.00  0.00 30.00  0.00 55.00  0.00 31964.80 
4  5.00  0.00 65.00  0.00 25.00  0.00 45.00  0.00 29848.27 
4  5.00  0.00 50.00  0.00 20.00  0.00 35.00  0.00 12552.85 
4  5.00  0.00 35.00  0.00 15.00  0.00 25.00  0.00 9424.78 
4  5.00  0.00 20.00  0.00 10.00  0.00 15.00  0.00 20235.66 
4  10.00  0.00 235.00  0.00 85.00  0.00 160.00  0.00 46757.37 
4  10.00  0.00 220.00  0.00 80.00  0.00 150.00  0.00 43316.29 
4  10.00  0.00 205.00  0.00 75.00  0.00 140.00  0.00 38097.67 
4  10.00  0.00 190.00  0.00 70.00  0.00 130.00  0.00 34921.95 
4  10.00  0.00 175.00  0.00 65.00  0.00 120.00  0.00 36630.97 
4  10.00  0.00 160.00  0.00 60.00  0.00 110.00  0.00 33716.02 
4  10.00  0.00 145.00  0.00 55.00  0.00 100.00  0.00 33195.84 
4  10.00  0.00 130.00  0.00 50.00  0.00 90.00  0.00 32483.16 
4  10.00  0.00 115.00  0.00 45.00  0.00 80.00  0.00 33135.31 
4  10.00  0.00 100.00  0.00 40.00  0.00 70.00  0.00 32546.90 
4  10.00  0.00 85.00  0.00 35.00  0.00 60.00  0.00 8595.75 
4  10.00  0.00 70.00  0.00 30.00  0.00 50.00  0.00 23804.30 
4  10.00  0.00 55.00  0.00 25.00  0.00 40.00  0.00 20788.37 
4  10.00  0.00 40.00  0.00 20.00  0.00 30.00  0.00 29269.98 
4  10.00  0.00 25.00  0.00 15.00  0.00 20.00  0.00 12438.01 
4  15.00  0.00 225.00  0.00 85.00  0.00 155.00  0.00 44630.46 
4  15.00  0.00 210.00  0.00 80.00  0.00 145.00  0.00 39506.19 
4  15.00  0.00 195.00  0.00 75.00  0.00 135.00  0.00 34469.36 
4  15.00  0.00 180.00  0.00 70.00  0.00 125.00  0.00 31611.04 
4  15.00  0.00 165.00  0.00 65.00  0.00 115.00  0.00 33255.36 
4  15.00  0.00 150.00  0.00 60.00  0.00 105.00  0.00 31631.46 
4  15.00  0.00 135.00  0.00 55.00  0.00 95.00  0.00 30957.62 
4  15.00  0.00 120.00  0.00 50.00  0.00 85.00  0.00 29795.19 
4  15.00  0.00 105.00  0.00 45.00  0.00 75.00  0.00 30199.89 
4  15.00  0.00 90.00  0.00 40.00  0.00 65.00  0.00 22631.87 
4  15.00  0.00 75.00  0.00 35.00  0.00 55.00  0.00 8312.72 
4  15.00  0.00 60.00  0.00 30.00  0.00 45.00  0.00 18711.50 
4  15.00  0.00 45.00  0.00 25.00  0.00 35.00  0.00 2242.73 
4  15.00  0.00 30.00  0.00 20.00  0.00 25.00  0.00 22315.36 
4  20.00  0.00 230.00  0.00 90.00  0.00 160.00  0.00 44692.01 
4  20.00  0.00 215.00  0.00 85.00  0.00 150.00  0.00 40365.09 
4  20.00  0.00 200.00  0.00 80.00  0.00 140.00  0.00 35377.64 
4  20.00  0.00 185.00  0.00 75.00  0.00 130.00  0.00 31163.79 
4  20.00  0.00 170.00  0.00 70.00  0.00 120.00  0.00 29298.26 
4  20.00  0.00 155.00  0.00 65.00  0.00 110.00  0.00 31219.84 
4  20.00  0.00 140.00  0.00 60.00  0.00 100.00  0.00 29970.79 
4  20.00  0.00 125.00  0.00 55.00  0.00 90.00  0.00 26743.15 
4  20.00  0.00 110.00  0.00 50.00  0.00 80.00  0.00 27185.77 
4  20.00  0.00 95.00  0.00 45.00  0.00 70.00  0.00 25296.37 
4  20.00  0.00 80.00  0.00 40.00  0.00 60.00  0.00 18422.54 
4  20.00  0.00 65.00  0.00 35.00  0.00 50.00  0.00 1147.19 
4  20.00  0.00 50.00  0.00 30.00  0.00 40.00  0.00 13096.64 
4  20.00  0.00 35.00  0.00 25.00  0.00 30.00  0.00 0.00 
4  25.00  0.00 235.00  0.00 95.00  0.00 165.00  0.00 46572.36 
4  25.00  0.00 220.00  0.00 90.00  0.00 155.00  0.00 44830.53 
4  25.00  0.00 205.00  0.00 85.00  0.00 145.00  0.00 40031.01 
4  25.00  0.00 190.00  0.00 80.00  0.00 135.00  0.00 34310.68 
4  25.00  0.00 175.00  0.00 75.00  0.00 125.00  0.00 30482.78 
4  25.00  0.00 160.00  0.00 70.00  0.00 115.00  0.00 28477.91 
4  25.00  0.00 145.00  0.00 65.00  0.00 105.00  0.00 32285.90 
4  25.00  0.00 130.00  0.00 60.00  0.00 95.00  0.00 29851.91 
4  25.00  0.00 115.00  0.00 55.00  0.00 85.00  0.00 27927.63 
4  25.00  0.00 100.00  0.00 50.00  0.00 75.00  0.00 27922.71 
4  25.00  0.00 85.00  0.00 45.00  0.00 65.00  0.00 19737.27 
4  25.00  0.00 70.00  0.00 40.00  0.00 55.00  0.00 18408.35 
4  25.00  0.00 55.00  0.00 35.00  0.00 45.00  0.00 274.82 
4  25.00  0.00 40.00  0.00 30.00  0.00 35.00  0.00 986.21 
4  30.00  0.00 225.00  0.00 95.00  0.00 160.00  0.00 44902.99 
4  30.00  0.00 210.00  0.00 90.00  0.00 150.00  0.00 41454.09 
4  30.00  0.00 195.00  0.00 85.00  0.00 140.00  0.00 35939.82 
4  30.00  0.00 180.00  0.00 80.00  0.00 130.00  0.00 31291.39 
4  30.00  0.00 165.00  0.00 75.00  0.00 120.00  0.00 28851.48 
4  30.00  0.00 150.00  0.00 70.00  0.00 110.00  0.00 27398.95 
4  30.00  0.00 135.00  0.00 65.00  0.00 100.00  0.00 30906.73 
4  30.00  0.00 120.00  0.00 60.00  0.00 90.00  0.00 25482.04 
4  30.00  0.00 105.00  0.00 55.00  0.00 80.00  0.00 25610.96 
4  30.00  0.00 90.00  0.00 50.00  0.00 70.00  0.00 24504.42 
4  30.00  0.00 75.00  0.00 45.00  0.00 60.00  0.00 16367.08 
4  30.00  0.00 60.00  0.00 40.00  0.00 50.00  0.00 15334.63 
4  30.00  0.00 45.00  0.00 35.00  0.00 40.00  0.00 1264.95 
4  35.00  0.00 230.00  0.00 100.00  0.00 165.00  0.00 7963.94 
4  35.00  0.00 215.00  0.00 95.00  0.00 155.00  0.00 10367.25 
4  35.00  0.00 200.00  0.00 90.00  0.00 145.00  0.00 21080.09 
4  35.00  0.00 185.00  0.00 85.00  0.00 135.00  0.00 27488.94 
4  35.00  0.00 170.00  0.00 80.00  0.00 125.00  0.00 5796.24 
4  35.00  0.00 155.00  0.00 75.00  0.00 115.00  0.00 4649.56 
4  35.00  0.00 140.00  0.00 70.00  0.00 105.00  0.00 8796.46 
4  35.00  0.00 125.00  0.00 65.00  0.00 95.00  0.00 29216.81 
4  35.00  0.00 110.00  0.00 60.00  0.00 85.00  0.00 1649.34 
4  35.00  0.00 95.00  0.00 55.00  0.00 75.00  0.00 7916.81 
4  35.00  0.00 80.00  0.00 50.00  0.00 65.00  0.00 14419.91 
4  35.00  0.00 65.00  0.00 45.00  0.00 55.00  0.00 3204.42 
4  35.00  0.00 50.00  0.00 40.00  0.00 45.00  0.00 1727.88 
4  40.00  0.00 235.00  0.00 105.00  0.00 170.00  0.00 43738.45 
4  40.00  0.00 220.00  0.00 100.00  0.00 160.00  0.00 42286.80 
4  40.00  0.00 205.00  0.00 95.00  0.00 150.00  0.00 39176.71 
4  40.00  0.00 190.00  0.00 90.00  0.00 140.00  0.00 34469.55 
4  40.00  0.00 175.00  0.00 85.00  0.00 130.00  0.00 29583.16 
4  40.00  0.00 160.00  0.00 80.00  0.00 120.00  0.00 27348.99 
4  40.00  0.00 145.00  0.00 75.00  0.00 110.00  0.00 25109.53 
4  40.00  0.00 130.00  0.00 70.00  0.00 100.00  0.00 23070.67 
4  40.00  0.00 115.00  0.00 65.00  0.00 90.00  0.00 23162.11 
4  40.00  0.00 100.00  0.00 60.00  0.00 80.00  0.00 21432.54 
4  40.00  0.00 85.00  0.00 55.00  0.00 70.00  0.00 19653.71 
4  40.00  0.00 70.00  0.00 50.00  0.00 60.00  0.00 11285.96 
4  40.00  0.00 55.00  0.00 45.00  0.00 50.00  0.00 10170.91 
4  45.00  0.00 225.00  0.00 105.00  0.00 165.00  0.00 42231.67 
4  45.00  0.00 210.00  0.00 100.00  0.00 155.00  0.00 40203.77 
4  45.00  0.00 195.00  0.00 95.00  0.00 145.00  0.00 35947.61 
4  45.00  0.00 180.00  0.00 90.00  0.00 135.00  0.00 31166.39 
4  45.00  0.00 165.00  0.00 85.00  0.00 125.00  0.00 27944.20 
4  45.00  0.00 150.00  0.00 80.00  0.00 115.00  0.00 25327.44 
4  45.00  0.00 135.00  0.00 75.00  0.00 105.00  0.00 22986.87 
4  45.00  0.00 120.00  0.00 70.00  0.00 95.00  0.00 19172.04 
4  45.00  0.00 105.00  0.00 65.00  0.00 85.00  0.00 21586.23 
4  45.00  0.00 90.00  0.00 60.00  0.00 75.00  0.00 21260.17 
4  45.00  0.00 75.00  0.00 55.00  0.00 65.00  0.00 9899.63 
4  45.00  0.00 60.00  0.00 50.00  0.00 55.00  0.00 10098.04 
4  50.00  0.00 230.00  0.00 110.00  0.00 170.00  0.00 41151.23 
4  50.00  0.00 215.00  0.00 105.00  0.00 160.00  0.00 39927.23 
4  50.00  0.00 200.00  0.00 100.00  0.00 150.00  0.00 36662.39 
4  50.00  0.00 185.00  0.00 95.00  0.00 140.00  0.00 31914.31 
4  50.00  0.00 170.00  0.00 90.00  0.00 130.00  0.00 28655.94 
4  50.00  0.00 155.00  0.00 85.00  0.00 120.00  0.00 26568.06 
4  50.00  0.00 140.00  0.00 80.00  0.00 110.00  0.00 17332.32 
4  50.00  0.00 125.00  0.00 75.00  0.00 100.00  0.00 6896.89 
4  50.00  0.00 110.00  0.00 70.00  0.00 90.00  0.00 14730.07 
4  50.00  0.00 95.00  0.00 65.00  0.00 80.00  0.00 18248.23 
4  50.00  0.00 80.00  0.00 60.00  0.00 70.00  0.00 18152.77 
4  50.00  0.00 65.00  0.00 55.00  0.00 60.00  0.00 8949.84 
4  55.00  0.00 235.00  0.00 115.00  0.00 175.00  0.00 40992.82 
4  55.00  0.00 220.00  0.00 110.00  0.00 165.00  0.00 38802.29 
4  55.00  0.00 205.00  0.00 105.00  0.00 155.00  0.00 37977.02 
4  55.00  0.00 190.00  0.00 100.00  0.00 145.00  0.00 33294.60 
4  55.00  0.00 175.00  0.00 95.00  0.00 135.00  0.00 28337.74 
4  55.00  0.00 160.00  0.00 90.00  0.00 125.00  0.00 27224.48 
4  55.00  0.00 145.00  0.00 85.00  0.00 115.00  0.00 22719.48 
4  55.00  0.00 130.00  0.00 80.00  0.00 105.00  0.00 21157.20 
4  55.00  0.00 115.00  0.00 75.00  0.00 95.00  0.00 17341.59 
4  55.00  0.00 100.00  0.00 70.00  0.00 85.00  0.00 6975.93 
4  55.00  0.00 85.00  0.00 65.00  0.00 75.00  0.00 3799.23 
4  55.00  0.00 70.00  0.00 60.00  0.00 65.00  0.00 6796.08 
4  60.00  0.00 225.00  0.00 115.00  0.00 170.00  0.00 38172.05 
4  60.00  0.00 210.00  0.00 110.00  0.00 160.00  0.00 36525.82 
4  60.00  0.00 195.00  0.00 105.00  0.00 150.00  0.00 34149.11 
4  60.00  0.00 180.00  0.00 100.00  0.00 140.00  0.00 29172.77 
4  60.00  0.00 165.00  0.00 95.00  0.00 130.00  0.00 26103.96 
4  60.00  0.00 150.00  0.00 90.00  0.00 120.00  0.00 26472.05 
4  60.00  0.00 135.00  0.00 85.00  0.00 110.00  0.00 22913.57 
4  60.00  0.00 120.00  0.00 80.00  0.00 100.00  0.00 17597.33 
4  60.00  0.00 105.00  0.00 75.00  0.00 90.00  0.00 10866.34 
4  60.00  0.00 90.00  0.00 70.00  0.00 80.00  0.00 11909.23 
4  60.00  0.00 75.00  0.00 65.00  0.00 70.00  0.00 16415.25 
4  65.00  0.00 230.00  0.00 120.00  0.00 175.00  0.00 36951.66 
4  65.00  0.00 215.00  0.00 115.00  0.00 165.00  0.00 35790.67 
4  65.00  0.00 200.00  0.00 110.00  0.00 155.00  0.00 34056.71 
4  65.00  0.00 185.00  0.00 105.00  0.00 145.00  0.00 30239.90 
4  65.00  0.00 170.00  0.00 100.00  0.00 135.00  0.00 25831.75 
4  65.00  0.00 155.00  0.00 95.00  0.00 125.00  0.00 24438.73 
4  65.00  0.00 140.00  0.00 90.00  0.00 115.00  0.00 23818.30 
4  65.00  0.00 125.00  0.00 85.00  0.00 105.00  0.00 18444.43 
4  65.00  0.00 110.00  0.00 80.00  0.00 95.00  0.00 15305.50 
4  65.00  0.00 95.00  0.00 75.00  0.00 85.00  0.00 7906.41 
4  65.00  0.00 80.00  0.00 70.00  0.00 75.00  0.00 8495.79 
4  70.00  0.00 235.00  0.00 125.00  0.00 180.00  0.00 38323.79 
4  70.00  0.00 220.00  0.00 120.00  0.00 170.00  0.00 36237.31 
4  70.00  0.00 205.00  0.00 115.00  0.00 160.00  0.00 35992.30 
4  70.00  0.00 190.00  0.00 110.00  0.00 150.00  0.00 32446.37 
4  70.00  0.00 175.00  0.00 105.00  0.00 140.00  0.00 28763.47 
4  70.00  0.00 160.00  0.00 100.00  0.00 130.00  0.00 26330.97 
4  70.00  0.00 145.00  0.00 95.00  0.00 120.00  0.00 26740.50 
4  70.00  0.00 130.00  0.00 90.00  0.00 110.00  0.00 23844.36 
4  70.00  0.00 115.00  0.00 85.00  0.00 100.00  0.00 19725.61 
4  70.00  0.00 100.00  0.00 80.00  0.00 90.00  0.00 11887.54 
4  70.00  0.00 85.00  0.00 75.00  0.00 80.00  0.00 12022.63 
4  75.00  0.00 225.00  0.00 125.00  0.00 175.00  0.00 37231.08 
4  75.00  0.00 210.00  0.00 120.00  0.00 165.00  0.00 34813.98 
4  75.00  0.00 195.00  0.00 115.00  0.00 155.00  0.00 34038.55 
4  75.00  0.00 180.00  0.00 110.00  0.00 145.00  0.00 29822.59 
4  75.00  0.00 165.00  0.00 105.00  0.00 135.00  0.00 26576.52 
4  75.00  0.00 150.00  0.00 100.00  0.00 125.00  0.00 25984.98 
4  75.00  0.00 135.00  0.00 95.00  0.00 115.00  0.00 22885.26 
4  75.00  0.00 120.00  0.00 90.00  0.00 105.00  0.00 20624.22 
4  75.00  0.00 105.00  0.00 85.00  0.00 95.00  0.00 18695.42 
4  75.00  0.00 90.00  0.00 80.00  0.00 85.00  0.00 11470.65 
4  80.00  0.00 230.00  0.00 130.00  0.00 180.00  0.00 36170.77 
4  80.00  0.00 215.00  0.00 125.00  0.00 170.00  0.00 34292.40 
4  80.00  0.00 200.00  0.00 120.00  0.00 160.00  0.00 32389.01 
4  80.00  0.00 185.00  0.00 115.00  0.00 150.00  0.00 30196.37 
4  80.00  0.00 170.00  0.00 110.00  0.00 140.00  0.00 25910.89 
4  80.00  0.00 155.00  0.00 105.00  0.00 130.00  0.00 24568.05 
4  80.00  0.00 140.00  0.00 100.00  0.00 120.00  0.00 25007.92 
4  80.00  0.00 125.00  0.00 95.00  0.00 110.00  0.00 18157.24 
4  80.00  0.00 110.00  0.00 90.00  0.00 100.00  0.00 19314.22 
4  80.00  0.00 95.00  0.00 85.00  0.00 90.00  0.00 6512.30 
4  85.00  0.00 235.00  0.00 135.00  0.00 185.00  0.00 35853.93 
4  85.00  0.00 220.00  0.00 130.00  0.00 175.00  0.00 34245.49 
4  85.00  0.00 205.00  0.00 125.00  0.00 165.00  0.00 31831.76 
4  85.00  0.00 190.00  0.00 120.00  0.00 155.00  0.00 29594.47 
4  85.00  0.00 175.00  0.00 115.00  0.00 145.00  0.00 26786.21 
4  85.00  0.00 160.00  0.00 110.00  0.00 135.00  0.00 23357.55 
4  85.00  0.00 145.00  0.00 105.00  0.00 125.00  0.00 23551.57 
4  85.00  0.00 130.00  0.00 100.00  0.00 115.00  0.00 18517.67 
4  85.00  0.00 115.00  0.00 95.00  0.00 105.00  0.00 13744.94 
4  85.00  0.00 100.00  0.00 90.00  0.00 95.00  0.00 16692.33 
4  90.00  0.00 225.00  0.00 135.00  0.00 180.00  0.00 32769.95 
4  90.00  0.00 210.00  0.00 130.00  0.00 170.00  0.00 30917.84 
4  90.00  0.00 195.00  0.00 125.00  0.00 160.00  0.00 29261.42 
4  90.00  0.00 180.00  0.00 120.00  0.00 150.00  0.00 26024.85 
4  90.00  0.00 165.00  0.00 115.00  0.00 140.00  0.00 23253.77 
4  90.00  0.00 150.00  0.00 110.00  0.00 130.00  0.00 22082.01 
4  90.00  0.00 135.00  0.00 105.00  0.00 120.00  0.00 21159.97 
4  90.00  0.00 120.00  0.00 100.00  0.00 110.00  0.00 13091.09 
4  90.00  0.00 105.00  0.00 95.00  0.00 100.00  0.00 9108.08 
4  95.00  0.00 230.00  0.00 140.00  0.00 185.00  0.00 33020.23 
4  95.00  0.00 215.00  0.00 135.00  0.00 175.00  0.00 31609.93 
4  95.00  0.00 200.00  0.00 130.00  0.00 165.00  0.00 29344.19 
4  95.00  0.00 185.00  0.00 125.00  0.00 155.00  0.00 27632.79 
4  95.00  0.00 170.00  0.00 120.00  0.00 145.00  0.00 24399.70 
4  95.00  0.00 155.00  0.00 115.00  0.00 135.00  0.00 23493.88 
4  95.00  0.00 140.00  0.00 110.00  0.00 125.00  0.00 23685.77 
4  95.00  0.00 125.00  0.00 105.00  0.00 115.00  0.00 17969.91 
4  95.00  0.00 110.00  0.00 100.00  0.00 105.00  0.00 12084.66 
4  100.00  0.00 235.00  0.00 145.00  0.00 190.00  0.00 32196.95 
4  100.00  0.00 220.00  0.00 140.00  0.00 180.00  0.00 30981.43 
4  100.00  0.00 205.00  0.00 135.00  0.00 170.00  0.00 29560.10 
4  100.00  0.00 190.00  0.00 130.00  0.00 160.00  0.00 27997.61 
4  100.00  0.00 175.00  0.00 125.00  0.00 150.00  0.00 25110.70 
4  100.00  0.00 160.00  0.00 120.00  0.00 140.00  0.00 22352.81 
4  100.00  0.00 145.00  0.00 115.00  0.00 130.00  0.00 23249.00 
4  100.00  0.00 130.00  0.00 110.00  0.00 120.00  0.00 20683.39 
4  100.00  0.00 115.00  0.00 105.00  0.00 110.00  0.00 15121.53 
4  105.00  0.00 225.00  0.00 145.00  0.00 185.00  0.00 29709.15 
4  105.00  0.00 210.00  0.00 140.00  0.00 175.00  0.00 29392.31 
4  105.00  0.00 195.00  0.00 135.00  0.00 165.00  0.00 27711.17 
4  105.00  0.00 180.00  0.00 130.00  0.00 155.00  0.00 26409.22 
4  105.00  0.00 165.00  0.00 125.00  0.00 145.00  0.00 23552.97 
4  105.00  0.00 150.00  0.00 120.00  0.00 135.00  0.00 20663.59 
4  105.00  0.00 135.00  0.00 115.00  0.00 125.00  0.00 20517.19 
4  105.00  0.00 120.00  0.00 110.00  0.00 115.00  0.00 11488.37 
4  110.00  0.00 230.00  0.00 150.00  0.00 190.00  0.00 30015.67 
4  110.00  0.00 215.00  0.00 145.00  0.00 180.00  0.00 27417.22 
4  110.00  0.00 200.00  0.00 140.00  0.00 170.00  0.00 27189.95 
4  110.00  0.00 185.00  0.00 135.00  0.00 160.00  0.00 26194.74 
4  110.00  0.00 170.00  0.00 130.00  0.00 150.00  0.00 24143.14 
4  110.00  0.00 155.00  0.00 125.00  0.00 140.00  0.00 20831.30 
4  110.00  0.00 140.00  0.00 120.00  0.00 130.00  0.00 18057.99 
4  110.00  0.00 125.00  0.00 115.00  0.00 120.00  0.00 16499.64 
4  115.00  0.00 235.00  0.00 155.00  0.00 195.00  0.00 28191.58 
4  115.00  0.00 220.00  0.00 150.00  0.00 185.00  0.00 26868.22 
4  115.00  0.00 205.00  0.00 145.00  0.00 175.00  0.00 25602.61 
4  115.00  0.00 190.00  0.00 140.00  0.00 165.00  0.00 25249.34 
4  115.00  0.00 175.00  0.00 135.00  0.00 155.00  0.00 24380.87 
4  115.00  0.00 160.00  0.00 130.00  0.00 145.00  0.00 22428.75 
4  115.00  0.00 145.00  0.00 125.00  0.00 135.00  0.00 17709.27 
4  115.00  0.00 130.00  0.00 120.00  0.00 125.00  0.00 11471.51 
4  120.00  0.00 225.00  0.00 155.00  0.00 190.00  0.00 27078.26 
4  120.00  0.00 210.00  0.00 150.00  0.00 180.00  0.00 25125.16 
4  120.00  0.00 195.00  0.00 145.00  0.00 170.00  0.00 24253.10 
4  120.00  0.00 180.00  0.00 140.00  0.00 160.00  0.00 25062.60 
4  120.00  0.00 165.00  0.00 135.00  0.00 150.00  0.00 23667.23 
4  120.00  0.00 150.00  0.00 130.00  0.00 140.00  0.00 19669.91 
4  120.00  0.00 135.00  0.00 125.00  0.00 130.00  0.00 13115.47 
4  125.00  0.00 230.00  0.00 160.00  0.00 195.00  0.00 26736.43 
4  125.00  0.00 215.00  0.00 155.00  0.00 185.00  0.00 23857.66 
4  125.00  0.00 200.00  0.00 150.00  0.00 175.00  0.00 23092.20 
4  125.00  0.00 185.00  0.00 145.00  0.00 165.00  0.00 22116.81 
4  125.00  0.00 170.00  0.00 140.00  0.00 155.00  0.00 23273.46 
4  125.00  0.00 155.00  0.00 135.00  0.00 145.00  0.00 20613.43 
4  125.00  0.00 140.00  0.00 130.00  0.00 135.00  0.00 12725.54 
4  130.00  0.00 235.00  0.00 165.00  0.00 200.00  0.00 28079.22 
4  130.00  0.00 220.00  0.00 160.00  0.00 190.00  0.00 24497.69 
4  130.00  0.00 205.00  0.00 155.00  0.00 180.00  0.00 21362.83 
4  130.00  0.00 190.00  0.00 150.00  0.00 170.00  0.00 20659.11 
4  130.00  0.00 175.00  0.00 145.00  0.00 160.00  0.00 19812.78 
4  130.00  0.00 160.00  0.00 140.00  0.00 150.00  0.00 19971.10 
4  130.00  0.00 145.00  0.00 135.00  0.00 140.00  0.00 12459.99 
4  135.00  0.00 225.00  0.00 165.00  0.00 195.00  0.00 24519.91 
4  135.00  0.00 210.00  0.00 160.00  0.00 185.00  0.00 21235.20 
4  135.00  0.00 195.00  0.00 155.00  0.00 175.00  0.00 19335.27 
4  135.00  0.00 180.00  0.00 150.00  0.00 165.00  0.00 18758.00 
4  135.00  0.00 165.00  0.00 145.00  0.00 155.00  0.00 18217.18 
4  135.00  0.00 150.00  0.00 140.00  0.00 145.00  0.00 14278.13 
4  140.00  0.00 230.00  0.00 170.00  0.00 200.00  0.00 26417.65 
4  140.00  0.00 215.00  0.00 165.00  0.00 190.00  0.00 22283.96 
4  140.00  0.00 200.00  0.00 160.00  0.00 180.00  0.00 18319.25 
4  140.00  0.00 185.00  0.00 155.00  0.00 170.00  0.00 16448.52 
4  140.00  0.00 170.00  0.00 150.00  0.00 160.00  0.00 16333.98 
4  140.00  0.00 155.00  0.00 145.00  0.00 150.00  0.00 11729.57 
4  145.00  0.00 235.00  0.00 175.00  0.00 205.00  0.00 27208.92 
4  145.00  0.00 220.00  0.00 170.00  0.00 195.00  0.00 22530.62 
4  145.00  0.00 205.00  0.00 165.00  0.00 185.00  0.00 19138.72 
4  145.00  0.00 190.00  0.00 160.00  0.00 175.00  0.00 16745.85 
4  145.00  0.00 175.00  0.00 155.00  0.00 165.00  0.00 13891.67 
4  145.00  0.00 160.00  0.00 150.00  0.00 155.00  0.00 14033.02 
4  150.00  0.00 225.00  0.00 175.00  0.00 200.00  0.00 23687.61 
4  150.00  0.00 210.00  0.00 170.00  0.00 190.00  0.00 19398.67 
4  150.00  0.00 195.00  0.00 165.00  0.00 180.00  0.00 15403.02 
4  150.00  0.00 180.00  0.00 160.00  0.00 170.00  0.00 13305.46 
4  150.00  0.00 165.00  0.00 155.00  0.00 160.00  0.00 11072.37 
4  155.00  0.00 230.00  0.00 180.00  0.00 205.00  0.00 25434.54 
4  155.00  0.00 215.00  0.00 175.00  0.00 195.00  0.00 18824.19 
4  155.00  0.00 200.00  0.00 170.00  0.00 185.00  0.00 15199.92 
4  155.00  0.00 185.00  0.00 165.00  0.00 175.00  0.00 13360.70 
4  155.00  0.00 170.00  0.00 160.00  0.00 165.00  0.00 11874.68 
4  160.00  0.00 235.00  0.00 185.00  0.00 210.00  0.00 26298.86 
4  160.00  0.00 220.00  0.00 180.00  0.00 200.00  0.00 20647.02 
4  160.00  0.00 205.00  0.00 175.00  0.00 190.00  0.00 15537.06 
4  160.00  0.00 190.00  0.00 170.00  0.00 180.00  0.00 11669.84 
4  160.00  0.00 175.00  0.00 165.00  0.00 170.00  0.00 9684.97 
4  165.00  0.00 225.00  0.00 185.00  0.00 205.00  0.00 21254.62 
4  165.00  0.00 210.00  0.00 180.00  0.00 195.00  0.00 15435.26 
4  165.00  0.00 195.00  0.00 175.00  0.00 185.00  0.00 11302.75 
4  165.00  0.00 180.00  0.00 170.00  0.00 175.00  0.00 11555.78 
4  170.00  0.00 230.00  0.00 190.00  0.00 210.00  0.00 22358.92 
4  170.00  0.00 215.00  0.00 185.00  0.00 200.00  0.00 16607.45 
4  170.00  0.00 200.00  0.00 180.00  0.00 190.00  0.00 13115.47 
4  170.00  0.00 185.00  0.00 175.00  0.00 180.00  0.00 8968.59 
4  175.00  0.00 235.00  0.00 195.00  0.00 215.00  0.00 25619.08 
4  175.00  0.00 220.00  0.00 190.00  0.00 205.00  0.00 17341.59 
4  175.00  0.00 205.00  0.00 185.00  0.00 195.00  0.00 13170.98 
4  175.00  0.00 190.00  0.00 180.00  0.00 185.00  0.00 11229.15 
4  180.00  0.00 225.00  0.00 195.00  0.00 210.00  0.00 19836.25 
4  180.00  0.00 210.00  0.00 190.00  0.00 200.00  0.00 13494.26 
4  180.00  0.00 195.00  0.00 185.00  0.00 190.00  0.00 12672.70 
4  185.00  0.00 230.00  0.00 200.00  0.00 215.00  0.00 22395.07 
4  185.00  0.00 215.00  0.00 195.00  0.00 205.00  0.00 14985.40 
4  185.00  0.00 200.00  0.00 190.00  0.00 195.00  0.00 9856.92 
4  190.00  0.00 235.00  0.00 205.00  0.00 220.00  0.00 26732.61 
4  190.00  0.00 220.00  0.00 200.00  0.00 210.00  0.00 16424.11 
4  190.00  0.00 205.00  0.00 195.00  0.00 200.00  0.00 13233.52 
4  195.00  0.00 225.00  0.00 205.00  0.00 215.00  0.00 19837.17 
4  195.00  0.00 210.00  0.00 200.00  0.00 205.00  0.00 10087.78 
4  200.00  0.00 230.00  0.00 210.00  0.00 220.00  0.00 22241.23 
4  200.00  0.00 215.00  0.00 205.00  0.00 210.00  0.00 12399.52 
4  205.00  0.00 235.00  0.00 215.00  0.00 225.00  0.00 24353.62 
4  205.00  0.00 220.00  0.00 210.00  0.00 215.00  0.00 12604.86 
4  210.00  0.00 225.00  0.00 215.00  0.00 220.00  0.00 15345.47 
4  215.00  0.00 230.00  0.00 220.00  0.00 225.00  0.00 16867.50 
4  220.00  0.00 235.00  0.00 225.00  0.00 230.00  0.00 22669.27 
Topo	
2	
48	
0	3130.366
5	3126.086
10	3125.666
15	3126.592
20	3127.133
25	3129.4
30	3128.021
35	3127.119
40	3127.219
45	3127.09
50	3126.804
55	3127.49
60	3126.656
65	3124.878
70	3124.356
75	3126.135
80	3127.05
85	3128.491
90	3128.02
95	3127.857
100	3128.7
105	3128.272
110	3128.583
115	3129.787
120	3131.181
125	3132.158
130	3132.95
135	3133.773
140	3135.248
145	3135.522
150	3136.276
155	3136.911
160	3137.083
165	3137.77
170	3138.153
175	3137.645
180	3137.506
185	3139.296
190	3140.287
195	3142.498
200	3143.867
205	3144.039
210	3144.789
215	3145.756
220	3145.957
225	3146.047
230	3147.762
235	3149.985
1
0
0
0
0
