KAR02_2024-08-18_W5m.binx
         5.00
11
1
Type of measurement (0=app. resistivity,1=resistance)
0
360
 2
0
4  0.00  0.00 225.00  0.00 75.00  0.00 150.00  0.00 384.15 
4  0.00  0.00 210.00  0.00 70.00  0.00 140.00  0.00 403.28 
4  0.00  0.00 195.00  0.00 65.00  0.00 130.00  0.00 455.16 
4  0.00  0.00 180.00  0.00 60.00  0.00 120.00  0.00 556.12 
4  0.00  0.00 165.00  0.00 55.00  0.00 110.00  0.00 570.69 
4  0.00  0.00 150.00  0.00 50.00  0.00 100.00  0.00 598.95 
4  0.00  0.00 135.00  0.00 45.00  0.00 90.00  0.00 576.71 
4  0.00  0.00 120.00  0.00 40.00  0.00 80.00  0.00 563.42 
4  0.00  0.00 105.00  0.00 35.00  0.00 70.00  0.00 570.72 
4  0.00  0.00 90.00  0.00 30.00  0.00 60.00  0.00 684.33 
4  0.00  0.00 75.00  0.00 25.00  0.00 50.00  0.00 767.79 
4  0.00  0.00 60.00  0.00 20.00  0.00 40.00  0.00 1008.65 
4  0.00  0.00 45.00  0.00 15.00  0.00 30.00  0.00 930.32 
4  0.00  0.00 30.00  0.00 10.00  0.00 20.00  0.00 1485.91 
4  0.00  0.00 15.00  0.00 5.00  0.00 10.00  0.00 1389.98 
4  5.00  0.00 230.00  0.00 80.00  0.00 155.00  0.00 433.06 
4  5.00  0.00 215.00  0.00 75.00  0.00 145.00  0.00 404.65 
4  5.00  0.00 200.00  0.00 70.00  0.00 135.00  0.00 463.95 
4  5.00  0.00 185.00  0.00 65.00  0.00 125.00  0.00 537.92 
4  5.00  0.00 170.00  0.00 60.00  0.00 115.00  0.00 562.81 
4  5.00  0.00 155.00  0.00 55.00  0.00 105.00  0.00 593.45 
4  5.00  0.00 140.00  0.00 50.00  0.00 95.00  0.00 644.79 
4  5.00  0.00 125.00  0.00 45.00  0.00 85.00  0.00 661.36 
4  5.00  0.00 110.00  0.00 40.00  0.00 75.00  0.00 614.36 
4  5.00  0.00 95.00  0.00 35.00  0.00 65.00  0.00 621.49 
4  5.00  0.00 80.00  0.00 30.00  0.00 55.00  0.00 794.78 
4  5.00  0.00 65.00  0.00 25.00  0.00 45.00  0.00 1049.87 
4  5.00  0.00 50.00  0.00 20.00  0.00 35.00  0.00 1141.38 
4  5.00  0.00 35.00  0.00 15.00  0.00 25.00  0.00 1527.89 
4  5.00  0.00 20.00  0.00 10.00  0.00 15.00  0.00 3100.63 
4  10.00  0.00 235.00  0.00 85.00  0.00 160.00  0.00 407.41 
4  10.00  0.00 220.00  0.00 80.00  0.00 150.00  0.00 405.67 
4  10.00  0.00 205.00  0.00 75.00  0.00 140.00  0.00 419.57 
4  10.00  0.00 190.00  0.00 70.00  0.00 130.00  0.00 516.72 
4  10.00  0.00 175.00  0.00 65.00  0.00 120.00  0.00 598.38 
4  10.00  0.00 160.00  0.00 60.00  0.00 110.00  0.00 621.57 
4  10.00  0.00 145.00  0.00 55.00  0.00 100.00  0.00 650.57 
4  10.00  0.00 130.00  0.00 50.00  0.00 90.00  0.00 627.72 
4  10.00  0.00 115.00  0.00 45.00  0.00 80.00  0.00 659.37 
4  10.00  0.00 100.00  0.00 40.00  0.00 70.00  0.00 596.40 
4  10.00  0.00 85.00  0.00 35.00  0.00 60.00  0.00 808.05 
4  10.00  0.00 70.00  0.00 30.00  0.00 50.00  0.00 1107.41 
4  10.00  0.00 55.00  0.00 25.00  0.00 40.00  0.00 1290.36 
4  10.00  0.00 40.00  0.00 20.00  0.00 30.00  0.00 1317.61 
4  10.00  0.00 25.00  0.00 15.00  0.00 20.00  0.00 1736.89 
4  15.00  0.00 225.00  0.00 85.00  0.00 155.00  0.00 405.52 
4  15.00  0.00 210.00  0.00 80.00  0.00 145.00  0.00 422.78 
4  15.00  0.00 195.00  0.00 75.00  0.00 135.00  0.00 474.49 
4  15.00  0.00 180.00  0.00 70.00  0.00 125.00  0.00 627.90 
4  15.00  0.00 165.00  0.00 65.00  0.00 115.00  0.00 649.28 
4  15.00  0.00 150.00  0.00 60.00  0.00 105.00  0.00 673.34 
4  15.00  0.00 135.00  0.00 55.00  0.00 95.00  0.00 713.81 
4  15.00  0.00 120.00  0.00 50.00  0.00 85.00  0.00 649.61 
4  15.00  0.00 105.00  0.00 45.00  0.00 75.00  0.00 708.15 
4  15.00  0.00 90.00  0.00 40.00  0.00 65.00  0.00 770.38 
4  15.00  0.00 75.00  0.00 35.00  0.00 55.00  0.00 1072.58 
4  15.00  0.00 60.00  0.00 30.00  0.00 45.00  0.00 1504.23 
4  15.00  0.00 45.00  0.00 25.00  0.00 35.00  0.00 1580.66 
4  15.00  0.00 30.00  0.00 20.00  0.00 25.00  0.00 2114.46 
4  20.00  0.00 230.00  0.00 90.00  0.00 160.00  0.00 430.46 
4  20.00  0.00 215.00  0.00 85.00  0.00 150.00  0.00 485.78 
4  20.00  0.00 200.00  0.00 80.00  0.00 140.00  0.00 545.51 
4  20.00  0.00 185.00  0.00 75.00  0.00 130.00  0.00 577.33 
4  20.00  0.00 170.00  0.00 70.00  0.00 120.00  0.00 790.26 
4  20.00  0.00 155.00  0.00 65.00  0.00 110.00  0.00 689.89 
4  20.00  0.00 140.00  0.00 60.00  0.00 100.00  0.00 682.48 
4  20.00  0.00 125.00  0.00 55.00  0.00 90.00  0.00 650.83 
4  20.00  0.00 110.00  0.00 50.00  0.00 80.00  0.00 721.95 
4  20.00  0.00 95.00  0.00 45.00  0.00 70.00  0.00 662.34 
4  20.00  0.00 80.00  0.00 40.00  0.00 60.00  0.00 902.46 
4  20.00  0.00 65.00  0.00 35.00  0.00 50.00  0.00 1374.85 
4  20.00  0.00 50.00  0.00 30.00  0.00 40.00  0.00 1891.14 
4  20.00  0.00 35.00  0.00 25.00  0.00 30.00  0.00 1854.52 
4  25.00  0.00 235.00  0.00 95.00  0.00 165.00  0.00 391.62 
4  25.00  0.00 220.00  0.00 90.00  0.00 155.00  0.00 424.77 
4  25.00  0.00 205.00  0.00 85.00  0.00 145.00  0.00 459.35 
4  25.00  0.00 190.00  0.00 80.00  0.00 135.00  0.00 540.51 
4  25.00  0.00 175.00  0.00 75.00  0.00 125.00  0.00 634.32 
4  25.00  0.00 160.00  0.00 70.00  0.00 115.00  0.00 708.58 
4  25.00  0.00 145.00  0.00 65.00  0.00 105.00  0.00 767.29 
4  25.00  0.00 130.00  0.00 60.00  0.00 95.00  0.00 814.59 
4  25.00  0.00 115.00  0.00 55.00  0.00 85.00  0.00 782.18 
4  25.00  0.00 100.00  0.00 50.00  0.00 75.00  0.00 868.79 
4  25.00  0.00 85.00  0.00 45.00  0.00 65.00  0.00 977.26 
4  25.00  0.00 70.00  0.00 40.00  0.00 55.00  0.00 1341.76 
4  25.00  0.00 55.00  0.00 35.00  0.00 45.00  0.00 1722.11 
4  25.00  0.00 40.00  0.00 30.00  0.00 35.00  0.00 1679.61 
4  30.00  0.00 225.00  0.00 95.00  0.00 160.00  0.00 405.76 
4  30.00  0.00 210.00  0.00 90.00  0.00 150.00  0.00 433.58 
4  30.00  0.00 195.00  0.00 85.00  0.00 140.00  0.00 518.93 
4  30.00  0.00 180.00  0.00 80.00  0.00 130.00  0.00 629.22 
4  30.00  0.00 165.00  0.00 75.00  0.00 120.00  0.00 751.28 
4  30.00  0.00 150.00  0.00 70.00  0.00 110.00  0.00 765.07 
4  30.00  0.00 135.00  0.00 65.00  0.00 100.00  0.00 886.95 
4  30.00  0.00 120.00  0.00 60.00  0.00 90.00  0.00 799.67 
4  30.00  0.00 105.00  0.00 55.00  0.00 80.00  0.00 873.29 
4  30.00  0.00 90.00  0.00 50.00  0.00 70.00  0.00 1033.76 
4  30.00  0.00 75.00  0.00 45.00  0.00 60.00  0.00 1129.40 
4  30.00  0.00 60.00  0.00 40.00  0.00 50.00  0.00 1341.82 
4  30.00  0.00 45.00  0.00 35.00  0.00 40.00  0.00 1820.46 
4  35.00  0.00 230.00  0.00 100.00  0.00 165.00  0.00 393.39 
4  35.00  0.00 215.00  0.00 95.00  0.00 155.00  0.00 412.94 
4  35.00  0.00 200.00  0.00 90.00  0.00 145.00  0.00 453.50 
4  35.00  0.00 185.00  0.00 85.00  0.00 135.00  0.00 602.88 
4  35.00  0.00 170.00  0.00 80.00  0.00 125.00  0.00 736.73 
4  35.00  0.00 155.00  0.00 75.00  0.00 115.00  0.00 743.88 
4  35.00  0.00 140.00  0.00 70.00  0.00 105.00  0.00 891.77 
4  35.00  0.00 125.00  0.00 65.00  0.00 95.00  0.00 955.21 
4  35.00  0.00 110.00  0.00 60.00  0.00 85.00  0.00 957.39 
4  35.00  0.00 95.00  0.00 55.00  0.00 75.00  0.00 1111.03 
4  35.00  0.00 80.00  0.00 50.00  0.00 65.00  0.00 1193.29 
4  35.00  0.00 65.00  0.00 45.00  0.00 55.00  0.00 1572.52 
4  35.00  0.00 50.00  0.00 40.00  0.00 45.00  0.00 1336.90 
4  40.00  0.00 235.00  0.00 105.00  0.00 170.00  0.00 412.03 
4  40.00  0.00 220.00  0.00 100.00  0.00 160.00  0.00 414.39 
4  40.00  0.00 205.00  0.00 95.00  0.00 150.00  0.00 453.22 
4  40.00  0.00 190.00  0.00 90.00  0.00 140.00  0.00 592.77 
4  40.00  0.00 175.00  0.00 85.00  0.00 130.00  0.00 705.80 
4  40.00  0.00 160.00  0.00 80.00  0.00 120.00  0.00 842.71 
4  40.00  0.00 145.00  0.00 75.00  0.00 110.00  0.00 861.34 
4  40.00  0.00 130.00  0.00 70.00  0.00 100.00  0.00 1077.51 
4  40.00  0.00 115.00  0.00 65.00  0.00 90.00  0.00 1179.16 
4  40.00  0.00 100.00  0.00 60.00  0.00 80.00  0.00 1219.83 
4  40.00  0.00 85.00  0.00 55.00  0.00 70.00  0.00 1443.52 
4  40.00  0.00 70.00  0.00 50.00  0.00 60.00  0.00 1713.16 
4  40.00  0.00 55.00  0.00 45.00  0.00 50.00  0.00 1280.67 
4  45.00  0.00 225.00  0.00 105.00  0.00 165.00  0.00 416.20 
4  45.00  0.00 210.00  0.00 100.00  0.00 155.00  0.00 424.95 
4  45.00  0.00 195.00  0.00 95.00  0.00 145.00  0.00 537.13 
4  45.00  0.00 180.00  0.00 90.00  0.00 135.00  0.00 687.63 
4  45.00  0.00 165.00  0.00 85.00  0.00 125.00  0.00 866.62 
4  45.00  0.00 150.00  0.00 80.00  0.00 115.00  0.00 848.49 
4  45.00  0.00 135.00  0.00 75.00  0.00 105.00  0.00 1026.18 
4  45.00  0.00 120.00  0.00 70.00  0.00 95.00  0.00 1173.03 
4  45.00  0.00 105.00  0.00 65.00  0.00 85.00  0.00 1284.09 
4  45.00  0.00 90.00  0.00 60.00  0.00 75.00  0.00 1615.23 
4  45.00  0.00 75.00  0.00 55.00  0.00 65.00  0.00 1384.09 
4  45.00  0.00 60.00  0.00 50.00  0.00 55.00  0.00 1497.81 
4  50.00  0.00 230.00  0.00 110.00  0.00 170.00  0.00 449.95 
4  50.00  0.00 215.00  0.00 105.00  0.00 160.00  0.00 535.08 
4  50.00  0.00 200.00  0.00 100.00  0.00 150.00  0.00 466.47 
4  50.00  0.00 185.00  0.00 95.00  0.00 140.00  0.00 647.78 
4  50.00  0.00 170.00  0.00 90.00  0.00 130.00  0.00 807.52 
4  50.00  0.00 155.00  0.00 85.00  0.00 120.00  0.00 973.52 
4  50.00  0.00 140.00  0.00 80.00  0.00 110.00  0.00 968.30 
4  50.00  0.00 125.00  0.00 75.00  0.00 100.00  0.00 1129.53 
4  50.00  0.00 110.00  0.00 70.00  0.00 90.00  0.00 1383.19 
4  50.00  0.00 95.00  0.00 65.00  0.00 80.00  0.00 1621.84 
4  50.00  0.00 80.00  0.00 60.00  0.00 70.00  0.00 1510.76 
4  50.00  0.00 65.00  0.00 55.00  0.00 60.00  0.00 1326.39 
4  55.00  0.00 235.00  0.00 115.00  0.00 175.00  0.00 463.41 
4  55.00  0.00 220.00  0.00 110.00  0.00 165.00  0.00 441.02 
4  55.00  0.00 205.00  0.00 105.00  0.00 155.00  0.00 469.17 
4  55.00  0.00 190.00  0.00 100.00  0.00 145.00  0.00 610.31 
4  55.00  0.00 175.00  0.00 95.00  0.00 135.00  0.00 743.13 
4  55.00  0.00 160.00  0.00 90.00  0.00 125.00  0.00 948.20 
4  55.00  0.00 145.00  0.00 85.00  0.00 115.00  0.00 996.98 
4  55.00  0.00 130.00  0.00 80.00  0.00 105.00  0.00 1167.32 
4  55.00  0.00 115.00  0.00 75.00  0.00 95.00  0.00 1399.34 
4  55.00  0.00 100.00  0.00 70.00  0.00 85.00  0.00 1477.73 
4  55.00  0.00 85.00  0.00 65.00  0.00 75.00  0.00 2099.94 
4  55.00  0.00 70.00  0.00 60.00  0.00 65.00  0.00 1343.05 
4  60.00  0.00 225.00  0.00 115.00  0.00 170.00  0.00 447.37 
4  60.00  0.00 210.00  0.00 110.00  0.00 160.00  0.00 456.93 
4  60.00  0.00 195.00  0.00 105.00  0.00 150.00  0.00 561.04 
4  60.00  0.00 180.00  0.00 100.00  0.00 140.00  0.00 710.70 
4  60.00  0.00 165.00  0.00 95.00  0.00 130.00  0.00 883.88 
4  60.00  0.00 150.00  0.00 90.00  0.00 120.00  0.00 1040.97 
4  60.00  0.00 135.00  0.00 85.00  0.00 110.00  0.00 1161.47 
4  60.00  0.00 120.00  0.00 80.00  0.00 100.00  0.00 1286.04 
4  60.00  0.00 105.00  0.00 75.00  0.00 90.00  0.00 1328.26 
4  60.00  0.00 90.00  0.00 70.00  0.00 80.00  0.00 1884.13 
4  60.00  0.00 75.00  0.00 65.00  0.00 70.00  0.00 1415.13 
4  65.00  0.00 230.00  0.00 120.00  0.00 175.00  0.00 449.61 
4  65.00  0.00 215.00  0.00 115.00  0.00 165.00  0.00 467.05 
4  65.00  0.00 200.00  0.00 110.00  0.00 155.00  0.00 495.80 
4  65.00  0.00 185.00  0.00 105.00  0.00 145.00  0.00 684.41 
4  65.00  0.00 170.00  0.00 100.00  0.00 135.00  0.00 845.21 
4  65.00  0.00 155.00  0.00 95.00  0.00 125.00  0.00 1001.15 
4  65.00  0.00 140.00  0.00 90.00  0.00 115.00  0.00 1085.95 
4  65.00  0.00 125.00  0.00 85.00  0.00 105.00  0.00 1332.37 
4  65.00  0.00 110.00  0.00 80.00  0.00 95.00  0.00 1502.76 
4  65.00  0.00 95.00  0.00 75.00  0.00 85.00  0.00 1368.28 
4  65.00  0.00 80.00  0.00 70.00  0.00 75.00  0.00 1673.85 
4  70.00  0.00 235.00  0.00 125.00  0.00 180.00  0.00 468.22 
4  70.00  0.00 220.00  0.00 120.00  0.00 170.00  0.00 463.74 
4  70.00  0.00 205.00  0.00 115.00  0.00 160.00  0.00 525.89 
4  70.00  0.00 190.00  0.00 110.00  0.00 150.00  0.00 694.79 
4  70.00  0.00 175.00  0.00 105.00  0.00 140.00  0.00 833.70 
4  70.00  0.00 160.00  0.00 100.00  0.00 130.00  0.00 959.94 
4  70.00  0.00 145.00  0.00 95.00  0.00 120.00  0.00 1154.43 
4  70.00  0.00 130.00  0.00 90.00  0.00 110.00  0.00 1285.72 
4  70.00  0.00 115.00  0.00 85.00  0.00 100.00  0.00 1754.04 
4  70.00  0.00 100.00  0.00 80.00  0.00 90.00  0.00 1396.31 
4  70.00  0.00 85.00  0.00 75.00  0.00 80.00  0.00 1406.76 
4  75.00  0.00 225.00  0.00 125.00  0.00 175.00  0.00 508.11 
4  75.00  0.00 210.00  0.00 120.00  0.00 165.00  0.00 498.47 
4  75.00  0.00 195.00  0.00 115.00  0.00 155.00  0.00 673.36 
4  75.00  0.00 180.00  0.00 110.00  0.00 145.00  0.00 877.01 
4  75.00  0.00 165.00  0.00 105.00  0.00 135.00  0.00 1030.19 
4  75.00  0.00 150.00  0.00 100.00  0.00 125.00  0.00 1131.34 
4  75.00  0.00 135.00  0.00 95.00  0.00 115.00  0.00 1265.49 
4  75.00  0.00 120.00  0.00 90.00  0.00 105.00  0.00 1564.74 
4  75.00  0.00 105.00  0.00 85.00  0.00 95.00  0.00 1842.49 
4  75.00  0.00 90.00  0.00 80.00  0.00 85.00  0.00 1184.06 
4  80.00  0.00 230.00  0.00 130.00  0.00 180.00  0.00 543.46 
4  80.00  0.00 215.00  0.00 125.00  0.00 170.00  0.00 530.06 
4  80.00  0.00 200.00  0.00 120.00  0.00 160.00  0.00 562.61 
4  80.00  0.00 185.00  0.00 115.00  0.00 150.00  0.00 877.98 
4  80.00  0.00 170.00  0.00 110.00  0.00 140.00  0.00 1088.56 
4  80.00  0.00 155.00  0.00 105.00  0.00 130.00  0.00 1130.80 
4  80.00  0.00 140.00  0.00 100.00  0.00 120.00  0.00 1306.59 
4  80.00  0.00 125.00  0.00 95.00  0.00 110.00  0.00 1331.34 
4  80.00  0.00 110.00  0.00 90.00  0.00 100.00  0.00 1818.53 
4  80.00  0.00 95.00  0.00 85.00  0.00 90.00  0.00 1497.78 
4  85.00  0.00 235.00  0.00 135.00  0.00 185.00  0.00 580.31 
4  85.00  0.00 220.00  0.00 130.00  0.00 175.00  0.00 583.59 
4  85.00  0.00 205.00  0.00 125.00  0.00 165.00  0.00 572.12 
4  85.00  0.00 190.00  0.00 120.00  0.00 155.00  0.00 765.56 
4  85.00  0.00 175.00  0.00 115.00  0.00 145.00  0.00 1030.55 
4  85.00  0.00 160.00  0.00 110.00  0.00 135.00  0.00 1180.01 
4  85.00  0.00 145.00  0.00 105.00  0.00 125.00  0.00 1252.90 
4  85.00  0.00 130.00  0.00 100.00  0.00 115.00  0.00 1166.77 
4  85.00  0.00 115.00  0.00 95.00  0.00 105.00  0.00 1513.52 
4  85.00  0.00 100.00  0.00 90.00  0.00 95.00  0.00 1294.55 
4  90.00  0.00 225.00  0.00 135.00  0.00 180.00  0.00 623.54 
4  90.00  0.00 210.00  0.00 130.00  0.00 170.00  0.00 624.50 
4  90.00  0.00 195.00  0.00 125.00  0.00 160.00  0.00 747.72 
4  90.00  0.00 180.00  0.00 120.00  0.00 150.00  0.00 969.05 
4  90.00  0.00 165.00  0.00 115.00  0.00 140.00  0.00 1293.98 
4  90.00  0.00 150.00  0.00 110.00  0.00 130.00  0.00 1303.48 
4  90.00  0.00 135.00  0.00 105.00  0.00 120.00  0.00 1416.19 
4  90.00  0.00 120.00  0.00 100.00  0.00 110.00  0.00 1105.59 
4  90.00  0.00 105.00  0.00 95.00  0.00 100.00  0.00 1157.86 
4  95.00  0.00 230.00  0.00 140.00  0.00 185.00  0.00 686.60 
4  95.00  0.00 215.00  0.00 135.00  0.00 175.00  0.00 722.45 
4  95.00  0.00 200.00  0.00 130.00  0.00 165.00  0.00 741.01 
4  95.00  0.00 185.00  0.00 125.00  0.00 155.00  0.00 978.53 
4  95.00  0.00 170.00  0.00 120.00  0.00 145.00  0.00 1224.02 
4  95.00  0.00 155.00  0.00 115.00  0.00 135.00  0.00 1455.77 
4  95.00  0.00 140.00  0.00 110.00  0.00 125.00  0.00 1547.84 
4  95.00  0.00 125.00  0.00 105.00  0.00 115.00  0.00 1101.81 
4  95.00  0.00 110.00  0.00 100.00  0.00 105.00  0.00 988.40 
4  100.00  0.00 235.00  0.00 145.00  0.00 190.00  0.00 740.81 
4  100.00  0.00 220.00  0.00 140.00  0.00 180.00  0.00 776.02 
4  100.00  0.00 205.00  0.00 135.00  0.00 170.00  0.00 829.26 
4  100.00  0.00 190.00  0.00 130.00  0.00 160.00  0.00 1040.69 
4  100.00  0.00 175.00  0.00 125.00  0.00 150.00  0.00 1201.07 
4  100.00  0.00 160.00  0.00 120.00  0.00 140.00  0.00 1355.03 
4  100.00  0.00 145.00  0.00 115.00  0.00 130.00  0.00 1542.82 
4  100.00  0.00 130.00  0.00 110.00  0.00 120.00  0.00 1522.53 
4  100.00  0.00 115.00  0.00 105.00  0.00 110.00  0.00 809.42 
4  105.00  0.00 225.00  0.00 145.00  0.00 185.00  0.00 783.17 
4  105.00  0.00 210.00  0.00 140.00  0.00 175.00  0.00 827.36 
4  105.00  0.00 195.00  0.00 135.00  0.00 165.00  0.00 980.61 
4  105.00  0.00 180.00  0.00 130.00  0.00 155.00  0.00 1196.21 
4  105.00  0.00 165.00  0.00 125.00  0.00 145.00  0.00 1354.21 
4  105.00  0.00 150.00  0.00 120.00  0.00 135.00  0.00 1251.03 
4  105.00  0.00 135.00  0.00 115.00  0.00 125.00  0.00 1528.16 
4  105.00  0.00 120.00  0.00 110.00  0.00 115.00  0.00 734.00 
4  110.00  0.00 230.00  0.00 150.00  0.00 190.00  0.00 779.75 
4  110.00  0.00 215.00  0.00 145.00  0.00 180.00  0.00 837.16 
4  110.00  0.00 200.00  0.00 140.00  0.00 170.00  0.00 863.64 
4  110.00  0.00 185.00  0.00 135.00  0.00 160.00  0.00 1154.96 
4  110.00  0.00 170.00  0.00 130.00  0.00 150.00  0.00 1381.77 
4  110.00  0.00 155.00  0.00 125.00  0.00 140.00  0.00 1272.97 
4  110.00  0.00 140.00  0.00 120.00  0.00 130.00  0.00 1046.94 
4  110.00  0.00 125.00  0.00 115.00  0.00 120.00  0.00 1025.55 
4  115.00  0.00 235.00  0.00 155.00  0.00 195.00  0.00 879.03 
4  115.00  0.00 220.00  0.00 150.00  0.00 185.00  0.00 861.35 
4  115.00  0.00 205.00  0.00 145.00  0.00 175.00  0.00 920.38 
4  115.00  0.00 190.00  0.00 140.00  0.00 165.00  0.00 1096.59 
4  115.00  0.00 175.00  0.00 135.00  0.00 155.00  0.00 1251.49 
4  115.00  0.00 160.00  0.00 130.00  0.00 145.00  0.00 1329.37 
4  115.00  0.00 145.00  0.00 125.00  0.00 135.00  0.00 1026.02 
4  115.00  0.00 130.00  0.00 120.00  0.00 125.00  0.00 684.95 
4  120.00  0.00 225.00  0.00 155.00  0.00 190.00  0.00 949.29 
4  120.00  0.00 210.00  0.00 150.00  0.00 180.00  0.00 956.79 
4  120.00  0.00 195.00  0.00 145.00  0.00 170.00  0.00 1149.31 
4  120.00  0.00 180.00  0.00 140.00  0.00 160.00  0.00 1300.10 
4  120.00  0.00 165.00  0.00 135.00  0.00 150.00  0.00 1503.40 
4  120.00  0.00 150.00  0.00 130.00  0.00 140.00  0.00 1229.32 
4  120.00  0.00 135.00  0.00 125.00  0.00 130.00  0.00 712.95 
4  125.00  0.00 230.00  0.00 160.00  0.00 195.00  0.00 1031.44 
4  125.00  0.00 215.00  0.00 155.00  0.00 185.00  0.00 1018.62 
4  125.00  0.00 200.00  0.00 150.00  0.00 175.00  0.00 1033.73 
4  125.00  0.00 185.00  0.00 145.00  0.00 165.00  0.00 1266.18 
4  125.00  0.00 170.00  0.00 140.00  0.00 155.00  0.00 1384.15 
4  125.00  0.00 155.00  0.00 135.00  0.00 145.00  0.00 1274.19 
4  125.00  0.00 140.00  0.00 130.00  0.00 135.00  0.00 810.44 
4  130.00  0.00 235.00  0.00 165.00  0.00 200.00  0.00 1126.03 
4  130.00  0.00 220.00  0.00 160.00  0.00 190.00  0.00 1051.07 
4  130.00  0.00 205.00  0.00 155.00  0.00 180.00  0.00 1103.39 
4  130.00  0.00 190.00  0.00 150.00  0.00 170.00  0.00 1286.92 
4  130.00  0.00 175.00  0.00 145.00  0.00 160.00  0.00 1273.00 
4  130.00  0.00 160.00  0.00 140.00  0.00 150.00  0.00 1245.66 
4  130.00  0.00 145.00  0.00 135.00  0.00 140.00  0.00 839.78 
4  135.00  0.00 225.00  0.00 165.00  0.00 195.00  0.00 1132.90 
4  135.00  0.00 210.00  0.00 160.00  0.00 185.00  0.00 1100.94 
4  135.00  0.00 195.00  0.00 155.00  0.00 175.00  0.00 1349.24 
4  135.00  0.00 180.00  0.00 150.00  0.00 165.00  0.00 1265.97 
4  135.00  0.00 165.00  0.00 145.00  0.00 155.00  0.00 1190.14 
4  135.00  0.00 150.00  0.00 140.00  0.00 145.00  0.00 784.46 
4  140.00  0.00 230.00  0.00 170.00  0.00 200.00  0.00 1233.84 
4  140.00  0.00 215.00  0.00 165.00  0.00 190.00  0.00 1181.50 
4  140.00  0.00 200.00  0.00 160.00  0.00 180.00  0.00 1216.88 
4  140.00  0.00 185.00  0.00 155.00  0.00 170.00  0.00 1437.46 
4  140.00  0.00 170.00  0.00 150.00  0.00 160.00  0.00 1225.79 
4  140.00  0.00 155.00  0.00 145.00  0.00 150.00  0.00 859.18 
4  145.00  0.00 235.00  0.00 175.00  0.00 205.00  0.00 1105.41 
4  145.00  0.00 220.00  0.00 170.00  0.00 195.00  0.00 1279.24 
4  145.00  0.00 205.00  0.00 165.00  0.00 185.00  0.00 1321.75 
4  145.00  0.00 190.00  0.00 160.00  0.00 175.00  0.00 1591.60 
4  145.00  0.00 175.00  0.00 155.00  0.00 165.00  0.00 1203.26 
4  145.00  0.00 160.00  0.00 150.00  0.00 155.00  0.00 715.43 
4  150.00  0.00 225.00  0.00 175.00  0.00 200.00  0.00 1250.23 
4  150.00  0.00 210.00  0.00 170.00  0.00 190.00  0.00 1260.10 
4  150.00  0.00 195.00  0.00 165.00  0.00 180.00  0.00 1587.99 
4  150.00  0.00 180.00  0.00 160.00  0.00 170.00  0.00 1422.57 
4  150.00  0.00 165.00  0.00 155.00  0.00 160.00  0.00 882.12 
4  155.00  0.00 230.00  0.00 180.00  0.00 205.00  0.00 1117.08 
4  155.00  0.00 215.00  0.00 175.00  0.00 195.00  0.00 1263.09 
4  155.00  0.00 200.00  0.00 170.00  0.00 185.00  0.00 1289.06 
4  155.00  0.00 185.00  0.00 165.00  0.00 175.00  0.00 1590.86 
4  155.00  0.00 170.00  0.00 160.00  0.00 165.00  0.00 925.30 
4  160.00  0.00 235.00  0.00 185.00  0.00 210.00  0.00 1148.92 
4  160.00  0.00 220.00  0.00 180.00  0.00 200.00  0.00 1415.25 
4  160.00  0.00 205.00  0.00 175.00  0.00 190.00  0.00 1255.94 
4  160.00  0.00 190.00  0.00 170.00  0.00 180.00  0.00 1674.70 
4  160.00  0.00 175.00  0.00 165.00  0.00 170.00  0.00 1088.13 
4  165.00  0.00 225.00  0.00 185.00  0.00 205.00  0.00 1206.23 
4  165.00  0.00 210.00  0.00 180.00  0.00 195.00  0.00 1317.25 
4  165.00  0.00 195.00  0.00 175.00  0.00 185.00  0.00 1432.14 
4  165.00  0.00 180.00  0.00 170.00  0.00 175.00  0.00 1354.85 
4  170.00  0.00 230.00  0.00 190.00  0.00 210.00  0.00 1293.71 
4  170.00  0.00 215.00  0.00 185.00  0.00 200.00  0.00 1546.65 
4  170.00  0.00 200.00  0.00 180.00  0.00 190.00  0.00 1263.37 
4  170.00  0.00 185.00  0.00 175.00  0.00 180.00  0.00 1325.47 
4  175.00  0.00 235.00  0.00 195.00  0.00 215.00  0.00 1188.25 
4  175.00  0.00 220.00  0.00 190.00  0.00 205.00  0.00 1492.57 
4  175.00  0.00 205.00  0.00 185.00  0.00 195.00  0.00 1587.57 
4  175.00  0.00 190.00  0.00 180.00  0.00 185.00  0.00 1409.52 
4  180.00  0.00 225.00  0.00 195.00  0.00 210.00  0.00 1328.69 
4  180.00  0.00 210.00  0.00 190.00  0.00 200.00  0.00 1690.84 
4  180.00  0.00 195.00  0.00 185.00  0.00 190.00  0.00 1364.19 
4  185.00  0.00 230.00  0.00 200.00  0.00 215.00  0.00 914.78 
4  185.00  0.00 215.00  0.00 195.00  0.00 205.00  0.00 1290.03 
4  185.00  0.00 200.00  0.00 190.00  0.00 195.00  0.00 1301.58 
4  190.00  0.00 235.00  0.00 205.00  0.00 220.00  0.00 982.73 
4  190.00  0.00 220.00  0.00 200.00  0.00 210.00  0.00 938.21 
4  190.00  0.00 205.00  0.00 195.00  0.00 200.00  0.00 1397.51 
4  195.00  0.00 225.00  0.00 205.00  0.00 215.00  0.00 1010.34 
4  195.00  0.00 210.00  0.00 200.00  0.00 205.00  0.00 580.27 
4  200.00  0.00 230.00  0.00 210.00  0.00 220.00  0.00 806.95 
4  200.00  0.00 215.00  0.00 205.00  0.00 210.00  0.00 972.04 
4  205.00  0.00 235.00  0.00 215.00  0.00 225.00  0.00 801.66 
4  205.00  0.00 220.00  0.00 210.00  0.00 215.00  0.00 559.52 
4  210.00  0.00 225.00  0.00 215.00  0.00 220.00  0.00 549.55 
4  215.00  0.00 230.00  0.00 220.00  0.00 225.00  0.00 651.65 
4  220.00  0.00 235.00  0.00 225.00  0.00 230.00  0.00 446.64 
0
0
0
0
