KAR04_2024-08-18_DD5m.binx
         5.00
11
3
Type of measurement (0=app. resistivity,1=resistance)
0
1022
 2
0
4  0.00  0.00 5.00  0.00 10.00  0.00 15.00  0.00 312.31 
4  0.00  0.00 5.00  0.00 15.00  0.00 20.00  0.00 442.38 
4  0.00  0.00 5.00  0.00 20.00  0.00 25.00  0.00 481.15 
4  0.00  0.00 5.00  0.00 25.00  0.00 30.00  0.00 608.53 
4  0.00  0.00 5.00  0.00 30.00  0.00 35.00  0.00 964.65 
4  0.00  0.00 5.00  0.00 35.00  0.00 40.00  0.00 761.65 
4  0.00  0.00 5.00  0.00 40.00  0.00 45.00  0.00 1268.04 
4  0.00  0.00 5.00  0.00 45.00  0.00 50.00  0.00 1029.32 
4  0.00  0.00 5.00  0.00 50.00  0.00 55.00  0.00 1153.82 
4  0.00  0.00 5.00  0.00 55.00  0.00 60.00  0.00 1020.65 
4  0.00  0.00 5.00  0.00 60.00  0.00 65.00  0.00 1152.65 
4  0.00  0.00 5.00  0.00 65.00  0.00 70.00  0.00 949.23 
4  0.00  0.00 5.00  0.00 70.00  0.00 75.00  0.00 1505.92 
4  0.00  0.00 5.00  0.00 75.00  0.00 80.00  0.00 939.02 
4  0.00  0.00 5.00  0.00 80.00  0.00 85.00  0.00 767.35 
4  0.00  0.00 5.00  0.00 85.00  0.00 90.00  0.00 799.90 
4  0.00  0.00 5.00  0.00 90.00  0.00 95.00  0.00 1376.59 
4  0.00  0.00 5.00  0.00 95.00  0.00 100.00  0.00 1109.37 
4  0.00  0.00 5.00  0.00 100.00  0.00 105.00  0.00 546.29 
4  0.00  0.00 5.00  0.00 105.00  0.00 110.00  0.00 271.14 
4  0.00  0.00 5.00  0.00 110.00  0.00 115.00  0.00 609.14 
4  0.00  0.00 5.00  0.00 115.00  0.00 120.00  0.00 1077.95 
4  0.00  0.00 5.00  0.00 120.00  0.00 125.00  0.00 989.58 
4  0.00  0.00 5.00  0.00 125.00  0.00 130.00  0.00 1342.54 
4  0.00  0.00 5.00  0.00 130.00  0.00 135.00  0.00 1443.69 
4  0.00  0.00 5.00  0.00 135.00  0.00 140.00  0.00 1435.52 
4  0.00  0.00 5.00  0.00 140.00  0.00 145.00  0.00 1596.64 
4  0.00  0.00 5.00  0.00 145.00  0.00 150.00  0.00 876.42 
4  0.00  0.00 5.00  0.00 150.00  0.00 155.00  0.00 1003.62 
4  0.00  0.00 5.00  0.00 155.00  0.00 160.00  0.00 840.40 
4  0.00  0.00 5.00  0.00 160.00  0.00 165.00  0.00 1129.59 
4  0.00  0.00 5.00  0.00 165.00  0.00 170.00  0.00 980.18 
4  0.00  0.00 5.00  0.00 170.00  0.00 175.00  0.00 1155.19 
4  0.00  0.00 5.00  0.00 175.00  0.00 180.00  0.00 578.78 
4  0.00  0.00 5.00  0.00 180.00  0.00 185.00  0.00 852.61 
4  0.00  0.00 5.00  0.00 185.00  0.00 190.00  0.00 771.47 
4  0.00  0.00 5.00  0.00 190.00  0.00 195.00  0.00 786.61 
4  0.00  0.00 5.00  0.00 195.00  0.00 200.00  0.00 1314.40 
4  0.00  0.00 5.00  0.00 200.00  0.00 205.00  0.00 1915.83 
4  0.00  0.00 5.00  0.00 205.00  0.00 210.00  0.00 2153.27 
4  0.00  0.00 5.00  0.00 210.00  0.00 215.00  0.00 1829.47 
4  0.00  0.00 5.00  0.00 215.00  0.00 220.00  0.00 1963.40 
4  0.00  0.00 5.00  0.00 220.00  0.00 225.00  0.00 1142.47 
4  0.00  0.00 5.00  0.00 225.00  0.00 230.00  0.00 670.45 
4  0.00  0.00 5.00  0.00 230.00  0.00 235.00  0.00 567.95 
4  5.00  0.00 10.00  0.00 15.00  0.00 20.00  0.00 253.50 
4  5.00  0.00 10.00  0.00 20.00  0.00 25.00  0.00 343.46 
4  5.00  0.00 10.00  0.00 25.00  0.00 30.00  0.00 483.43 
4  5.00  0.00 10.00  0.00 30.00  0.00 35.00  0.00 795.41 
4  5.00  0.00 10.00  0.00 35.00  0.00 40.00  0.00 648.69 
4  5.00  0.00 10.00  0.00 40.00  0.00 45.00  0.00 1099.71 
4  5.00  0.00 10.00  0.00 45.00  0.00 50.00  0.00 893.61 
4  5.00  0.00 10.00  0.00 50.00  0.00 55.00  0.00 1003.78 
4  5.00  0.00 10.00  0.00 55.00  0.00 60.00  0.00 882.68 
4  5.00  0.00 10.00  0.00 60.00  0.00 65.00  0.00 1015.89 
4  5.00  0.00 10.00  0.00 65.00  0.00 70.00  0.00 826.70 
4  5.00  0.00 10.00  0.00 70.00  0.00 75.00  0.00 1317.92 
4  5.00  0.00 10.00  0.00 75.00  0.00 80.00  0.00 845.19 
4  5.00  0.00 10.00  0.00 80.00  0.00 85.00  0.00 647.77 
4  5.00  0.00 10.00  0.00 85.00  0.00 90.00  0.00 699.80 
4  5.00  0.00 10.00  0.00 90.00  0.00 95.00  0.00 1288.16 
4  5.00  0.00 10.00  0.00 95.00  0.00 100.00  0.00 903.26 
4  5.00  0.00 10.00  0.00 100.00  0.00 105.00  0.00 621.94 
4  5.00  0.00 10.00  0.00 105.00  0.00 110.00  0.00 228.18 
4  5.00  0.00 10.00  0.00 110.00  0.00 115.00  0.00 539.09 
4  5.00  0.00 10.00  0.00 115.00  0.00 120.00  0.00 1028.99 
4  5.00  0.00 10.00  0.00 120.00  0.00 125.00  0.00 899.38 
4  5.00  0.00 10.00  0.00 125.00  0.00 130.00  0.00 1095.35 
4  5.00  0.00 10.00  0.00 130.00  0.00 135.00  0.00 1344.52 
4  5.00  0.00 10.00  0.00 135.00  0.00 140.00  0.00 1150.65 
4  5.00  0.00 10.00  0.00 140.00  0.00 145.00  0.00 1533.32 
4  5.00  0.00 10.00  0.00 145.00  0.00 150.00  0.00 715.98 
4  5.00  0.00 10.00  0.00 150.00  0.00 155.00  0.00 932.77 
4  5.00  0.00 10.00  0.00 155.00  0.00 160.00  0.00 636.45 
4  5.00  0.00 10.00  0.00 160.00  0.00 165.00  0.00 1203.99 
4  5.00  0.00 10.00  0.00 165.00  0.00 170.00  0.00 770.20 
4  5.00  0.00 10.00  0.00 170.00  0.00 175.00  0.00 1166.58 
4  5.00  0.00 10.00  0.00 175.00  0.00 180.00  0.00 482.62 
4  5.00  0.00 10.00  0.00 180.00  0.00 185.00  0.00 765.83 
4  5.00  0.00 10.00  0.00 185.00  0.00 190.00  0.00 623.09 
4  5.00  0.00 10.00  0.00 190.00  0.00 195.00  0.00 789.32 
4  5.00  0.00 10.00  0.00 195.00  0.00 200.00  0.00 1097.26 
4  5.00  0.00 10.00  0.00 200.00  0.00 205.00  0.00 1647.75 
4  5.00  0.00 10.00  0.00 205.00  0.00 210.00  0.00 638.04 
4  5.00  0.00 10.00  0.00 215.00  0.00 220.00  0.00 1556.25 
4  5.00  0.00 10.00  0.00 220.00  0.00 225.00  0.00 1230.66 
4  5.00  0.00 10.00  0.00 225.00  0.00 230.00  0.00 469.63 
4  5.00  0.00 10.00  0.00 230.00  0.00 235.00  0.00 603.08 
4  10.00  0.00 15.00  0.00 20.00  0.00 25.00  0.00 232.35 
4  10.00  0.00 15.00  0.00 25.00  0.00 30.00  0.00 405.59 
4  10.00  0.00 15.00  0.00 30.00  0.00 35.00  0.00 722.59 
4  10.00  0.00 15.00  0.00 35.00  0.00 40.00  0.00 631.20 
4  10.00  0.00 15.00  0.00 40.00  0.00 45.00  0.00 1094.02 
4  10.00  0.00 15.00  0.00 45.00  0.00 50.00  0.00 924.52 
4  10.00  0.00 15.00  0.00 50.00  0.00 55.00  0.00 1031.65 
4  10.00  0.00 15.00  0.00 55.00  0.00 60.00  0.00 919.06 
4  10.00  0.00 15.00  0.00 60.00  0.00 65.00  0.00 1056.82 
4  10.00  0.00 15.00  0.00 65.00  0.00 70.00  0.00 891.36 
4  10.00  0.00 15.00  0.00 70.00  0.00 75.00  0.00 1367.15 
4  10.00  0.00 15.00  0.00 75.00  0.00 80.00  0.00 890.46 
4  10.00  0.00 15.00  0.00 80.00  0.00 85.00  0.00 682.97 
4  10.00  0.00 15.00  0.00 85.00  0.00 90.00  0.00 795.96 
4  10.00  0.00 15.00  0.00 90.00  0.00 95.00  0.00 1312.44 
4  10.00  0.00 15.00  0.00 95.00  0.00 100.00  0.00 1041.40 
4  10.00  0.00 15.00  0.00 100.00  0.00 105.00  0.00 586.61 
4  10.00  0.00 15.00  0.00 105.00  0.00 110.00  0.00 272.46 
4  10.00  0.00 15.00  0.00 110.00  0.00 115.00  0.00 571.31 
4  10.00  0.00 15.00  0.00 115.00  0.00 120.00  0.00 1102.73 
4  10.00  0.00 15.00  0.00 120.00  0.00 125.00  0.00 928.55 
4  10.00  0.00 15.00  0.00 125.00  0.00 130.00  0.00 1254.28 
4  10.00  0.00 15.00  0.00 130.00  0.00 135.00  0.00 1277.80 
4  10.00  0.00 15.00  0.00 135.00  0.00 140.00  0.00 1362.09 
4  10.00  0.00 15.00  0.00 140.00  0.00 145.00  0.00 1530.56 
4  10.00  0.00 15.00  0.00 145.00  0.00 150.00  0.00 727.33 
4  10.00  0.00 15.00  0.00 150.00  0.00 155.00  0.00 1041.84 
4  10.00  0.00 15.00  0.00 155.00  0.00 160.00  0.00 643.17 
4  10.00  0.00 15.00  0.00 160.00  0.00 165.00  0.00 1280.11 
4  10.00  0.00 15.00  0.00 165.00  0.00 170.00  0.00 784.78 
4  10.00  0.00 15.00  0.00 170.00  0.00 175.00  0.00 1639.36 
4  10.00  0.00 15.00  0.00 180.00  0.00 185.00  0.00 1654.86 
4  10.00  0.00 15.00  0.00 190.00  0.00 195.00  0.00 2209.30 
4  10.00  0.00 15.00  0.00 205.00  0.00 210.00  0.00 155.97 
4  15.00  0.00 20.00  0.00 25.00  0.00 30.00  0.00 177.79 
4  15.00  0.00 20.00  0.00 30.00  0.00 35.00  0.00 373.72 
4  15.00  0.00 20.00  0.00 35.00  0.00 40.00  0.00 373.13 
4  15.00  0.00 20.00  0.00 40.00  0.00 45.00  0.00 709.85 
4  15.00  0.00 20.00  0.00 45.00  0.00 50.00  0.00 631.02 
4  15.00  0.00 20.00  0.00 50.00  0.00 55.00  0.00 725.37 
4  15.00  0.00 20.00  0.00 55.00  0.00 60.00  0.00 664.52 
4  15.00  0.00 20.00  0.00 60.00  0.00 65.00  0.00 751.53 
4  15.00  0.00 20.00  0.00 65.00  0.00 70.00  0.00 664.39 
4  15.00  0.00 20.00  0.00 70.00  0.00 75.00  0.00 1012.85 
4  15.00  0.00 20.00  0.00 75.00  0.00 80.00  0.00 642.66 
4  15.00  0.00 20.00  0.00 80.00  0.00 85.00  0.00 549.03 
4  15.00  0.00 20.00  0.00 85.00  0.00 90.00  0.00 621.50 
4  15.00  0.00 20.00  0.00 90.00  0.00 95.00  0.00 895.35 
4  15.00  0.00 20.00  0.00 95.00  0.00 100.00  0.00 928.81 
4  15.00  0.00 20.00  0.00 100.00  0.00 105.00  0.00 231.20 
4  15.00  0.00 20.00  0.00 105.00  0.00 110.00  0.00 235.33 
4  15.00  0.00 20.00  0.00 110.00  0.00 115.00  0.00 449.95 
4  15.00  0.00 20.00  0.00 115.00  0.00 120.00  0.00 753.39 
4  15.00  0.00 20.00  0.00 120.00  0.00 125.00  0.00 685.53 
4  15.00  0.00 20.00  0.00 125.00  0.00 130.00  0.00 1110.64 
4  15.00  0.00 20.00  0.00 130.00  0.00 135.00  0.00 859.94 
4  15.00  0.00 20.00  0.00 135.00  0.00 140.00  0.00 1279.15 
4  15.00  0.00 20.00  0.00 140.00  0.00 145.00  0.00 893.99 
4  15.00  0.00 20.00  0.00 145.00  0.00 150.00  0.00 739.74 
4  15.00  0.00 20.00  0.00 150.00  0.00 155.00  0.00 596.60 
4  15.00  0.00 20.00  0.00 155.00  0.00 160.00  0.00 960.78 
4  15.00  0.00 20.00  0.00 160.00  0.00 165.00  0.00 492.75 
4  15.00  0.00 20.00  0.00 165.00  0.00 170.00  0.00 1000.93 
4  15.00  0.00 20.00  0.00 170.00  0.00 175.00  0.00 552.27 
4  15.00  0.00 20.00  0.00 175.00  0.00 180.00  0.00 552.39 
4  15.00  0.00 20.00  0.00 180.00  0.00 185.00  0.00 545.28 
4  15.00  0.00 20.00  0.00 185.00  0.00 190.00  0.00 729.16 
4  15.00  0.00 20.00  0.00 190.00  0.00 195.00  0.00 433.90 
4  15.00  0.00 20.00  0.00 195.00  0.00 200.00  0.00 1180.12 
4  15.00  0.00 20.00  0.00 200.00  0.00 205.00  0.00 1195.96 
4  15.00  0.00 20.00  0.00 215.00  0.00 220.00  0.00 1944.62 
4  15.00  0.00 20.00  0.00 220.00  0.00 225.00  0.00 232.73 
4  15.00  0.00 20.00  0.00 225.00  0.00 230.00  0.00 875.59 
4  20.00  0.00 25.00  0.00 30.00  0.00 35.00  0.00 187.66 
4  20.00  0.00 25.00  0.00 35.00  0.00 40.00  0.00 221.64 
4  20.00  0.00 25.00  0.00 40.00  0.00 45.00  0.00 485.01 
4  20.00  0.00 25.00  0.00 45.00  0.00 50.00  0.00 459.44 
4  20.00  0.00 25.00  0.00 50.00  0.00 55.00  0.00 551.53 
4  20.00  0.00 25.00  0.00 55.00  0.00 60.00  0.00 509.58 
4  20.00  0.00 25.00  0.00 60.00  0.00 65.00  0.00 594.93 
4  20.00  0.00 25.00  0.00 65.00  0.00 70.00  0.00 509.55 
4  20.00  0.00 25.00  0.00 70.00  0.00 75.00  0.00 827.01 
4  20.00  0.00 25.00  0.00 75.00  0.00 80.00  0.00 532.72 
4  20.00  0.00 25.00  0.00 80.00  0.00 85.00  0.00 437.95 
4  20.00  0.00 25.00  0.00 85.00  0.00 90.00  0.00 467.76 
4  20.00  0.00 25.00  0.00 90.00  0.00 95.00  0.00 795.76 
4  20.00  0.00 25.00  0.00 95.00  0.00 100.00  0.00 656.82 
4  20.00  0.00 25.00  0.00 100.00  0.00 105.00  0.00 330.24 
4  20.00  0.00 25.00  0.00 105.00  0.00 110.00  0.00 167.83 
4  20.00  0.00 25.00  0.00 110.00  0.00 115.00  0.00 376.97 
4  20.00  0.00 25.00  0.00 115.00  0.00 120.00  0.00 660.40 
4  20.00  0.00 25.00  0.00 120.00  0.00 125.00  0.00 609.47 
4  20.00  0.00 25.00  0.00 125.00  0.00 130.00  0.00 835.49 
4  20.00  0.00 25.00  0.00 130.00  0.00 135.00  0.00 885.95 
4  20.00  0.00 25.00  0.00 135.00  0.00 140.00  0.00 902.68 
4  20.00  0.00 25.00  0.00 140.00  0.00 145.00  0.00 997.21 
4  20.00  0.00 25.00  0.00 145.00  0.00 150.00  0.00 557.54 
4  20.00  0.00 25.00  0.00 150.00  0.00 155.00  0.00 617.09 
4  20.00  0.00 25.00  0.00 155.00  0.00 160.00  0.00 567.23 
4  20.00  0.00 25.00  0.00 160.00  0.00 165.00  0.00 727.08 
4  20.00  0.00 25.00  0.00 165.00  0.00 170.00  0.00 666.26 
4  20.00  0.00 25.00  0.00 170.00  0.00 175.00  0.00 743.74 
4  20.00  0.00 25.00  0.00 175.00  0.00 180.00  0.00 401.03 
4  20.00  0.00 25.00  0.00 180.00  0.00 185.00  0.00 557.49 
4  20.00  0.00 25.00  0.00 185.00  0.00 190.00  0.00 521.71 
4  20.00  0.00 25.00  0.00 190.00  0.00 195.00  0.00 532.50 
4  20.00  0.00 25.00  0.00 195.00  0.00 200.00  0.00 894.77 
4  20.00  0.00 25.00  0.00 200.00  0.00 205.00  0.00 1246.16 
4  20.00  0.00 25.00  0.00 205.00  0.00 210.00  0.00 1502.55 
4  20.00  0.00 25.00  0.00 210.00  0.00 215.00  0.00 1265.41 
4  20.00  0.00 25.00  0.00 215.00  0.00 220.00  0.00 1331.46 
4  20.00  0.00 25.00  0.00 220.00  0.00 225.00  0.00 780.46 
4  20.00  0.00 25.00  0.00 225.00  0.00 230.00  0.00 500.13 
4  20.00  0.00 25.00  0.00 230.00  0.00 235.00  0.00 399.57 
4  25.00  0.00 30.00  0.00 35.00  0.00 40.00  0.00 121.68 
4  25.00  0.00 30.00  0.00 40.00  0.00 45.00  0.00 335.02 
4  25.00  0.00 30.00  0.00 45.00  0.00 50.00  0.00 358.05 
4  25.00  0.00 30.00  0.00 50.00  0.00 55.00  0.00 456.29 
4  25.00  0.00 30.00  0.00 55.00  0.00 60.00  0.00 433.91 
4  25.00  0.00 30.00  0.00 60.00  0.00 65.00  0.00 521.48 
4  25.00  0.00 30.00  0.00 65.00  0.00 70.00  0.00 459.47 
4  25.00  0.00 30.00  0.00 70.00  0.00 75.00  0.00 747.23 
4  25.00  0.00 30.00  0.00 75.00  0.00 80.00  0.00 491.03 
4  25.00  0.00 30.00  0.00 80.00  0.00 85.00  0.00 402.84 
4  25.00  0.00 30.00  0.00 85.00  0.00 90.00  0.00 442.91 
4  25.00  0.00 30.00  0.00 90.00  0.00 95.00  0.00 748.38 
4  25.00  0.00 30.00  0.00 95.00  0.00 100.00  0.00 622.08 
4  25.00  0.00 30.00  0.00 100.00  0.00 105.00  0.00 317.92 
4  25.00  0.00 30.00  0.00 105.00  0.00 110.00  0.00 163.63 
4  25.00  0.00 30.00  0.00 110.00  0.00 115.00  0.00 363.80 
4  25.00  0.00 30.00  0.00 115.00  0.00 120.00  0.00 631.90 
4  25.00  0.00 30.00  0.00 120.00  0.00 125.00  0.00 580.25 
4  25.00  0.00 30.00  0.00 125.00  0.00 130.00  0.00 794.86 
4  25.00  0.00 30.00  0.00 130.00  0.00 135.00  0.00 826.62 
4  25.00  0.00 30.00  0.00 135.00  0.00 140.00  0.00 859.62 
4  25.00  0.00 30.00  0.00 140.00  0.00 145.00  0.00 934.01 
4  25.00  0.00 30.00  0.00 145.00  0.00 150.00  0.00 530.53 
4  25.00  0.00 30.00  0.00 150.00  0.00 155.00  0.00 579.80 
4  25.00  0.00 30.00  0.00 155.00  0.00 160.00  0.00 552.77 
4  25.00  0.00 30.00  0.00 160.00  0.00 165.00  0.00 697.26 
4  25.00  0.00 30.00  0.00 165.00  0.00 170.00  0.00 660.21 
4  25.00  0.00 30.00  0.00 170.00  0.00 175.00  0.00 709.52 
4  25.00  0.00 30.00  0.00 175.00  0.00 180.00  0.00 399.54 
4  25.00  0.00 30.00  0.00 180.00  0.00 185.00  0.00 537.47 
4  25.00  0.00 30.00  0.00 185.00  0.00 190.00  0.00 511.37 
4  25.00  0.00 30.00  0.00 190.00  0.00 195.00  0.00 515.40 
4  25.00  0.00 30.00  0.00 195.00  0.00 200.00  0.00 883.28 
4  25.00  0.00 30.00  0.00 200.00  0.00 205.00  0.00 1204.51 
4  25.00  0.00 30.00  0.00 205.00  0.00 210.00  0.00 1501.31 
4  25.00  0.00 30.00  0.00 210.00  0.00 215.00  0.00 1210.14 
4  25.00  0.00 30.00  0.00 215.00  0.00 220.00  0.00 1297.18 
4  25.00  0.00 30.00  0.00 220.00  0.00 225.00  0.00 751.36 
4  25.00  0.00 30.00  0.00 225.00  0.00 230.00  0.00 523.27 
4  25.00  0.00 30.00  0.00 230.00  0.00 235.00  0.00 388.70 
4  30.00  0.00 35.00  0.00 40.00  0.00 45.00  0.00 265.81 
4  30.00  0.00 35.00  0.00 45.00  0.00 50.00  0.00 345.86 
4  30.00  0.00 35.00  0.00 50.00  0.00 55.00  0.00 481.24 
4  30.00  0.00 35.00  0.00 55.00  0.00 60.00  0.00 478.48 
4  30.00  0.00 35.00  0.00 60.00  0.00 65.00  0.00 594.20 
4  30.00  0.00 35.00  0.00 65.00  0.00 70.00  0.00 543.76 
4  30.00  0.00 35.00  0.00 70.00  0.00 75.00  0.00 882.59 
4  30.00  0.00 35.00  0.00 75.00  0.00 80.00  0.00 594.53 
4  30.00  0.00 35.00  0.00 80.00  0.00 85.00  0.00 485.07 
4  30.00  0.00 35.00  0.00 85.00  0.00 90.00  0.00 558.52 
4  30.00  0.00 35.00  0.00 90.00  0.00 95.00  0.00 941.77 
4  30.00  0.00 35.00  0.00 95.00  0.00 100.00  0.00 776.57 
4  30.00  0.00 35.00  0.00 100.00  0.00 105.00  0.00 421.91 
4  30.00  0.00 35.00  0.00 105.00  0.00 110.00  0.00 213.49 
4  30.00  0.00 35.00  0.00 110.00  0.00 115.00  0.00 476.63 
4  30.00  0.00 35.00  0.00 115.00  0.00 120.00  0.00 803.47 
4  30.00  0.00 35.00  0.00 120.00  0.00 125.00  0.00 732.31 
4  30.00  0.00 35.00  0.00 125.00  0.00 130.00  0.00 989.27 
4  30.00  0.00 35.00  0.00 130.00  0.00 135.00  0.00 1008.96 
4  30.00  0.00 35.00  0.00 135.00  0.00 140.00  0.00 1050.11 
4  30.00  0.00 35.00  0.00 140.00  0.00 145.00  0.00 1144.97 
4  30.00  0.00 35.00  0.00 145.00  0.00 150.00  0.00 648.02 
4  30.00  0.00 35.00  0.00 150.00  0.00 155.00  0.00 720.56 
4  30.00  0.00 35.00  0.00 155.00  0.00 160.00  0.00 691.98 
4  30.00  0.00 35.00  0.00 160.00  0.00 165.00  0.00 906.86 
4  30.00  0.00 35.00  0.00 165.00  0.00 170.00  0.00 846.99 
4  30.00  0.00 35.00  0.00 170.00  0.00 175.00  0.00 901.07 
4  30.00  0.00 35.00  0.00 175.00  0.00 180.00  0.00 522.25 
4  30.00  0.00 35.00  0.00 180.00  0.00 185.00  0.00 689.62 
4  30.00  0.00 35.00  0.00 185.00  0.00 190.00  0.00 637.83 
4  30.00  0.00 35.00  0.00 190.00  0.00 195.00  0.00 671.10 
4  30.00  0.00 35.00  0.00 195.00  0.00 200.00  0.00 1143.81 
4  30.00  0.00 35.00  0.00 200.00  0.00 205.00  0.00 1549.91 
4  30.00  0.00 35.00  0.00 205.00  0.00 210.00  0.00 1829.67 
4  30.00  0.00 35.00  0.00 210.00  0.00 215.00  0.00 1638.13 
4  30.00  0.00 35.00  0.00 215.00  0.00 220.00  0.00 1607.52 
4  30.00  0.00 35.00  0.00 220.00  0.00 225.00  0.00 965.23 
4  30.00  0.00 35.00  0.00 225.00  0.00 230.00  0.00 695.75 
4  30.00  0.00 35.00  0.00 230.00  0.00 235.00  0.00 534.83 
4  35.00  0.00 40.00  0.00 45.00  0.00 50.00  0.00 133.34 
4  35.00  0.00 40.00  0.00 50.00  0.00 55.00  0.00 224.67 
4  35.00  0.00 40.00  0.00 55.00  0.00 60.00  0.00 241.96 
4  35.00  0.00 40.00  0.00 60.00  0.00 65.00  0.00 313.57 
4  35.00  0.00 40.00  0.00 65.00  0.00 70.00  0.00 296.81 
4  35.00  0.00 40.00  0.00 70.00  0.00 75.00  0.00 501.97 
4  35.00  0.00 40.00  0.00 75.00  0.00 80.00  0.00 346.23 
4  35.00  0.00 40.00  0.00 80.00  0.00 85.00  0.00 285.20 
4  35.00  0.00 40.00  0.00 85.00  0.00 90.00  0.00 328.51 
4  35.00  0.00 40.00  0.00 90.00  0.00 95.00  0.00 562.51 
4  35.00  0.00 40.00  0.00 95.00  0.00 100.00  0.00 462.03 
4  35.00  0.00 40.00  0.00 100.00  0.00 105.00  0.00 261.79 
4  35.00  0.00 40.00  0.00 105.00  0.00 110.00  0.00 128.71 
4  35.00  0.00 40.00  0.00 110.00  0.00 115.00  0.00 290.83 
4  35.00  0.00 40.00  0.00 115.00  0.00 120.00  0.00 496.82 
4  35.00  0.00 40.00  0.00 120.00  0.00 125.00  0.00 453.74 
4  35.00  0.00 40.00  0.00 125.00  0.00 130.00  0.00 605.10 
4  35.00  0.00 40.00  0.00 130.00  0.00 135.00  0.00 625.54 
4  35.00  0.00 40.00  0.00 135.00  0.00 140.00  0.00 641.30 
4  35.00  0.00 40.00  0.00 140.00  0.00 145.00  0.00 724.35 
4  35.00  0.00 40.00  0.00 145.00  0.00 150.00  0.00 401.98 
4  35.00  0.00 40.00  0.00 150.00  0.00 155.00  0.00 455.46 
4  35.00  0.00 40.00  0.00 155.00  0.00 160.00  0.00 420.21 
4  35.00  0.00 40.00  0.00 160.00  0.00 165.00  0.00 582.36 
4  35.00  0.00 40.00  0.00 165.00  0.00 170.00  0.00 526.23 
4  35.00  0.00 40.00  0.00 170.00  0.00 175.00  0.00 576.63 
4  35.00  0.00 40.00  0.00 175.00  0.00 180.00  0.00 327.22 
4  35.00  0.00 40.00  0.00 180.00  0.00 185.00  0.00 434.75 
4  35.00  0.00 40.00  0.00 185.00  0.00 190.00  0.00 400.86 
4  35.00  0.00 40.00  0.00 190.00  0.00 195.00  0.00 432.74 
4  35.00  0.00 40.00  0.00 195.00  0.00 200.00  0.00 716.21 
4  35.00  0.00 40.00  0.00 200.00  0.00 205.00  0.00 993.48 
4  35.00  0.00 40.00  0.00 205.00  0.00 210.00  0.00 1031.52 
4  35.00  0.00 40.00  0.00 210.00  0.00 215.00  0.00 1180.22 
4  35.00  0.00 40.00  0.00 215.00  0.00 220.00  0.00 1012.33 
4  35.00  0.00 40.00  0.00 220.00  0.00 225.00  0.00 630.42 
4  35.00  0.00 40.00  0.00 225.00  0.00 230.00  0.00 436.21 
4  35.00  0.00 40.00  0.00 230.00  0.00 235.00  0.00 358.44 
4  40.00  0.00 45.00  0.00 50.00  0.00 55.00  0.00 195.62 
4  40.00  0.00 45.00  0.00 55.00  0.00 60.00  0.00 254.72 
4  40.00  0.00 45.00  0.00 60.00  0.00 65.00  0.00 358.15 
4  40.00  0.00 45.00  0.00 65.00  0.00 70.00  0.00 365.42 
4  40.00  0.00 45.00  0.00 70.00  0.00 75.00  0.00 624.52 
4  40.00  0.00 45.00  0.00 75.00  0.00 80.00  0.00 453.12 
4  40.00  0.00 45.00  0.00 80.00  0.00 85.00  0.00 366.30 
4  40.00  0.00 45.00  0.00 85.00  0.00 90.00  0.00 459.26 
4  40.00  0.00 45.00  0.00 90.00  0.00 95.00  0.00 769.47 
4  40.00  0.00 45.00  0.00 95.00  0.00 100.00  0.00 643.17 
4  40.00  0.00 45.00  0.00 100.00  0.00 105.00  0.00 378.93 
4  40.00  0.00 45.00  0.00 105.00  0.00 110.00  0.00 194.41 
4  40.00  0.00 45.00  0.00 110.00  0.00 115.00  0.00 410.34 
4  40.00  0.00 45.00  0.00 115.00  0.00 120.00  0.00 731.27 
4  40.00  0.00 45.00  0.00 120.00  0.00 125.00  0.00 629.34 
4  40.00  0.00 45.00  0.00 125.00  0.00 130.00  0.00 859.29 
4  40.00  0.00 45.00  0.00 130.00  0.00 135.00  0.00 835.45 
4  40.00  0.00 45.00  0.00 135.00  0.00 140.00  0.00 906.81 
4  40.00  0.00 45.00  0.00 140.00  0.00 145.00  0.00 957.39 
4  40.00  0.00 45.00  0.00 145.00  0.00 150.00  0.00 574.91 
4  40.00  0.00 45.00  0.00 150.00  0.00 155.00  0.00 529.88 
4  40.00  0.00 45.00  0.00 155.00  0.00 160.00  0.00 726.77 
4  40.00  0.00 45.00  0.00 160.00  0.00 165.00  0.00 763.31 
4  40.00  0.00 45.00  0.00 165.00  0.00 170.00  0.00 862.98 
4  40.00  0.00 45.00  0.00 170.00  0.00 175.00  0.00 755.47 
4  40.00  0.00 45.00  0.00 175.00  0.00 180.00  0.00 542.45 
4  40.00  0.00 45.00  0.00 180.00  0.00 185.00  0.00 579.85 
4  40.00  0.00 45.00  0.00 185.00  0.00 190.00  0.00 590.64 
4  40.00  0.00 45.00  0.00 190.00  0.00 195.00  0.00 593.13 
4  40.00  0.00 45.00  0.00 195.00  0.00 200.00  0.00 1079.97 
4  40.00  0.00 45.00  0.00 200.00  0.00 205.00  0.00 1149.35 
4  40.00  0.00 45.00  0.00 205.00  0.00 210.00  0.00 1851.51 
4  40.00  0.00 45.00  0.00 210.00  0.00 215.00  0.00 1461.88 
4  40.00  0.00 45.00  0.00 215.00  0.00 220.00  0.00 1501.02 
4  40.00  0.00 45.00  0.00 220.00  0.00 225.00  0.00 815.33 
4  40.00  0.00 45.00  0.00 225.00  0.00 230.00  0.00 719.29 
4  40.00  0.00 45.00  0.00 230.00  0.00 235.00  0.00 418.92 
4  45.00  0.00 50.00  0.00 55.00  0.00 60.00  0.00 135.40 
4  45.00  0.00 50.00  0.00 60.00  0.00 65.00  0.00 205.66 
4  45.00  0.00 50.00  0.00 65.00  0.00 70.00  0.00 218.08 
4  45.00  0.00 50.00  0.00 70.00  0.00 75.00  0.00 415.87 
4  45.00  0.00 50.00  0.00 75.00  0.00 80.00  0.00 303.46 
4  45.00  0.00 50.00  0.00 80.00  0.00 85.00  0.00 264.78 
4  45.00  0.00 50.00  0.00 85.00  0.00 90.00  0.00 302.33 
4  45.00  0.00 50.00  0.00 90.00  0.00 95.00  0.00 500.30 
4  45.00  0.00 50.00  0.00 95.00  0.00 100.00  0.00 453.65 
4  45.00  0.00 50.00  0.00 100.00  0.00 105.00  0.00 217.93 
4  45.00  0.00 50.00  0.00 105.00  0.00 110.00  0.00 126.83 
4  45.00  0.00 50.00  0.00 110.00  0.00 115.00  0.00 273.19 
4  45.00  0.00 50.00  0.00 115.00  0.00 120.00  0.00 491.11 
4  45.00  0.00 50.00  0.00 120.00  0.00 125.00  0.00 442.25 
4  45.00  0.00 50.00  0.00 125.00  0.00 130.00  0.00 644.18 
4  45.00  0.00 50.00  0.00 130.00  0.00 135.00  0.00 592.56 
4  45.00  0.00 50.00  0.00 135.00  0.00 140.00  0.00 713.89 
4  45.00  0.00 50.00  0.00 140.00  0.00 145.00  0.00 665.53 
4  45.00  0.00 50.00  0.00 145.00  0.00 150.00  0.00 444.05 
4  45.00  0.00 50.00  0.00 150.00  0.00 155.00  0.00 444.52 
4  45.00  0.00 50.00  0.00 155.00  0.00 160.00  0.00 530.69 
4  45.00  0.00 50.00  0.00 160.00  0.00 165.00  0.00 515.00 
4  45.00  0.00 50.00  0.00 165.00  0.00 170.00  0.00 623.62 
4  45.00  0.00 50.00  0.00 170.00  0.00 175.00  0.00 514.10 
4  45.00  0.00 50.00  0.00 175.00  0.00 180.00  0.00 363.30 
4  45.00  0.00 50.00  0.00 180.00  0.00 185.00  0.00 425.43 
4  45.00  0.00 50.00  0.00 185.00  0.00 190.00  0.00 453.63 
4  45.00  0.00 50.00  0.00 190.00  0.00 195.00  0.00 389.52 
4  45.00  0.00 50.00  0.00 195.00  0.00 200.00  0.00 836.91 
4  45.00  0.00 50.00  0.00 200.00  0.00 205.00  0.00 1007.50 
4  45.00  0.00 50.00  0.00 205.00  0.00 210.00  0.00 2062.28 
4  45.00  0.00 50.00  0.00 210.00  0.00 215.00  0.00 202.56 
4  45.00  0.00 50.00  0.00 215.00  0.00 220.00  0.00 1254.98 
4  45.00  0.00 50.00  0.00 220.00  0.00 225.00  0.00 483.21 
4  45.00  0.00 50.00  0.00 225.00  0.00 230.00  0.00 613.67 
4  45.00  0.00 50.00  0.00 230.00  0.00 235.00  0.00 237.97 
4  50.00  0.00 55.00  0.00 60.00  0.00 65.00  0.00 164.90 
4  50.00  0.00 55.00  0.00 65.00  0.00 70.00  0.00 197.74 
4  50.00  0.00 55.00  0.00 70.00  0.00 75.00  0.00 397.33 
4  50.00  0.00 55.00  0.00 75.00  0.00 80.00  0.00 303.93 
4  50.00  0.00 55.00  0.00 80.00  0.00 85.00  0.00 265.98 
4  50.00  0.00 55.00  0.00 85.00  0.00 90.00  0.00 303.98 
4  50.00  0.00 55.00  0.00 90.00  0.00 95.00  0.00 518.12 
4  50.00  0.00 55.00  0.00 95.00  0.00 100.00  0.00 451.19 
4  50.00  0.00 55.00  0.00 100.00  0.00 105.00  0.00 255.84 
4  50.00  0.00 55.00  0.00 105.00  0.00 110.00  0.00 132.54 
4  50.00  0.00 55.00  0.00 110.00  0.00 115.00  0.00 304.66 
4  50.00  0.00 55.00  0.00 115.00  0.00 120.00  0.00 512.93 
4  50.00  0.00 55.00  0.00 120.00  0.00 125.00  0.00 479.51 
4  50.00  0.00 55.00  0.00 125.00  0.00 130.00  0.00 655.06 
4  50.00  0.00 55.00  0.00 130.00  0.00 135.00  0.00 663.07 
4  50.00  0.00 55.00  0.00 135.00  0.00 140.00  0.00 707.22 
4  50.00  0.00 55.00  0.00 140.00  0.00 145.00  0.00 775.54 
4  50.00  0.00 55.00  0.00 145.00  0.00 150.00  0.00 444.35 
4  50.00  0.00 55.00  0.00 150.00  0.00 155.00  0.00 493.19 
4  50.00  0.00 55.00  0.00 155.00  0.00 160.00  0.00 498.06 
4  50.00  0.00 55.00  0.00 160.00  0.00 165.00  0.00 648.92 
4  50.00  0.00 55.00  0.00 165.00  0.00 170.00  0.00 619.57 
4  50.00  0.00 55.00  0.00 170.00  0.00 175.00  0.00 643.26 
4  50.00  0.00 55.00  0.00 175.00  0.00 180.00  0.00 392.18 
4  50.00  0.00 55.00  0.00 180.00  0.00 185.00  0.00 506.04 
4  50.00  0.00 55.00  0.00 185.00  0.00 190.00  0.00 471.56 
4  50.00  0.00 55.00  0.00 190.00  0.00 195.00  0.00 502.92 
4  50.00  0.00 55.00  0.00 195.00  0.00 200.00  0.00 870.63 
4  50.00  0.00 55.00  0.00 200.00  0.00 205.00  0.00 1159.23 
4  50.00  0.00 55.00  0.00 205.00  0.00 210.00  0.00 1393.56 
4  50.00  0.00 55.00  0.00 210.00  0.00 215.00  0.00 1277.15 
4  50.00  0.00 55.00  0.00 215.00  0.00 220.00  0.00 1211.72 
4  50.00  0.00 55.00  0.00 220.00  0.00 225.00  0.00 739.59 
4  50.00  0.00 55.00  0.00 225.00  0.00 230.00  0.00 561.73 
4  50.00  0.00 55.00  0.00 230.00  0.00 235.00  0.00 431.79 
4  55.00  0.00 60.00  0.00 65.00  0.00 70.00  0.00 138.08 
4  55.00  0.00 60.00  0.00 70.00  0.00 75.00  0.00 319.69 
4  55.00  0.00 60.00  0.00 75.00  0.00 80.00  0.00 257.25 
4  55.00  0.00 60.00  0.00 80.00  0.00 85.00  0.00 232.56 
4  55.00  0.00 60.00  0.00 85.00  0.00 90.00  0.00 250.90 
4  55.00  0.00 60.00  0.00 90.00  0.00 95.00  0.00 423.26 
4  55.00  0.00 60.00  0.00 95.00  0.00 100.00  0.00 373.00 
4  55.00  0.00 60.00  0.00 100.00  0.00 105.00  0.00 212.35 
4  55.00  0.00 60.00  0.00 105.00  0.00 110.00  0.00 107.92 
4  55.00  0.00 60.00  0.00 110.00  0.00 115.00  0.00 246.98 
4  55.00  0.00 60.00  0.00 115.00  0.00 120.00  0.00 438.11 
4  55.00  0.00 60.00  0.00 120.00  0.00 125.00  0.00 410.58 
4  55.00  0.00 60.00  0.00 125.00  0.00 130.00  0.00 561.86 
4  55.00  0.00 60.00  0.00 130.00  0.00 135.00  0.00 592.81 
4  55.00  0.00 60.00  0.00 135.00  0.00 140.00  0.00 612.86 
4  55.00  0.00 60.00  0.00 140.00  0.00 145.00  0.00 701.31 
4  55.00  0.00 60.00  0.00 145.00  0.00 150.00  0.00 393.37 
4  55.00  0.00 60.00  0.00 150.00  0.00 155.00  0.00 448.54 
4  55.00  0.00 60.00  0.00 155.00  0.00 160.00  0.00 405.71 
4  55.00  0.00 60.00  0.00 160.00  0.00 165.00  0.00 579.26 
4  55.00  0.00 60.00  0.00 165.00  0.00 170.00  0.00 509.97 
4  55.00  0.00 60.00  0.00 170.00  0.00 175.00  0.00 582.88 
4  55.00  0.00 60.00  0.00 175.00  0.00 180.00  0.00 335.40 
4  55.00  0.00 60.00  0.00 180.00  0.00 185.00  0.00 444.20 
4  55.00  0.00 60.00  0.00 185.00  0.00 190.00  0.00 401.57 
4  55.00  0.00 60.00  0.00 190.00  0.00 195.00  0.00 449.81 
4  55.00  0.00 60.00  0.00 195.00  0.00 200.00  0.00 743.88 
4  55.00  0.00 60.00  0.00 200.00  0.00 205.00  0.00 1045.91 
4  55.00  0.00 60.00  0.00 205.00  0.00 210.00  0.00 988.56 
4  55.00  0.00 60.00  0.00 210.00  0.00 215.00  0.00 1337.87 
4  55.00  0.00 60.00  0.00 215.00  0.00 220.00  0.00 1062.78 
4  55.00  0.00 60.00  0.00 220.00  0.00 225.00  0.00 669.64 
4  55.00  0.00 60.00  0.00 225.00  0.00 230.00  0.00 433.53 
4  55.00  0.00 60.00  0.00 230.00  0.00 235.00  0.00 413.84 
4  60.00  0.00 65.00  0.00 70.00  0.00 75.00  0.00 299.06 
4  60.00  0.00 65.00  0.00 75.00  0.00 80.00  0.00 272.94 
4  60.00  0.00 65.00  0.00 80.00  0.00 85.00  0.00 258.13 
4  60.00  0.00 65.00  0.00 85.00  0.00 90.00  0.00 265.98 
4  60.00  0.00 65.00  0.00 90.00  0.00 95.00  0.00 437.46 
4  60.00  0.00 65.00  0.00 95.00  0.00 100.00  0.00 397.23 
4  60.00  0.00 65.00  0.00 100.00  0.00 105.00  0.00 216.21 
4  60.00  0.00 65.00  0.00 105.00  0.00 110.00  0.00 111.49 
4  60.00  0.00 65.00  0.00 110.00  0.00 115.00  0.00 269.13 
4  60.00  0.00 65.00  0.00 115.00  0.00 120.00  0.00 453.66 
4  60.00  0.00 65.00  0.00 120.00  0.00 125.00  0.00 451.32 
4  60.00  0.00 65.00  0.00 125.00  0.00 130.00  0.00 629.08 
4  60.00  0.00 65.00  0.00 130.00  0.00 135.00  0.00 669.36 
4  60.00  0.00 65.00  0.00 135.00  0.00 140.00  0.00 693.84 
4  60.00  0.00 65.00  0.00 140.00  0.00 145.00  0.00 795.79 
4  60.00  0.00 65.00  0.00 145.00  0.00 150.00  0.00 445.96 
4  60.00  0.00 65.00  0.00 150.00  0.00 155.00  0.00 533.70 
4  60.00  0.00 65.00  0.00 155.00  0.00 160.00  0.00 440.68 
4  60.00  0.00 65.00  0.00 160.00  0.00 165.00  0.00 641.96 
4  60.00  0.00 65.00  0.00 165.00  0.00 170.00  0.00 542.72 
4  60.00  0.00 65.00  0.00 170.00  0.00 175.00  0.00 640.31 
4  60.00  0.00 65.00  0.00 175.00  0.00 180.00  0.00 331.78 
4  60.00  0.00 65.00  0.00 180.00  0.00 185.00  0.00 509.57 
4  60.00  0.00 65.00  0.00 185.00  0.00 190.00  0.00 425.82 
4  60.00  0.00 65.00  0.00 190.00  0.00 195.00  0.00 492.52 
4  60.00  0.00 65.00  0.00 195.00  0.00 200.00  0.00 835.41 
4  60.00  0.00 65.00  0.00 200.00  0.00 205.00  0.00 1282.22 
4  60.00  0.00 65.00  0.00 205.00  0.00 210.00  0.00 1268.67 
4  60.00  0.00 65.00  0.00 210.00  0.00 215.00  0.00 1273.44 
4  60.00  0.00 65.00  0.00 215.00  0.00 220.00  0.00 1190.89 
4  60.00  0.00 65.00  0.00 220.00  0.00 225.00  0.00 785.34 
4  60.00  0.00 65.00  0.00 225.00  0.00 230.00  0.00 516.82 
4  60.00  0.00 65.00  0.00 230.00  0.00 235.00  0.00 470.67 
4  65.00  0.00 70.00  0.00 75.00  0.00 80.00  0.00 187.75 
4  65.00  0.00 70.00  0.00 80.00  0.00 85.00  0.00 187.27 
4  65.00  0.00 70.00  0.00 85.00  0.00 90.00  0.00 195.18 
4  65.00  0.00 70.00  0.00 90.00  0.00 95.00  0.00 314.52 
4  65.00  0.00 70.00  0.00 95.00  0.00 100.00  0.00 295.44 
4  65.00  0.00 70.00  0.00 100.00  0.00 105.00  0.00 157.91 
4  65.00  0.00 70.00  0.00 105.00  0.00 110.00  0.00 82.07 
4  65.00  0.00 70.00  0.00 110.00  0.00 115.00  0.00 192.33 
4  65.00  0.00 70.00  0.00 115.00  0.00 120.00  0.00 354.38 
4  65.00  0.00 70.00  0.00 120.00  0.00 125.00  0.00 349.98 
4  65.00  0.00 70.00  0.00 125.00  0.00 130.00  0.00 501.68 
4  65.00  0.00 70.00  0.00 130.00  0.00 135.00  0.00 540.09 
4  65.00  0.00 70.00  0.00 135.00  0.00 140.00  0.00 568.29 
4  65.00  0.00 70.00  0.00 140.00  0.00 145.00  0.00 647.70 
4  65.00  0.00 70.00  0.00 145.00  0.00 150.00  0.00 373.09 
4  65.00  0.00 70.00  0.00 150.00  0.00 155.00  0.00 410.16 
4  65.00  0.00 70.00  0.00 155.00  0.00 160.00  0.00 371.92 
4  65.00  0.00 70.00  0.00 160.00  0.00 165.00  0.00 485.18 
4  65.00  0.00 70.00  0.00 165.00  0.00 170.00  0.00 442.33 
4  65.00  0.00 70.00  0.00 170.00  0.00 175.00  0.00 493.05 
4  65.00  0.00 70.00  0.00 175.00  0.00 180.00  0.00 271.47 
4  65.00  0.00 70.00  0.00 180.00  0.00 185.00  0.00 385.75 
4  65.00  0.00 70.00  0.00 185.00  0.00 190.00  0.00 361.03 
4  65.00  0.00 70.00  0.00 190.00  0.00 195.00  0.00 386.69 
4  65.00  0.00 70.00  0.00 195.00  0.00 200.00  0.00 662.63 
4  65.00  0.00 70.00  0.00 200.00  0.00 205.00  0.00 931.16 
4  65.00  0.00 70.00  0.00 205.00  0.00 210.00  0.00 1050.70 
4  65.00  0.00 70.00  0.00 210.00  0.00 215.00  0.00 1067.48 
4  65.00  0.00 70.00  0.00 215.00  0.00 220.00  0.00 1032.67 
4  65.00  0.00 70.00  0.00 220.00  0.00 225.00  0.00 610.48 
4  65.00  0.00 70.00  0.00 225.00  0.00 230.00  0.00 402.10 
4  65.00  0.00 70.00  0.00 230.00  0.00 235.00  0.00 318.52 
4  70.00  0.00 75.00  0.00 80.00  0.00 85.00  0.00 178.31 
4  70.00  0.00 75.00  0.00 85.00  0.00 90.00  0.00 205.44 
4  70.00  0.00 75.00  0.00 90.00  0.00 95.00  0.00 347.08 
4  70.00  0.00 75.00  0.00 95.00  0.00 100.00  0.00 341.27 
4  70.00  0.00 75.00  0.00 100.00  0.00 105.00  0.00 202.08 
4  70.00  0.00 75.00  0.00 105.00  0.00 110.00  0.00 108.47 
4  70.00  0.00 75.00  0.00 110.00  0.00 115.00  0.00 263.32 
4  70.00  0.00 75.00  0.00 115.00  0.00 120.00  0.00 471.03 
4  70.00  0.00 75.00  0.00 120.00  0.00 125.00  0.00 466.94 
4  70.00  0.00 75.00  0.00 125.00  0.00 130.00  0.00 662.98 
4  70.00  0.00 75.00  0.00 130.00  0.00 135.00  0.00 691.29 
4  70.00  0.00 75.00  0.00 135.00  0.00 140.00  0.00 741.85 
4  70.00  0.00 75.00  0.00 140.00  0.00 145.00  0.00 836.05 
4  70.00  0.00 75.00  0.00 145.00  0.00 150.00  0.00 480.82 
4  70.00  0.00 75.00  0.00 150.00  0.00 155.00  0.00 532.83 
4  70.00  0.00 75.00  0.00 155.00  0.00 160.00  0.00 517.28 
4  70.00  0.00 75.00  0.00 160.00  0.00 165.00  0.00 668.55 
4  70.00  0.00 75.00  0.00 165.00  0.00 170.00  0.00 628.18 
4  70.00  0.00 75.00  0.00 170.00  0.00 175.00  0.00 677.03 
4  70.00  0.00 75.00  0.00 175.00  0.00 180.00  0.00 395.84 
4  70.00  0.00 75.00  0.00 180.00  0.00 185.00  0.00 540.74 
4  70.00  0.00 75.00  0.00 185.00  0.00 190.00  0.00 478.50 
4  70.00  0.00 75.00  0.00 190.00  0.00 195.00  0.00 541.70 
4  70.00  0.00 75.00  0.00 195.00  0.00 200.00  0.00 931.41 
4  70.00  0.00 75.00  0.00 200.00  0.00 205.00  0.00 1301.47 
4  70.00  0.00 75.00  0.00 205.00  0.00 210.00  0.00 1489.86 
4  70.00  0.00 75.00  0.00 210.00  0.00 215.00  0.00 1424.95 
4  70.00  0.00 75.00  0.00 215.00  0.00 220.00  0.00 1326.11 
4  70.00  0.00 75.00  0.00 220.00  0.00 225.00  0.00 853.03 
4  70.00  0.00 75.00  0.00 225.00  0.00 230.00  0.00 579.27 
4  70.00  0.00 75.00  0.00 230.00  0.00 235.00  0.00 503.09 
4  75.00  0.00 80.00  0.00 85.00  0.00 90.00  0.00 106.46 
4  75.00  0.00 80.00  0.00 90.00  0.00 95.00  0.00 181.74 
4  75.00  0.00 80.00  0.00 95.00  0.00 100.00  0.00 185.97 
4  75.00  0.00 80.00  0.00 100.00  0.00 105.00  0.00 108.67 
4  75.00  0.00 80.00  0.00 105.00  0.00 110.00  0.00 59.92 
4  75.00  0.00 80.00  0.00 110.00  0.00 115.00  0.00 145.39 
4  75.00  0.00 80.00  0.00 115.00  0.00 120.00  0.00 276.51 
4  75.00  0.00 80.00  0.00 120.00  0.00 125.00  0.00 280.22 
4  75.00  0.00 80.00  0.00 125.00  0.00 130.00  0.00 414.69 
4  75.00  0.00 80.00  0.00 130.00  0.00 135.00  0.00 437.38 
4  75.00  0.00 80.00  0.00 135.00  0.00 140.00  0.00 478.68 
4  75.00  0.00 80.00  0.00 140.00  0.00 145.00  0.00 530.81 
4  75.00  0.00 80.00  0.00 145.00  0.00 150.00  0.00 316.84 
4  75.00  0.00 80.00  0.00 150.00  0.00 155.00  0.00 336.92 
4  75.00  0.00 80.00  0.00 155.00  0.00 160.00  0.00 321.03 
4  75.00  0.00 80.00  0.00 160.00  0.00 165.00  0.00 382.32 
4  75.00  0.00 80.00  0.00 165.00  0.00 170.00  0.00 379.14 
4  75.00  0.00 80.00  0.00 170.00  0.00 175.00  0.00 388.28 
4  75.00  0.00 80.00  0.00 175.00  0.00 180.00  0.00 235.53 
4  75.00  0.00 80.00  0.00 180.00  0.00 185.00  0.00 311.73 
4  75.00  0.00 80.00  0.00 185.00  0.00 190.00  0.00 306.70 
4  75.00  0.00 80.00  0.00 190.00  0.00 195.00  0.00 306.73 
4  75.00  0.00 80.00  0.00 195.00  0.00 200.00  0.00 571.81 
4  75.00  0.00 80.00  0.00 200.00  0.00 205.00  0.00 758.91 
4  75.00  0.00 80.00  0.00 205.00  0.00 210.00  0.00 1061.53 
4  75.00  0.00 80.00  0.00 210.00  0.00 215.00  0.00 694.59 
4  75.00  0.00 80.00  0.00 215.00  0.00 220.00  0.00 878.69 
4  75.00  0.00 80.00  0.00 220.00  0.00 225.00  0.00 480.92 
4  75.00  0.00 80.00  0.00 225.00  0.00 230.00  0.00 370.52 
4  75.00  0.00 80.00  0.00 230.00  0.00 235.00  0.00 248.88 
4  80.00  0.00 85.00  0.00 90.00  0.00 95.00  0.00 124.30 
4  80.00  0.00 85.00  0.00 95.00  0.00 100.00  0.00 131.70 
4  80.00  0.00 85.00  0.00 100.00  0.00 105.00  0.00 84.21 
4  80.00  0.00 85.00  0.00 105.00  0.00 110.00  0.00 46.51 
4  80.00  0.00 85.00  0.00 110.00  0.00 115.00  0.00 113.26 
4  80.00  0.00 85.00  0.00 115.00  0.00 120.00  0.00 224.68 
4  80.00  0.00 85.00  0.00 120.00  0.00 125.00  0.00 231.31 
4  80.00  0.00 85.00  0.00 125.00  0.00 130.00  0.00 345.35 
4  80.00  0.00 85.00  0.00 130.00  0.00 135.00  0.00 365.92 
4  80.00  0.00 85.00  0.00 135.00  0.00 140.00  0.00 403.71 
4  80.00  0.00 85.00  0.00 140.00  0.00 145.00  0.00 447.64 
4  80.00  0.00 85.00  0.00 145.00  0.00 150.00  0.00 271.82 
4  80.00  0.00 85.00  0.00 150.00  0.00 155.00  0.00 253.47 
4  80.00  0.00 85.00  0.00 155.00  0.00 160.00  0.00 296.01 
4  80.00  0.00 85.00  0.00 160.00  0.00 165.00  0.00 290.33 
4  80.00  0.00 85.00  0.00 165.00  0.00 170.00  0.00 331.01 
4  80.00  0.00 85.00  0.00 170.00  0.00 175.00  0.00 309.20 
4  80.00  0.00 85.00  0.00 175.00  0.00 180.00  0.00 202.12 
4  80.00  0.00 85.00  0.00 180.00  0.00 185.00  0.00 235.07 
4  80.00  0.00 85.00  0.00 185.00  0.00 190.00  0.00 261.35 
4  80.00  0.00 85.00  0.00 190.00  0.00 195.00  0.00 249.85 
4  80.00  0.00 85.00  0.00 195.00  0.00 200.00  0.00 456.92 
4  80.00  0.00 85.00  0.00 200.00  0.00 205.00  0.00 485.67 
4  80.00  0.00 85.00  0.00 205.00  0.00 210.00  0.00 860.23 
4  80.00  0.00 85.00  0.00 210.00  0.00 215.00  0.00 636.78 
4  80.00  0.00 85.00  0.00 215.00  0.00 220.00  0.00 713.27 
4  80.00  0.00 85.00  0.00 220.00  0.00 225.00  0.00 384.21 
4  80.00  0.00 85.00  0.00 225.00  0.00 230.00  0.00 313.09 
4  80.00  0.00 85.00  0.00 230.00  0.00 235.00  0.00 157.27 
4  85.00  0.00 90.00  0.00 95.00  0.00 100.00  0.00 177.92 
4  85.00  0.00 90.00  0.00 100.00  0.00 105.00  0.00 113.75 
4  85.00  0.00 90.00  0.00 105.00  0.00 110.00  0.00 63.83 
4  85.00  0.00 90.00  0.00 110.00  0.00 115.00  0.00 162.17 
4  85.00  0.00 90.00  0.00 115.00  0.00 120.00  0.00 338.89 
4  85.00  0.00 90.00  0.00 120.00  0.00 125.00  0.00 361.79 
4  85.00  0.00 90.00  0.00 125.00  0.00 130.00  0.00 574.88 
4  85.00  0.00 90.00  0.00 130.00  0.00 135.00  0.00 601.41 
4  85.00  0.00 90.00  0.00 135.00  0.00 140.00  0.00 666.22 
4  85.00  0.00 90.00  0.00 140.00  0.00 145.00  0.00 762.38 
4  85.00  0.00 90.00  0.00 145.00  0.00 150.00  0.00 450.59 
4  85.00  0.00 90.00  0.00 150.00  0.00 155.00  0.00 458.83 
4  85.00  0.00 90.00  0.00 155.00  0.00 160.00  0.00 384.56 
4  85.00  0.00 90.00  0.00 160.00  0.00 165.00  0.00 433.25 
4  85.00  0.00 90.00  0.00 165.00  0.00 170.00  0.00 389.60 
4  85.00  0.00 90.00  0.00 170.00  0.00 175.00  0.00 432.51 
4  85.00  0.00 90.00  0.00 175.00  0.00 180.00  0.00 236.02 
4  85.00  0.00 90.00  0.00 180.00  0.00 185.00  0.00 326.72 
4  85.00  0.00 90.00  0.00 185.00  0.00 190.00  0.00 323.92 
4  85.00  0.00 90.00  0.00 190.00  0.00 195.00  0.00 331.00 
4  85.00  0.00 90.00  0.00 195.00  0.00 200.00  0.00 558.09 
4  85.00  0.00 90.00  0.00 200.00  0.00 205.00  0.00 782.86 
4  85.00  0.00 90.00  0.00 205.00  0.00 210.00  0.00 955.12 
4  85.00  0.00 90.00  0.00 210.00  0.00 215.00  0.00 930.89 
4  85.00  0.00 90.00  0.00 215.00  0.00 220.00  0.00 920.79 
4  85.00  0.00 90.00  0.00 220.00  0.00 225.00  0.00 515.70 
4  85.00  0.00 90.00  0.00 225.00  0.00 230.00  0.00 365.82 
4  85.00  0.00 90.00  0.00 230.00  0.00 235.00  0.00 232.29 
4  90.00  0.00 95.00  0.00 100.00  0.00 105.00  0.00 147.58 
4  90.00  0.00 95.00  0.00 105.00  0.00 110.00  0.00 90.32 
4  90.00  0.00 95.00  0.00 110.00  0.00 115.00  0.00 268.95 
4  90.00  0.00 95.00  0.00 115.00  0.00 120.00  0.00 593.08 
4  90.00  0.00 95.00  0.00 120.00  0.00 125.00  0.00 684.01 
4  90.00  0.00 95.00  0.00 125.00  0.00 130.00  0.00 1093.04 
4  90.00  0.00 95.00  0.00 130.00  0.00 135.00  0.00 1230.64 
4  90.00  0.00 95.00  0.00 135.00  0.00 140.00  0.00 1349.41 
4  90.00  0.00 95.00  0.00 140.00  0.00 145.00  0.00 1576.13 
4  90.00  0.00 95.00  0.00 145.00  0.00 150.00  0.00 927.85 
4  90.00  0.00 95.00  0.00 150.00  0.00 155.00  0.00 975.08 
4  90.00  0.00 95.00  0.00 155.00  0.00 160.00  0.00 755.47 
4  90.00  0.00 95.00  0.00 160.00  0.00 165.00  0.00 889.07 
4  90.00  0.00 95.00  0.00 165.00  0.00 170.00  0.00 732.10 
4  90.00  0.00 95.00  0.00 170.00  0.00 175.00  0.00 861.56 
4  90.00  0.00 95.00  0.00 175.00  0.00 180.00  0.00 429.00 
4  90.00  0.00 95.00  0.00 180.00  0.00 185.00  0.00 653.25 
4  90.00  0.00 95.00  0.00 185.00  0.00 190.00  0.00 584.16 
4  90.00  0.00 95.00  0.00 190.00  0.00 195.00  0.00 663.43 
4  90.00  0.00 95.00  0.00 195.00  0.00 200.00  0.00 1079.80 
4  90.00  0.00 95.00  0.00 200.00  0.00 205.00  0.00 1719.77 
4  90.00  0.00 95.00  0.00 205.00  0.00 210.00  0.00 1747.25 
4  90.00  0.00 95.00  0.00 210.00  0.00 215.00  0.00 1706.78 
4  90.00  0.00 95.00  0.00 215.00  0.00 220.00  0.00 1684.05 
4  90.00  0.00 95.00  0.00 220.00  0.00 225.00  0.00 1065.52 
4  90.00  0.00 95.00  0.00 225.00  0.00 230.00  0.00 618.86 
4  90.00  0.00 95.00  0.00 230.00  0.00 235.00  0.00 641.15 
4  95.00  0.00 100.00  0.00 105.00  0.00 110.00  0.00 39.56 
4  95.00  0.00 100.00  0.00 110.00  0.00 115.00  0.00 122.82 
4  95.00  0.00 100.00  0.00 115.00  0.00 120.00  0.00 302.93 
4  95.00  0.00 100.00  0.00 120.00  0.00 125.00  0.00 381.88 
4  95.00  0.00 100.00  0.00 125.00  0.00 130.00  0.00 651.52 
4  95.00  0.00 100.00  0.00 130.00  0.00 135.00  0.00 763.04 
4  95.00  0.00 100.00  0.00 135.00  0.00 140.00  0.00 869.09 
4  95.00  0.00 100.00  0.00 140.00  0.00 145.00  0.00 1041.32 
4  95.00  0.00 100.00  0.00 145.00  0.00 150.00  0.00 628.74 
4  95.00  0.00 100.00  0.00 150.00  0.00 155.00  0.00 656.97 
4  95.00  0.00 100.00  0.00 155.00  0.00 160.00  0.00 539.53 
4  95.00  0.00 100.00  0.00 160.00  0.00 165.00  0.00 619.62 
4  95.00  0.00 100.00  0.00 165.00  0.00 170.00  0.00 534.57 
4  95.00  0.00 100.00  0.00 170.00  0.00 175.00  0.00 594.59 
4  95.00  0.00 100.00  0.00 175.00  0.00 180.00  0.00 326.59 
4  95.00  0.00 100.00  0.00 180.00  0.00 185.00  0.00 461.13 
4  95.00  0.00 100.00  0.00 185.00  0.00 190.00  0.00 437.29 
4  95.00  0.00 100.00  0.00 190.00  0.00 195.00  0.00 450.21 
4  95.00  0.00 100.00  0.00 195.00  0.00 200.00  0.00 786.40 
4  95.00  0.00 100.00  0.00 200.00  0.00 205.00  0.00 1127.57 
4  95.00  0.00 100.00  0.00 205.00  0.00 210.00  0.00 1220.09 
4  95.00  0.00 100.00  0.00 210.00  0.00 215.00  0.00 1366.08 
4  95.00  0.00 100.00  0.00 215.00  0.00 220.00  0.00 1292.05 
4  95.00  0.00 100.00  0.00 220.00  0.00 225.00  0.00 766.90 
4  95.00  0.00 100.00  0.00 225.00  0.00 230.00  0.00 492.47 
4  95.00  0.00 100.00  0.00 230.00  0.00 235.00  0.00 413.72 
4  100.00  0.00 105.00  0.00 110.00  0.00 115.00  0.00 65.39 
4  100.00  0.00 105.00  0.00 115.00  0.00 120.00  0.00 111.10 
4  100.00  0.00 105.00  0.00 120.00  0.00 125.00  0.00 155.46 
4  100.00  0.00 105.00  0.00 125.00  0.00 130.00  0.00 292.47 
4  100.00  0.00 105.00  0.00 130.00  0.00 135.00  0.00 369.14 
4  100.00  0.00 105.00  0.00 135.00  0.00 140.00  0.00 431.59 
4  100.00  0.00 105.00  0.00 140.00  0.00 145.00  0.00 546.11 
4  100.00  0.00 105.00  0.00 145.00  0.00 150.00  0.00 331.73 
4  100.00  0.00 105.00  0.00 150.00  0.00 155.00  0.00 381.57 
4  100.00  0.00 105.00  0.00 155.00  0.00 160.00  0.00 253.27 
4  100.00  0.00 105.00  0.00 160.00  0.00 165.00  0.00 341.40 
4  100.00  0.00 105.00  0.00 165.00  0.00 170.00  0.00 230.50 
4  100.00  0.00 105.00  0.00 170.00  0.00 175.00  0.00 335.73 
4  100.00  0.00 105.00  0.00 175.00  0.00 180.00  0.00 128.05 
4  100.00  0.00 105.00  0.00 180.00  0.00 185.00  0.00 261.67 
4  100.00  0.00 105.00  0.00 185.00  0.00 190.00  0.00 195.21 
4  100.00  0.00 105.00  0.00 190.00  0.00 195.00  0.00 252.08 
4  100.00  0.00 105.00  0.00 195.00  0.00 200.00  0.00 367.78 
4  100.00  0.00 105.00  0.00 200.00  0.00 205.00  0.00 803.39 
4  100.00  0.00 105.00  0.00 205.00  0.00 210.00  0.00 497.28 
4  100.00  0.00 105.00  0.00 210.00  0.00 215.00  0.00 682.68 
4  100.00  0.00 105.00  0.00 215.00  0.00 220.00  0.00 611.57 
4  100.00  0.00 105.00  0.00 220.00  0.00 225.00  0.00 455.90 
4  100.00  0.00 105.00  0.00 225.00  0.00 230.00  0.00 135.64 
4  100.00  0.00 105.00  0.00 230.00  0.00 235.00  0.00 305.32 
4  105.00  0.00 110.00  0.00 115.00  0.00 120.00  0.00 38.07 
4  105.00  0.00 110.00  0.00 120.00  0.00 125.00  0.00 53.41 
4  105.00  0.00 110.00  0.00 125.00  0.00 130.00  0.00 114.28 
4  105.00  0.00 110.00  0.00 130.00  0.00 135.00  0.00 149.56 
4  105.00  0.00 110.00  0.00 135.00  0.00 140.00  0.00 188.35 
4  105.00  0.00 110.00  0.00 140.00  0.00 145.00  0.00 240.25 
4  105.00  0.00 110.00  0.00 145.00  0.00 150.00  0.00 155.64 
4  105.00  0.00 110.00  0.00 150.00  0.00 155.00  0.00 164.73 
4  105.00  0.00 110.00  0.00 155.00  0.00 160.00  0.00 138.80 
4  105.00  0.00 110.00  0.00 160.00  0.00 165.00  0.00 146.35 
4  105.00  0.00 110.00  0.00 165.00  0.00 170.00  0.00 132.94 
4  105.00  0.00 110.00  0.00 170.00  0.00 175.00  0.00 143.98 
4  105.00  0.00 110.00  0.00 175.00  0.00 180.00  0.00 79.39 
4  105.00  0.00 110.00  0.00 180.00  0.00 185.00  0.00 111.60 
4  105.00  0.00 110.00  0.00 185.00  0.00 190.00  0.00 113.20 
4  105.00  0.00 110.00  0.00 190.00  0.00 195.00  0.00 112.15 
4  105.00  0.00 110.00  0.00 195.00  0.00 200.00  0.00 200.14 
4  105.00  0.00 110.00  0.00 200.00  0.00 205.00  0.00 282.33 
4  105.00  0.00 110.00  0.00 205.00  0.00 210.00  0.00 389.31 
4  105.00  0.00 110.00  0.00 210.00  0.00 215.00  0.00 273.92 
4  105.00  0.00 110.00  0.00 215.00  0.00 220.00  0.00 342.42 
4  105.00  0.00 110.00  0.00 220.00  0.00 225.00  0.00 191.24 
4  105.00  0.00 110.00  0.00 225.00  0.00 230.00  0.00 128.33 
4  105.00  0.00 110.00  0.00 230.00  0.00 235.00  0.00 93.88 
4  110.00  0.00 115.00  0.00 120.00  0.00 125.00  0.00 60.37 
4  110.00  0.00 115.00  0.00 125.00  0.00 130.00  0.00 164.53 
4  110.00  0.00 115.00  0.00 130.00  0.00 135.00  0.00 245.85 
4  110.00  0.00 115.00  0.00 135.00  0.00 140.00  0.00 338.30 
4  110.00  0.00 115.00  0.00 140.00  0.00 145.00  0.00 459.88 
4  110.00  0.00 115.00  0.00 145.00  0.00 150.00  0.00 312.73 
4  110.00  0.00 115.00  0.00 150.00  0.00 155.00  0.00 333.55 
4  110.00  0.00 115.00  0.00 155.00  0.00 160.00  0.00 292.78 
4  110.00  0.00 115.00  0.00 160.00  0.00 165.00  0.00 295.63 
4  110.00  0.00 115.00  0.00 165.00  0.00 170.00  0.00 276.91 
4  110.00  0.00 115.00  0.00 170.00  0.00 175.00  0.00 294.33 
4  110.00  0.00 115.00  0.00 175.00  0.00 180.00  0.00 169.02 
4  110.00  0.00 115.00  0.00 180.00  0.00 185.00  0.00 223.74 
4  110.00  0.00 115.00  0.00 185.00  0.00 190.00  0.00 240.64 
4  110.00  0.00 115.00  0.00 190.00  0.00 195.00  0.00 233.23 
4  110.00  0.00 115.00  0.00 195.00  0.00 200.00  0.00 415.97 
4  110.00  0.00 115.00  0.00 200.00  0.00 205.00  0.00 543.66 
4  110.00  0.00 115.00  0.00 205.00  0.00 210.00  0.00 818.58 
4  110.00  0.00 115.00  0.00 210.00  0.00 215.00  0.00 631.35 
4  110.00  0.00 115.00  0.00 215.00  0.00 220.00  0.00 731.16 
4  110.00  0.00 115.00  0.00 220.00  0.00 225.00  0.00 402.99 
4  110.00  0.00 115.00  0.00 225.00  0.00 230.00  0.00 268.69 
4  110.00  0.00 115.00  0.00 230.00  0.00 235.00  0.00 174.22 
4  115.00  0.00 120.00  0.00 125.00  0.00 130.00  0.00 127.96 
4  115.00  0.00 120.00  0.00 130.00  0.00 135.00  0.00 224.43 
4  115.00  0.00 120.00  0.00 135.00  0.00 140.00  0.00 362.88 
4  115.00  0.00 120.00  0.00 140.00  0.00 145.00  0.00 540.60 
4  115.00  0.00 120.00  0.00 145.00  0.00 150.00  0.00 392.83 
4  115.00  0.00 120.00  0.00 150.00  0.00 155.00  0.00 446.24 
4  115.00  0.00 120.00  0.00 155.00  0.00 160.00  0.00 392.44 
4  115.00  0.00 120.00  0.00 160.00  0.00 165.00  0.00 419.92 
4  115.00  0.00 120.00  0.00 165.00  0.00 170.00  0.00 387.39 
4  115.00  0.00 120.00  0.00 170.00  0.00 175.00  0.00 414.80 
4  115.00  0.00 120.00  0.00 175.00  0.00 180.00  0.00 243.90 
4  115.00  0.00 120.00  0.00 180.00  0.00 185.00  0.00 332.11 
4  115.00  0.00 120.00  0.00 185.00  0.00 190.00  0.00 353.05 
4  115.00  0.00 120.00  0.00 190.00  0.00 195.00  0.00 348.77 
4  115.00  0.00 120.00  0.00 195.00  0.00 200.00  0.00 633.54 
4  115.00  0.00 120.00  0.00 200.00  0.00 205.00  0.00 881.03 
4  115.00  0.00 120.00  0.00 205.00  0.00 210.00  0.00 1253.12 
4  115.00  0.00 120.00  0.00 210.00  0.00 215.00  0.00 852.16 
4  115.00  0.00 120.00  0.00 215.00  0.00 220.00  0.00 1076.44 
4  115.00  0.00 120.00  0.00 220.00  0.00 225.00  0.00 596.87 
4  115.00  0.00 120.00  0.00 225.00  0.00 230.00  0.00 433.51 
4  115.00  0.00 120.00  0.00 230.00  0.00 235.00  0.00 297.30 
4  120.00  0.00 125.00  0.00 130.00  0.00 135.00  0.00 94.14 
4  120.00  0.00 125.00  0.00 135.00  0.00 140.00  0.00 179.34 
4  120.00  0.00 125.00  0.00 140.00  0.00 145.00  0.00 303.37 
4  120.00  0.00 125.00  0.00 145.00  0.00 150.00  0.00 243.12 
4  120.00  0.00 125.00  0.00 150.00  0.00 155.00  0.00 296.21 
4  120.00  0.00 125.00  0.00 155.00  0.00 160.00  0.00 270.57 
4  120.00  0.00 125.00  0.00 160.00  0.00 165.00  0.00 304.87 
4  120.00  0.00 125.00  0.00 165.00  0.00 170.00  0.00 278.91 
4  120.00  0.00 125.00  0.00 170.00  0.00 175.00  0.00 308.71 
4  120.00  0.00 125.00  0.00 175.00  0.00 180.00  0.00 180.83 
4  120.00  0.00 125.00  0.00 180.00  0.00 185.00  0.00 261.10 
4  120.00  0.00 125.00  0.00 185.00  0.00 190.00  0.00 255.11 
4  120.00  0.00 125.00  0.00 190.00  0.00 195.00  0.00 275.29 
4  120.00  0.00 125.00  0.00 195.00  0.00 200.00  0.00 493.31 
4  120.00  0.00 125.00  0.00 200.00  0.00 205.00  0.00 707.31 
4  120.00  0.00 125.00  0.00 205.00  0.00 210.00  0.00 877.92 
4  120.00  0.00 125.00  0.00 210.00  0.00 215.00  0.00 799.70 
4  120.00  0.00 125.00  0.00 215.00  0.00 220.00  0.00 828.90 
4  120.00  0.00 125.00  0.00 220.00  0.00 225.00  0.00 498.37 
4  120.00  0.00 125.00  0.00 225.00  0.00 230.00  0.00 327.72 
4  120.00  0.00 125.00  0.00 230.00  0.00 235.00  0.00 263.45 
4  125.00  0.00 130.00  0.00 135.00  0.00 140.00  0.00 158.93 
4  125.00  0.00 130.00  0.00 140.00  0.00 145.00  0.00 257.79 
4  125.00  0.00 130.00  0.00 145.00  0.00 150.00  0.00 231.19 
4  125.00  0.00 130.00  0.00 150.00  0.00 155.00  0.00 302.53 
4  125.00  0.00 130.00  0.00 155.00  0.00 160.00  0.00 301.25 
4  125.00  0.00 130.00  0.00 160.00  0.00 165.00  0.00 355.05 
4  125.00  0.00 130.00  0.00 165.00  0.00 170.00  0.00 324.94 
4  125.00  0.00 130.00  0.00 170.00  0.00 175.00  0.00 355.49 
4  125.00  0.00 130.00  0.00 175.00  0.00 180.00  0.00 220.73 
4  125.00  0.00 130.00  0.00 180.00  0.00 185.00  0.00 309.06 
4  125.00  0.00 130.00  0.00 185.00  0.00 190.00  0.00 307.60 
4  125.00  0.00 130.00  0.00 190.00  0.00 195.00  0.00 346.00 
4  125.00  0.00 130.00  0.00 195.00  0.00 200.00  0.00 613.27 
4  125.00  0.00 130.00  0.00 200.00  0.00 205.00  0.00 824.78 
4  125.00  0.00 130.00  0.00 205.00  0.00 210.00  0.00 880.58 
4  125.00  0.00 130.00  0.00 210.00  0.00 215.00  0.00 1321.03 
4  125.00  0.00 130.00  0.00 215.00  0.00 220.00  0.00 987.57 
4  125.00  0.00 130.00  0.00 220.00  0.00 225.00  0.00 642.41 
4  125.00  0.00 130.00  0.00 225.00  0.00 230.00  0.00 395.96 
4  125.00  0.00 130.00  0.00 230.00  0.00 235.00  0.00 382.13 
4  130.00  0.00 135.00  0.00 140.00  0.00 145.00  0.00 179.80 
4  130.00  0.00 135.00  0.00 145.00  0.00 150.00  0.00 170.62 
4  130.00  0.00 135.00  0.00 150.00  0.00 155.00  0.00 257.22 
4  130.00  0.00 135.00  0.00 155.00  0.00 160.00  0.00 265.21 
4  130.00  0.00 135.00  0.00 160.00  0.00 165.00  0.00 339.64 
4  130.00  0.00 135.00  0.00 165.00  0.00 170.00  0.00 312.75 
4  130.00  0.00 135.00  0.00 170.00  0.00 175.00  0.00 332.34 
4  130.00  0.00 135.00  0.00 175.00  0.00 180.00  0.00 220.36 
4  130.00  0.00 135.00  0.00 180.00  0.00 185.00  0.00 322.74 
4  130.00  0.00 135.00  0.00 185.00  0.00 190.00  0.00 302.94 
4  130.00  0.00 135.00  0.00 190.00  0.00 195.00  0.00 349.88 
4  130.00  0.00 135.00  0.00 195.00  0.00 200.00  0.00 648.14 
4  130.00  0.00 135.00  0.00 200.00  0.00 205.00  0.00 988.60 
4  130.00  0.00 135.00  0.00 205.00  0.00 210.00  0.00 1057.90 
4  130.00  0.00 135.00  0.00 210.00  0.00 215.00  0.00 1016.47 
4  130.00  0.00 135.00  0.00 215.00  0.00 220.00  0.00 979.49 
4  130.00  0.00 135.00  0.00 220.00  0.00 225.00  0.00 623.56 
4  130.00  0.00 135.00  0.00 225.00  0.00 230.00  0.00 435.24 
4  130.00  0.00 135.00  0.00 230.00  0.00 235.00  0.00 362.49 
4  135.00  0.00 140.00  0.00 145.00  0.00 150.00  0.00 112.54 
4  135.00  0.00 140.00  0.00 150.00  0.00 155.00  0.00 202.65 
4  135.00  0.00 140.00  0.00 155.00  0.00 160.00  0.00 235.71 
4  135.00  0.00 140.00  0.00 160.00  0.00 165.00  0.00 290.66 
4  135.00  0.00 140.00  0.00 165.00  0.00 170.00  0.00 283.37 
4  135.00  0.00 140.00  0.00 170.00  0.00 175.00  0.00 310.81 
4  135.00  0.00 140.00  0.00 175.00  0.00 180.00  0.00 203.20 
4  135.00  0.00 140.00  0.00 180.00  0.00 185.00  0.00 295.94 
4  135.00  0.00 140.00  0.00 185.00  0.00 190.00  0.00 299.67 
4  135.00  0.00 140.00  0.00 190.00  0.00 195.00  0.00 334.72 
4  135.00  0.00 140.00  0.00 195.00  0.00 200.00  0.00 625.78 
4  135.00  0.00 140.00  0.00 200.00  0.00 205.00  0.00 889.41 
4  135.00  0.00 140.00  0.00 205.00  0.00 210.00  0.00 1062.37 
4  135.00  0.00 140.00  0.00 210.00  0.00 215.00  0.00 1096.22 
4  135.00  0.00 140.00  0.00 215.00  0.00 220.00  0.00 1019.24 
4  135.00  0.00 140.00  0.00 220.00  0.00 225.00  0.00 627.30 
4  135.00  0.00 140.00  0.00 225.00  0.00 230.00  0.00 460.68 
4  135.00  0.00 140.00  0.00 230.00  0.00 235.00  0.00 349.71 
4  140.00  0.00 145.00  0.00 150.00  0.00 155.00  0.00 130.75 
4  140.00  0.00 145.00  0.00 155.00  0.00 160.00  0.00 173.49 
4  140.00  0.00 145.00  0.00 160.00  0.00 165.00  0.00 236.31 
4  140.00  0.00 145.00  0.00 165.00  0.00 170.00  0.00 242.00 
4  140.00  0.00 145.00  0.00 170.00  0.00 175.00  0.00 274.42 
4  140.00  0.00 145.00  0.00 175.00  0.00 180.00  0.00 186.66 
4  140.00  0.00 145.00  0.00 180.00  0.00 185.00  0.00 282.08 
4  140.00  0.00 145.00  0.00 185.00  0.00 190.00  0.00 290.93 
4  140.00  0.00 145.00  0.00 190.00  0.00 195.00  0.00 334.95 
4  140.00  0.00 145.00  0.00 195.00  0.00 200.00  0.00 635.28 
4  140.00  0.00 145.00  0.00 200.00  0.00 205.00  0.00 944.35 
4  140.00  0.00 145.00  0.00 205.00  0.00 210.00  0.00 1102.26 
4  140.00  0.00 145.00  0.00 210.00  0.00 215.00  0.00 1092.92 
4  140.00  0.00 145.00  0.00 215.00  0.00 220.00  0.00 1046.34 
4  140.00  0.00 145.00  0.00 220.00  0.00 225.00  0.00 650.68 
4  140.00  0.00 145.00  0.00 225.00  0.00 230.00  0.00 479.70 
4  140.00  0.00 145.00  0.00 230.00  0.00 235.00  0.00 377.31 
4  145.00  0.00 150.00  0.00 155.00  0.00 160.00  0.00 66.65 
4  145.00  0.00 150.00  0.00 160.00  0.00 165.00  0.00 93.76 
4  145.00  0.00 150.00  0.00 165.00  0.00 170.00  0.00 103.44 
4  145.00  0.00 150.00  0.00 170.00  0.00 175.00  0.00 116.58 
4  145.00  0.00 150.00  0.00 175.00  0.00 180.00  0.00 89.30 
4  145.00  0.00 150.00  0.00 180.00  0.00 185.00  0.00 137.96 
4  145.00  0.00 150.00  0.00 185.00  0.00 190.00  0.00 148.33 
4  145.00  0.00 150.00  0.00 190.00  0.00 195.00  0.00 174.28 
4  145.00  0.00 150.00  0.00 195.00  0.00 200.00  0.00 346.74 
4  145.00  0.00 150.00  0.00 200.00  0.00 205.00  0.00 509.97 
4  145.00  0.00 150.00  0.00 205.00  0.00 210.00  0.00 634.22 
4  145.00  0.00 150.00  0.00 210.00  0.00 215.00  0.00 589.42 
4  145.00  0.00 150.00  0.00 215.00  0.00 220.00  0.00 588.28 
4  145.00  0.00 150.00  0.00 220.00  0.00 225.00  0.00 357.38 
4  145.00  0.00 150.00  0.00 225.00  0.00 230.00  0.00 283.29 
4  145.00  0.00 150.00  0.00 230.00  0.00 235.00  0.00 197.20 
4  150.00  0.00 155.00  0.00 160.00  0.00 165.00  0.00 156.98 
4  150.00  0.00 155.00  0.00 165.00  0.00 170.00  0.00 148.85 
4  150.00  0.00 155.00  0.00 170.00  0.00 175.00  0.00 156.11 
4  150.00  0.00 155.00  0.00 175.00  0.00 180.00  0.00 103.23 
4  150.00  0.00 155.00  0.00 180.00  0.00 185.00  0.00 153.70 
4  150.00  0.00 155.00  0.00 185.00  0.00 190.00  0.00 180.56 
4  150.00  0.00 155.00  0.00 190.00  0.00 195.00  0.00 204.84 
4  150.00  0.00 155.00  0.00 195.00  0.00 200.00  0.00 410.33 
4  150.00  0.00 155.00  0.00 200.00  0.00 205.00  0.00 498.41 
4  150.00  0.00 155.00  0.00 205.00  0.00 210.00  0.00 758.01 
4  150.00  0.00 155.00  0.00 210.00  0.00 215.00  0.00 937.73 
4  150.00  0.00 155.00  0.00 215.00  0.00 220.00  0.00 768.60 
4  150.00  0.00 155.00  0.00 220.00  0.00 225.00  0.00 461.36 
4  150.00  0.00 155.00  0.00 225.00  0.00 230.00  0.00 346.28 
4  150.00  0.00 155.00  0.00 230.00  0.00 235.00  0.00 251.29 
4  155.00  0.00 160.00  0.00 165.00  0.00 170.00  0.00 194.89 
4  155.00  0.00 160.00  0.00 170.00  0.00 175.00  0.00 165.54 
4  155.00  0.00 160.00  0.00 175.00  0.00 180.00  0.00 93.54 
4  155.00  0.00 160.00  0.00 180.00  0.00 185.00  0.00 157.91 
4  155.00  0.00 160.00  0.00 185.00  0.00 190.00  0.00 198.43 
4  155.00  0.00 160.00  0.00 190.00  0.00 195.00  0.00 220.40 
4  155.00  0.00 160.00  0.00 195.00  0.00 200.00  0.00 452.58 
4  155.00  0.00 160.00  0.00 200.00  0.00 205.00  0.00 718.92 
4  155.00  0.00 160.00  0.00 205.00  0.00 210.00  0.00 1034.76 
4  155.00  0.00 160.00  0.00 210.00  0.00 215.00  0.00 671.47 
4  155.00  0.00 160.00  0.00 215.00  0.00 220.00  0.00 922.58 
4  155.00  0.00 160.00  0.00 220.00  0.00 225.00  0.00 501.53 
4  155.00  0.00 160.00  0.00 225.00  0.00 230.00  0.00 428.84 
4  155.00  0.00 160.00  0.00 230.00  0.00 235.00  0.00 226.23 
4  160.00  0.00 165.00  0.00 170.00  0.00 175.00  0.00 246.67 
4  160.00  0.00 165.00  0.00 175.00  0.00 180.00  0.00 110.08 
4  160.00  0.00 165.00  0.00 180.00  0.00 185.00  0.00 189.80 
4  160.00  0.00 165.00  0.00 185.00  0.00 190.00  0.00 259.67 
4  160.00  0.00 165.00  0.00 190.00  0.00 195.00  0.00 303.47 
4  160.00  0.00 165.00  0.00 195.00  0.00 200.00  0.00 614.87 
4  160.00  0.00 165.00  0.00 200.00  0.00 205.00  0.00 989.62 
4  160.00  0.00 165.00  0.00 205.00  0.00 210.00  0.00 1310.51 
4  160.00  0.00 165.00  0.00 210.00  0.00 215.00  0.00 1352.09 
4  160.00  0.00 165.00  0.00 215.00  0.00 220.00  0.00 1367.64 
4  160.00  0.00 165.00  0.00 220.00  0.00 225.00  0.00 849.90 
4  160.00  0.00 165.00  0.00 225.00  0.00 230.00  0.00 595.36 
4  160.00  0.00 165.00  0.00 230.00  0.00 235.00  0.00 471.70 
4  165.00  0.00 170.00  0.00 175.00  0.00 180.00  0.00 83.34 
4  165.00  0.00 170.00  0.00 180.00  0.00 185.00  0.00 123.66 
4  165.00  0.00 170.00  0.00 185.00  0.00 190.00  0.00 193.25 
4  165.00  0.00 170.00  0.00 190.00  0.00 195.00  0.00 240.47 
4  165.00  0.00 170.00  0.00 195.00  0.00 200.00  0.00 518.54 
4  165.00  0.00 170.00  0.00 200.00  0.00 205.00  0.00 879.45 
4  165.00  0.00 170.00  0.00 205.00  0.00 210.00  0.00 1228.66 
4  165.00  0.00 170.00  0.00 210.00  0.00 215.00  0.00 1200.79 
4  165.00  0.00 170.00  0.00 215.00  0.00 220.00  0.00 1303.93 
4  165.00  0.00 170.00  0.00 220.00  0.00 225.00  0.00 814.63 
4  165.00  0.00 170.00  0.00 225.00  0.00 230.00  0.00 609.45 
4  165.00  0.00 170.00  0.00 230.00  0.00 235.00  0.00 441.67 
4  170.00  0.00 175.00  0.00 180.00  0.00 185.00  0.00 94.57 
4  170.00  0.00 175.00  0.00 185.00  0.00 190.00  0.00 140.53 
4  170.00  0.00 175.00  0.00 190.00  0.00 195.00  0.00 195.86 
4  170.00  0.00 175.00  0.00 195.00  0.00 200.00  0.00 467.17 
4  170.00  0.00 175.00  0.00 200.00  0.00 205.00  0.00 838.55 
4  170.00  0.00 175.00  0.00 205.00  0.00 210.00  0.00 1170.96 
4  170.00  0.00 175.00  0.00 210.00  0.00 215.00  0.00 1313.05 
4  170.00  0.00 175.00  0.00 215.00  0.00 220.00  0.00 1342.29 
4  170.00  0.00 175.00  0.00 220.00  0.00 225.00  0.00 879.62 
4  170.00  0.00 175.00  0.00 225.00  0.00 230.00  0.00 675.11 
4  170.00  0.00 175.00  0.00 230.00  0.00 235.00  0.00 525.77 
4  175.00  0.00 180.00  0.00 185.00  0.00 190.00  0.00 43.14 
4  175.00  0.00 180.00  0.00 190.00  0.00 195.00  0.00 60.85 
4  175.00  0.00 180.00  0.00 195.00  0.00 200.00  0.00 156.54 
4  175.00  0.00 180.00  0.00 200.00  0.00 205.00  0.00 311.51 
4  175.00  0.00 180.00  0.00 205.00  0.00 210.00  0.00 478.45 
4  175.00  0.00 180.00  0.00 210.00  0.00 215.00  0.00 526.29 
4  175.00  0.00 180.00  0.00 215.00  0.00 220.00  0.00 590.52 
4  175.00  0.00 180.00  0.00 220.00  0.00 225.00  0.00 390.33 
4  175.00  0.00 180.00  0.00 225.00  0.00 230.00  0.00 296.89 
4  175.00  0.00 180.00  0.00 230.00  0.00 235.00  0.00 229.54 
4  180.00  0.00 185.00  0.00 190.00  0.00 195.00  0.00 36.52 
4  180.00  0.00 185.00  0.00 195.00  0.00 200.00  0.00 131.02 
4  180.00  0.00 185.00  0.00 200.00  0.00 205.00  0.00 295.01 
4  180.00  0.00 185.00  0.00 205.00  0.00 210.00  0.00 466.21 
4  180.00  0.00 185.00  0.00 210.00  0.00 215.00  0.00 608.98 
4  180.00  0.00 185.00  0.00 215.00  0.00 220.00  0.00 651.28 
4  180.00  0.00 185.00  0.00 220.00  0.00 225.00  0.00 457.04 
4  180.00  0.00 185.00  0.00 225.00  0.00 230.00  0.00 379.17 
4  180.00  0.00 185.00  0.00 230.00  0.00 235.00  0.00 303.44 
4  185.00  0.00 190.00  0.00 195.00  0.00 200.00  0.00 58.51 
4  185.00  0.00 190.00  0.00 200.00  0.00 205.00  0.00 159.96 
4  185.00  0.00 190.00  0.00 205.00  0.00 210.00  0.00 278.38 
4  185.00  0.00 190.00  0.00 210.00  0.00 215.00  0.00 408.93 
4  185.00  0.00 190.00  0.00 215.00  0.00 220.00  0.00 449.65 
4  185.00  0.00 190.00  0.00 220.00  0.00 225.00  0.00 334.50 
4  185.00  0.00 190.00  0.00 225.00  0.00 230.00  0.00 293.23 
4  185.00  0.00 190.00  0.00 230.00  0.00 235.00  0.00 241.05 
4  190.00  0.00 195.00  0.00 200.00  0.00 205.00  0.00 91.24 
4  190.00  0.00 195.00  0.00 205.00  0.00 210.00  0.00 191.43 
4  190.00  0.00 195.00  0.00 210.00  0.00 215.00  0.00 284.69 
4  190.00  0.00 195.00  0.00 215.00  0.00 220.00  0.00 361.66 
4  190.00  0.00 195.00  0.00 220.00  0.00 225.00  0.00 273.67 
4  190.00  0.00 195.00  0.00 225.00  0.00 230.00  0.00 232.22 
4  190.00  0.00 195.00  0.00 230.00  0.00 235.00  0.00 195.23 
4  195.00  0.00 200.00  0.00 205.00  0.00 210.00  0.00 164.28 
4  195.00  0.00 200.00  0.00 210.00  0.00 215.00  0.00 257.89 
4  195.00  0.00 200.00  0.00 215.00  0.00 220.00  0.00 396.45 
4  195.00  0.00 200.00  0.00 220.00  0.00 225.00  0.00 321.92 
4  195.00  0.00 200.00  0.00 225.00  0.00 230.00  0.00 273.43 
4  195.00  0.00 200.00  0.00 230.00  0.00 235.00  0.00 240.45 
4  200.00  0.00 205.00  0.00 210.00  0.00 215.00  0.00 253.71 
4  200.00  0.00 205.00  0.00 215.00  0.00 220.00  0.00 357.27 
4  200.00  0.00 205.00  0.00 220.00  0.00 225.00  0.00 321.06 
4  200.00  0.00 205.00  0.00 225.00  0.00 230.00  0.00 300.86 
4  200.00  0.00 205.00  0.00 230.00  0.00 235.00  0.00 263.93 
4  205.00  0.00 210.00  0.00 215.00  0.00 220.00  0.00 278.91 
4  205.00  0.00 210.00  0.00 220.00  0.00 225.00  0.00 267.18 
4  205.00  0.00 210.00  0.00 225.00  0.00 230.00  0.00 300.58 
4  205.00  0.00 210.00  0.00 230.00  0.00 235.00  0.00 289.55 
4  210.00  0.00 215.00  0.00 220.00  0.00 225.00  0.00 187.50 
4  210.00  0.00 215.00  0.00 225.00  0.00 230.00  0.00 154.34 
4  210.00  0.00 215.00  0.00 230.00  0.00 235.00  0.00 158.37 
4  215.00  0.00 220.00  0.00 225.00  0.00 230.00  0.00 126.74 
4  215.00  0.00 220.00  0.00 230.00  0.00 235.00  0.00 154.12 
4  220.00  0.00 225.00  0.00 230.00  0.00 235.00  0.00 70.99 
0
0
0
0
