KAR04_2024-08-18_W5m.binx
         5.00
11
1
Type of measurement (0=app. resistivity,1=resistance)
0
360
 2
0
4  0.00  0.00 15.00  0.00 5.00  0.00 10.00  0.00 383.46 
4  0.00  0.00 30.00  0.00 10.00  0.00 20.00  0.00 569.83 
4  0.00  0.00 45.00  0.00 15.00  0.00 30.00  0.00 589.99 
4  0.00  0.00 60.00  0.00 20.00  0.00 40.00  0.00 622.97 
4  0.00  0.00 75.00  0.00 25.00  0.00 50.00  0.00 677.52 
4  0.00  0.00 90.00  0.00 30.00  0.00 60.00  0.00 732.08 
4  0.00  0.00 105.00  0.00 35.00  0.00 70.00  0.00 697.92 
4  0.00  0.00 120.00  0.00 40.00  0.00 80.00  0.00 794.95 
4  0.00  0.00 135.00  0.00 45.00  0.00 90.00  0.00 738.26 
4  0.00  0.00 150.00  0.00 50.00  0.00 100.00  0.00 783.45 
4  0.00  0.00 165.00  0.00 55.00  0.00 110.00  0.00 697.86 
4  0.00  0.00 180.00  0.00 60.00  0.00 120.00  0.00 714.04 
4  0.00  0.00 195.00  0.00 65.00  0.00 130.00  0.00 756.40 
4  0.00  0.00 210.00  0.00 70.00  0.00 140.00  0.00 763.77 
4  0.00  0.00 225.00  0.00 75.00  0.00 150.00  0.00 693.56 
4  5.00  0.00 20.00  0.00 10.00  0.00 15.00  0.00 370.97 
4  5.00  0.00 35.00  0.00 15.00  0.00 25.00  0.00 485.26 
4  5.00  0.00 50.00  0.00 20.00  0.00 35.00  0.00 627.77 
4  5.00  0.00 65.00  0.00 25.00  0.00 45.00  0.00 685.32 
4  5.00  0.00 80.00  0.00 30.00  0.00 55.00  0.00 717.52 
4  5.00  0.00 95.00  0.00 35.00  0.00 65.00  0.00 703.46 
4  5.00  0.00 110.00  0.00 40.00  0.00 75.00  0.00 793.10 
4  5.00  0.00 125.00  0.00 45.00  0.00 85.00  0.00 753.42 
4  5.00  0.00 140.00  0.00 50.00  0.00 95.00  0.00 803.44 
4  5.00  0.00 155.00  0.00 55.00  0.00 105.00  0.00 745.51 
4  5.00  0.00 170.00  0.00 60.00  0.00 115.00  0.00 690.84 
4  5.00  0.00 185.00  0.00 65.00  0.00 125.00  0.00 718.03 
4  5.00  0.00 200.00  0.00 70.00  0.00 135.00  0.00 788.20 
4  5.00  0.00 215.00  0.00 75.00  0.00 145.00  0.00 734.74 
4  5.00  0.00 230.00  0.00 80.00  0.00 155.00  0.00 704.74 
4  10.00  0.00 25.00  0.00 15.00  0.00 20.00  0.00 313.39 
4  10.00  0.00 40.00  0.00 20.00  0.00 30.00  0.00 468.94 
4  10.00  0.00 55.00  0.00 25.00  0.00 40.00  0.00 611.30 
4  10.00  0.00 70.00  0.00 30.00  0.00 50.00  0.00 708.45 
4  10.00  0.00 85.00  0.00 35.00  0.00 60.00  0.00 682.82 
4  10.00  0.00 100.00  0.00 40.00  0.00 70.00  0.00 712.22 
4  10.00  0.00 115.00  0.00 45.00  0.00 80.00  0.00 752.74 
4  10.00  0.00 130.00  0.00 50.00  0.00 90.00  0.00 747.69 
4  10.00  0.00 145.00  0.00 55.00  0.00 100.00  0.00 777.00 
4  10.00  0.00 160.00  0.00 60.00  0.00 110.00  0.00 699.19 
4  10.00  0.00 175.00  0.00 65.00  0.00 120.00  0.00 685.25 
4  10.00  0.00 190.00  0.00 70.00  0.00 130.00  0.00 746.72 
4  10.00  0.00 205.00  0.00 75.00  0.00 140.00  0.00 752.88 
4  10.00  0.00 220.00  0.00 80.00  0.00 150.00  0.00 700.98 
4  10.00  0.00 235.00  0.00 85.00  0.00 160.00  0.00 723.38 
4  15.00  0.00 30.00  0.00 20.00  0.00 25.00  0.00 279.35 
4  15.00  0.00 45.00  0.00 25.00  0.00 35.00  0.00 535.44 
4  15.00  0.00 60.00  0.00 30.00  0.00 45.00  0.00 701.58 
4  15.00  0.00 75.00  0.00 35.00  0.00 55.00  0.00 656.92 
4  15.00  0.00 90.00  0.00 40.00  0.00 65.00  0.00 743.44 
4  15.00  0.00 105.00  0.00 45.00  0.00 75.00  0.00 713.61 
4  15.00  0.00 120.00  0.00 50.00  0.00 85.00  0.00 735.24 
4  15.00  0.00 135.00  0.00 55.00  0.00 95.00  0.00 808.31 
4  15.00  0.00 150.00  0.00 60.00  0.00 105.00  0.00 749.02 
4  15.00  0.00 165.00  0.00 65.00  0.00 115.00  0.00 667.31 
4  15.00  0.00 180.00  0.00 70.00  0.00 125.00  0.00 703.75 
4  15.00  0.00 195.00  0.00 75.00  0.00 135.00  0.00 741.30 
4  15.00  0.00 210.00  0.00 80.00  0.00 145.00  0.00 758.00 
4  15.00  0.00 225.00  0.00 85.00  0.00 155.00  0.00 709.94 
4  20.00  0.00 35.00  0.00 25.00  0.00 30.00  0.00 249.99 
4  20.00  0.00 50.00  0.00 30.00  0.00 40.00  0.00 483.73 
4  20.00  0.00 65.00  0.00 35.00  0.00 50.00  0.00 612.20 
4  20.00  0.00 80.00  0.00 40.00  0.00 60.00  0.00 660.63 
4  20.00  0.00 95.00  0.00 45.00  0.00 70.00  0.00 635.48 
4  20.00  0.00 110.00  0.00 50.00  0.00 80.00  0.00 702.84 
4  20.00  0.00 125.00  0.00 55.00  0.00 90.00  0.00 714.04 
4  20.00  0.00 140.00  0.00 60.00  0.00 100.00  0.00 798.16 
4  20.00  0.00 155.00  0.00 65.00  0.00 110.00  0.00 663.24 
4  20.00  0.00 170.00  0.00 70.00  0.00 120.00  0.00 673.20 
4  20.00  0.00 185.00  0.00 75.00  0.00 130.00  0.00 678.09 
4  20.00  0.00 200.00  0.00 80.00  0.00 140.00  0.00 760.25 
4  20.00  0.00 215.00  0.00 85.00  0.00 150.00  0.00 732.34 
4  20.00  0.00 230.00  0.00 90.00  0.00 160.00  0.00 719.51 
4  25.00  0.00 40.00  0.00 30.00  0.00 35.00  0.00 331.54 
4  25.00  0.00 55.00  0.00 35.00  0.00 45.00  0.00 436.97 
4  25.00  0.00 70.00  0.00 40.00  0.00 55.00  0.00 648.65 
4  25.00  0.00 85.00  0.00 45.00  0.00 65.00  0.00 587.47 
4  25.00  0.00 100.00  0.00 50.00  0.00 75.00  0.00 617.44 
4  25.00  0.00 115.00  0.00 55.00  0.00 85.00  0.00 646.64 
4  25.00  0.00 130.00  0.00 60.00  0.00 95.00  0.00 777.02 
4  25.00  0.00 145.00  0.00 65.00  0.00 105.00  0.00 694.95 
4  25.00  0.00 160.00  0.00 70.00  0.00 115.00  0.00 631.44 
4  25.00  0.00 175.00  0.00 75.00  0.00 125.00  0.00 605.60 
4  25.00  0.00 190.00  0.00 80.00  0.00 135.00  0.00 700.84 
4  25.00  0.00 205.00  0.00 85.00  0.00 145.00  0.00 773.71 
4  25.00  0.00 220.00  0.00 90.00  0.00 155.00  0.00 705.17 
4  25.00  0.00 235.00  0.00 95.00  0.00 165.00  0.00 699.20 
4  30.00  0.00 45.00  0.00 35.00  0.00 40.00  0.00 197.05 
4  30.00  0.00 60.00  0.00 40.00  0.00 50.00  0.00 448.98 
4  30.00  0.00 75.00  0.00 45.00  0.00 60.00  0.00 519.00 
4  30.00  0.00 90.00  0.00 50.00  0.00 70.00  0.00 547.82 
4  30.00  0.00 105.00  0.00 55.00  0.00 80.00  0.00 567.64 
4  30.00  0.00 120.00  0.00 60.00  0.00 90.00  0.00 635.44 
4  30.00  0.00 135.00  0.00 65.00  0.00 100.00  0.00 751.74 
4  30.00  0.00 150.00  0.00 70.00  0.00 110.00  0.00 623.59 
4  30.00  0.00 165.00  0.00 75.00  0.00 120.00  0.00 572.73 
4  30.00  0.00 180.00  0.00 80.00  0.00 130.00  0.00 624.36 
4  30.00  0.00 195.00  0.00 85.00  0.00 140.00  0.00 740.92 
4  30.00  0.00 210.00  0.00 90.00  0.00 150.00  0.00 731.40 
4  30.00  0.00 225.00  0.00 95.00  0.00 160.00  0.00 648.04 
4  35.00  0.00 50.00  0.00 40.00  0.00 45.00  0.00 308.46 
4  35.00  0.00 65.00  0.00 45.00  0.00 55.00  0.00 407.71 
4  35.00  0.00 80.00  0.00 50.00  0.00 65.00  0.00 514.01 
4  35.00  0.00 95.00  0.00 55.00  0.00 75.00  0.00 538.70 
4  35.00  0.00 110.00  0.00 60.00  0.00 85.00  0.00 565.05 
4  35.00  0.00 125.00  0.00 65.00  0.00 95.00  0.00 732.90 
4  35.00  0.00 140.00  0.00 70.00  0.00 105.00  0.00 697.70 
4  35.00  0.00 155.00  0.00 75.00  0.00 115.00  0.00 539.67 
4  35.00  0.00 170.00  0.00 80.00  0.00 125.00  0.00 570.12 
4  35.00  0.00 185.00  0.00 85.00  0.00 135.00  0.00 672.88 
4  35.00  0.00 200.00  0.00 90.00  0.00 145.00  0.00 779.84 
4  35.00  0.00 215.00  0.00 95.00  0.00 155.00  0.00 665.16 
4  35.00  0.00 230.00  0.00 100.00  0.00 165.00  0.00 650.86 
4  40.00  0.00 55.00  0.00 45.00  0.00 50.00  0.00 211.81 
4  40.00  0.00 70.00  0.00 50.00  0.00 60.00  0.00 386.37 
4  40.00  0.00 85.00  0.00 55.00  0.00 70.00  0.00 449.50 
4  40.00  0.00 100.00  0.00 60.00  0.00 80.00  0.00 472.06 
4  40.00  0.00 115.00  0.00 65.00  0.00 90.00  0.00 541.86 
4  40.00  0.00 130.00  0.00 70.00  0.00 100.00  0.00 730.41 
4  40.00  0.00 145.00  0.00 75.00  0.00 110.00  0.00 524.91 
4  40.00  0.00 160.00  0.00 80.00  0.00 120.00  0.00 532.18 
4  40.00  0.00 175.00  0.00 85.00  0.00 130.00  0.00 586.08 
4  40.00  0.00 190.00  0.00 90.00  0.00 140.00  0.00 701.80 
4  40.00  0.00 205.00  0.00 95.00  0.00 150.00  0.00 685.80 
4  40.00  0.00 220.00  0.00 100.00  0.00 160.00  0.00 607.82 
4  40.00  0.00 235.00  0.00 105.00  0.00 170.00  0.00 682.58 
4  45.00  0.00 60.00  0.00 50.00  0.00 55.00  0.00 240.83 
4  45.00  0.00 75.00  0.00 55.00  0.00 65.00  0.00 354.19 
4  45.00  0.00 90.00  0.00 60.00  0.00 75.00  0.00 499.50 
4  45.00  0.00 105.00  0.00 65.00  0.00 85.00  0.00 434.89 
4  45.00  0.00 120.00  0.00 70.00  0.00 95.00  0.00 666.04 
4  45.00  0.00 135.00  0.00 75.00  0.00 105.00  0.00 613.25 
4  45.00  0.00 150.00  0.00 80.00  0.00 115.00  0.00 497.21 
4  45.00  0.00 165.00  0.00 85.00  0.00 125.00  0.00 540.19 
4  45.00  0.00 180.00  0.00 90.00  0.00 135.00  0.00 628.98 
4  45.00  0.00 195.00  0.00 95.00  0.00 145.00  0.00 697.73 
4  45.00  0.00 210.00  0.00 100.00  0.00 155.00  0.00 637.05 
4  45.00  0.00 225.00  0.00 105.00  0.00 165.00  0.00 639.43 
4  50.00  0.00 65.00  0.00 55.00  0.00 60.00  0.00 204.20 
4  50.00  0.00 80.00  0.00 60.00  0.00 70.00  0.00 313.23 
4  50.00  0.00 95.00  0.00 65.00  0.00 80.00  0.00 396.92 
4  50.00  0.00 110.00  0.00 70.00  0.00 90.00  0.00 459.05 
4  50.00  0.00 125.00  0.00 75.00  0.00 100.00  0.00 638.05 
4  50.00  0.00 140.00  0.00 80.00  0.00 110.00  0.00 509.34 
4  50.00  0.00 155.00  0.00 85.00  0.00 120.00  0.00 506.37 
4  50.00  0.00 170.00  0.00 90.00  0.00 130.00  0.00 554.78 
4  50.00  0.00 185.00  0.00 95.00  0.00 140.00  0.00 605.64 
4  50.00  0.00 200.00  0.00 100.00  0.00 150.00  0.00 650.60 
4  50.00  0.00 215.00  0.00 105.00  0.00 160.00  0.00 628.16 
4  50.00  0.00 230.00  0.00 110.00  0.00 170.00  0.00 696.28 
4  55.00  0.00 70.00  0.00 60.00  0.00 65.00  0.00 267.05 
4  55.00  0.00 85.00  0.00 65.00  0.00 75.00  0.00 332.18 
4  55.00  0.00 100.00  0.00 70.00  0.00 85.00  0.00 389.92 
4  55.00  0.00 115.00  0.00 75.00  0.00 95.00  0.00 529.14 
4  55.00  0.00 130.00  0.00 80.00  0.00 105.00  0.00 571.55 
4  55.00  0.00 145.00  0.00 85.00  0.00 115.00  0.00 468.28 
4  55.00  0.00 160.00  0.00 90.00  0.00 125.00  0.00 502.19 
4  55.00  0.00 175.00  0.00 95.00  0.00 135.00  0.00 517.94 
4  55.00  0.00 190.00  0.00 100.00  0.00 145.00  0.00 619.69 
4  55.00  0.00 205.00  0.00 105.00  0.00 155.00  0.00 648.83 
4  55.00  0.00 220.00  0.00 110.00  0.00 165.00  0.00 666.45 
4  55.00  0.00 235.00  0.00 115.00  0.00 175.00  0.00 741.51 
4  60.00  0.00 75.00  0.00 65.00  0.00 70.00  0.00 196.57 
4  60.00  0.00 90.00  0.00 70.00  0.00 80.00  0.00 333.65 
4  60.00  0.00 105.00  0.00 75.00  0.00 90.00  0.00 318.99 
4  60.00  0.00 120.00  0.00 80.00  0.00 100.00  0.00 560.87 
4  60.00  0.00 135.00  0.00 85.00  0.00 110.00  0.00 490.28 
4  60.00  0.00 150.00  0.00 90.00  0.00 120.00  0.00 475.40 
4  60.00  0.00 165.00  0.00 95.00  0.00 130.00  0.00 453.77 
4  60.00  0.00 180.00  0.00 100.00  0.00 140.00  0.00 521.23 
4  60.00  0.00 195.00  0.00 105.00  0.00 150.00  0.00 632.65 
4  60.00  0.00 210.00  0.00 110.00  0.00 160.00  0.00 667.97 
4  60.00  0.00 225.00  0.00 115.00  0.00 170.00  0.00 685.06 
4  65.00  0.00 80.00  0.00 70.00  0.00 75.00  0.00 284.58 
4  65.00  0.00 95.00  0.00 75.00  0.00 85.00  0.00 235.42 
4  65.00  0.00 110.00  0.00 80.00  0.00 95.00  0.00 470.83 
4  65.00  0.00 125.00  0.00 85.00  0.00 105.00  0.00 548.96 
4  65.00  0.00 140.00  0.00 90.00  0.00 115.00  0.00 456.44 
4  65.00  0.00 155.00  0.00 95.00  0.00 125.00  0.00 400.42 
4  65.00  0.00 170.00  0.00 100.00  0.00 135.00  0.00 444.31 
4  65.00  0.00 185.00  0.00 105.00  0.00 145.00  0.00 584.02 
4  65.00  0.00 200.00  0.00 110.00  0.00 155.00  0.00 682.12 
4  65.00  0.00 215.00  0.00 115.00  0.00 165.00  0.00 694.92 
4  65.00  0.00 230.00  0.00 120.00  0.00 175.00  0.00 699.51 
4  70.00  0.00 85.00  0.00 75.00  0.00 80.00  0.00 184.08 
4  70.00  0.00 100.00  0.00 80.00  0.00 90.00  0.00 213.31 
4  70.00  0.00 115.00  0.00 85.00  0.00 100.00  0.00 554.01 
4  70.00  0.00 130.00  0.00 90.00  0.00 110.00  0.00 445.37 
4  70.00  0.00 145.00  0.00 95.00  0.00 120.00  0.00 370.17 
4  70.00  0.00 160.00  0.00 100.00  0.00 130.00  0.00 379.20 
4  70.00  0.00 175.00  0.00 105.00  0.00 140.00  0.00 480.55 
4  70.00  0.00 190.00  0.00 110.00  0.00 150.00  0.00 626.36 
4  70.00  0.00 205.00  0.00 115.00  0.00 160.00  0.00 689.81 
4  70.00  0.00 220.00  0.00 120.00  0.00 170.00  0.00 664.83 
4  70.00  0.00 235.00  0.00 125.00  0.00 180.00  0.00 682.39 
4  75.00  0.00 90.00  0.00 80.00  0.00 85.00  0.00 165.87 
4  75.00  0.00 105.00  0.00 85.00  0.00 95.00  0.00 320.86 
4  75.00  0.00 120.00  0.00 90.00  0.00 105.00  0.00 489.19 
4  75.00  0.00 135.00  0.00 95.00  0.00 115.00  0.00 345.51 
4  75.00  0.00 150.00  0.00 100.00  0.00 125.00  0.00 328.30 
4  75.00  0.00 165.00  0.00 105.00  0.00 135.00  0.00 422.03 
4  75.00  0.00 180.00  0.00 110.00  0.00 145.00  0.00 586.17 
4  75.00  0.00 195.00  0.00 115.00  0.00 155.00  0.00 676.95 
4  75.00  0.00 210.00  0.00 120.00  0.00 165.00  0.00 700.38 
4  75.00  0.00 225.00  0.00 125.00  0.00 175.00  0.00 683.97 
4  80.00  0.00 95.00  0.00 85.00  0.00 90.00  0.00 166.67 
4  80.00  0.00 110.00  0.00 90.00  0.00 100.00  0.00 371.01 
4  80.00  0.00 125.00  0.00 95.00  0.00 110.00  0.00 307.15 
4  80.00  0.00 140.00  0.00 100.00  0.00 120.00  0.00 308.49 
4  80.00  0.00 155.00  0.00 105.00  0.00 130.00  0.00 351.64 
4  80.00  0.00 170.00  0.00 110.00  0.00 140.00  0.00 490.43 
4  80.00  0.00 185.00  0.00 115.00  0.00 150.00  0.00 598.72 
4  80.00  0.00 200.00  0.00 120.00  0.00 160.00  0.00 671.29 
4  80.00  0.00 215.00  0.00 125.00  0.00 170.00  0.00 689.20 
4  80.00  0.00 230.00  0.00 130.00  0.00 180.00  0.00 633.66 
4  85.00  0.00 100.00  0.00 90.00  0.00 95.00  0.00 204.58 
4  85.00  0.00 115.00  0.00 95.00  0.00 105.00  0.00 250.63 
4  85.00  0.00 130.00  0.00 100.00  0.00 115.00  0.00 236.33 
4  85.00  0.00 145.00  0.00 105.00  0.00 125.00  0.00 284.63 
4  85.00  0.00 160.00  0.00 110.00  0.00 135.00  0.00 416.87 
4  85.00  0.00 175.00  0.00 115.00  0.00 145.00  0.00 534.05 
4  85.00  0.00 190.00  0.00 120.00  0.00 155.00  0.00 592.01 
4  85.00  0.00 205.00  0.00 125.00  0.00 165.00  0.00 697.08 
4  85.00  0.00 220.00  0.00 130.00  0.00 175.00  0.00 638.60 
4  85.00  0.00 235.00  0.00 135.00  0.00 185.00  0.00 598.55 
4  90.00  0.00 105.00  0.00 95.00  0.00 100.00  0.00 163.19 
4  90.00  0.00 120.00  0.00 100.00  0.00 110.00  0.00 138.16 
4  90.00  0.00 135.00  0.00 105.00  0.00 120.00  0.00 292.18 
4  90.00  0.00 150.00  0.00 110.00  0.00 130.00  0.00 365.73 
4  90.00  0.00 165.00  0.00 115.00  0.00 140.00  0.00 475.26 
4  90.00  0.00 180.00  0.00 120.00  0.00 150.00  0.00 538.74 
4  90.00  0.00 195.00  0.00 125.00  0.00 160.00  0.00 642.01 
4  90.00  0.00 210.00  0.00 130.00  0.00 170.00  0.00 687.18 
4  90.00  0.00 225.00  0.00 135.00  0.00 180.00  0.00 584.71 
4  95.00  0.00 110.00  0.00 100.00  0.00 105.00  0.00 126.09 
4  95.00  0.00 125.00  0.00 105.00  0.00 115.00  0.00 172.47 
4  95.00  0.00 140.00  0.00 110.00  0.00 125.00  0.00 385.47 
4  95.00  0.00 155.00  0.00 115.00  0.00 135.00  0.00 479.60 
4  95.00  0.00 170.00  0.00 120.00  0.00 145.00  0.00 575.81 
4  95.00  0.00 185.00  0.00 125.00  0.00 155.00  0.00 639.00 
4  95.00  0.00 200.00  0.00 130.00  0.00 165.00  0.00 752.13 
4  95.00  0.00 215.00  0.00 135.00  0.00 175.00  0.00 714.47 
4  95.00  0.00 230.00  0.00 140.00  0.00 185.00  0.00 592.84 
4  100.00  0.00 115.00  0.00 105.00  0.00 110.00  0.00 57.22 
4  100.00  0.00 130.00  0.00 110.00  0.00 120.00  0.00 289.38 
4  100.00  0.00 145.00  0.00 115.00  0.00 130.00  0.00 441.23 
4  100.00  0.00 160.00  0.00 120.00  0.00 140.00  0.00 518.70 
4  100.00  0.00 175.00  0.00 125.00  0.00 150.00  0.00 592.44 
4  100.00  0.00 190.00  0.00 130.00  0.00 160.00  0.00 660.27 
4  100.00  0.00 205.00  0.00 135.00  0.00 170.00  0.00 764.64 
4  100.00  0.00 220.00  0.00 140.00  0.00 180.00  0.00 615.16 
4  100.00  0.00 235.00  0.00 145.00  0.00 190.00  0.00 544.62 
4  105.00  0.00 120.00  0.00 110.00  0.00 115.00  0.00 112.10 
4  105.00  0.00 135.00  0.00 115.00  0.00 125.00  0.00 296.44 
4  105.00  0.00 150.00  0.00 120.00  0.00 135.00  0.00 428.88 
4  105.00  0.00 165.00  0.00 125.00  0.00 145.00  0.00 537.84 
4  105.00  0.00 180.00  0.00 130.00  0.00 155.00  0.00 560.12 
4  105.00  0.00 195.00  0.00 135.00  0.00 165.00  0.00 692.27 
4  105.00  0.00 210.00  0.00 140.00  0.00 175.00  0.00 712.17 
4  105.00  0.00 225.00  0.00 145.00  0.00 185.00  0.00 523.66 
4  110.00  0.00 125.00  0.00 115.00  0.00 120.00  0.00 154.30 
4  110.00  0.00 140.00  0.00 120.00  0.00 130.00  0.00 277.08 
4  110.00  0.00 155.00  0.00 125.00  0.00 140.00  0.00 435.60 
4  110.00  0.00 170.00  0.00 130.00  0.00 150.00  0.00 449.44 
4  110.00  0.00 185.00  0.00 135.00  0.00 160.00  0.00 512.26 
4  110.00  0.00 200.00  0.00 140.00  0.00 170.00  0.00 675.51 
4  110.00  0.00 215.00  0.00 145.00  0.00 180.00  0.00 552.43 
4  110.00  0.00 230.00  0.00 150.00  0.00 190.00  0.00 482.41 
4  115.00  0.00 130.00  0.00 120.00  0.00 125.00  0.00 124.75 
4  115.00  0.00 145.00  0.00 125.00  0.00 135.00  0.00 293.77 
4  115.00  0.00 160.00  0.00 130.00  0.00 145.00  0.00 438.28 
4  115.00  0.00 175.00  0.00 135.00  0.00 155.00  0.00 419.97 
4  115.00  0.00 190.00  0.00 140.00  0.00 165.00  0.00 547.65 
4  115.00  0.00 205.00  0.00 145.00  0.00 175.00  0.00 648.69 
4  115.00  0.00 220.00  0.00 150.00  0.00 185.00  0.00 487.28 
4  115.00  0.00 235.00  0.00 155.00  0.00 195.00  0.00 459.16 
4  120.00  0.00 135.00  0.00 125.00  0.00 130.00  0.00 191.30 
4  120.00  0.00 150.00  0.00 130.00  0.00 140.00  0.00 319.89 
4  120.00  0.00 165.00  0.00 135.00  0.00 150.00  0.00 399.79 
4  120.00  0.00 180.00  0.00 140.00  0.00 160.00  0.00 429.01 
4  120.00  0.00 195.00  0.00 145.00  0.00 170.00  0.00 580.48 
4  120.00  0.00 210.00  0.00 150.00  0.00 180.00  0.00 578.40 
4  120.00  0.00 225.00  0.00 155.00  0.00 190.00  0.00 453.56 
4  125.00  0.00 140.00  0.00 130.00  0.00 135.00  0.00 185.73 
4  125.00  0.00 155.00  0.00 135.00  0.00 145.00  0.00 319.59 
4  125.00  0.00 170.00  0.00 140.00  0.00 155.00  0.00 381.16 
4  125.00  0.00 185.00  0.00 145.00  0.00 165.00  0.00 428.43 
4  125.00  0.00 200.00  0.00 150.00  0.00 175.00  0.00 650.64 
4  125.00  0.00 215.00  0.00 155.00  0.00 185.00  0.00 509.52 
4  125.00  0.00 230.00  0.00 160.00  0.00 195.00  0.00 427.06 
4  130.00  0.00 145.00  0.00 135.00  0.00 140.00  0.00 187.08 
4  130.00  0.00 160.00  0.00 140.00  0.00 150.00  0.00 268.97 
4  130.00  0.00 175.00  0.00 145.00  0.00 160.00  0.00 313.36 
4  130.00  0.00 190.00  0.00 150.00  0.00 170.00  0.00 497.37 
4  130.00  0.00 205.00  0.00 155.00  0.00 180.00  0.00 578.62 
4  130.00  0.00 220.00  0.00 160.00  0.00 190.00  0.00 437.36 
4  130.00  0.00 235.00  0.00 165.00  0.00 200.00  0.00 431.64 
4  135.00  0.00 150.00  0.00 140.00  0.00 145.00  0.00 208.08 
4  135.00  0.00 165.00  0.00 145.00  0.00 155.00  0.00 220.01 
4  135.00  0.00 180.00  0.00 150.00  0.00 165.00  0.00 394.50 
4  135.00  0.00 195.00  0.00 155.00  0.00 175.00  0.00 586.18 
4  135.00  0.00 210.00  0.00 160.00  0.00 185.00  0.00 524.67 
4  135.00  0.00 225.00  0.00 165.00  0.00 195.00  0.00 386.52 
4  140.00  0.00 155.00  0.00 145.00  0.00 150.00  0.00 120.73 
4  140.00  0.00 170.00  0.00 150.00  0.00 160.00  0.00 241.00 
4  140.00  0.00 185.00  0.00 155.00  0.00 170.00  0.00 430.69 
4  140.00  0.00 200.00  0.00 160.00  0.00 180.00  0.00 547.86 
4  140.00  0.00 215.00  0.00 165.00  0.00 190.00  0.00 431.30 
4  140.00  0.00 230.00  0.00 170.00  0.00 200.00  0.00 388.89 
4  145.00  0.00 160.00  0.00 150.00  0.00 155.00  0.00 170.58 
4  145.00  0.00 175.00  0.00 155.00  0.00 165.00  0.00 259.26 
4  145.00  0.00 190.00  0.00 160.00  0.00 175.00  0.00 496.01 
4  145.00  0.00 205.00  0.00 165.00  0.00 185.00  0.00 483.76 
4  145.00  0.00 220.00  0.00 170.00  0.00 195.00  0.00 354.46 
4  145.00  0.00 235.00  0.00 175.00  0.00 205.00  0.00 426.25 
4  150.00  0.00 165.00  0.00 155.00  0.00 160.00  0.00 161.00 
4  150.00  0.00 180.00  0.00 160.00  0.00 170.00  0.00 274.48 
4  150.00  0.00 195.00  0.00 165.00  0.00 180.00  0.00 410.62 
4  150.00  0.00 210.00  0.00 170.00  0.00 190.00  0.00 386.34 
4  150.00  0.00 225.00  0.00 175.00  0.00 200.00  0.00 326.06 
4  155.00  0.00 170.00  0.00 160.00  0.00 165.00  0.00 213.70 
4  155.00  0.00 185.00  0.00 165.00  0.00 175.00  0.00 293.78 
4  155.00  0.00 200.00  0.00 170.00  0.00 185.00  0.00 384.72 
4  155.00  0.00 215.00  0.00 175.00  0.00 195.00  0.00 299.13 
4  155.00  0.00 230.00  0.00 180.00  0.00 205.00  0.00 386.39 
4  160.00  0.00 175.00  0.00 165.00  0.00 170.00  0.00 173.38 
4  160.00  0.00 190.00  0.00 170.00  0.00 180.00  0.00 243.71 
4  160.00  0.00 205.00  0.00 175.00  0.00 190.00  0.00 306.82 
4  160.00  0.00 220.00  0.00 180.00  0.00 200.00  0.00 315.57 
4  160.00  0.00 235.00  0.00 185.00  0.00 210.00  0.00 472.79 
4  165.00  0.00 180.00  0.00 170.00  0.00 175.00  0.00 206.63 
4  165.00  0.00 195.00  0.00 175.00  0.00 185.00  0.00 218.65 
4  165.00  0.00 210.00  0.00 180.00  0.00 195.00  0.00 316.03 
4  165.00  0.00 225.00  0.00 185.00  0.00 205.00  0.00 386.14 
4  170.00  0.00 185.00  0.00 175.00  0.00 180.00  0.00 93.92 
4  170.00  0.00 200.00  0.00 180.00  0.00 190.00  0.00 247.66 
4  170.00  0.00 215.00  0.00 185.00  0.00 200.00  0.00 344.98 
4  170.00  0.00 230.00  0.00 190.00  0.00 210.00  0.00 503.38 
4  175.00  0.00 190.00  0.00 180.00  0.00 185.00  0.00 117.62 
4  175.00  0.00 205.00  0.00 185.00  0.00 195.00  0.00 241.23 
4  175.00  0.00 220.00  0.00 190.00  0.00 205.00  0.00 466.69 
4  175.00  0.00 235.00  0.00 195.00  0.00 215.00  0.00 642.41 
4  180.00  0.00 195.00  0.00 185.00  0.00 190.00  0.00 106.94 
4  180.00  0.00 210.00  0.00 190.00  0.00 200.00  0.00 269.74 
4  180.00  0.00 225.00  0.00 195.00  0.00 210.00  0.00 502.93 
4  185.00  0.00 200.00  0.00 190.00  0.00 195.00  0.00 109.82 
4  185.00  0.00 215.00  0.00 195.00  0.00 205.00  0.00 358.30 
4  185.00  0.00 230.00  0.00 200.00  0.00 215.00  0.00 534.05 
4  190.00  0.00 205.00  0.00 195.00  0.00 200.00  0.00 170.66 
4  190.00  0.00 220.00  0.00 200.00  0.00 210.00  0.00 384.02 
4  190.00  0.00 235.00  0.00 205.00  0.00 220.00  0.00 534.85 
4  195.00  0.00 210.00  0.00 200.00  0.00 205.00  0.00 233.54 
4  195.00  0.00 225.00  0.00 205.00  0.00 215.00  0.00 361.64 
4  200.00  0.00 215.00  0.00 205.00  0.00 210.00  0.00 269.44 
4  200.00  0.00 230.00  0.00 210.00  0.00 220.00  0.00 352.86 
4  205.00  0.00 220.00  0.00 210.00  0.00 215.00  0.00 253.38 
4  205.00  0.00 235.00  0.00 215.00  0.00 225.00  0.00 315.33 
4  210.00  0.00 225.00  0.00 215.00  0.00 220.00  0.00 250.14 
4  215.00  0.00 230.00  0.00 220.00  0.00 225.00  0.00 170.64 
4  220.00  0.00 235.00  0.00 225.00  0.00 230.00  0.00 139.41 
0
0
0
0
