KAR02_2024-08-18_DD5m.binx
         5.00
11
3
Type of measurement (0=app. resistivity,1=resistance)
0
717
 2
0
4  0.00  0.00 5.00  0.00 10.00  0.00 15.00  0.00 2397.45 
4  0.00  0.00 5.00  0.00 15.00  0.00 20.00  0.00 1983.51 
4  0.00  0.00 5.00  0.00 20.00  0.00 25.00  0.00 1855.13 
4  0.00  0.00 5.00  0.00 25.00  0.00 30.00  0.00 1869.61 
4  0.00  0.00 5.00  0.00 30.00  0.00 35.00  0.00 1045.47 
4  0.00  0.00 5.00  0.00 35.00  0.00 40.00  0.00 1584.44 
4  0.00  0.00 5.00  0.00 50.00  0.00 55.00  0.00 1758.41 
4  0.00  0.00 5.00  0.00 55.00  0.00 60.00  0.00 2134.83 
4  0.00  0.00 5.00  0.00 70.00  0.00 75.00  0.00 1589.33 
4  0.00  0.00 5.00  0.00 95.00  0.00 100.00  0.00 5803.43 
4  0.00  0.00 5.00  0.00 135.00  0.00 140.00  0.00 4143.11 
4  0.00  0.00 5.00  0.00 145.00  0.00 150.00  0.00 3871.76 
4  0.00  0.00 5.00  0.00 155.00  0.00 160.00  0.00 3943.14 
4  0.00  0.00 5.00  0.00 165.00  0.00 170.00  0.00 5710.35 
4  0.00  0.00 5.00  0.00 205.00  0.00 210.00  0.00 3625.56 
4  0.00  0.00 5.00  0.00 225.00  0.00 230.00  0.00 4839.94 
4  5.00  0.00 10.00  0.00 15.00  0.00 20.00  0.00 1488.73 
4  5.00  0.00 10.00  0.00 20.00  0.00 25.00  0.00 1463.45 
4  5.00  0.00 10.00  0.00 25.00  0.00 30.00  0.00 1949.10 
4  5.00  0.00 10.00  0.00 30.00  0.00 35.00  0.00 787.16 
4  5.00  0.00 10.00  0.00 35.00  0.00 40.00  0.00 1499.41 
4  5.00  0.00 10.00  0.00 40.00  0.00 45.00  0.00 6144.38 
4  5.00  0.00 10.00  0.00 55.00  0.00 60.00  0.00 710.34 
4  5.00  0.00 10.00  0.00 85.00  0.00 90.00  0.00 3077.68 
4  5.00  0.00 10.00  0.00 95.00  0.00 100.00  0.00 6216.21 
4  5.00  0.00 10.00  0.00 125.00  0.00 130.00  0.00 1742.00 
4  5.00  0.00 10.00  0.00 135.00  0.00 140.00  0.00 4990.39 
4  10.00  0.00 15.00  0.00 20.00  0.00 25.00  0.00 2515.86 
4  10.00  0.00 15.00  0.00 25.00  0.00 30.00  0.00 2588.73 
4  10.00  0.00 15.00  0.00 30.00  0.00 35.00  0.00 2631.76 
4  10.00  0.00 15.00  0.00 35.00  0.00 40.00  0.00 2374.02 
4  10.00  0.00 15.00  0.00 40.00  0.00 45.00  0.00 1271.90 
4  10.00  0.00 15.00  0.00 45.00  0.00 50.00  0.00 784.61 
4  10.00  0.00 15.00  0.00 50.00  0.00 55.00  0.00 1377.82 
4  10.00  0.00 15.00  0.00 55.00  0.00 60.00  0.00 807.61 
4  10.00  0.00 15.00  0.00 60.00  0.00 65.00  0.00 687.56 
4  10.00  0.00 15.00  0.00 65.00  0.00 70.00  0.00 481.35 
4  10.00  0.00 15.00  0.00 70.00  0.00 75.00  0.00 1202.26 
4  10.00  0.00 15.00  0.00 75.00  0.00 80.00  0.00 229.55 
4  10.00  0.00 15.00  0.00 80.00  0.00 85.00  0.00 668.37 
4  10.00  0.00 15.00  0.00 85.00  0.00 90.00  0.00 1410.35 
4  10.00  0.00 15.00  0.00 90.00  0.00 95.00  0.00 783.72 
4  10.00  0.00 15.00  0.00 95.00  0.00 100.00  0.00 684.06 
4  10.00  0.00 15.00  0.00 105.00  0.00 110.00  0.00 2132.97 
4  10.00  0.00 15.00  0.00 110.00  0.00 115.00  0.00 556.90 
4  10.00  0.00 15.00  0.00 115.00  0.00 120.00  0.00 967.42 
4  10.00  0.00 15.00  0.00 125.00  0.00 130.00  0.00 634.78 
4  10.00  0.00 15.00  0.00 135.00  0.00 140.00  0.00 543.86 
4  10.00  0.00 15.00  0.00 140.00  0.00 145.00  0.00 612.52 
4  10.00  0.00 15.00  0.00 150.00  0.00 155.00  0.00 378.93 
4  10.00  0.00 15.00  0.00 175.00  0.00 180.00  0.00 620.40 
4  10.00  0.00 15.00  0.00 220.00  0.00 225.00  0.00 1282.24 
4  15.00  0.00 20.00  0.00 25.00  0.00 30.00  0.00 2223.41 
4  15.00  0.00 20.00  0.00 30.00  0.00 35.00  0.00 2762.39 
4  15.00  0.00 20.00  0.00 35.00  0.00 40.00  0.00 2014.20 
4  15.00  0.00 20.00  0.00 40.00  0.00 45.00  0.00 1557.18 
4  15.00  0.00 20.00  0.00 50.00  0.00 55.00  0.00 5914.72 
4  15.00  0.00 20.00  0.00 55.00  0.00 60.00  0.00 785.55 
4  15.00  0.00 20.00  0.00 60.00  0.00 65.00  0.00 1646.12 
4  15.00  0.00 20.00  0.00 110.00  0.00 115.00  0.00 5602.94 
4  15.00  0.00 20.00  0.00 130.00  0.00 135.00  0.00 4963.51 
4  20.00  0.00 25.00  0.00 30.00  0.00 35.00  0.00 2124.87 
4  20.00  0.00 25.00  0.00 35.00  0.00 40.00  0.00 2253.86 
4  20.00  0.00 25.00  0.00 40.00  0.00 45.00  0.00 1653.17 
4  20.00  0.00 25.00  0.00 45.00  0.00 50.00  0.00 1718.45 
4  20.00  0.00 25.00  0.00 50.00  0.00 55.00  0.00 802.69 
4  20.00  0.00 25.00  0.00 60.00  0.00 65.00  0.00 2103.92 
4  20.00  0.00 25.00  0.00 65.00  0.00 70.00  0.00 3164.17 
4  20.00  0.00 25.00  0.00 75.00  0.00 80.00  0.00 3446.82 
4  25.00  0.00 30.00  0.00 35.00  0.00 40.00  0.00 1802.88 
4  25.00  0.00 30.00  0.00 40.00  0.00 45.00  0.00 1297.48 
4  25.00  0.00 30.00  0.00 45.00  0.00 50.00  0.00 1106.34 
4  25.00  0.00 30.00  0.00 50.00  0.00 55.00  0.00 1541.15 
4  25.00  0.00 30.00  0.00 55.00  0.00 60.00  0.00 1068.99 
4  25.00  0.00 30.00  0.00 60.00  0.00 65.00  0.00 951.85 
4  25.00  0.00 30.00  0.00 65.00  0.00 70.00  0.00 661.72 
4  25.00  0.00 30.00  0.00 70.00  0.00 75.00  0.00 1772.68 
4  25.00  0.00 30.00  0.00 80.00  0.00 85.00  0.00 1076.76 
4  25.00  0.00 30.00  0.00 85.00  0.00 90.00  0.00 844.44 
4  25.00  0.00 30.00  0.00 90.00  0.00 95.00  0.00 1343.56 
4  25.00  0.00 30.00  0.00 95.00  0.00 100.00  0.00 111.94 
4  25.00  0.00 30.00  0.00 105.00  0.00 110.00  0.00 3316.55 
4  25.00  0.00 30.00  0.00 115.00  0.00 120.00  0.00 2367.60 
4  25.00  0.00 30.00  0.00 140.00  0.00 145.00  0.00 988.30 
4  25.00  0.00 30.00  0.00 150.00  0.00 155.00  0.00 1917.82 
4  25.00  0.00 30.00  0.00 170.00  0.00 175.00  0.00 3957.61 
4  25.00  0.00 30.00  0.00 190.00  0.00 195.00  0.00 1474.43 
4  25.00  0.00 30.00  0.00 230.00  0.00 235.00  0.00 2829.70 
4  30.00  0.00 35.00  0.00 40.00  0.00 45.00  0.00 1204.81 
4  30.00  0.00 35.00  0.00 45.00  0.00 50.00  0.00 1321.60 
4  30.00  0.00 35.00  0.00 50.00  0.00 55.00  0.00 1710.68 
4  30.00  0.00 35.00  0.00 55.00  0.00 60.00  0.00 1122.70 
4  30.00  0.00 35.00  0.00 60.00  0.00 65.00  0.00 1460.68 
4  30.00  0.00 35.00  0.00 65.00  0.00 70.00  0.00 1717.95 
4  30.00  0.00 35.00  0.00 70.00  0.00 75.00  0.00 1565.04 
4  30.00  0.00 35.00  0.00 75.00  0.00 80.00  0.00 844.73 
4  30.00  0.00 35.00  0.00 80.00  0.00 85.00  0.00 2861.57 
4  30.00  0.00 35.00  0.00 90.00  0.00 95.00  0.00 2312.36 
4  30.00  0.00 35.00  0.00 110.00  0.00 115.00  0.00 3821.93 
4  30.00  0.00 35.00  0.00 130.00  0.00 135.00  0.00 2233.27 
4  30.00  0.00 35.00  0.00 140.00  0.00 145.00  0.00 2980.14 
4  30.00  0.00 35.00  0.00 150.00  0.00 155.00  0.00 3389.57 
4  30.00  0.00 35.00  0.00 160.00  0.00 165.00  0.00 6110.52 
4  30.00  0.00 35.00  0.00 200.00  0.00 205.00  0.00 2775.33 
4  30.00  0.00 35.00  0.00 220.00  0.00 225.00  0.00 5823.18 
4  35.00  0.00 40.00  0.00 45.00  0.00 50.00  0.00 1412.20 
4  35.00  0.00 40.00  0.00 50.00  0.00 55.00  0.00 2303.69 
4  35.00  0.00 40.00  0.00 55.00  0.00 60.00  0.00 1957.87 
4  35.00  0.00 40.00  0.00 60.00  0.00 65.00  0.00 1904.68 
4  35.00  0.00 40.00  0.00 65.00  0.00 70.00  0.00 2680.39 
4  35.00  0.00 40.00  0.00 70.00  0.00 75.00  0.00 1943.34 
4  35.00  0.00 40.00  0.00 75.00  0.00 80.00  0.00 2098.72 
4  35.00  0.00 40.00  0.00 80.00  0.00 85.00  0.00 421.67 
4  35.00  0.00 40.00  0.00 85.00  0.00 90.00  0.00 1658.16 
4  35.00  0.00 40.00  0.00 90.00  0.00 95.00  0.00 228.25 
4  35.00  0.00 40.00  0.00 95.00  0.00 100.00  0.00 1701.70 
4  35.00  0.00 40.00  0.00 100.00  0.00 105.00  0.00 494.42 
4  35.00  0.00 40.00  0.00 110.00  0.00 115.00  0.00 71.76 
4  35.00  0.00 40.00  0.00 115.00  0.00 120.00  0.00 347.83 
4  35.00  0.00 40.00  0.00 125.00  0.00 130.00  0.00 872.97 
4  35.00  0.00 40.00  0.00 135.00  0.00 140.00  0.00 1538.75 
4  35.00  0.00 40.00  0.00 145.00  0.00 150.00  0.00 4288.39 
4  35.00  0.00 40.00  0.00 155.00  0.00 160.00  0.00 2362.99 
4  35.00  0.00 40.00  0.00 165.00  0.00 170.00  0.00 5064.20 
4  35.00  0.00 40.00  0.00 185.00  0.00 190.00  0.00 3458.49 
4  35.00  0.00 40.00  0.00 195.00  0.00 200.00  0.00 2099.37 
4  35.00  0.00 40.00  0.00 205.00  0.00 210.00  0.00 2081.67 
4  35.00  0.00 40.00  0.00 215.00  0.00 220.00  0.00 6475.86 
4  35.00  0.00 40.00  0.00 225.00  0.00 230.00  0.00 4689.75 
4  40.00  0.00 45.00  0.00 50.00  0.00 55.00  0.00 1351.91 
4  40.00  0.00 45.00  0.00 55.00  0.00 60.00  0.00 1500.49 
4  40.00  0.00 45.00  0.00 60.00  0.00 65.00  0.00 1608.73 
4  40.00  0.00 45.00  0.00 65.00  0.00 70.00  0.00 2182.69 
4  40.00  0.00 45.00  0.00 70.00  0.00 75.00  0.00 2255.90 
4  40.00  0.00 45.00  0.00 75.00  0.00 80.00  0.00 1369.25 
4  40.00  0.00 45.00  0.00 80.00  0.00 85.00  0.00 772.76 
4  40.00  0.00 45.00  0.00 85.00  0.00 90.00  0.00 1746.17 
4  40.00  0.00 45.00  0.00 90.00  0.00 95.00  0.00 968.17 
4  40.00  0.00 45.00  0.00 95.00  0.00 100.00  0.00 1248.01 
4  40.00  0.00 45.00  0.00 105.00  0.00 110.00  0.00 2798.82 
4  40.00  0.00 45.00  0.00 110.00  0.00 115.00  0.00 59.24 
4  40.00  0.00 45.00  0.00 115.00  0.00 120.00  0.00 2187.61 
4  40.00  0.00 45.00  0.00 125.00  0.00 130.00  0.00 1648.24 
4  40.00  0.00 45.00  0.00 130.00  0.00 135.00  0.00 63.42 
4  40.00  0.00 45.00  0.00 135.00  0.00 140.00  0.00 820.88 
4  40.00  0.00 45.00  0.00 145.00  0.00 150.00  0.00 699.57 
4  40.00  0.00 45.00  0.00 155.00  0.00 160.00  0.00 795.30 
4  40.00  0.00 45.00  0.00 165.00  0.00 170.00  0.00 1347.31 
4  40.00  0.00 45.00  0.00 175.00  0.00 180.00  0.00 2327.55 
4  40.00  0.00 45.00  0.00 185.00  0.00 190.00  0.00 1585.88 
4  40.00  0.00 45.00  0.00 195.00  0.00 200.00  0.00 4511.31 
4  40.00  0.00 45.00  0.00 205.00  0.00 210.00  0.00 771.20 
4  40.00  0.00 45.00  0.00 215.00  0.00 220.00  0.00 1389.41 
4  45.00  0.00 50.00  0.00 55.00  0.00 60.00  0.00 1066.53 
4  45.00  0.00 50.00  0.00 60.00  0.00 65.00  0.00 1343.15 
4  45.00  0.00 50.00  0.00 65.00  0.00 70.00  0.00 1723.88 
4  45.00  0.00 50.00  0.00 70.00  0.00 75.00  0.00 2941.09 
4  45.00  0.00 50.00  0.00 75.00  0.00 80.00  0.00 1333.35 
4  45.00  0.00 50.00  0.00 80.00  0.00 85.00  0.00 1526.71 
4  45.00  0.00 50.00  0.00 85.00  0.00 90.00  0.00 1179.73 
4  45.00  0.00 50.00  0.00 90.00  0.00 95.00  0.00 995.07 
4  45.00  0.00 50.00  0.00 95.00  0.00 100.00  0.00 451.47 
4  45.00  0.00 50.00  0.00 120.00  0.00 125.00  0.00 762.82 
4  45.00  0.00 50.00  0.00 125.00  0.00 130.00  0.00 233.43 
4  45.00  0.00 50.00  0.00 130.00  0.00 135.00  0.00 560.29 
4  45.00  0.00 50.00  0.00 140.00  0.00 145.00  0.00 1174.64 
4  45.00  0.00 50.00  0.00 150.00  0.00 155.00  0.00 2099.04 
4  45.00  0.00 50.00  0.00 160.00  0.00 165.00  0.00 696.85 
4  45.00  0.00 50.00  0.00 170.00  0.00 175.00  0.00 2682.77 
4  45.00  0.00 50.00  0.00 180.00  0.00 185.00  0.00 6143.29 
4  45.00  0.00 50.00  0.00 190.00  0.00 195.00  0.00 2076.77 
4  45.00  0.00 50.00  0.00 220.00  0.00 225.00  0.00 4916.62 
4  45.00  0.00 50.00  0.00 230.00  0.00 235.00  0.00 2882.73 
4  50.00  0.00 55.00  0.00 60.00  0.00 65.00  0.00 1077.96 
4  50.00  0.00 55.00  0.00 65.00  0.00 70.00  0.00 2166.17 
4  50.00  0.00 55.00  0.00 70.00  0.00 75.00  0.00 2380.91 
4  50.00  0.00 55.00  0.00 75.00  0.00 80.00  0.00 1677.37 
4  50.00  0.00 55.00  0.00 80.00  0.00 85.00  0.00 1621.93 
4  50.00  0.00 55.00  0.00 85.00  0.00 90.00  0.00 915.09 
4  50.00  0.00 55.00  0.00 90.00  0.00 95.00  0.00 2067.76 
4  50.00  0.00 55.00  0.00 95.00  0.00 100.00  0.00 666.00 
4  50.00  0.00 55.00  0.00 120.00  0.00 125.00  0.00 3029.68 
4  50.00  0.00 55.00  0.00 130.00  0.00 135.00  0.00 578.30 
4  50.00  0.00 55.00  0.00 135.00  0.00 140.00  0.00 347.02 
4  50.00  0.00 55.00  0.00 140.00  0.00 145.00  0.00 688.17 
4  50.00  0.00 55.00  0.00 145.00  0.00 150.00  0.00 161.94 
4  50.00  0.00 55.00  0.00 150.00  0.00 155.00  0.00 190.36 
4  50.00  0.00 55.00  0.00 160.00  0.00 165.00  0.00 760.88 
4  50.00  0.00 55.00  0.00 170.00  0.00 175.00  0.00 2974.32 
4  50.00  0.00 55.00  0.00 180.00  0.00 185.00  0.00 834.51 
4  50.00  0.00 55.00  0.00 205.00  0.00 210.00  0.00 2857.56 
4  50.00  0.00 55.00  0.00 225.00  0.00 230.00  0.00 5117.08 
4  55.00  0.00 60.00  0.00 65.00  0.00 70.00  0.00 1279.76 
4  55.00  0.00 60.00  0.00 70.00  0.00 75.00  0.00 2037.05 
4  55.00  0.00 60.00  0.00 75.00  0.00 80.00  0.00 1523.67 
4  55.00  0.00 60.00  0.00 80.00  0.00 85.00  0.00 1229.63 
4  55.00  0.00 60.00  0.00 85.00  0.00 90.00  0.00 1659.77 
4  55.00  0.00 60.00  0.00 90.00  0.00 95.00  0.00 1394.37 
4  55.00  0.00 60.00  0.00 95.00  0.00 100.00  0.00 1211.54 
4  55.00  0.00 60.00  0.00 100.00  0.00 105.00  0.00 915.56 
4  55.00  0.00 60.00  0.00 105.00  0.00 110.00  0.00 454.06 
4  55.00  0.00 60.00  0.00 110.00  0.00 115.00  0.00 864.98 
4  55.00  0.00 60.00  0.00 115.00  0.00 120.00  0.00 497.59 
4  55.00  0.00 60.00  0.00 120.00  0.00 125.00  0.00 475.02 
4  55.00  0.00 60.00  0.00 125.00  0.00 130.00  0.00 516.81 
4  55.00  0.00 60.00  0.00 130.00  0.00 135.00  0.00 438.73 
4  55.00  0.00 60.00  0.00 135.00  0.00 140.00  0.00 665.22 
4  55.00  0.00 60.00  0.00 140.00  0.00 145.00  0.00 351.28 
4  55.00  0.00 60.00  0.00 145.00  0.00 150.00  0.00 1022.33 
4  55.00  0.00 60.00  0.00 155.00  0.00 160.00  0.00 623.19 
4  55.00  0.00 60.00  0.00 160.00  0.00 165.00  0.00 60.14 
4  55.00  0.00 60.00  0.00 165.00  0.00 170.00  0.00 1253.97 
4  55.00  0.00 60.00  0.00 175.00  0.00 180.00  0.00 1884.46 
4  55.00  0.00 60.00  0.00 185.00  0.00 190.00  0.00 1026.52 
4  55.00  0.00 60.00  0.00 195.00  0.00 200.00  0.00 855.55 
4  55.00  0.00 60.00  0.00 205.00  0.00 210.00  0.00 701.15 
4  55.00  0.00 60.00  0.00 215.00  0.00 220.00  0.00 1063.79 
4  55.00  0.00 60.00  0.00 225.00  0.00 230.00  0.00 765.17 
4  60.00  0.00 65.00  0.00 70.00  0.00 75.00  0.00 1493.80 
4  60.00  0.00 65.00  0.00 75.00  0.00 80.00  0.00 1369.04 
4  60.00  0.00 65.00  0.00 80.00  0.00 85.00  0.00 1313.58 
4  60.00  0.00 65.00  0.00 85.00  0.00 90.00  0.00 1829.98 
4  60.00  0.00 65.00  0.00 90.00  0.00 95.00  0.00 1629.03 
4  60.00  0.00 65.00  0.00 95.00  0.00 100.00  0.00 1346.29 
4  60.00  0.00 65.00  0.00 100.00  0.00 105.00  0.00 916.18 
4  60.00  0.00 65.00  0.00 105.00  0.00 110.00  0.00 759.21 
4  60.00  0.00 65.00  0.00 110.00  0.00 115.00  0.00 828.99 
4  60.00  0.00 65.00  0.00 115.00  0.00 120.00  0.00 970.87 
4  60.00  0.00 65.00  0.00 120.00  0.00 125.00  0.00 522.79 
4  60.00  0.00 65.00  0.00 125.00  0.00 130.00  0.00 665.44 
4  60.00  0.00 65.00  0.00 130.00  0.00 135.00  0.00 577.60 
4  60.00  0.00 65.00  0.00 135.00  0.00 140.00  0.00 637.43 
4  60.00  0.00 65.00  0.00 140.00  0.00 145.00  0.00 531.06 
4  60.00  0.00 65.00  0.00 145.00  0.00 150.00  0.00 460.31 
4  60.00  0.00 65.00  0.00 150.00  0.00 155.00  0.00 337.18 
4  60.00  0.00 65.00  0.00 155.00  0.00 160.00  0.00 396.73 
4  60.00  0.00 65.00  0.00 160.00  0.00 165.00  0.00 345.66 
4  60.00  0.00 65.00  0.00 165.00  0.00 170.00  0.00 467.03 
4  60.00  0.00 65.00  0.00 170.00  0.00 175.00  0.00 306.39 
4  60.00  0.00 65.00  0.00 175.00  0.00 180.00  0.00 700.38 
4  60.00  0.00 65.00  0.00 180.00  0.00 185.00  0.00 397.47 
4  60.00  0.00 65.00  0.00 185.00  0.00 190.00  0.00 561.71 
4  60.00  0.00 65.00  0.00 190.00  0.00 195.00  0.00 1400.85 
4  60.00  0.00 65.00  0.00 200.00  0.00 205.00  0.00 315.05 
4  60.00  0.00 65.00  0.00 210.00  0.00 215.00  0.00 968.62 
4  60.00  0.00 65.00  0.00 220.00  0.00 225.00  0.00 2606.71 
4  65.00  0.00 70.00  0.00 75.00  0.00 80.00  0.00 1056.23 
4  65.00  0.00 70.00  0.00 80.00  0.00 85.00  0.00 1497.01 
4  65.00  0.00 70.00  0.00 85.00  0.00 90.00  0.00 2334.48 
4  65.00  0.00 70.00  0.00 90.00  0.00 95.00  0.00 2187.30 
4  65.00  0.00 70.00  0.00 95.00  0.00 100.00  0.00 1731.30 
4  65.00  0.00 70.00  0.00 100.00  0.00 105.00  0.00 1291.89 
4  65.00  0.00 70.00  0.00 105.00  0.00 110.00  0.00 1076.86 
4  65.00  0.00 70.00  0.00 110.00  0.00 115.00  0.00 1215.46 
4  65.00  0.00 70.00  0.00 115.00  0.00 120.00  0.00 1376.83 
4  65.00  0.00 70.00  0.00 120.00  0.00 125.00  0.00 1045.10 
4  65.00  0.00 70.00  0.00 125.00  0.00 130.00  0.00 587.44 
4  65.00  0.00 70.00  0.00 130.00  0.00 135.00  0.00 934.66 
4  65.00  0.00 70.00  0.00 135.00  0.00 140.00  0.00 466.73 
4  65.00  0.00 70.00  0.00 140.00  0.00 145.00  0.00 1149.02 
4  65.00  0.00 70.00  0.00 150.00  0.00 155.00  0.00 2510.93 
4  65.00  0.00 70.00  0.00 160.00  0.00 165.00  0.00 1171.96 
4  65.00  0.00 70.00  0.00 170.00  0.00 175.00  0.00 3957.88 
4  65.00  0.00 70.00  0.00 190.00  0.00 195.00  0.00 3004.32 
4  65.00  0.00 70.00  0.00 200.00  0.00 205.00  0.00 1264.09 
4  65.00  0.00 70.00  0.00 220.00  0.00 225.00  0.00 4465.41 
4  65.00  0.00 70.00  0.00 230.00  0.00 235.00  0.00 3074.96 
4  70.00  0.00 75.00  0.00 80.00  0.00 85.00  0.00 1172.55 
4  70.00  0.00 75.00  0.00 85.00  0.00 90.00  0.00 2348.36 
4  70.00  0.00 75.00  0.00 90.00  0.00 95.00  0.00 2597.03 
4  70.00  0.00 75.00  0.00 95.00  0.00 100.00  0.00 2208.47 
4  70.00  0.00 75.00  0.00 100.00  0.00 105.00  0.00 2048.31 
4  70.00  0.00 75.00  0.00 105.00  0.00 110.00  0.00 792.31 
4  70.00  0.00 75.00  0.00 110.00  0.00 115.00  0.00 1806.08 
4  70.00  0.00 75.00  0.00 115.00  0.00 120.00  0.00 1587.95 
4  70.00  0.00 75.00  0.00 120.00  0.00 125.00  0.00 1996.32 
4  70.00  0.00 75.00  0.00 130.00  0.00 135.00  0.00 1378.59 
4  70.00  0.00 75.00  0.00 135.00  0.00 140.00  0.00 767.70 
4  70.00  0.00 75.00  0.00 140.00  0.00 145.00  0.00 1494.29 
4  70.00  0.00 75.00  0.00 145.00  0.00 150.00  0.00 334.43 
4  70.00  0.00 75.00  0.00 150.00  0.00 155.00  0.00 1436.27 
4  70.00  0.00 75.00  0.00 160.00  0.00 165.00  0.00 1754.27 
4  70.00  0.00 75.00  0.00 170.00  0.00 175.00  0.00 3383.09 
4  70.00  0.00 75.00  0.00 180.00  0.00 185.00  0.00 2651.34 
4  70.00  0.00 75.00  0.00 190.00  0.00 195.00  0.00 6546.96 
4  70.00  0.00 75.00  0.00 200.00  0.00 205.00  0.00 1323.04 
4  70.00  0.00 75.00  0.00 210.00  0.00 215.00  0.00 2188.58 
4  70.00  0.00 75.00  0.00 220.00  0.00 225.00  0.00 1346.66 
4  70.00  0.00 75.00  0.00 230.00  0.00 235.00  0.00 3267.57 
4  75.00  0.00 80.00  0.00 85.00  0.00 90.00  0.00 1508.35 
4  75.00  0.00 80.00  0.00 90.00  0.00 95.00  0.00 1927.24 
4  75.00  0.00 80.00  0.00 95.00  0.00 100.00  0.00 2004.74 
4  75.00  0.00 80.00  0.00 100.00  0.00 105.00  0.00 1462.04 
4  75.00  0.00 80.00  0.00 105.00  0.00 110.00  0.00 1448.34 
4  75.00  0.00 80.00  0.00 110.00  0.00 115.00  0.00 1465.33 
4  75.00  0.00 80.00  0.00 115.00  0.00 120.00  0.00 1902.56 
4  75.00  0.00 80.00  0.00 120.00  0.00 125.00  0.00 1183.25 
4  75.00  0.00 80.00  0.00 125.00  0.00 130.00  0.00 924.88 
4  75.00  0.00 80.00  0.00 130.00  0.00 135.00  0.00 1057.13 
4  75.00  0.00 80.00  0.00 135.00  0.00 140.00  0.00 996.50 
4  75.00  0.00 80.00  0.00 140.00  0.00 145.00  0.00 975.69 
4  75.00  0.00 80.00  0.00 145.00  0.00 150.00  0.00 363.18 
4  75.00  0.00 80.00  0.00 150.00  0.00 155.00  0.00 1192.11 
4  75.00  0.00 80.00  0.00 155.00  0.00 160.00  0.00 365.63 
4  75.00  0.00 80.00  0.00 160.00  0.00 165.00  0.00 658.21 
4  75.00  0.00 80.00  0.00 170.00  0.00 175.00  0.00 1833.97 
4  75.00  0.00 80.00  0.00 180.00  0.00 185.00  0.00 2880.29 
4  75.00  0.00 80.00  0.00 190.00  0.00 195.00  0.00 1079.29 
4  75.00  0.00 80.00  0.00 200.00  0.00 205.00  0.00 693.79 
4  75.00  0.00 80.00  0.00 210.00  0.00 215.00  0.00 874.34 
4  75.00  0.00 80.00  0.00 220.00  0.00 225.00  0.00 2181.56 
4  80.00  0.00 85.00  0.00 90.00  0.00 95.00  0.00 1066.39 
4  80.00  0.00 85.00  0.00 95.00  0.00 100.00  0.00 1399.83 
4  80.00  0.00 85.00  0.00 100.00  0.00 105.00  0.00 1239.18 
4  80.00  0.00 85.00  0.00 105.00  0.00 110.00  0.00 1058.75 
4  80.00  0.00 85.00  0.00 110.00  0.00 115.00  0.00 1346.43 
4  80.00  0.00 85.00  0.00 115.00  0.00 120.00  0.00 1668.03 
4  80.00  0.00 85.00  0.00 120.00  0.00 125.00  0.00 1226.11 
4  80.00  0.00 85.00  0.00 125.00  0.00 130.00  0.00 614.99 
4  80.00  0.00 85.00  0.00 130.00  0.00 135.00  0.00 1051.01 
4  80.00  0.00 85.00  0.00 135.00  0.00 140.00  0.00 922.95 
4  80.00  0.00 85.00  0.00 140.00  0.00 145.00  0.00 1057.97 
4  80.00  0.00 85.00  0.00 145.00  0.00 150.00  0.00 561.10 
4  80.00  0.00 85.00  0.00 150.00  0.00 155.00  0.00 841.25 
4  80.00  0.00 85.00  0.00 155.00  0.00 160.00  0.00 345.17 
4  80.00  0.00 85.00  0.00 160.00  0.00 165.00  0.00 1047.48 
4  80.00  0.00 85.00  0.00 165.00  0.00 170.00  0.00 251.43 
4  80.00  0.00 85.00  0.00 170.00  0.00 175.00  0.00 1490.33 
4  80.00  0.00 85.00  0.00 180.00  0.00 185.00  0.00 1432.27 
4  80.00  0.00 85.00  0.00 190.00  0.00 195.00  0.00 2725.91 
4  80.00  0.00 85.00  0.00 200.00  0.00 205.00  0.00 708.38 
4  80.00  0.00 85.00  0.00 210.00  0.00 215.00  0.00 1349.49 
4  80.00  0.00 85.00  0.00 220.00  0.00 225.00  0.00 1136.16 
4  80.00  0.00 85.00  0.00 230.00  0.00 235.00  0.00 1385.95 
4  85.00  0.00 90.00  0.00 95.00  0.00 100.00  0.00 1131.81 
4  85.00  0.00 90.00  0.00 100.00  0.00 105.00  0.00 1286.98 
4  85.00  0.00 90.00  0.00 105.00  0.00 110.00  0.00 1257.35 
4  85.00  0.00 90.00  0.00 110.00  0.00 115.00  0.00 1673.52 
4  85.00  0.00 90.00  0.00 115.00  0.00 120.00  0.00 2472.79 
4  85.00  0.00 90.00  0.00 120.00  0.00 125.00  0.00 1468.65 
4  85.00  0.00 90.00  0.00 125.00  0.00 130.00  0.00 1387.08 
4  85.00  0.00 90.00  0.00 130.00  0.00 135.00  0.00 1404.23 
4  85.00  0.00 90.00  0.00 135.00  0.00 140.00  0.00 1742.44 
4  85.00  0.00 90.00  0.00 140.00  0.00 145.00  0.00 1161.76 
4  85.00  0.00 90.00  0.00 145.00  0.00 150.00  0.00 2076.38 
4  85.00  0.00 90.00  0.00 150.00  0.00 155.00  0.00 34.32 
4  85.00  0.00 90.00  0.00 155.00  0.00 160.00  0.00 1509.17 
4  85.00  0.00 90.00  0.00 160.00  0.00 165.00  0.00 371.53 
4  85.00  0.00 90.00  0.00 165.00  0.00 170.00  0.00 2561.73 
4  85.00  0.00 90.00  0.00 175.00  0.00 180.00  0.00 3561.27 
4  85.00  0.00 90.00  0.00 185.00  0.00 190.00  0.00 2006.15 
4  85.00  0.00 90.00  0.00 195.00  0.00 200.00  0.00 1851.98 
4  85.00  0.00 90.00  0.00 205.00  0.00 210.00  0.00 875.04 
4  85.00  0.00 90.00  0.00 215.00  0.00 220.00  0.00 3320.39 
4  85.00  0.00 90.00  0.00 225.00  0.00 230.00  0.00 2769.79 
4  90.00  0.00 95.00  0.00 100.00  0.00 105.00  0.00 961.16 
4  90.00  0.00 95.00  0.00 105.00  0.00 110.00  0.00 1227.53 
4  90.00  0.00 95.00  0.00 110.00  0.00 115.00  0.00 1813.26 
4  90.00  0.00 95.00  0.00 115.00  0.00 120.00  0.00 2812.27 
4  90.00  0.00 95.00  0.00 120.00  0.00 125.00  0.00 1866.34 
4  90.00  0.00 95.00  0.00 125.00  0.00 130.00  0.00 1622.90 
4  90.00  0.00 95.00  0.00 130.00  0.00 135.00  0.00 1902.48 
4  90.00  0.00 95.00  0.00 135.00  0.00 140.00  0.00 2046.39 
4  90.00  0.00 95.00  0.00 140.00  0.00 145.00  0.00 1865.65 
4  90.00  0.00 95.00  0.00 145.00  0.00 150.00  0.00 1726.71 
4  90.00  0.00 95.00  0.00 150.00  0.00 155.00  0.00 1413.05 
4  90.00  0.00 95.00  0.00 155.00  0.00 160.00  0.00 1367.69 
4  90.00  0.00 95.00  0.00 160.00  0.00 165.00  0.00 1353.95 
4  90.00  0.00 95.00  0.00 165.00  0.00 170.00  0.00 1379.26 
4  90.00  0.00 95.00  0.00 170.00  0.00 175.00  0.00 1775.69 
4  90.00  0.00 95.00  0.00 175.00  0.00 180.00  0.00 961.07 
4  90.00  0.00 95.00  0.00 180.00  0.00 185.00  0.00 1237.88 
4  90.00  0.00 95.00  0.00 185.00  0.00 190.00  0.00 815.65 
4  90.00  0.00 95.00  0.00 190.00  0.00 195.00  0.00 1423.82 
4  90.00  0.00 95.00  0.00 195.00  0.00 200.00  0.00 549.64 
4  90.00  0.00 95.00  0.00 200.00  0.00 205.00  0.00 360.58 
4  90.00  0.00 95.00  0.00 205.00  0.00 210.00  0.00 206.07 
4  90.00  0.00 95.00  0.00 210.00  0.00 215.00  0.00 467.86 
4  90.00  0.00 95.00  0.00 215.00  0.00 220.00  0.00 132.24 
4  90.00  0.00 95.00  0.00 220.00  0.00 225.00  0.00 593.95 
4  90.00  0.00 95.00  0.00 225.00  0.00 230.00  0.00 166.33 
4  90.00  0.00 95.00  0.00 230.00  0.00 235.00  0.00 371.00 
4  95.00  0.00 100.00  0.00 105.00  0.00 110.00  0.00 650.62 
4  95.00  0.00 100.00  0.00 110.00  0.00 115.00  0.00 1301.80 
4  95.00  0.00 100.00  0.00 115.00  0.00 120.00  0.00 2284.79 
4  95.00  0.00 100.00  0.00 120.00  0.00 125.00  0.00 1591.66 
4  95.00  0.00 100.00  0.00 125.00  0.00 130.00  0.00 1527.93 
4  95.00  0.00 100.00  0.00 130.00  0.00 135.00  0.00 1791.69 
4  95.00  0.00 100.00  0.00 135.00  0.00 140.00  0.00 2075.94 
4  95.00  0.00 100.00  0.00 140.00  0.00 145.00  0.00 1825.94 
4  95.00  0.00 100.00  0.00 145.00  0.00 150.00  0.00 1934.51 
4  95.00  0.00 100.00  0.00 150.00  0.00 155.00  0.00 1243.61 
4  95.00  0.00 100.00  0.00 155.00  0.00 160.00  0.00 1589.47 
4  95.00  0.00 100.00  0.00 160.00  0.00 165.00  0.00 1274.87 
4  95.00  0.00 100.00  0.00 165.00  0.00 170.00  0.00 1883.36 
4  95.00  0.00 100.00  0.00 170.00  0.00 175.00  0.00 1276.11 
4  95.00  0.00 100.00  0.00 175.00  0.00 180.00  0.00 1778.17 
4  95.00  0.00 100.00  0.00 180.00  0.00 185.00  0.00 494.85 
4  95.00  0.00 100.00  0.00 185.00  0.00 190.00  0.00 1320.61 
4  95.00  0.00 100.00  0.00 190.00  0.00 195.00  0.00 776.94 
4  95.00  0.00 100.00  0.00 195.00  0.00 200.00  0.00 1407.69 
4  95.00  0.00 100.00  0.00 200.00  0.00 205.00  0.00 116.45 
4  95.00  0.00 100.00  0.00 205.00  0.00 210.00  0.00 935.87 
4  95.00  0.00 100.00  0.00 215.00  0.00 220.00  0.00 1214.43 
4  95.00  0.00 100.00  0.00 225.00  0.00 230.00  0.00 881.47 
4  100.00  0.00 105.00  0.00 110.00  0.00 115.00  0.00 673.92 
4  100.00  0.00 105.00  0.00 115.00  0.00 120.00  0.00 1474.47 
4  100.00  0.00 105.00  0.00 120.00  0.00 125.00  0.00 1088.49 
4  100.00  0.00 105.00  0.00 125.00  0.00 130.00  0.00 1195.08 
4  100.00  0.00 105.00  0.00 130.00  0.00 135.00  0.00 1431.41 
4  100.00  0.00 105.00  0.00 135.00  0.00 140.00  0.00 1739.16 
4  100.00  0.00 105.00  0.00 140.00  0.00 145.00  0.00 1581.18 
4  100.00  0.00 105.00  0.00 145.00  0.00 150.00  0.00 1620.49 
4  100.00  0.00 105.00  0.00 150.00  0.00 155.00  0.00 1229.37 
4  100.00  0.00 105.00  0.00 155.00  0.00 160.00  0.00 1421.73 
4  100.00  0.00 105.00  0.00 160.00  0.00 165.00  0.00 1132.71 
4  100.00  0.00 105.00  0.00 165.00  0.00 170.00  0.00 1585.95 
4  100.00  0.00 105.00  0.00 170.00  0.00 175.00  0.00 1083.06 
4  100.00  0.00 105.00  0.00 175.00  0.00 180.00  0.00 1518.33 
4  100.00  0.00 105.00  0.00 180.00  0.00 185.00  0.00 811.16 
4  100.00  0.00 105.00  0.00 185.00  0.00 190.00  0.00 1298.01 
4  100.00  0.00 105.00  0.00 195.00  0.00 200.00  0.00 2197.64 
4  100.00  0.00 105.00  0.00 200.00  0.00 205.00  0.00 88.21 
4  100.00  0.00 105.00  0.00 205.00  0.00 210.00  0.00 612.93 
4  100.00  0.00 105.00  0.00 215.00  0.00 220.00  0.00 807.88 
4  100.00  0.00 105.00  0.00 225.00  0.00 230.00  0.00 690.87 
4  105.00  0.00 110.00  0.00 115.00  0.00 120.00  0.00 729.74 
4  105.00  0.00 110.00  0.00 120.00  0.00 125.00  0.00 651.64 
4  105.00  0.00 110.00  0.00 125.00  0.00 130.00  0.00 774.02 
4  105.00  0.00 110.00  0.00 130.00  0.00 135.00  0.00 1041.78 
4  105.00  0.00 110.00  0.00 135.00  0.00 140.00  0.00 1380.28 
4  105.00  0.00 110.00  0.00 140.00  0.00 145.00  0.00 1262.60 
4  105.00  0.00 110.00  0.00 145.00  0.00 150.00  0.00 1558.75 
4  105.00  0.00 110.00  0.00 150.00  0.00 155.00  0.00 771.18 
4  105.00  0.00 110.00  0.00 155.00  0.00 160.00  0.00 1338.21 
4  105.00  0.00 110.00  0.00 160.00  0.00 165.00  0.00 898.85 
4  105.00  0.00 110.00  0.00 165.00  0.00 170.00  0.00 1855.46 
4  105.00  0.00 110.00  0.00 170.00  0.00 175.00  0.00 590.43 
4  105.00  0.00 110.00  0.00 175.00  0.00 180.00  0.00 2376.97 
4  105.00  0.00 110.00  0.00 185.00  0.00 190.00  0.00 1428.71 
4  105.00  0.00 110.00  0.00 190.00  0.00 195.00  0.00 195.96 
4  105.00  0.00 110.00  0.00 195.00  0.00 200.00  0.00 1395.81 
4  105.00  0.00 110.00  0.00 205.00  0.00 210.00  0.00 1038.33 
4  105.00  0.00 110.00  0.00 215.00  0.00 220.00  0.00 1915.13 
4  105.00  0.00 110.00  0.00 225.00  0.00 230.00  0.00 1660.54 
4  110.00  0.00 115.00  0.00 120.00  0.00 125.00  0.00 380.39 
4  110.00  0.00 115.00  0.00 125.00  0.00 130.00  0.00 599.17 
4  110.00  0.00 115.00  0.00 130.00  0.00 135.00  0.00 920.03 
4  110.00  0.00 115.00  0.00 135.00  0.00 140.00  0.00 1264.76 
4  110.00  0.00 115.00  0.00 140.00  0.00 145.00  0.00 1318.19 
4  110.00  0.00 115.00  0.00 145.00  0.00 150.00  0.00 1382.27 
4  110.00  0.00 115.00  0.00 150.00  0.00 155.00  0.00 1188.45 
4  110.00  0.00 115.00  0.00 155.00  0.00 160.00  0.00 1291.60 
4  110.00  0.00 115.00  0.00 160.00  0.00 165.00  0.00 1268.36 
4  110.00  0.00 115.00  0.00 165.00  0.00 170.00  0.00 1419.75 
4  110.00  0.00 115.00  0.00 170.00  0.00 175.00  0.00 1547.89 
4  110.00  0.00 115.00  0.00 175.00  0.00 180.00  0.00 1168.86 
4  110.00  0.00 115.00  0.00 180.00  0.00 185.00  0.00 1124.71 
4  110.00  0.00 115.00  0.00 185.00  0.00 190.00  0.00 997.61 
4  110.00  0.00 115.00  0.00 190.00  0.00 195.00  0.00 1100.99 
4  110.00  0.00 115.00  0.00 195.00  0.00 200.00  0.00 1084.69 
4  110.00  0.00 115.00  0.00 200.00  0.00 205.00  0.00 350.54 
4  110.00  0.00 115.00  0.00 205.00  0.00 210.00  0.00 522.44 
4  110.00  0.00 115.00  0.00 210.00  0.00 215.00  0.00 384.23 
4  110.00  0.00 115.00  0.00 215.00  0.00 220.00  0.00 333.73 
4  110.00  0.00 115.00  0.00 220.00  0.00 225.00  0.00 470.76 
4  110.00  0.00 115.00  0.00 225.00  0.00 230.00  0.00 317.95 
4  110.00  0.00 115.00  0.00 230.00  0.00 235.00  0.00 332.02 
4  115.00  0.00 120.00  0.00 125.00  0.00 130.00  0.00 639.47 
4  115.00  0.00 120.00  0.00 130.00  0.00 135.00  0.00 1129.51 
4  115.00  0.00 120.00  0.00 135.00  0.00 140.00  0.00 1701.14 
4  115.00  0.00 120.00  0.00 140.00  0.00 145.00  0.00 1882.12 
4  115.00  0.00 120.00  0.00 145.00  0.00 150.00  0.00 2043.15 
4  115.00  0.00 120.00  0.00 150.00  0.00 155.00  0.00 1816.81 
4  115.00  0.00 120.00  0.00 155.00  0.00 160.00  0.00 2004.37 
4  115.00  0.00 120.00  0.00 160.00  0.00 165.00  0.00 1986.97 
4  115.00  0.00 120.00  0.00 165.00  0.00 170.00  0.00 2168.64 
4  115.00  0.00 120.00  0.00 170.00  0.00 175.00  0.00 2428.37 
4  115.00  0.00 120.00  0.00 175.00  0.00 180.00  0.00 512.71 
4  115.00  0.00 120.00  0.00 180.00  0.00 185.00  0.00 3182.10 
4  115.00  0.00 120.00  0.00 185.00  0.00 190.00  0.00 2330.13 
4  115.00  0.00 120.00  0.00 190.00  0.00 195.00  0.00 1641.34 
4  115.00  0.00 120.00  0.00 195.00  0.00 200.00  0.00 1890.05 
4  115.00  0.00 120.00  0.00 200.00  0.00 205.00  0.00 579.15 
4  115.00  0.00 120.00  0.00 205.00  0.00 210.00  0.00 858.82 
4  115.00  0.00 120.00  0.00 210.00  0.00 215.00  0.00 471.57 
4  115.00  0.00 120.00  0.00 215.00  0.00 220.00  0.00 412.20 
4  115.00  0.00 120.00  0.00 220.00  0.00 225.00  0.00 863.81 
4  115.00  0.00 120.00  0.00 225.00  0.00 230.00  0.00 443.93 
4  115.00  0.00 120.00  0.00 230.00  0.00 235.00  0.00 656.64 
4  120.00  0.00 125.00  0.00 130.00  0.00 135.00  0.00 578.45 
4  120.00  0.00 125.00  0.00 135.00  0.00 140.00  0.00 1039.35 
4  120.00  0.00 125.00  0.00 140.00  0.00 145.00  0.00 1248.92 
4  120.00  0.00 125.00  0.00 145.00  0.00 150.00  0.00 1392.76 
4  120.00  0.00 125.00  0.00 150.00  0.00 155.00  0.00 1337.73 
4  120.00  0.00 125.00  0.00 155.00  0.00 160.00  0.00 1481.32 
4  120.00  0.00 125.00  0.00 160.00  0.00 165.00  0.00 1445.87 
4  120.00  0.00 125.00  0.00 165.00  0.00 170.00  0.00 1657.43 
4  120.00  0.00 125.00  0.00 170.00  0.00 175.00  0.00 1724.96 
4  120.00  0.00 125.00  0.00 175.00  0.00 180.00  0.00 143.08 
4  120.00  0.00 125.00  0.00 180.00  0.00 185.00  0.00 2459.08 
4  120.00  0.00 125.00  0.00 185.00  0.00 190.00  0.00 2274.74 
4  120.00  0.00 125.00  0.00 190.00  0.00 195.00  0.00 682.39 
4  120.00  0.00 125.00  0.00 195.00  0.00 200.00  0.00 2239.92 
4  120.00  0.00 125.00  0.00 200.00  0.00 205.00  0.00 407.59 
4  120.00  0.00 125.00  0.00 205.00  0.00 210.00  0.00 692.98 
4  120.00  0.00 125.00  0.00 210.00  0.00 215.00  0.00 48.39 
4  120.00  0.00 125.00  0.00 215.00  0.00 220.00  0.00 227.75 
4  120.00  0.00 125.00  0.00 220.00  0.00 225.00  0.00 929.34 
4  120.00  0.00 125.00  0.00 225.00  0.00 230.00  0.00 307.50 
4  120.00  0.00 125.00  0.00 230.00  0.00 235.00  0.00 707.55 
4  125.00  0.00 130.00  0.00 135.00  0.00 140.00  0.00 572.91 
4  125.00  0.00 130.00  0.00 140.00  0.00 145.00  0.00 852.59 
4  125.00  0.00 130.00  0.00 145.00  0.00 150.00  0.00 1095.25 
4  125.00  0.00 130.00  0.00 150.00  0.00 155.00  0.00 944.77 
4  125.00  0.00 130.00  0.00 155.00  0.00 160.00  0.00 1229.25 
4  125.00  0.00 130.00  0.00 160.00  0.00 165.00  0.00 1220.31 
4  125.00  0.00 130.00  0.00 165.00  0.00 170.00  0.00 1702.48 
4  125.00  0.00 130.00  0.00 170.00  0.00 175.00  0.00 1524.95 
4  125.00  0.00 130.00  0.00 175.00  0.00 180.00  0.00 3448.95 
4  125.00  0.00 130.00  0.00 185.00  0.00 190.00  0.00 127.93 
4  125.00  0.00 130.00  0.00 190.00  0.00 195.00  0.00 1172.47 
4  125.00  0.00 130.00  0.00 195.00  0.00 200.00  0.00 855.01 
4  125.00  0.00 130.00  0.00 205.00  0.00 210.00  0.00 759.98 
4  125.00  0.00 130.00  0.00 210.00  0.00 215.00  0.00 182.42 
4  125.00  0.00 130.00  0.00 215.00  0.00 220.00  0.00 1472.61 
4  125.00  0.00 130.00  0.00 225.00  0.00 230.00  0.00 1247.77 
4  130.00  0.00 135.00  0.00 140.00  0.00 145.00  0.00 677.14 
4  130.00  0.00 135.00  0.00 145.00  0.00 150.00  0.00 1008.97 
4  130.00  0.00 135.00  0.00 150.00  0.00 155.00  0.00 1071.15 
4  130.00  0.00 135.00  0.00 155.00  0.00 160.00  0.00 1324.71 
4  130.00  0.00 135.00  0.00 160.00  0.00 165.00  0.00 1447.58 
4  130.00  0.00 135.00  0.00 165.00  0.00 170.00  0.00 1727.91 
4  130.00  0.00 135.00  0.00 170.00  0.00 175.00  0.00 2000.82 
4  130.00  0.00 135.00  0.00 175.00  0.00 180.00  0.00 1540.79 
4  130.00  0.00 135.00  0.00 180.00  0.00 185.00  0.00 1522.70 
4  130.00  0.00 135.00  0.00 185.00  0.00 190.00  0.00 1353.67 
4  130.00  0.00 135.00  0.00 190.00  0.00 195.00  0.00 1442.21 
4  130.00  0.00 135.00  0.00 195.00  0.00 200.00  0.00 1509.44 
4  130.00  0.00 135.00  0.00 200.00  0.00 205.00  0.00 456.93 
4  130.00  0.00 135.00  0.00 205.00  0.00 210.00  0.00 697.61 
4  130.00  0.00 135.00  0.00 210.00  0.00 215.00  0.00 402.02 
4  130.00  0.00 135.00  0.00 215.00  0.00 220.00  0.00 393.60 
4  130.00  0.00 135.00  0.00 220.00  0.00 225.00  0.00 572.60 
4  130.00  0.00 135.00  0.00 225.00  0.00 230.00  0.00 354.60 
4  130.00  0.00 135.00  0.00 230.00  0.00 235.00  0.00 372.07 
4  135.00  0.00 140.00  0.00 145.00  0.00 150.00  0.00 695.06 
4  135.00  0.00 140.00  0.00 150.00  0.00 155.00  0.00 899.50 
4  135.00  0.00 140.00  0.00 155.00  0.00 160.00  0.00 1228.45 
4  135.00  0.00 140.00  0.00 160.00  0.00 165.00  0.00 1416.01 
4  135.00  0.00 140.00  0.00 165.00  0.00 170.00  0.00 1787.72 
4  135.00  0.00 140.00  0.00 170.00  0.00 175.00  0.00 2125.91 
4  135.00  0.00 140.00  0.00 175.00  0.00 180.00  0.00 1710.52 
4  135.00  0.00 140.00  0.00 180.00  0.00 185.00  0.00 1635.82 
4  135.00  0.00 140.00  0.00 185.00  0.00 190.00  0.00 1496.82 
4  135.00  0.00 140.00  0.00 190.00  0.00 195.00  0.00 1669.99 
4  135.00  0.00 140.00  0.00 195.00  0.00 200.00  0.00 1588.24 
4  135.00  0.00 140.00  0.00 200.00  0.00 205.00  0.00 502.10 
4  135.00  0.00 140.00  0.00 205.00  0.00 210.00  0.00 779.05 
4  135.00  0.00 140.00  0.00 210.00  0.00 215.00  0.00 461.71 
4  135.00  0.00 140.00  0.00 215.00  0.00 220.00  0.00 498.32 
4  135.00  0.00 140.00  0.00 220.00  0.00 225.00  0.00 479.92 
4  135.00  0.00 140.00  0.00 225.00  0.00 230.00  0.00 455.32 
4  135.00  0.00 140.00  0.00 230.00  0.00 235.00  0.00 288.48 
4  140.00  0.00 145.00  0.00 150.00  0.00 155.00  0.00 525.90 
4  140.00  0.00 145.00  0.00 155.00  0.00 160.00  0.00 882.62 
4  140.00  0.00 145.00  0.00 160.00  0.00 165.00  0.00 1147.51 
4  140.00  0.00 145.00  0.00 165.00  0.00 170.00  0.00 1514.87 
4  140.00  0.00 145.00  0.00 170.00  0.00 175.00  0.00 1914.26 
4  140.00  0.00 145.00  0.00 175.00  0.00 180.00  0.00 1542.28 
4  140.00  0.00 145.00  0.00 180.00  0.00 185.00  0.00 1590.17 
4  140.00  0.00 145.00  0.00 185.00  0.00 190.00  0.00 1435.52 
4  140.00  0.00 145.00  0.00 190.00  0.00 195.00  0.00 1635.50 
4  140.00  0.00 145.00  0.00 195.00  0.00 200.00  0.00 1536.69 
4  140.00  0.00 145.00  0.00 200.00  0.00 205.00  0.00 509.38 
4  140.00  0.00 145.00  0.00 205.00  0.00 210.00  0.00 745.72 
4  140.00  0.00 145.00  0.00 210.00  0.00 215.00  0.00 463.04 
4  140.00  0.00 145.00  0.00 215.00  0.00 220.00  0.00 411.80 
4  140.00  0.00 145.00  0.00 220.00  0.00 225.00  0.00 542.09 
4  140.00  0.00 145.00  0.00 225.00  0.00 230.00  0.00 390.35 
4  140.00  0.00 145.00  0.00 230.00  0.00 235.00  0.00 359.73 
4  145.00  0.00 150.00  0.00 155.00  0.00 160.00  0.00 635.64 
4  145.00  0.00 150.00  0.00 160.00  0.00 165.00  0.00 1000.32 
4  145.00  0.00 150.00  0.00 165.00  0.00 170.00  0.00 1397.19 
4  145.00  0.00 150.00  0.00 170.00  0.00 175.00  0.00 1940.31 
4  145.00  0.00 150.00  0.00 175.00  0.00 180.00  0.00 1533.96 
4  145.00  0.00 150.00  0.00 180.00  0.00 185.00  0.00 1796.68 
4  145.00  0.00 150.00  0.00 185.00  0.00 190.00  0.00 1514.19 
4  145.00  0.00 150.00  0.00 190.00  0.00 195.00  0.00 1748.56 
4  145.00  0.00 150.00  0.00 195.00  0.00 200.00  0.00 1753.26 
4  145.00  0.00 150.00  0.00 200.00  0.00 205.00  0.00 591.06 
4  145.00  0.00 150.00  0.00 205.00  0.00 210.00  0.00 791.81 
4  145.00  0.00 150.00  0.00 210.00  0.00 215.00  0.00 496.73 
4  145.00  0.00 150.00  0.00 215.00  0.00 220.00  0.00 267.83 
4  145.00  0.00 150.00  0.00 220.00  0.00 225.00  0.00 857.17 
4  145.00  0.00 150.00  0.00 225.00  0.00 230.00  0.00 265.60 
4  145.00  0.00 150.00  0.00 230.00  0.00 235.00  0.00 653.46 
4  150.00  0.00 155.00  0.00 160.00  0.00 165.00  0.00 546.95 
4  150.00  0.00 155.00  0.00 165.00  0.00 170.00  0.00 902.99 
4  150.00  0.00 155.00  0.00 170.00  0.00 175.00  0.00 1376.82 
4  150.00  0.00 155.00  0.00 175.00  0.00 180.00  0.00 1214.91 
4  150.00  0.00 155.00  0.00 180.00  0.00 185.00  0.00 1349.25 
4  150.00  0.00 155.00  0.00 185.00  0.00 190.00  0.00 1303.28 
4  150.00  0.00 155.00  0.00 190.00  0.00 195.00  0.00 1587.94 
4  150.00  0.00 155.00  0.00 195.00  0.00 200.00  0.00 1360.23 
4  150.00  0.00 155.00  0.00 200.00  0.00 205.00  0.00 484.82 
4  150.00  0.00 155.00  0.00 205.00  0.00 210.00  0.00 703.12 
4  150.00  0.00 155.00  0.00 210.00  0.00 215.00  0.00 497.78 
4  150.00  0.00 155.00  0.00 215.00  0.00 220.00  0.00 383.29 
4  150.00  0.00 155.00  0.00 220.00  0.00 225.00  0.00 450.31 
4  150.00  0.00 155.00  0.00 225.00  0.00 230.00  0.00 349.45 
4  150.00  0.00 155.00  0.00 230.00  0.00 235.00  0.00 263.05 
4  155.00  0.00 160.00  0.00 165.00  0.00 170.00  0.00 737.94 
4  155.00  0.00 160.00  0.00 170.00  0.00 175.00  0.00 1409.31 
4  155.00  0.00 160.00  0.00 175.00  0.00 180.00  0.00 1304.07 
4  155.00  0.00 160.00  0.00 180.00  0.00 185.00  0.00 1589.42 
4  155.00  0.00 160.00  0.00 185.00  0.00 190.00  0.00 1561.22 
4  155.00  0.00 160.00  0.00 190.00  0.00 195.00  0.00 1839.38 
4  155.00  0.00 160.00  0.00 195.00  0.00 200.00  0.00 1860.93 
4  155.00  0.00 160.00  0.00 200.00  0.00 205.00  0.00 613.87 
4  155.00  0.00 160.00  0.00 205.00  0.00 210.00  0.00 908.35 
4  155.00  0.00 160.00  0.00 210.00  0.00 215.00  0.00 538.75 
4  155.00  0.00 160.00  0.00 215.00  0.00 220.00  0.00 486.94 
4  155.00  0.00 160.00  0.00 220.00  0.00 225.00  0.00 661.52 
4  155.00  0.00 160.00  0.00 225.00  0.00 230.00  0.00 445.71 
4  155.00  0.00 160.00  0.00 230.00  0.00 235.00  0.00 420.62 
4  160.00  0.00 165.00  0.00 170.00  0.00 175.00  0.00 1020.80 
4  160.00  0.00 165.00  0.00 175.00  0.00 180.00  0.00 1041.96 
4  160.00  0.00 165.00  0.00 180.00  0.00 185.00  0.00 1403.77 
4  160.00  0.00 165.00  0.00 185.00  0.00 190.00  0.00 1458.82 
4  160.00  0.00 165.00  0.00 190.00  0.00 195.00  0.00 1799.55 
4  160.00  0.00 165.00  0.00 195.00  0.00 200.00  0.00 1853.09 
4  160.00  0.00 165.00  0.00 200.00  0.00 205.00  0.00 632.50 
4  160.00  0.00 165.00  0.00 205.00  0.00 210.00  0.00 945.29 
4  160.00  0.00 165.00  0.00 210.00  0.00 215.00  0.00 571.37 
4  160.00  0.00 165.00  0.00 215.00  0.00 220.00  0.00 516.67 
4  160.00  0.00 165.00  0.00 220.00  0.00 225.00  0.00 673.94 
4  160.00  0.00 165.00  0.00 225.00  0.00 230.00  0.00 468.27 
4  160.00  0.00 165.00  0.00 230.00  0.00 235.00  0.00 427.38 
4  165.00  0.00 170.00  0.00 175.00  0.00 180.00  0.00 1006.24 
4  165.00  0.00 170.00  0.00 180.00  0.00 185.00  0.00 1684.39 
4  165.00  0.00 170.00  0.00 185.00  0.00 190.00  0.00 1828.20 
4  165.00  0.00 170.00  0.00 190.00  0.00 195.00  0.00 2326.87 
4  165.00  0.00 170.00  0.00 195.00  0.00 200.00  0.00 2540.55 
4  165.00  0.00 170.00  0.00 200.00  0.00 205.00  0.00 892.26 
4  165.00  0.00 170.00  0.00 205.00  0.00 210.00  0.00 1326.04 
4  165.00  0.00 170.00  0.00 210.00  0.00 215.00  0.00 810.85 
4  165.00  0.00 170.00  0.00 215.00  0.00 220.00  0.00 655.66 
4  165.00  0.00 170.00  0.00 220.00  0.00 225.00  0.00 1103.64 
4  165.00  0.00 170.00  0.00 225.00  0.00 230.00  0.00 573.97 
4  165.00  0.00 170.00  0.00 230.00  0.00 235.00  0.00 777.72 
4  170.00  0.00 175.00  0.00 180.00  0.00 185.00  0.00 1241.55 
4  170.00  0.00 175.00  0.00 185.00  0.00 190.00  0.00 1694.87 
4  170.00  0.00 175.00  0.00 190.00  0.00 195.00  0.00 2374.89 
4  170.00  0.00 175.00  0.00 195.00  0.00 200.00  0.00 2734.99 
4  170.00  0.00 175.00  0.00 200.00  0.00 205.00  0.00 1010.63 
4  170.00  0.00 175.00  0.00 205.00  0.00 210.00  0.00 1578.41 
4  170.00  0.00 175.00  0.00 210.00  0.00 215.00  0.00 985.50 
4  170.00  0.00 175.00  0.00 215.00  0.00 220.00  0.00 909.24 
4  170.00  0.00 175.00  0.00 220.00  0.00 225.00  0.00 1171.64 
4  170.00  0.00 175.00  0.00 225.00  0.00 230.00  0.00 838.34 
4  170.00  0.00 175.00  0.00 230.00  0.00 235.00  0.00 730.41 
4  175.00  0.00 180.00  0.00 185.00  0.00 190.00  0.00 1353.45 
4  175.00  0.00 180.00  0.00 190.00  0.00 195.00  0.00 1963.22 
4  175.00  0.00 180.00  0.00 195.00  0.00 200.00  0.00 2476.60 
4  175.00  0.00 180.00  0.00 200.00  0.00 205.00  0.00 954.39 
4  175.00  0.00 180.00  0.00 205.00  0.00 210.00  0.00 1539.07 
4  175.00  0.00 180.00  0.00 210.00  0.00 215.00  0.00 964.77 
4  175.00  0.00 180.00  0.00 215.00  0.00 220.00  0.00 884.42 
4  175.00  0.00 180.00  0.00 220.00  0.00 225.00  0.00 1289.76 
4  175.00  0.00 180.00  0.00 225.00  0.00 230.00  0.00 779.74 
4  175.00  0.00 180.00  0.00 230.00  0.00 235.00  0.00 927.79 
4  180.00  0.00 185.00  0.00 190.00  0.00 195.00  0.00 1350.02 
4  180.00  0.00 185.00  0.00 195.00  0.00 200.00  0.00 1974.90 
4  180.00  0.00 185.00  0.00 200.00  0.00 205.00  0.00 867.67 
4  180.00  0.00 185.00  0.00 205.00  0.00 210.00  0.00 1508.33 
4  180.00  0.00 185.00  0.00 210.00  0.00 215.00  0.00 1016.91 
4  180.00  0.00 185.00  0.00 215.00  0.00 220.00  0.00 969.89 
4  180.00  0.00 185.00  0.00 220.00  0.00 225.00  0.00 1271.90 
4  180.00  0.00 185.00  0.00 225.00  0.00 230.00  0.00 954.81 
4  180.00  0.00 185.00  0.00 230.00  0.00 235.00  0.00 834.95 
4  185.00  0.00 190.00  0.00 195.00  0.00 200.00  0.00 1331.31 
4  185.00  0.00 190.00  0.00 200.00  0.00 205.00  0.00 693.11 
4  185.00  0.00 190.00  0.00 205.00  0.00 210.00  0.00 1336.91 
4  185.00  0.00 190.00  0.00 210.00  0.00 215.00  0.00 931.76 
4  185.00  0.00 190.00  0.00 215.00  0.00 220.00  0.00 965.95 
4  185.00  0.00 190.00  0.00 220.00  0.00 225.00  0.00 1304.14 
4  185.00  0.00 190.00  0.00 225.00  0.00 230.00  0.00 921.76 
4  185.00  0.00 190.00  0.00 230.00  0.00 235.00  0.00 934.02 
4  190.00  0.00 195.00  0.00 200.00  0.00 205.00  0.00 717.71 
4  190.00  0.00 195.00  0.00 205.00  0.00 210.00  0.00 1592.06 
4  190.00  0.00 195.00  0.00 210.00  0.00 215.00  0.00 1189.77 
4  190.00  0.00 195.00  0.00 215.00  0.00 220.00  0.00 1306.43 
4  190.00  0.00 195.00  0.00 220.00  0.00 225.00  0.00 1852.17 
4  190.00  0.00 195.00  0.00 225.00  0.00 230.00  0.00 1443.30 
4  190.00  0.00 195.00  0.00 230.00  0.00 235.00  0.00 1216.41 
4  195.00  0.00 200.00  0.00 205.00  0.00 210.00  0.00 1090.50 
4  195.00  0.00 200.00  0.00 210.00  0.00 215.00  0.00 1002.25 
4  195.00  0.00 200.00  0.00 215.00  0.00 220.00  0.00 1234.07 
4  195.00  0.00 200.00  0.00 220.00  0.00 225.00  0.00 1852.64 
4  195.00  0.00 200.00  0.00 225.00  0.00 230.00  0.00 1491.27 
4  195.00  0.00 200.00  0.00 230.00  0.00 235.00  0.00 1446.66 
4  200.00  0.00 205.00  0.00 210.00  0.00 215.00  0.00 311.98 
4  200.00  0.00 205.00  0.00 215.00  0.00 220.00  0.00 478.53 
4  200.00  0.00 205.00  0.00 220.00  0.00 225.00  0.00 774.28 
4  200.00  0.00 205.00  0.00 225.00  0.00 230.00  0.00 641.02 
4  200.00  0.00 205.00  0.00 230.00  0.00 235.00  0.00 637.13 
4  205.00  0.00 210.00  0.00 215.00  0.00 220.00  0.00 532.38 
4  205.00  0.00 210.00  0.00 220.00  0.00 225.00  0.00 1010.05 
4  205.00  0.00 210.00  0.00 225.00  0.00 230.00  0.00 918.00 
4  205.00  0.00 210.00  0.00 230.00  0.00 235.00  0.00 966.38 
4  210.00  0.00 215.00  0.00 220.00  0.00 225.00  0.00 509.19 
4  210.00  0.00 215.00  0.00 225.00  0.00 230.00  0.00 536.14 
4  210.00  0.00 215.00  0.00 230.00  0.00 235.00  0.00 617.10 
4  215.00  0.00 220.00  0.00 225.00  0.00 230.00  0.00 320.37 
4  215.00  0.00 220.00  0.00 230.00  0.00 235.00  0.00 449.83 
4  220.00  0.00 225.00  0.00 230.00  0.00 235.00  0.00 364.94 
0
0
0
0
