4  2.00 0.00 0.00  0.00 4.00  0.00 6.00  0.00 160.80 
4  2.00 0.00 0.00  0.00 6.00  0.00 8.00  0.00 229.94 
4  2.00 0.00 0.00  0.00 8.00  0.00 10.00  0.00 270.64 
4  2.00 0.00 0.00  0.00 10.00  0.00 12.00  0.00 291.54 
4  2.00 0.00 0.00  0.00 16.00  0.00 18.00  0.00 303.12 
4  2.00 0.00 0.00  0.00 18.00  0.00 20.00  0.00 311.59 
4  2.00 0.00 0.00  0.00 20.00  0.00 22.00  0.00 323.67 
4  2.00 0.00 0.00  0.00 22.00  0.00 24.00  0.00 398.14 
4  2.00 0.00 0.00  0.00 24.00  0.00 26.00  0.00 387.74 
4  2.00 0.00 0.00  0.00 26.00  0.00 28.00  0.00 422.92 
4  2.00 0.00 0.00  0.00 28.00  0.00 30.00  0.00 435.35 
4  2.00 0.00 0.00  0.00 30.00  0.00 32.00  0.00 488.47 
4  2.00 0.00 0.00  0.00 32.00  0.00 34.00  0.00 604.77 
4  2.00 0.00 0.00  0.00 34.00  0.00 36.00  0.00 543.19 
4  2.00 0.00 0.00  0.00 36.00  0.00 38.00  0.00 492.33 
4  2.00 0.00 0.00  0.00 38.00  0.00 40.00  0.00 929.79 
4  2.00 0.00 0.00  0.00 40.00  0.00 42.00  0.00 569.07 
4  2.00 0.00 0.00  0.00 42.00  0.00 44.00  0.00 531.46 
4  2.00 0.00 0.00  0.00 44.00  0.00 46.00  0.00 556.01 
4  2.00 0.00 0.00  0.00 46.00  0.00 48.00  0.00 617.27 
4  2.00 0.00 0.00  0.00 48.00  0.00 50.00  0.00 761.85 
4  2.00 0.00 0.00  0.00 50.00  0.00 52.00  0.00 808.97 
4  2.00 0.00 0.00  0.00 52.00  0.00 54.00  0.00 742.87 
4  2.00 0.00 0.00  0.00 54.00  0.00 56.00  0.00 723.70 
4  2.00 0.00 0.00  0.00 56.00  0.00 58.00  0.00 701.62 
4  2.00 0.00 0.00  0.00 58.00  0.00 60.00  0.00 764.33 
4  2.00 0.00 0.00  0.00 60.00  0.00 62.00  0.00 714.55 
4  2.00 0.00 0.00  0.00 62.00  0.00 64.00  0.00 656.25 
4  2.00 0.00 0.00  0.00 64.00  0.00 66.00  0.00 1097.60 
4  2.00 0.00 0.00  0.00 66.00  0.00 68.00  0.00 643.04 
4  4.00 0.00 2.00  0.00 6.00  0.00 8.00  0.00 168.76 
4  4.00 0.00 2.00  0.00 8.00  0.00 10.00  0.00 237.28 
4  4.00 0.00 2.00  0.00 10.00  0.00 12.00  0.00 276.49 
4  4.00 0.00 2.00  0.00 12.00  0.00 14.00  0.00 542.56 
4  4.00 0.00 2.00  0.00 16.00  0.00 18.00  0.00 311.14 
4  4.00 0.00 2.00  0.00 18.00  0.00 20.00  0.00 325.32 
4  4.00 0.00 2.00  0.00 20.00  0.00 22.00  0.00 340.65 
4  4.00 0.00 2.00  0.00 22.00  0.00 24.00  0.00 405.98 
4  4.00 0.00 2.00  0.00 24.00  0.00 26.00  0.00 410.48 
4  4.00 0.00 2.00  0.00 26.00  0.00 28.00  0.00 448.35 
4  4.00 0.00 2.00  0.00 28.00  0.00 30.00  0.00 447.08 
4  4.00 0.00 2.00  0.00 30.00  0.00 32.00  0.00 500.54 
4  4.00 0.00 2.00  0.00 32.00  0.00 34.00  0.00 632.26 
4  4.00 0.00 2.00  0.00 34.00  0.00 36.00  0.00 589.12 
4  4.00 0.00 2.00  0.00 36.00  0.00 38.00  0.00 549.10 
4  4.00 0.00 2.00  0.00 38.00  0.00 40.00  0.00 1022.50 
4  4.00 0.00 2.00  0.00 40.00  0.00 42.00  0.00 589.53 
4  4.00 0.00 2.00  0.00 42.00  0.00 44.00  0.00 576.69 
4  4.00 0.00 2.00  0.00 44.00  0.00 46.00  0.00 601.91 
4  4.00 0.00 2.00  0.00 46.00  0.00 48.00  0.00 672.43 
4  4.00 0.00 2.00  0.00 48.00  0.00 50.00  0.00 854.05 
4  4.00 0.00 2.00  0.00 50.00  0.00 52.00  0.00 923.82 
4  4.00 0.00 2.00  0.00 52.00  0.00 54.00  0.00 798.43 
4  4.00 0.00 2.00  0.00 54.00  0.00 56.00  0.00 820.34 
4  4.00 0.00 2.00  0.00 56.00  0.00 58.00  0.00 782.83 
4  4.00 0.00 2.00  0.00 58.00  0.00 60.00  0.00 854.10 
4  4.00 0.00 2.00  0.00 60.00  0.00 62.00  0.00 779.02 
4  4.00 0.00 2.00  0.00 62.00  0.00 64.00  0.00 721.87 
4  4.00 0.00 2.00  0.00 64.00  0.00 66.00  0.00 1219.38 
4  4.00 0.00 2.00  0.00 66.00  0.00 68.00  0.00 722.67 
4  4.00 0.00 2.00  0.00 68.00  0.00 70.00  0.00 537.66 
4  6.00 0.00 4.00  0.00 8.00  0.00 10.00  0.00 178.40 
4  6.00 0.00 4.00  0.00 10.00  0.00 12.00  0.00 245.87 
4  6.00 0.00 4.00  0.00 16.00  0.00 18.00  0.00 306.86 
4  6.00 0.00 4.00  0.00 18.00  0.00 20.00  0.00 318.21 
4  6.00 0.00 4.00  0.00 20.00  0.00 22.00  0.00 332.21 
4  6.00 0.00 4.00  0.00 22.00  0.00 24.00  0.00 401.53 
4  6.00 0.00 4.00  0.00 24.00  0.00 26.00  0.00 399.65 
4  6.00 0.00 4.00  0.00 26.00  0.00 28.00  0.00 438.67 
4  6.00 0.00 4.00  0.00 28.00  0.00 30.00  0.00 439.90 
4  6.00 0.00 4.00  0.00 30.00  0.00 32.00  0.00 484.72 
4  6.00 0.00 4.00  0.00 32.00  0.00 34.00  0.00 616.32 
4  6.00 0.00 4.00  0.00 34.00  0.00 36.00  0.00 567.56 
4  6.00 0.00 4.00  0.00 36.00  0.00 38.00  0.00 524.06 
4  6.00 0.00 4.00  0.00 38.00  0.00 40.00  0.00 981.40 
4  6.00 0.00 4.00  0.00 40.00  0.00 42.00  0.00 577.37 
4  6.00 0.00 4.00  0.00 42.00  0.00 44.00  0.00 552.46 
4  6.00 0.00 4.00  0.00 44.00  0.00 46.00  0.00 585.96 
4  6.00 0.00 4.00  0.00 46.00  0.00 48.00  0.00 658.14 
4  6.00 0.00 4.00  0.00 48.00  0.00 50.00  0.00 824.99 
4  6.00 0.00 4.00  0.00 50.00  0.00 52.00  0.00 892.20 
4  6.00 0.00 4.00  0.00 52.00  0.00 54.00  0.00 781.54 
4  6.00 0.00 4.00  0.00 54.00  0.00 56.00  0.00 795.54 
4  6.00 0.00 4.00  0.00 56.00  0.00 58.00  0.00 763.61 
4  6.00 0.00 4.00  0.00 58.00  0.00 60.00  0.00 836.41 
4  6.00 0.00 4.00  0.00 60.00  0.00 62.00  0.00 770.02 
4  6.00 0.00 4.00  0.00 62.00  0.00 64.00  0.00 711.52 
4  6.00 0.00 4.00  0.00 64.00  0.00 66.00  0.00 1199.14 
4  6.00 0.00 4.00  0.00 66.00  0.00 68.00  0.00 710.07 
4  6.00 0.00 4.00  0.00 68.00  0.00 70.00  0.00 541.58 
4  6.00 0.00 4.00  0.00 70.00  0.00 72.00  0.00 505.12 
4  8.00 0.00 6.00  0.00 10.00  0.00 12.00  0.00 167.13 
4  8.00 0.00 6.00  0.00 14.00  0.00 16.00  0.00 409.20 
4  8.00 0.00 6.00  0.00 16.00  0.00 18.00  0.00 295.32 
4  8.00 0.00 6.00  0.00 18.00  0.00 20.00  0.00 309.23 
4  8.00 0.00 6.00  0.00 20.00  0.00 22.00  0.00 326.31 
4  8.00 0.00 6.00  0.00 22.00  0.00 24.00  0.00 403.50 
4  8.00 0.00 6.00  0.00 24.00  0.00 26.00  0.00 396.84 
4  8.00 0.00 6.00  0.00 26.00  0.00 28.00  0.00 436.85 
4  8.00 0.00 6.00  0.00 28.00  0.00 30.00  0.00 444.67 
4  8.00 0.00 6.00  0.00 30.00  0.00 32.00  0.00 486.07 
4  8.00 0.00 6.00  0.00 32.00  0.00 34.00  0.00 617.73 
4  8.00 0.00 6.00  0.00 34.00  0.00 36.00  0.00 564.38 
4  8.00 0.00 6.00  0.00 36.00  0.00 38.00  0.00 518.24 
4  8.00 0.00 6.00  0.00 38.00  0.00 40.00  0.00 972.55 
4  8.00 0.00 6.00  0.00 40.00  0.00 42.00  0.00 587.41 
4  8.00 0.00 6.00  0.00 42.00  0.00 44.00  0.00 554.99 
4  8.00 0.00 6.00  0.00 44.00  0.00 46.00  0.00 600.93 
4  8.00 0.00 6.00  0.00 46.00  0.00 48.00  0.00 658.87 
4  8.00 0.00 6.00  0.00 48.00  0.00 50.00  0.00 826.27 
4  8.00 0.00 6.00  0.00 50.00  0.00 52.00  0.00 891.62 
4  8.00 0.00 6.00  0.00 52.00  0.00 54.00  0.00 798.39 
4  8.00 0.00 6.00  0.00 54.00  0.00 56.00  0.00 802.84 
4  8.00 0.00 6.00  0.00 56.00  0.00 58.00  0.00 775.21 
4  8.00 0.00 6.00  0.00 58.00  0.00 60.00  0.00 850.00 
4  8.00 0.00 6.00  0.00 60.00  0.00 62.00  0.00 792.09 
4  8.00 0.00 6.00  0.00 62.00  0.00 64.00  0.00 731.65 
4  8.00 0.00 6.00  0.00 64.00  0.00 66.00  0.00 1232.47 
4  8.00 0.00 6.00  0.00 66.00  0.00 68.00  0.00 728.66 
4  8.00 0.00 6.00  0.00 68.00  0.00 70.00  0.00 565.44 
4  8.00 0.00 6.00  0.00 70.00  0.00 72.00  0.00 530.19 
4  10.00 0.00 8.00  0.00 12.00  0.00 14.00  0.00 115.08 
4  10.00 0.00 8.00  0.00 14.00  0.00 16.00  0.00 239.60 
4  10.00 0.00 8.00  0.00 16.00  0.00 18.00  0.00 229.35 
4  10.00 0.00 8.00  0.00 18.00  0.00 20.00  0.00 248.91 
4  10.00 0.00 8.00  0.00 20.00  0.00 22.00  0.00 269.07 
4  10.00 0.00 8.00  0.00 22.00  0.00 24.00  0.00 345.02 
4  10.00 0.00 8.00  0.00 24.00  0.00 26.00  0.00 334.38 
4  10.00 0.00 8.00  0.00 26.00  0.00 28.00  0.00 371.64 
4  10.00 0.00 8.00  0.00 28.00  0.00 30.00  0.00 384.82 
4  10.00 0.00 8.00  0.00 30.00  0.00 32.00  0.00 421.77 
4  10.00 0.00 8.00  0.00 32.00  0.00 34.00  0.00 525.28 
4  10.00 0.00 8.00  0.00 34.00  0.00 36.00  0.00 475.79 
4  10.00 0.00 8.00  0.00 36.00  0.00 38.00  0.00 427.21 
4  10.00 0.00 8.00  0.00 38.00  0.00 40.00  0.00 818.69 
4  10.00 0.00 8.00  0.00 40.00  0.00 42.00  0.00 512.66 
4  10.00 0.00 8.00  0.00 42.00  0.00 44.00  0.00 472.73 
4  10.00 0.00 8.00  0.00 44.00  0.00 46.00  0.00 520.82 
4  10.00 0.00 8.00  0.00 46.00  0.00 48.00  0.00 564.07 
4  10.00 0.00 8.00  0.00 48.00  0.00 50.00  0.00 698.02 
4  10.00 0.00 8.00  0.00 50.00  0.00 52.00  0.00 748.33 
4  10.00 0.00 8.00  0.00 52.00  0.00 54.00  0.00 689.81 
4  10.00 0.00 8.00  0.00 54.00  0.00 56.00  0.00 681.22 
4  10.00 0.00 8.00  0.00 56.00  0.00 58.00  0.00 665.43 
4  10.00 0.00 8.00  0.00 58.00  0.00 60.00  0.00 730.69 
4  10.00 0.00 8.00  0.00 60.00  0.00 62.00  0.00 690.37 
4  10.00 0.00 8.00  0.00 62.00  0.00 64.00  0.00 637.04 
4  10.00 0.00 8.00  0.00 64.00  0.00 66.00  0.00 1071.18 
4  10.00 0.00 8.00  0.00 66.00  0.00 68.00  0.00 629.83 
4  10.00 0.00 8.00  0.00 68.00  0.00 70.00  0.00 504.88 
4  10.00 0.00 8.00  0.00 70.00  0.00 72.00  0.00 467.52 
4  10.00 0.00 8.00  0.00 72.00  0.00 74.00  0.00 605.88 
4  10.00 0.00 8.00  0.00 74.00  0.00 76.00  0.00 628.85 
4  12.00 0.00 10.00  0.00 14.00  0.00 16.00  0.00 2795.79 
4  12.00 0.00 10.00  0.00 16.00  0.00 18.00  0.00 193.19 
4  12.00 0.00 10.00  0.00 18.00  0.00 20.00  0.00 224.53 
4  12.00 0.00 10.00  0.00 20.00  0.00 22.00  0.00 252.47 
4  12.00 0.00 10.00  0.00 22.00  0.00 24.00  0.00 328.19 
4  12.00 0.00 10.00  0.00 24.00  0.00 26.00  0.00 324.96 
4  12.00 0.00 10.00  0.00 26.00  0.00 28.00  0.00 360.76 
4  12.00 0.00 10.00  0.00 28.00  0.00 30.00  0.00 369.49 
4  12.00 0.00 10.00  0.00 30.00  0.00 32.00  0.00 403.72 
4  12.00 0.00 10.00  0.00 32.00  0.00 34.00  0.00 507.14 
4  12.00 0.00 10.00  0.00 34.00  0.00 36.00  0.00 463.62 
4  12.00 0.00 10.00  0.00 36.00  0.00 38.00  0.00 419.89 
4  12.00 0.00 10.00  0.00 38.00  0.00 40.00  0.00 795.18 
4  12.00 0.00 10.00  0.00 40.00  0.00 42.00  0.00 494.33 
4  12.00 0.00 10.00  0.00 42.00  0.00 44.00  0.00 460.30 
4  12.00 0.00 10.00  0.00 44.00  0.00 46.00  0.00 502.70 
4  12.00 0.00 10.00  0.00 46.00  0.00 48.00  0.00 548.48 
4  12.00 0.00 10.00  0.00 48.00  0.00 50.00  0.00 685.44 
4  12.00 0.00 10.00  0.00 50.00  0.00 52.00  0.00 741.80 
4  12.00 0.00 10.00  0.00 52.00  0.00 54.00  0.00 676.48 
4  12.00 0.00 10.00  0.00 54.00  0.00 56.00  0.00 673.14 
4  12.00 0.00 10.00  0.00 56.00  0.00 58.00  0.00 658.33 
4  12.00 0.00 10.00  0.00 58.00  0.00 60.00  0.00 724.44 
4  12.00 0.00 10.00  0.00 60.00  0.00 62.00  0.00 681.31 
4  12.00 0.00 10.00  0.00 62.00  0.00 64.00  0.00 631.02 
4  12.00 0.00 10.00  0.00 64.00  0.00 66.00  0.00 1060.60 
4  12.00 0.00 10.00  0.00 66.00  0.00 68.00  0.00 633.69 
4  12.00 0.00 10.00  0.00 68.00  0.00 70.00  0.00 500.63 
4  12.00 0.00 10.00  0.00 70.00  0.00 72.00  0.00 469.75 
4  12.00 0.00 10.00  0.00 72.00  0.00 74.00  0.00 603.30 
4  12.00 0.00 10.00  0.00 74.00  0.00 76.00  0.00 630.93 
4  12.00 0.00 10.00  0.00 76.00  0.00 78.00  0.00 569.43 
4  18.00 0.00 16.00  0.00 20.00  0.00 22.00  0.00 96.86 
4  18.00 0.00 16.00  0.00 22.00  0.00 24.00  0.00 178.77 
4  18.00 0.00 16.00  0.00 24.00  0.00 26.00  0.00 214.14 
4  18.00 0.00 16.00  0.00 26.00  0.00 28.00  0.00 257.86 
4  18.00 0.00 16.00  0.00 28.00  0.00 30.00  0.00 272.50 
4  18.00 0.00 16.00  0.00 30.00  0.00 32.00  0.00 300.68 
4  18.00 0.00 16.00  0.00 32.00  0.00 34.00  0.00 380.80 
4  18.00 0.00 16.00  0.00 34.00  0.00 36.00  0.00 352.80 
4  18.00 0.00 16.00  0.00 36.00  0.00 38.00  0.00 314.10 
4  18.00 0.00 16.00  0.00 38.00  0.00 40.00  0.00 606.81 
4  18.00 0.00 16.00  0.00 40.00  0.00 42.00  0.00 385.92 
4  18.00 0.00 16.00  0.00 42.00  0.00 44.00  0.00 356.51 
4  18.00 0.00 16.00  0.00 44.00  0.00 46.00  0.00 392.95 
4  18.00 0.00 16.00  0.00 46.00  0.00 48.00  0.00 430.60 
4  18.00 0.00 16.00  0.00 48.00  0.00 50.00  0.00 544.38 
4  18.00 0.00 16.00  0.00 50.00  0.00 52.00  0.00 591.78 
4  18.00 0.00 16.00  0.00 52.00  0.00 54.00  0.00 536.86 
4  18.00 0.00 16.00  0.00 54.00  0.00 56.00  0.00 541.57 
4  18.00 0.00 16.00  0.00 56.00  0.00 58.00  0.00 526.01 
4  18.00 0.00 16.00  0.00 58.00  0.00 60.00  0.00 583.93 
4  18.00 0.00 16.00  0.00 60.00  0.00 62.00  0.00 549.04 
4  18.00 0.00 16.00  0.00 62.00  0.00 64.00  0.00 508.99 
4  18.00 0.00 16.00  0.00 64.00  0.00 66.00  0.00 864.57 
4  18.00 0.00 16.00  0.00 66.00  0.00 68.00  0.00 515.15 
4  18.00 0.00 16.00  0.00 68.00  0.00 70.00  0.00 400.39 
4  18.00 0.00 16.00  0.00 70.00  0.00 72.00  0.00 377.06 
4  18.00 0.00 16.00  0.00 72.00  0.00 74.00  0.00 489.63 
4  18.00 0.00 16.00  0.00 74.00  0.00 76.00  0.00 512.80 
4  18.00 0.00 16.00  0.00 76.00  0.00 78.00  0.00 466.32 
4  18.00 0.00 16.00  0.00 78.00  0.00 80.00  0.00 442.57 
4  18.00 0.00 16.00  0.00 80.00  0.00 82.00  0.00 376.98 
4  18.00 0.00 16.00  0.00 82.00  0.00 84.00  0.00 473.45 
4  20.00 0.00 18.00  0.00 22.00  0.00 24.00  0.00 121.91 
4  20.00 0.00 18.00  0.00 24.00  0.00 26.00  0.00 174.36 
4  20.00 0.00 18.00  0.00 26.00  0.00 28.00  0.00 233.79 
4  20.00 0.00 18.00  0.00 28.00  0.00 30.00  0.00 259.98 
4  20.00 0.00 18.00  0.00 30.00  0.00 32.00  0.00 292.31 
4  20.00 0.00 18.00  0.00 32.00  0.00 34.00  0.00 370.05 
4  20.00 0.00 18.00  0.00 34.00  0.00 36.00  0.00 337.59 
4  20.00 0.00 18.00  0.00 36.00  0.00 38.00  0.00 294.79 
4  20.00 0.00 18.00  0.00 38.00  0.00 40.00  0.00 575.24 
4  20.00 0.00 18.00  0.00 40.00  0.00 42.00  0.00 388.56 
4  20.00 0.00 18.00  0.00 42.00  0.00 44.00  0.00 347.76 
4  20.00 0.00 18.00  0.00 44.00  0.00 46.00  0.00 388.05 
4  20.00 0.00 18.00  0.00 46.00  0.00 48.00  0.00 417.46 
4  20.00 0.00 18.00  0.00 48.00  0.00 50.00  0.00 512.24 
4  20.00 0.00 18.00  0.00 50.00  0.00 52.00  0.00 550.74 
4  20.00 0.00 18.00  0.00 52.00  0.00 54.00  0.00 525.03 
4  20.00 0.00 18.00  0.00 54.00  0.00 56.00  0.00 508.99 
4  20.00 0.00 18.00  0.00 56.00  0.00 58.00  0.00 502.55 
4  20.00 0.00 18.00  0.00 58.00  0.00 60.00  0.00 556.91 
4  20.00 0.00 18.00  0.00 60.00  0.00 62.00  0.00 536.07 
4  20.00 0.00 18.00  0.00 62.00  0.00 64.00  0.00 498.33 
4  20.00 0.00 18.00  0.00 64.00  0.00 66.00  0.00 832.99 
4  20.00 0.00 18.00  0.00 66.00  0.00 68.00  0.00 495.33 
4  20.00 0.00 18.00  0.00 68.00  0.00 70.00  0.00 406.47 
4  20.00 0.00 18.00  0.00 70.00  0.00 72.00  0.00 380.83 
4  20.00 0.00 18.00  0.00 72.00  0.00 74.00  0.00 494.40 
4  20.00 0.00 18.00  0.00 74.00  0.00 76.00  0.00 517.13 
4  20.00 0.00 18.00  0.00 76.00  0.00 78.00  0.00 467.13 
4  20.00 0.00 18.00  0.00 78.00  0.00 80.00  0.00 450.14 
4  20.00 0.00 18.00  0.00 80.00  0.00 82.00  0.00 384.28 
4  20.00 0.00 18.00  0.00 82.00  0.00 84.00  0.00 477.02 
4  20.00 0.00 18.00  0.00 84.00  0.00 86.00  0.00 600.40 
4  22.00 0.00 20.00  0.00 24.00  0.00 26.00  0.00 96.21 
4  22.00 0.00 20.00  0.00 26.00  0.00 28.00  0.00 166.13 
4  22.00 0.00 20.00  0.00 28.00  0.00 30.00  0.00 205.18 
4  22.00 0.00 20.00  0.00 30.00  0.00 32.00  0.00 243.19 
4  22.00 0.00 20.00  0.00 32.00  0.00 34.00  0.00 316.35 
4  22.00 0.00 20.00  0.00 34.00  0.00 36.00  0.00 292.97 
4  22.00 0.00 20.00  0.00 36.00  0.00 38.00  0.00 257.14 
4  22.00 0.00 20.00  0.00 38.00  0.00 40.00  0.00 508.34 
4  22.00 0.00 20.00  0.00 40.00  0.00 42.00  0.00 354.45 
4  22.00 0.00 20.00  0.00 42.00  0.00 44.00  0.00 315.74 
4  22.00 0.00 20.00  0.00 44.00  0.00 46.00  0.00 355.78 
4  22.00 0.00 20.00  0.00 46.00  0.00 48.00  0.00 381.70 
4  22.00 0.00 20.00  0.00 48.00  0.00 50.00  0.00 465.52 
4  22.00 0.00 20.00  0.00 50.00  0.00 52.00  0.00 498.62 
4  22.00 0.00 20.00  0.00 52.00  0.00 54.00  0.00 485.16 
4  22.00 0.00 20.00  0.00 54.00  0.00 56.00  0.00 465.79 
4  22.00 0.00 20.00  0.00 56.00  0.00 58.00  0.00 460.66 
4  22.00 0.00 20.00  0.00 58.00  0.00 60.00  0.00 512.11 
4  22.00 0.00 20.00  0.00 60.00  0.00 62.00  0.00 498.92 
4  22.00 0.00 20.00  0.00 62.00  0.00 64.00  0.00 462.96 
4  22.00 0.00 20.00  0.00 64.00  0.00 66.00  0.00 772.49 
4  22.00 0.00 20.00  0.00 66.00  0.00 68.00  0.00 459.09 
4  22.00 0.00 20.00  0.00 68.00  0.00 70.00  0.00 383.04 
4  22.00 0.00 20.00  0.00 70.00  0.00 72.00  0.00 356.13 
4  22.00 0.00 20.00  0.00 72.00  0.00 74.00  0.00 464.56 
4  22.00 0.00 20.00  0.00 74.00  0.00 76.00  0.00 486.93 
4  22.00 0.00 20.00  0.00 76.00  0.00 78.00  0.00 441.12 
4  22.00 0.00 20.00  0.00 78.00  0.00 80.00  0.00 423.56 
4  22.00 0.00 20.00  0.00 80.00  0.00 82.00  0.00 364.04 
4  22.00 0.00 20.00  0.00 82.00  0.00 84.00  0.00 451.48 
4  22.00 0.00 20.00  0.00 84.00  0.00 86.00  0.00 568.55 
4  22.00 0.00 20.00  0.00 86.00  0.00 88.00  0.00 731.12 
4  24.00 0.00 22.00  0.00 26.00  0.00 28.00  0.00 115.53 
4  24.00 0.00 22.00  0.00 28.00  0.00 30.00  0.00 170.07 
4  24.00 0.00 22.00  0.00 30.00  0.00 32.00  0.00 215.73 
4  24.00 0.00 22.00  0.00 32.00  0.00 34.00  0.00 293.56 
4  24.00 0.00 22.00  0.00 34.00  0.00 36.00  0.00 289.17 
4  24.00 0.00 22.00  0.00 36.00  0.00 38.00  0.00 261.79 
4  24.00 0.00 22.00  0.00 38.00  0.00 40.00  0.00 514.09 
4  24.00 0.00 22.00  0.00 40.00  0.00 42.00  0.00 341.28 
4  24.00 0.00 22.00  0.00 42.00  0.00 44.00  0.00 322.09 
4  24.00 0.00 22.00  0.00 44.00  0.00 46.00  0.00 357.13 
4  24.00 0.00 22.00  0.00 46.00  0.00 48.00  0.00 392.72 
4  24.00 0.00 22.00  0.00 48.00  0.00 50.00  0.00 497.17 
4  24.00 0.00 22.00  0.00 50.00  0.00 52.00  0.00 546.70 
4  24.00 0.00 22.00  0.00 52.00  0.00 54.00  0.00 495.56 
4  24.00 0.00 22.00  0.00 54.00  0.00 56.00  0.00 506.64 
4  24.00 0.00 22.00  0.00 56.00  0.00 58.00  0.00 492.12 
4  24.00 0.00 22.00  0.00 58.00  0.00 60.00  0.00 551.34 
4  24.00 0.00 22.00  0.00 60.00  0.00 62.00  0.00 522.63 
4  24.00 0.00 22.00  0.00 62.00  0.00 64.00  0.00 487.84 
4  24.00 0.00 22.00  0.00 64.00  0.00 66.00  0.00 829.23 
4  24.00 0.00 22.00  0.00 66.00  0.00 68.00  0.00 500.96 
4  24.00 0.00 22.00  0.00 68.00  0.00 70.00  0.00 385.32 
4  24.00 0.00 22.00  0.00 70.00  0.00 72.00  0.00 367.66 
4  24.00 0.00 22.00  0.00 72.00  0.00 74.00  0.00 480.37 
4  24.00 0.00 22.00  0.00 74.00  0.00 76.00  0.00 507.96 
4  24.00 0.00 22.00  0.00 76.00  0.00 78.00  0.00 463.92 
4  24.00 0.00 22.00  0.00 78.00  0.00 80.00  0.00 447.67 
4  24.00 0.00 22.00  0.00 80.00  0.00 82.00  0.00 389.87 
4  24.00 0.00 22.00  0.00 82.00  0.00 84.00  0.00 480.04 
4  24.00 0.00 22.00  0.00 84.00  0.00 86.00  0.00 604.37 
4  24.00 0.00 22.00  0.00 86.00  0.00 88.00  0.00 782.27 
4  24.00 0.00 22.00  0.00 88.00  0.00 90.00  0.00 776.90 
4  26.00 0.00 24.00  0.00 28.00  0.00 30.00  0.00 115.94 
4  26.00 0.00 24.00  0.00 30.00  0.00 32.00  0.00 173.67 
4  26.00 0.00 24.00  0.00 32.00  0.00 34.00  0.00 249.10 
4  26.00 0.00 24.00  0.00 34.00  0.00 36.00  0.00 248.42 
4  26.00 0.00 24.00  0.00 36.00  0.00 38.00  0.00 222.55 
4  26.00 0.00 24.00  0.00 38.00  0.00 40.00  0.00 448.17 
4  26.00 0.00 24.00  0.00 40.00  0.00 42.00  0.00 320.77 
4  26.00 0.00 24.00  0.00 42.00  0.00 44.00  0.00 292.69 
4  26.00 0.00 24.00  0.00 44.00  0.00 46.00  0.00 331.50 
4  26.00 0.00 24.00  0.00 46.00  0.00 48.00  0.00 358.61 
4  26.00 0.00 24.00  0.00 48.00  0.00 50.00  0.00 440.45 
4  26.00 0.00 24.00  0.00 50.00  0.00 52.00  0.00 476.32 
4  26.00 0.00 24.00  0.00 52.00  0.00 54.00  0.00 459.12 
4  26.00 0.00 24.00  0.00 54.00  0.00 56.00  0.00 445.76 
4  26.00 0.00 24.00  0.00 56.00  0.00 58.00  0.00 440.31 
4  26.00 0.00 24.00  0.00 58.00  0.00 60.00  0.00 493.25 
4  26.00 0.00 24.00  0.00 60.00  0.00 62.00  0.00 481.38 
4  26.00 0.00 24.00  0.00 62.00  0.00 64.00  0.00 447.14 
4  26.00 0.00 24.00  0.00 64.00  0.00 66.00  0.00 747.33 
4  26.00 0.00 24.00  0.00 66.00  0.00 68.00  0.00 447.86 
4  26.00 0.00 24.00  0.00 68.00  0.00 70.00  0.00 371.13 
4  26.00 0.00 24.00  0.00 70.00  0.00 72.00  0.00 348.17 
4  26.00 0.00 24.00  0.00 72.00  0.00 74.00  0.00 456.28 
4  26.00 0.00 24.00  0.00 74.00  0.00 76.00  0.00 480.50 
4  26.00 0.00 24.00  0.00 76.00  0.00 78.00  0.00 438.13 
4  26.00 0.00 24.00  0.00 78.00  0.00 80.00  0.00 421.20 
4  26.00 0.00 24.00  0.00 80.00  0.00 82.00  0.00 360.98 
4  26.00 0.00 24.00  0.00 82.00  0.00 84.00  0.00 453.28 
4  26.00 0.00 24.00  0.00 84.00  0.00 86.00  0.00 570.75 
4  26.00 0.00 24.00  0.00 86.00  0.00 88.00  0.00 730.00 
4  26.00 0.00 24.00  0.00 88.00  0.00 90.00  0.00 699.18 
4  26.00 0.00 24.00  0.00 90.00  0.00 92.00  0.00 689.71 
4  28.00 0.00 26.00  0.00 30.00  0.00 32.00  0.00 124.38 
4  28.00 0.00 26.00  0.00 32.00  0.00 34.00  0.00 210.01 
4  28.00 0.00 26.00  0.00 34.00  0.00 36.00  0.00 225.43 
4  28.00 0.00 26.00  0.00 36.00  0.00 38.00  0.00 207.50 
4  28.00 0.00 26.00  0.00 38.00  0.00 40.00  0.00 425.30 
4  28.00 0.00 26.00  0.00 40.00  0.00 42.00  0.00 312.24 
4  28.00 0.00 26.00  0.00 42.00  0.00 44.00  0.00 285.58 
4  28.00 0.00 26.00  0.00 44.00  0.00 46.00  0.00 332.48 
4  28.00 0.00 26.00  0.00 46.00  0.00 48.00  0.00 361.15 
4  28.00 0.00 26.00  0.00 48.00  0.00 50.00  0.00 443.05 
4  28.00 0.00 26.00  0.00 50.00  0.00 52.00  0.00 482.35 
4  28.00 0.00 26.00  0.00 52.00  0.00 54.00  0.00 460.85 
4  28.00 0.00 26.00  0.00 54.00  0.00 56.00  0.00 452.53 
4  28.00 0.00 26.00  0.00 56.00  0.00 58.00  0.00 446.88 
4  28.00 0.00 26.00  0.00 58.00  0.00 60.00  0.00 502.63 
4  28.00 0.00 26.00  0.00 60.00  0.00 62.00  0.00 491.20 
4  28.00 0.00 26.00  0.00 62.00  0.00 64.00  0.00 456.41 
4  28.00 0.00 26.00  0.00 64.00  0.00 66.00  0.00 762.02 
4  28.00 0.00 26.00  0.00 66.00  0.00 68.00  0.00 463.64 
4  28.00 0.00 26.00  0.00 68.00  0.00 70.00  0.00 379.41 
4  28.00 0.00 26.00  0.00 70.00  0.00 72.00  0.00 360.59 
4  28.00 0.00 26.00  0.00 72.00  0.00 74.00  0.00 471.51 
4  28.00 0.00 26.00  0.00 74.00  0.00 76.00  0.00 501.33 
4  28.00 0.00 26.00  0.00 76.00  0.00 78.00  0.00 458.24 
4  28.00 0.00 26.00  0.00 78.00  0.00 80.00  0.00 446.94 
4  28.00 0.00 26.00  0.00 80.00  0.00 82.00  0.00 389.48 
4  28.00 0.00 26.00  0.00 82.00  0.00 84.00  0.00 482.62 
4  28.00 0.00 26.00  0.00 84.00  0.00 86.00  0.00 603.24 
4  28.00 0.00 26.00  0.00 86.00  0.00 88.00  0.00 767.54 
4  28.00 0.00 26.00  0.00 88.00  0.00 90.00  0.00 740.50 
4  28.00 0.00 26.00  0.00 90.00  0.00 92.00  0.00 736.53 
4  28.00 0.00 26.00  0.00 92.00  0.00 94.00  0.00 872.46 
4  30.00 0.00 28.00  0.00 32.00  0.00 34.00  0.00 143.77 
4  30.00 0.00 28.00  0.00 34.00  0.00 36.00  0.00 187.59 
4  30.00 0.00 28.00  0.00 36.00  0.00 38.00  0.00 181.93 
4  30.00 0.00 28.00  0.00 38.00  0.00 40.00  0.00 377.76 
4  30.00 0.00 28.00  0.00 40.00  0.00 42.00  0.00 278.05 
4  30.00 0.00 28.00  0.00 42.00  0.00 44.00  0.00 270.98 
4  30.00 0.00 28.00  0.00 44.00  0.00 46.00  0.00 300.40 
4  30.00 0.00 28.00  0.00 46.00  0.00 48.00  0.00 333.98 
4  30.00 0.00 28.00  0.00 48.00  0.00 50.00  0.00 423.53 
4  30.00 0.00 28.00  0.00 50.00  0.00 52.00  0.00 468.77 
4  30.00 0.00 28.00  0.00 52.00  0.00 54.00  0.00 429.83 
4  30.00 0.00 28.00  0.00 54.00  0.00 56.00  0.00 438.70 
4  30.00 0.00 28.00  0.00 56.00  0.00 58.00  0.00 424.55 
4  30.00 0.00 28.00  0.00 58.00  0.00 60.00  0.00 479.47 
4  30.00 0.00 28.00  0.00 60.00  0.00 62.00  0.00 459.03 
4  30.00 0.00 28.00  0.00 62.00  0.00 64.00  0.00 429.48 
4  30.00 0.00 28.00  0.00 64.00  0.00 66.00  0.00 726.50 
4  30.00 0.00 28.00  0.00 66.00  0.00 68.00  0.00 439.84 
4  30.00 0.00 28.00  0.00 68.00  0.00 70.00  0.00 338.50 
4  30.00 0.00 28.00  0.00 70.00  0.00 72.00  0.00 322.35 
4  30.00 0.00 28.00  0.00 72.00  0.00 74.00  0.00 425.57 
4  30.00 0.00 28.00  0.00 74.00  0.00 76.00  0.00 452.65 
4  30.00 0.00 28.00  0.00 76.00  0.00 78.00  0.00 410.48 
4  30.00 0.00 28.00  0.00 78.00  0.00 80.00  0.00 396.82 
4  30.00 0.00 28.00  0.00 80.00  0.00 82.00  0.00 344.89 
4  30.00 0.00 28.00  0.00 82.00  0.00 84.00  0.00 426.78 
4  30.00 0.00 28.00  0.00 84.00  0.00 86.00  0.00 541.96 
4  30.00 0.00 28.00  0.00 86.00  0.00 88.00  0.00 708.89 
4  30.00 0.00 28.00  0.00 88.00  0.00 90.00  0.00 701.09 
4  30.00 0.00 28.00  0.00 90.00  0.00 92.00  0.00 673.40 
4  30.00 0.00 28.00  0.00 92.00  0.00 94.00  0.00 833.50 
4  32.00 0.00 30.00  0.00 34.00  0.00 36.00  0.00 145.66 
4  32.00 0.00 30.00  0.00 36.00  0.00 38.00  0.00 161.80 
4  32.00 0.00 30.00  0.00 38.00  0.00 40.00  0.00 353.09 
4  32.00 0.00 30.00  0.00 40.00  0.00 42.00  0.00 271.63 
4  32.00 0.00 30.00  0.00 42.00  0.00 44.00  0.00 273.47 
4  32.00 0.00 30.00  0.00 44.00  0.00 46.00  0.00 310.58 
4  32.00 0.00 30.00  0.00 46.00  0.00 48.00  0.00 346.05 
4  32.00 0.00 30.00  0.00 48.00  0.00 50.00  0.00 441.52 
4  32.00 0.00 30.00  0.00 50.00  0.00 52.00  0.00 492.94 
4  32.00 0.00 30.00  0.00 52.00  0.00 54.00  0.00 447.94 
4  32.00 0.00 30.00  0.00 54.00  0.00 56.00  0.00 461.76 
4  32.00 0.00 30.00  0.00 56.00  0.00 58.00  0.00 445.71 
4  32.00 0.00 30.00  0.00 58.00  0.00 60.00  0.00 505.23 
4  32.00 0.00 30.00  0.00 60.00  0.00 62.00  0.00 483.50 
4  32.00 0.00 30.00  0.00 62.00  0.00 64.00  0.00 452.90 
4  32.00 0.00 30.00  0.00 64.00  0.00 66.00  0.00 766.27 
4  32.00 0.00 30.00  0.00 66.00  0.00 68.00  0.00 468.08 
4  32.00 0.00 30.00  0.00 68.00  0.00 70.00  0.00 355.68 
4  32.00 0.00 30.00  0.00 70.00  0.00 72.00  0.00 341.56 
4  32.00 0.00 30.00  0.00 72.00  0.00 74.00  0.00 450.07 
4  32.00 0.00 30.00  0.00 74.00  0.00 76.00  0.00 481.74 
4  32.00 0.00 30.00  0.00 76.00  0.00 78.00  0.00 441.38 
4  32.00 0.00 30.00  0.00 78.00  0.00 80.00  0.00 427.26 
4  32.00 0.00 30.00  0.00 80.00  0.00 82.00  0.00 372.56 
4  32.00 0.00 30.00  0.00 82.00  0.00 84.00  0.00 460.82 
4  32.00 0.00 30.00  0.00 84.00  0.00 86.00  0.00 583.86 
4  32.00 0.00 30.00  0.00 86.00  0.00 88.00  0.00 755.77 
4  32.00 0.00 30.00  0.00 88.00  0.00 90.00  0.00 761.08 
4  32.00 0.00 30.00  0.00 90.00  0.00 92.00  0.00 726.99 
4  32.00 0.00 30.00  0.00 92.00  0.00 94.00  0.00 893.28 
4  34.00 0.00 32.00  0.00 36.00  0.00 38.00  0.00 110.25 
4  34.00 0.00 32.00  0.00 38.00  0.00 40.00  0.00 297.13 
4  34.00 0.00 32.00  0.00 40.00  0.00 42.00  0.00 259.81 
4  34.00 0.00 32.00  0.00 42.00  0.00 44.00  0.00 279.32 
4  34.00 0.00 32.00  0.00 44.00  0.00 46.00  0.00 331.15 
4  34.00 0.00 32.00  0.00 46.00  0.00 48.00  0.00 374.68 
4  34.00 0.00 32.00  0.00 48.00  0.00 50.00  0.00 478.82 
4  34.00 0.00 32.00  0.00 50.00  0.00 52.00  0.00 537.59 
4  34.00 0.00 32.00  0.00 52.00  0.00 54.00  0.00 504.89 
4  34.00 0.00 32.00  0.00 54.00  0.00 56.00  0.00 511.87 
4  34.00 0.00 32.00  0.00 56.00  0.00 58.00  0.00 499.06 
4  34.00 0.00 32.00  0.00 58.00  0.00 60.00  0.00 568.21 
4  34.00 0.00 32.00  0.00 60.00  0.00 62.00  0.00 553.99 
4  34.00 0.00 32.00  0.00 62.00  0.00 64.00  0.00 518.36 
4  34.00 0.00 32.00  0.00 64.00  0.00 66.00  0.00 872.07 
4  34.00 0.00 32.00  0.00 66.00  0.00 68.00  0.00 531.44 
4  34.00 0.00 32.00  0.00 68.00  0.00 70.00  0.00 417.95 
4  34.00 0.00 32.00  0.00 70.00  0.00 72.00  0.00 398.83 
4  34.00 0.00 32.00  0.00 72.00  0.00 74.00  0.00 528.29 
4  34.00 0.00 32.00  0.00 74.00  0.00 76.00  0.00 564.29 
4  34.00 0.00 32.00  0.00 76.00  0.00 78.00  0.00 517.97 
4  34.00 0.00 32.00  0.00 78.00  0.00 80.00  0.00 504.68 
4  34.00 0.00 32.00  0.00 80.00  0.00 82.00  0.00 438.03 
4  34.00 0.00 32.00  0.00 82.00  0.00 84.00  0.00 544.48 
4  34.00 0.00 32.00  0.00 84.00  0.00 86.00  0.00 690.17 
4  34.00 0.00 32.00  0.00 86.00  0.00 88.00  0.00 888.83 
4  34.00 0.00 32.00  0.00 88.00  0.00 90.00  0.00 878.54 
4  34.00 0.00 32.00  0.00 90.00  0.00 92.00  0.00 851.97 
4  34.00 0.00 32.00  0.00 92.00  0.00 94.00  0.00 1038.51 
4  36.00 0.00 34.00  0.00 38.00  0.00 40.00  0.00 153.63 
4  36.00 0.00 34.00  0.00 40.00  0.00 42.00  0.00 178.38 
4  36.00 0.00 34.00  0.00 42.00  0.00 44.00  0.00 205.99 
4  36.00 0.00 34.00  0.00 44.00  0.00 46.00  0.00 260.45 
4  36.00 0.00 34.00  0.00 46.00  0.00 48.00  0.00 298.25 
4  36.00 0.00 34.00  0.00 48.00  0.00 50.00  0.00 372.70 
4  36.00 0.00 34.00  0.00 50.00  0.00 52.00  0.00 414.42 
4  36.00 0.00 34.00  0.00 52.00  0.00 54.00  0.00 422.85 
4  36.00 0.00 34.00  0.00 54.00  0.00 56.00  0.00 402.89 
4  36.00 0.00 34.00  0.00 56.00  0.00 58.00  0.00 401.94 
4  36.00 0.00 34.00  0.00 58.00  0.00 60.00  0.00 459.09 
4  36.00 0.00 34.00  0.00 60.00  0.00 62.00  0.00 466.60 
4  36.00 0.00 34.00  0.00 62.00  0.00 64.00  0.00 433.47 
4  36.00 0.00 34.00  0.00 64.00  0.00 66.00  0.00 714.22 
4  36.00 0.00 34.00  0.00 66.00  0.00 68.00  0.00 431.36 
4  36.00 0.00 34.00  0.00 68.00  0.00 70.00  0.00 373.39 
4  36.00 0.00 34.00  0.00 70.00  0.00 72.00  0.00 349.71 
4  36.00 0.00 34.00  0.00 72.00  0.00 74.00  0.00 464.17 
4  36.00 0.00 34.00  0.00 74.00  0.00 76.00  0.00 493.92 
4  36.00 0.00 34.00  0.00 76.00  0.00 78.00  0.00 453.33 
4  36.00 0.00 34.00  0.00 78.00  0.00 80.00  0.00 442.05 
4  36.00 0.00 34.00  0.00 80.00  0.00 82.00  0.00 375.91 
4  36.00 0.00 34.00  0.00 82.00  0.00 84.00  0.00 475.29 
4  36.00 0.00 34.00  0.00 84.00  0.00 86.00  0.00 599.42 
4  36.00 0.00 34.00  0.00 86.00  0.00 88.00  0.00 767.03 
4  36.00 0.00 34.00  0.00 88.00  0.00 90.00  0.00 719.18 
4  36.00 0.00 34.00  0.00 90.00  0.00 92.00  0.00 726.96 
4  36.00 0.00 34.00  0.00 92.00  0.00 94.00  0.00 869.59 
4  38.00 0.00 36.00  0.00 40.00  0.00 42.00  0.00 115.92 
4  38.00 0.00 36.00  0.00 42.00  0.00 44.00  0.00 159.92 
4  38.00 0.00 36.00  0.00 44.00  0.00 46.00  0.00 224.51 
4  38.00 0.00 36.00  0.00 46.00  0.00 48.00  0.00 266.74 
4  38.00 0.00 36.00  0.00 48.00  0.00 50.00  0.00 331.17 
4  38.00 0.00 36.00  0.00 50.00  0.00 52.00  0.00 366.70 
4  38.00 0.00 36.00  0.00 52.00  0.00 54.00  0.00 398.04 
4  38.00 0.00 36.00  0.00 54.00  0.00 56.00  0.00 360.98 
4  38.00 0.00 36.00  0.00 56.00  0.00 58.00  0.00 364.22 
4  38.00 0.00 36.00  0.00 58.00  0.00 60.00  0.00 416.93 
4  38.00 0.00 36.00  0.00 60.00  0.00 62.00  0.00 437.07 
4  38.00 0.00 36.00  0.00 62.00  0.00 64.00  0.00 402.06 
4  38.00 0.00 36.00  0.00 64.00  0.00 66.00  0.00 648.92 
4  38.00 0.00 36.00  0.00 66.00  0.00 68.00  0.00 386.87 
4  38.00 0.00 36.00  0.00 68.00  0.00 70.00  0.00 357.26 
4  38.00 0.00 36.00  0.00 70.00  0.00 72.00  0.00 331.29 
4  38.00 0.00 36.00  0.00 72.00  0.00 74.00  0.00 441.41 
4  38.00 0.00 36.00  0.00 74.00  0.00 76.00  0.00 470.05 
4  38.00 0.00 36.00  0.00 76.00  0.00 78.00  0.00 429.26 
4  38.00 0.00 36.00  0.00 78.00  0.00 80.00  0.00 418.70 
4  38.00 0.00 36.00  0.00 80.00  0.00 82.00  0.00 352.34 
4  38.00 0.00 36.00  0.00 82.00  0.00 84.00  0.00 449.93 
4  38.00 0.00 36.00  0.00 84.00  0.00 86.00  0.00 565.74 
4  38.00 0.00 36.00  0.00 86.00  0.00 88.00  0.00 715.17 
4  38.00 0.00 36.00  0.00 88.00  0.00 90.00  0.00 643.70 
4  38.00 0.00 36.00  0.00 90.00  0.00 92.00  0.00 670.61 
4  38.00 0.00 36.00  0.00 92.00  0.00 94.00  0.00 792.46 
4  40.00 0.00 38.00  0.00 42.00  0.00 44.00  0.00 129.78 
4  40.00 0.00 38.00  0.00 44.00  0.00 46.00  0.00 237.43 
4  40.00 0.00 38.00  0.00 46.00  0.00 48.00  0.00 327.71 
4  40.00 0.00 38.00  0.00 48.00  0.00 50.00  0.00 450.57 
4  40.00 0.00 38.00  0.00 50.00  0.00 52.00  0.00 540.63 
4  40.00 0.00 38.00  0.00 52.00  0.00 54.00  0.00 582.69 
4  40.00 0.00 38.00  0.00 54.00  0.00 56.00  0.00 567.14 
4  40.00 0.00 38.00  0.00 56.00  0.00 58.00  0.00 574.93 
4  40.00 0.00 38.00  0.00 58.00  0.00 60.00  0.00 671.68 
4  40.00 0.00 38.00  0.00 60.00  0.00 62.00  0.00 701.29 
4  40.00 0.00 38.00  0.00 62.00  0.00 64.00  0.00 654.85 
4  40.00 0.00 38.00  0.00 64.00  0.00 66.00  0.00 1073.91 
4  40.00 0.00 38.00  0.00 66.00  0.00 68.00  0.00 653.49 
4  40.00 0.00 38.00  0.00 68.00  0.00 70.00  0.00 576.39 
4  40.00 0.00 38.00  0.00 70.00  0.00 72.00  0.00 539.41 
4  40.00 0.00 38.00  0.00 72.00  0.00 74.00  0.00 722.05 
4  40.00 0.00 38.00  0.00 74.00  0.00 76.00  0.00 775.35 
4  40.00 0.00 38.00  0.00 76.00  0.00 78.00  0.00 711.69 
4  40.00 0.00 38.00  0.00 78.00  0.00 80.00  0.00 697.41 
4  40.00 0.00 38.00  0.00 80.00  0.00 82.00  0.00 593.54 
4  40.00 0.00 38.00  0.00 82.00  0.00 84.00  0.00 754.52 
4  40.00 0.00 38.00  0.00 84.00  0.00 86.00  0.00 951.90 
4  40.00 0.00 38.00  0.00 86.00  0.00 88.00  0.00 1216.30 
4  40.00 0.00 38.00  0.00 88.00  0.00 90.00  0.00 1124.39 
4  40.00 0.00 38.00  0.00 90.00  0.00 92.00  0.00 1148.69 
4  40.00 0.00 38.00  0.00 92.00  0.00 94.00  0.00 1376.24 
4  42.00 0.00 40.00  0.00 44.00  0.00 46.00  0.00 68.73 
4  42.00 0.00 40.00  0.00 46.00  0.00 48.00  0.00 115.21 
4  42.00 0.00 40.00  0.00 48.00  0.00 50.00  0.00 190.98 
4  42.00 0.00 40.00  0.00 50.00  0.00 52.00  0.00 259.35 
4  42.00 0.00 40.00  0.00 52.00  0.00 54.00  0.00 249.22 
4  42.00 0.00 40.00  0.00 54.00  0.00 56.00  0.00 287.33 
4  42.00 0.00 40.00  0.00 56.00  0.00 58.00  0.00 285.78 
4  42.00 0.00 40.00  0.00 58.00  0.00 60.00  0.00 342.18 
4  42.00 0.00 40.00  0.00 60.00  0.00 62.00  0.00 339.23 
4  42.00 0.00 40.00  0.00 62.00  0.00 64.00  0.00 327.46 
4  42.00 0.00 40.00  0.00 64.00  0.00 66.00  0.00 563.29 
4  42.00 0.00 40.00  0.00 66.00  0.00 68.00  0.00 355.74 
4  42.00 0.00 40.00  0.00 68.00  0.00 70.00  0.00 259.06 
4  42.00 0.00 40.00  0.00 70.00  0.00 72.00  0.00 254.42 
4  42.00 0.00 40.00  0.00 72.00  0.00 74.00  0.00 342.35 
4  42.00 0.00 40.00  0.00 74.00  0.00 76.00  0.00 375.04 
4  42.00 0.00 40.00  0.00 76.00  0.00 78.00  0.00 348.58 
4  42.00 0.00 40.00  0.00 78.00  0.00 80.00  0.00 343.04 
4  42.00 0.00 40.00  0.00 80.00  0.00 82.00  0.00 304.85 
4  42.00 0.00 40.00  0.00 82.00  0.00 84.00  0.00 375.55 
4  42.00 0.00 40.00  0.00 84.00  0.00 86.00  0.00 478.62 
4  42.00 0.00 40.00  0.00 86.00  0.00 88.00  0.00 627.68 
4  42.00 0.00 40.00  0.00 88.00  0.00 90.00  0.00 648.81 
4  42.00 0.00 40.00  0.00 90.00  0.00 92.00  0.00 612.96 
4  42.00 0.00 40.00  0.00 92.00  0.00 94.00  0.00 762.38 
4  44.00 0.00 42.00  0.00 46.00  0.00 48.00  0.00 68.81 
4  44.00 0.00 42.00  0.00 48.00  0.00 50.00  0.00 127.29 
4  44.00 0.00 42.00  0.00 50.00  0.00 52.00  0.00 183.83 
4  44.00 0.00 42.00  0.00 52.00  0.00 54.00  0.00 205.01 
4  44.00 0.00 42.00  0.00 54.00  0.00 56.00  0.00 219.17 
4  44.00 0.00 42.00  0.00 56.00  0.00 58.00  0.00 225.65 
4  44.00 0.00 42.00  0.00 58.00  0.00 60.00  0.00 275.04 
4  44.00 0.00 42.00  0.00 60.00  0.00 62.00  0.00 290.44 
4  44.00 0.00 42.00  0.00 62.00  0.00 64.00  0.00 277.87 
4  44.00 0.00 42.00  0.00 64.00  0.00 66.00  0.00 467.37 
4  44.00 0.00 42.00  0.00 66.00  0.00 68.00  0.00 292.42 
4  44.00 0.00 42.00  0.00 68.00  0.00 70.00  0.00 241.17 
4  44.00 0.00 42.00  0.00 70.00  0.00 72.00  0.00 230.08 
4  44.00 0.00 42.00  0.00 72.00  0.00 74.00  0.00 311.32 
4  44.00 0.00 42.00  0.00 74.00  0.00 76.00  0.00 339.59 
4  44.00 0.00 42.00  0.00 76.00  0.00 78.00  0.00 315.70 
4  44.00 0.00 42.00  0.00 78.00  0.00 80.00  0.00 312.08 
4  44.00 0.00 42.00  0.00 80.00  0.00 82.00  0.00 269.51 
4  44.00 0.00 42.00  0.00 82.00  0.00 84.00  0.00 340.25 
4  44.00 0.00 42.00  0.00 84.00  0.00 86.00  0.00 434.47 
4  44.00 0.00 42.00  0.00 86.00  0.00 88.00  0.00 559.97 
4  44.00 0.00 42.00  0.00 88.00  0.00 90.00  0.00 539.41 
4  44.00 0.00 42.00  0.00 90.00  0.00 92.00  0.00 539.31 
4  44.00 0.00 42.00  0.00 92.00  0.00 94.00  0.00 657.01 
4  46.00 0.00 44.00  0.00 48.00  0.00 50.00  0.00 82.38 
4  46.00 0.00 44.00  0.00 50.00  0.00 52.00  0.00 150.03 
4  46.00 0.00 44.00  0.00 52.00  0.00 54.00  0.00 173.36 
4  46.00 0.00 44.00  0.00 54.00  0.00 56.00  0.00 200.43 
4  46.00 0.00 44.00  0.00 56.00  0.00 58.00  0.00 209.22 
4  46.00 0.00 44.00  0.00 58.00  0.00 60.00  0.00 262.22 
4  46.00 0.00 44.00  0.00 60.00  0.00 62.00  0.00 278.46 
4  46.00 0.00 44.00  0.00 62.00  0.00 64.00  0.00 270.82 
4  46.00 0.00 44.00  0.00 64.00  0.00 66.00  0.00 463.04 
4  46.00 0.00 44.00  0.00 66.00  0.00 68.00  0.00 295.01 
4  46.00 0.00 44.00  0.00 68.00  0.00 70.00  0.00 231.70 
4  46.00 0.00 44.00  0.00 70.00  0.00 72.00  0.00 224.28 
4  46.00 0.00 44.00  0.00 72.00  0.00 74.00  0.00 305.08 
4  46.00 0.00 44.00  0.00 74.00  0.00 76.00  0.00 336.74 
4  46.00 0.00 44.00  0.00 76.00  0.00 78.00  0.00 314.23 
4  46.00 0.00 44.00  0.00 78.00  0.00 80.00  0.00 311.32 
4  46.00 0.00 44.00  0.00 80.00  0.00 82.00  0.00 273.26 
4  46.00 0.00 44.00  0.00 82.00  0.00 84.00  0.00 342.27 
4  46.00 0.00 44.00  0.00 84.00  0.00 86.00  0.00 435.15 
4  46.00 0.00 44.00  0.00 86.00  0.00 88.00  0.00 566.12 
4  46.00 0.00 44.00  0.00 88.00  0.00 90.00  0.00 562.15 
4  46.00 0.00 44.00  0.00 90.00  0.00 92.00  0.00 550.04 
4  46.00 0.00 44.00  0.00 92.00  0.00 94.00  0.00 678.71 
4  48.00 0.00 46.00  0.00 50.00  0.00 52.00  0.00 100.72 
4  48.00 0.00 46.00  0.00 52.00  0.00 54.00  0.00 140.52 
4  48.00 0.00 46.00  0.00 54.00  0.00 56.00  0.00 166.13 
4  48.00 0.00 46.00  0.00 56.00  0.00 58.00  0.00 178.84 
4  48.00 0.00 46.00  0.00 58.00  0.00 60.00  0.00 231.81 
4  48.00 0.00 46.00  0.00 60.00  0.00 62.00  0.00 260.47 
4  48.00 0.00 46.00  0.00 62.00  0.00 64.00  0.00 255.05 
4  48.00 0.00 46.00  0.00 64.00  0.00 66.00  0.00 432.85 
4  48.00 0.00 46.00  0.00 66.00  0.00 68.00  0.00 276.73 
4  48.00 0.00 46.00  0.00 68.00  0.00 70.00  0.00 234.55 
4  48.00 0.00 46.00  0.00 70.00  0.00 72.00  0.00 224.93 
4  48.00 0.00 46.00  0.00 72.00  0.00 74.00  0.00 308.42 
4  48.00 0.00 46.00  0.00 74.00  0.00 76.00  0.00 341.23 
4  48.00 0.00 46.00  0.00 76.00  0.00 78.00  0.00 319.72 
4  48.00 0.00 46.00  0.00 78.00  0.00 80.00  0.00 318.75 
4  48.00 0.00 46.00  0.00 80.00  0.00 82.00  0.00 276.81 
4  48.00 0.00 46.00  0.00 82.00  0.00 84.00  0.00 351.42 
4  48.00 0.00 46.00  0.00 84.00  0.00 86.00  0.00 446.62 
4  48.00 0.00 46.00  0.00 86.00  0.00 88.00  0.00 576.75 
4  48.00 0.00 46.00  0.00 88.00  0.00 90.00  0.00 550.64 
4  48.00 0.00 46.00  0.00 90.00  0.00 92.00  0.00 555.23 
4  48.00 0.00 46.00  0.00 92.00  0.00 94.00  0.00 673.32 
4  50.00 0.00 48.00  0.00 52.00  0.00 54.00  0.00 101.53 
4  50.00 0.00 48.00  0.00 54.00  0.00 56.00  0.00 150.21 
4  50.00 0.00 48.00  0.00 56.00  0.00 58.00  0.00 169.17 
4  50.00 0.00 48.00  0.00 58.00  0.00 60.00  0.00 229.05 
4  50.00 0.00 48.00  0.00 60.00  0.00 62.00  0.00 268.30 
4  50.00 0.00 48.00  0.00 62.00  0.00 64.00  0.00 267.85 
4  50.00 0.00 48.00  0.00 64.00  0.00 66.00  0.00 456.88 
4  50.00 0.00 48.00  0.00 66.00  0.00 68.00  0.00 299.63 
4  50.00 0.00 48.00  0.00 68.00  0.00 70.00  0.00 263.03 
4  50.00 0.00 48.00  0.00 70.00  0.00 72.00  0.00 252.89 
4  50.00 0.00 48.00  0.00 72.00  0.00 74.00  0.00 350.84 
4  50.00 0.00 48.00  0.00 74.00  0.00 76.00  0.00 390.63 
4  50.00 0.00 48.00  0.00 76.00  0.00 78.00  0.00 367.17 
4  50.00 0.00 48.00  0.00 78.00  0.00 80.00  0.00 367.49 
4  50.00 0.00 48.00  0.00 80.00  0.00 82.00  0.00 317.03 
4  50.00 0.00 48.00  0.00 82.00  0.00 84.00  0.00 407.42 
4  50.00 0.00 48.00  0.00 84.00  0.00 86.00  0.00 517.60 
4  50.00 0.00 48.00  0.00 86.00  0.00 88.00  0.00 665.95 
4  50.00 0.00 48.00  0.00 88.00  0.00 90.00  0.00 615.78 
4  50.00 0.00 48.00  0.00 90.00  0.00 92.00  0.00 638.40 
4  50.00 0.00 48.00  0.00 92.00  0.00 94.00  0.00 768.46 
4  52.00 0.00 50.00  0.00 54.00  0.00 56.00  0.00 88.74 
4  52.00 0.00 50.00  0.00 56.00  0.00 58.00  0.00 116.27 
4  52.00 0.00 50.00  0.00 58.00  0.00 60.00  0.00 173.40 
4  52.00 0.00 50.00  0.00 60.00  0.00 62.00  0.00 220.67 
4  52.00 0.00 50.00  0.00 62.00  0.00 64.00  0.00 225.66 
4  52.00 0.00 50.00  0.00 64.00  0.00 66.00  0.00 392.12 
4  52.00 0.00 50.00  0.00 66.00  0.00 68.00  0.00 256.00 
4  52.00 0.00 50.00  0.00 68.00  0.00 70.00  0.00 243.14 
4  52.00 0.00 50.00  0.00 70.00  0.00 72.00  0.00 233.35 
4  52.00 0.00 50.00  0.00 72.00  0.00 74.00  0.00 327.74 
4  52.00 0.00 50.00  0.00 74.00  0.00 76.00  0.00 368.83 
4  52.00 0.00 50.00  0.00 76.00  0.00 78.00  0.00 348.46 
4  52.00 0.00 50.00  0.00 78.00  0.00 80.00  0.00 352.49 
4  52.00 0.00 50.00  0.00 80.00  0.00 82.00  0.00 303.12 
4  52.00 0.00 50.00  0.00 82.00  0.00 84.00  0.00 393.66 
4  52.00 0.00 50.00  0.00 84.00  0.00 86.00  0.00 501.58 
4  52.00 0.00 50.00  0.00 86.00  0.00 88.00  0.00 643.61 
4  52.00 0.00 50.00  0.00 88.00  0.00 90.00  0.00 577.62 
4  52.00 0.00 50.00  0.00 90.00  0.00 92.00  0.00 614.49 
4  52.00 0.00 50.00  0.00 92.00  0.00 94.00  0.00 735.27 
4  54.00 0.00 52.00  0.00 56.00  0.00 58.00  0.00 88.65 
4  54.00 0.00 52.00  0.00 58.00  0.00 60.00  0.00 148.34 
4  54.00 0.00 52.00  0.00 60.00  0.00 62.00  0.00 180.28 
4  54.00 0.00 52.00  0.00 62.00  0.00 64.00  0.00 194.41 
4  54.00 0.00 52.00  0.00 64.00  0.00 66.00  0.00 354.73 
4  54.00 0.00 52.00  0.00 66.00  0.00 68.00  0.00 249.11 
4  54.00 0.00 52.00  0.00 68.00  0.00 70.00  0.00 188.06 
4  54.00 0.00 52.00  0.00 70.00  0.00 72.00  0.00 188.39 
4  54.00 0.00 52.00  0.00 72.00  0.00 74.00  0.00 265.27 
4  54.00 0.00 52.00  0.00 74.00  0.00 76.00  0.00 305.13 
4  54.00 0.00 52.00  0.00 76.00  0.00 78.00  0.00 291.10 
4  54.00 0.00 52.00  0.00 78.00  0.00 80.00  0.00 294.89 
4  54.00 0.00 52.00  0.00 80.00  0.00 82.00  0.00 263.75 
4  54.00 0.00 52.00  0.00 82.00  0.00 84.00  0.00 328.60 
4  54.00 0.00 52.00  0.00 84.00  0.00 86.00  0.00 420.64 
4  54.00 0.00 52.00  0.00 86.00  0.00 88.00  0.00 553.60 
4  54.00 0.00 52.00  0.00 88.00  0.00 90.00  0.00 568.91 
4  54.00 0.00 52.00  0.00 90.00  0.00 92.00  0.00 548.24 
4  54.00 0.00 52.00  0.00 92.00  0.00 94.00  0.00 692.21 
4  56.00 0.00 54.00  0.00 58.00  0.00 60.00  0.00 76.19 
4  56.00 0.00 54.00  0.00 60.00  0.00 62.00  0.00 117.79 
4  56.00 0.00 54.00  0.00 62.00  0.00 64.00  0.00 133.37 
4  56.00 0.00 54.00  0.00 64.00  0.00 66.00  0.00 248.91 
4  56.00 0.00 54.00  0.00 66.00  0.00 68.00  0.00 180.13 
4  56.00 0.00 54.00  0.00 68.00  0.00 70.00  0.00 163.19 
4  56.00 0.00 54.00  0.00 70.00  0.00 72.00  0.00 161.48 
4  56.00 0.00 54.00  0.00 72.00  0.00 74.00  0.00 232.80 
4  56.00 0.00 54.00  0.00 74.00  0.00 76.00  0.00 270.48 
4  56.00 0.00 54.00  0.00 76.00  0.00 78.00  0.00 259.63 
4  56.00 0.00 54.00  0.00 78.00  0.00 80.00  0.00 266.30 
4  56.00 0.00 54.00  0.00 80.00  0.00 82.00  0.00 233.25 
4  56.00 0.00 54.00  0.00 82.00  0.00 84.00  0.00 300.95 
4  56.00 0.00 54.00  0.00 84.00  0.00 86.00  0.00 384.69 
4  56.00 0.00 54.00  0.00 86.00  0.00 88.00  0.00 498.55 
4  56.00 0.00 54.00  0.00 88.00  0.00 90.00  0.00 464.39 
4  56.00 0.00 54.00  0.00 90.00  0.00 92.00  0.00 482.84 
4  56.00 0.00 54.00  0.00 92.00  0.00 94.00  0.00 589.58 
4  58.00 0.00 56.00  0.00 60.00  0.00 62.00  0.00 86.88 
4  58.00 0.00 56.00  0.00 62.00  0.00 64.00  0.00 105.37 
4  58.00 0.00 56.00  0.00 64.00  0.00 66.00  0.00 202.76 
4  58.00 0.00 56.00  0.00 66.00  0.00 68.00  0.00 158.06 
4  58.00 0.00 56.00  0.00 68.00  0.00 70.00  0.00 141.32 
4  58.00 0.00 56.00  0.00 70.00  0.00 72.00  0.00 142.99 
4  58.00 0.00 56.00  0.00 72.00  0.00 74.00  0.00 209.64 
4  58.00 0.00 56.00  0.00 74.00  0.00 76.00  0.00 248.83 
4  58.00 0.00 56.00  0.00 76.00  0.00 78.00  0.00 241.23 
4  58.00 0.00 56.00  0.00 78.00  0.00 80.00  0.00 249.49 
4  58.00 0.00 56.00  0.00 80.00  0.00 82.00  0.00 221.11 
4  58.00 0.00 56.00  0.00 82.00  0.00 84.00  0.00 282.46 
4  58.00 0.00 56.00  0.00 84.00  0.00 86.00  0.00 361.16 
4  58.00 0.00 56.00  0.00 86.00  0.00 88.00  0.00 470.63 
4  58.00 0.00 56.00  0.00 88.00  0.00 90.00  0.00 452.53 
4  58.00 0.00 56.00  0.00 90.00  0.00 92.00  0.00 459.34 
4  58.00 0.00 56.00  0.00 92.00  0.00 94.00  0.00 568.91 
4  60.00 0.00 58.00  0.00 62.00  0.00 64.00  0.00 62.23 
4  60.00 0.00 58.00  0.00 64.00  0.00 66.00  0.00 131.30 
4  60.00 0.00 58.00  0.00 66.00  0.00 68.00  0.00 115.21 
4  60.00 0.00 58.00  0.00 68.00  0.00 70.00  0.00 113.66 
4  60.00 0.00 58.00  0.00 70.00  0.00 72.00  0.00 119.50 
4  60.00 0.00 58.00  0.00 72.00  0.00 74.00  0.00 182.43 
4  60.00 0.00 58.00  0.00 74.00  0.00 76.00  0.00 223.64 
4  60.00 0.00 58.00  0.00 76.00  0.00 78.00  0.00 221.38 
4  60.00 0.00 58.00  0.00 78.00  0.00 80.00  0.00 233.48 
4  60.00 0.00 58.00  0.00 80.00  0.00 82.00  0.00 208.39 
4  60.00 0.00 58.00  0.00 82.00  0.00 84.00  0.00 270.03 
4  60.00 0.00 58.00  0.00 84.00  0.00 86.00  0.00 347.58 
4  60.00 0.00 58.00  0.00 86.00  0.00 88.00  0.00 453.79 
4  60.00 0.00 58.00  0.00 88.00  0.00 90.00  0.00 428.60 
4  60.00 0.00 58.00  0.00 90.00  0.00 92.00  0.00 444.24 
4  60.00 0.00 58.00  0.00 92.00  0.00 94.00  0.00 548.94 
4  62.00 0.00 60.00  0.00 64.00  0.00 66.00  0.00 84.33 
4  62.00 0.00 60.00  0.00 66.00  0.00 68.00  0.00 85.62 
4  62.00 0.00 60.00  0.00 68.00  0.00 70.00  0.00 73.64 
4  62.00 0.00 60.00  0.00 70.00  0.00 72.00  0.00 82.74 
4  62.00 0.00 60.00  0.00 72.00  0.00 74.00  0.00 130.63 
4  62.00 0.00 60.00  0.00 74.00  0.00 76.00  0.00 167.78 
4  62.00 0.00 60.00  0.00 76.00  0.00 78.00  0.00 170.45 
4  62.00 0.00 60.00  0.00 78.00  0.00 80.00  0.00 182.94 
4  62.00 0.00 60.00  0.00 80.00  0.00 82.00  0.00 168.03 
4  62.00 0.00 60.00  0.00 82.00  0.00 84.00  0.00 213.84 
4  62.00 0.00 60.00  0.00 84.00  0.00 86.00  0.00 277.45 
4  62.00 0.00 60.00  0.00 86.00  0.00 88.00  0.00 368.62 
4  62.00 0.00 60.00  0.00 88.00  0.00 90.00  0.00 377.22 
4  62.00 0.00 60.00  0.00 90.00  0.00 92.00  0.00 371.69 
4  62.00 0.00 60.00  0.00 92.00  0.00 94.00  0.00 475.03 
4  64.00 0.00 62.00  0.00 66.00  0.00 68.00  0.00 56.42 
4  64.00 0.00 62.00  0.00 68.00  0.00 70.00  0.00 59.51 
4  64.00 0.00 62.00  0.00 70.00  0.00 72.00  0.00 68.07 
4  64.00 0.00 62.00  0.00 72.00  0.00 74.00  0.00 110.68 
4  64.00 0.00 62.00  0.00 74.00  0.00 76.00  0.00 147.65 
4  64.00 0.00 62.00  0.00 76.00  0.00 78.00  0.00 152.04 
4  64.00 0.00 62.00  0.00 78.00  0.00 80.00  0.00 165.57 
4  64.00 0.00 62.00  0.00 80.00  0.00 82.00  0.00 152.41 
4  64.00 0.00 62.00  0.00 82.00  0.00 84.00  0.00 192.29 
4  64.00 0.00 62.00  0.00 84.00  0.00 86.00  0.00 247.73 
4  64.00 0.00 62.00  0.00 86.00  0.00 88.00  0.00 327.81 
4  64.00 0.00 62.00  0.00 88.00  0.00 90.00  0.00 335.49 
4  64.00 0.00 62.00  0.00 90.00  0.00 92.00  0.00 328.92 
4  64.00 0.00 62.00  0.00 92.00  0.00 94.00  0.00 421.46 
4  66.00 0.00 64.00  0.00 68.00  0.00 70.00  0.00 66.05 
4  66.00 0.00 64.00  0.00 70.00  0.00 72.00  0.00 87.31 
4  66.00 0.00 64.00  0.00 72.00  0.00 74.00  0.00 157.91 
4  66.00 0.00 64.00  0.00 74.00  0.00 76.00  0.00 228.21 
4  66.00 0.00 64.00  0.00 76.00  0.00 78.00  0.00 244.42 
4  66.00 0.00 64.00  0.00 78.00  0.00 80.00  0.00 274.97 
4  66.00 0.00 64.00  0.00 80.00  0.00 82.00  0.00 255.05 
4  66.00 0.00 64.00  0.00 82.00  0.00 84.00  0.00 325.50 
4  66.00 0.00 64.00  0.00 84.00  0.00 86.00  0.00 418.13 
4  66.00 0.00 64.00  0.00 86.00  0.00 88.00  0.00 549.08 
4  66.00 0.00 64.00  0.00 88.00  0.00 90.00  0.00 543.55 
4  66.00 0.00 64.00  0.00 90.00  0.00 92.00  0.00 543.46 
4  66.00 0.00 64.00  0.00 92.00  0.00 94.00  0.00 691.42 
4  68.00 0.00 66.00  0.00 70.00  0.00 72.00  0.00 26.45 
4  68.00 0.00 66.00  0.00 72.00  0.00 74.00  0.00 55.19 
4  68.00 0.00 66.00  0.00 74.00  0.00 76.00  0.00 89.76 
4  68.00 0.00 66.00  0.00 76.00  0.00 78.00  0.00 103.26 
4  68.00 0.00 66.00  0.00 78.00  0.00 80.00  0.00 123.21 
4  68.00 0.00 66.00  0.00 80.00  0.00 82.00  0.00 118.47 
4  68.00 0.00 66.00  0.00 82.00  0.00 84.00  0.00 156.55 
4  68.00 0.00 66.00  0.00 84.00  0.00 86.00  0.00 204.51 
4  68.00 0.00 66.00  0.00 86.00  0.00 88.00  0.00 270.81 
4  68.00 0.00 66.00  0.00 88.00  0.00 90.00  0.00 261.86 
4  68.00 0.00 66.00  0.00 90.00  0.00 92.00  0.00 270.18 
4  68.00 0.00 66.00  0.00 92.00  0.00 94.00  0.00 341.68 
4  70.00 0.00 68.00  0.00 72.00  0.00 74.00  0.00 25.92 
4  70.00 0.00 68.00  0.00 74.00  0.00 76.00  0.00 53.73 
4  70.00 0.00 68.00  0.00 76.00  0.00 78.00  0.00 68.06 
4  70.00 0.00 68.00  0.00 78.00  0.00 80.00  0.00 87.05 
4  70.00 0.00 68.00  0.00 80.00  0.00 82.00  0.00 88.53 
4  70.00 0.00 68.00  0.00 82.00  0.00 84.00  0.00 113.35 
4  70.00 0.00 68.00  0.00 84.00  0.00 86.00  0.00 148.06 
4  70.00 0.00 68.00  0.00 86.00  0.00 88.00  0.00 199.98 
4  70.00 0.00 68.00  0.00 88.00  0.00 90.00  0.00 223.60 
4  70.00 0.00 68.00  0.00 90.00  0.00 92.00  0.00 207.12 
4  70.00 0.00 68.00  0.00 92.00  0.00 94.00  0.00 281.47 
4  72.00 0.00 70.00  0.00 74.00  0.00 76.00  0.00 28.79 
4  72.00 0.00 70.00  0.00 76.00  0.00 78.00  0.00 43.24 
4  72.00 0.00 70.00  0.00 78.00  0.00 80.00  0.00 61.87 
4  72.00 0.00 70.00  0.00 80.00  0.00 82.00  0.00 67.46 
4  72.00 0.00 70.00  0.00 82.00  0.00 84.00  0.00 91.46 
4  72.00 0.00 70.00  0.00 84.00  0.00 86.00  0.00 122.04 
4  72.00 0.00 70.00  0.00 86.00  0.00 88.00  0.00 165.53 
4  72.00 0.00 70.00  0.00 88.00  0.00 90.00  0.00 178.32 
4  72.00 0.00 70.00  0.00 90.00  0.00 92.00  0.00 170.68 
4  72.00 0.00 70.00  0.00 92.00  0.00 94.00  0.00 229.47 
4  74.00 0.00 72.00  0.00 76.00  0.00 78.00  0.00 29.84 
4  74.00 0.00 72.00  0.00 78.00  0.00 80.00  0.00 51.34 
4  74.00 0.00 72.00  0.00 80.00  0.00 82.00  0.00 63.27 
4  74.00 0.00 72.00  0.00 82.00  0.00 84.00  0.00 93.01 
4  74.00 0.00 72.00  0.00 84.00  0.00 86.00  0.00 128.95 
4  74.00 0.00 72.00  0.00 86.00  0.00 88.00  0.00 177.88 
4  74.00 0.00 72.00  0.00 88.00  0.00 90.00  0.00 189.28 
4  74.00 0.00 72.00  0.00 90.00  0.00 92.00  0.00 185.52 
4  74.00 0.00 72.00  0.00 92.00  0.00 94.00  0.00 250.31 
4  76.00 0.00 74.00  0.00 78.00  0.00 80.00  0.00 27.77 
4  76.00 0.00 74.00  0.00 80.00  0.00 82.00  0.00 43.10 
4  76.00 0.00 74.00  0.00 82.00  0.00 84.00  0.00 72.60 
4  76.00 0.00 74.00  0.00 84.00  0.00 86.00  0.00 107.21 
4  76.00 0.00 74.00  0.00 86.00  0.00 88.00  0.00 151.95 
4  76.00 0.00 74.00  0.00 88.00  0.00 90.00  0.00 156.94 
4  76.00 0.00 74.00  0.00 90.00  0.00 92.00  0.00 160.00 
4  76.00 0.00 74.00  0.00 92.00  0.00 94.00  0.00 214.51 
4  78.00 0.00 76.00  0.00 80.00  0.00 82.00  0.00 24.68 
4  78.00 0.00 76.00  0.00 82.00  0.00 84.00  0.00 50.78 
4  78.00 0.00 76.00  0.00 84.00  0.00 86.00  0.00 82.11 
4  78.00 0.00 76.00  0.00 86.00  0.00 88.00  0.00 120.98 
4  78.00 0.00 76.00  0.00 88.00  0.00 90.00  0.00 123.00 
4  78.00 0.00 76.00  0.00 90.00  0.00 92.00  0.00 127.77 
4  78.00 0.00 76.00  0.00 92.00  0.00 94.00  0.00 170.50 
4  80.00 0.00 78.00  0.00 82.00  0.00 84.00  0.00 28.51 
4  80.00 0.00 78.00  0.00 84.00  0.00 86.00  0.00 57.30 
4  80.00 0.00 78.00  0.00 86.00  0.00 88.00  0.00 92.64 
4  80.00 0.00 78.00  0.00 88.00  0.00 90.00  0.00 94.94 
4  80.00 0.00 78.00  0.00 90.00  0.00 92.00  0.00 101.16 
4  80.00 0.00 78.00  0.00 92.00  0.00 94.00  0.00 134.59 
4  82.00 0.00 80.00  0.00 84.00  0.00 86.00  0.00 35.52 
4  82.00 0.00 80.00  0.00 86.00  0.00 88.00  0.00 69.99 
4  82.00 0.00 80.00  0.00 88.00  0.00 90.00  0.00 70.82 
4  82.00 0.00 80.00  0.00 90.00  0.00 92.00  0.00 79.44 
4  82.00 0.00 80.00  0.00 92.00  0.00 94.00  0.00 100.02 
4  84.00 0.00 82.00  0.00 86.00  0.00 88.00  0.00 58.79 
4  84.00 0.00 82.00  0.00 88.00  0.00 90.00  0.00 76.38 
4  84.00 0.00 82.00  0.00 90.00  0.00 92.00  0.00 83.76 
4  84.00 0.00 82.00  0.00 92.00  0.00 94.00  0.00 106.85 
4  86.00 0.00 84.00  0.00 88.00  0.00 90.00  0.00 67.48 
4  86.00 0.00 84.00  0.00 90.00  0.00 92.00  0.00 91.85 
4  86.00 0.00 84.00  0.00 92.00  0.00 94.00  0.00 116.13 
4  88.00 0.00 86.00  0.00 90.00  0.00 92.00  0.00 85.54 
4  88.00 0.00 86.00  0.00 92.00  0.00 94.00  0.00 125.71 
4  90.00 0.00 88.00  0.00 92.00  0.00 94.00  0.00 100.01 