4  5.00 0.00 0.00  0.00 10.00  0.00 15.00  0.00 106.77 
4  5.00 0.00 0.00  0.00 15.00  0.00 20.00  0.00 89.15 
4  5.00 0.00 0.00  0.00 20.00  0.00 25.00  0.00 234.05 
4  5.00 0.00 0.00  0.00 25.00  0.00 30.00  0.00 275.79 
4  5.00 0.00 0.00  0.00 30.00  0.00 35.00  0.00 203.04 
4  5.00 0.00 0.00  0.00 35.00  0.00 40.00  0.00 253.09 
4  5.00 0.00 0.00  0.00 40.00  0.00 45.00  0.00 278.08 
4  5.00 0.00 0.00  0.00 45.00  0.00 50.00  0.00 190.51 
4  5.00 0.00 0.00  0.00 50.00  0.00 55.00  0.00 407.95 
4  5.00 0.00 0.00  0.00 55.00  0.00 60.00  0.00 509.85 
4  5.00 0.00 0.00  0.00 60.00  0.00 65.00  0.00 187.58 
4  5.00 0.00 0.00  0.00 65.00  0.00 70.00  0.00 333.52 
4  5.00 0.00 0.00  0.00 70.00  0.00 75.00  0.00 382.87 
4  5.00 0.00 0.00  0.00 75.00  0.00 80.00  0.00 280.37 
4  5.00 0.00 0.00  0.00 80.00  0.00 85.00  0.00 177.06 
4  5.00 0.00 0.00  0.00 85.00  0.00 90.00  0.00 275.86 
4  5.00 0.00 0.00  0.00 90.00  0.00 95.00  0.00 491.22 
4  5.00 0.00 0.00  0.00 95.00  0.00 100.00  0.00 554.66 
4  5.00 0.00 0.00  0.00 100.00  0.00 105.00  0.00 289.00 
4  5.00 0.00 0.00  0.00 105.00  0.00 110.00  0.00 291.23 
4  5.00 0.00 0.00  0.00 110.00  0.00 115.00  0.00 259.08 
4  5.00 0.00 0.00  0.00 115.00  0.00 120.00  0.00 275.53 
4  5.00 0.00 0.00  0.00 120.00  0.00 125.00  0.00 292.34 
4  5.00 0.00 0.00  0.00 125.00  0.00 130.00  0.00 526.29 
4  5.00 0.00 0.00  0.00 130.00  0.00 135.00  0.00 486.69 
4  5.00 0.00 0.00  0.00 135.00  0.00 140.00  0.00 412.40 
4  5.00 0.00 0.00  0.00 140.00  0.00 145.00  0.00 408.01 
4  5.00 0.00 0.00  0.00 145.00  0.00 150.00  0.00 319.43 
4  5.00 0.00 0.00  0.00 150.00  0.00 155.00  0.00 390.67 
4  5.00 0.00 0.00  0.00 155.00  0.00 160.00  0.00 334.40 
4  5.00 0.00 0.00  0.00 160.00  0.00 165.00  0.00 314.67 
4  5.00 0.00 0.00  0.00 165.00  0.00 170.00  0.00 412.38 
4  10.00 0.00 5.00  0.00 15.00  0.00 20.00  0.00 101.60 
4  10.00 0.00 5.00  0.00 20.00  0.00 25.00  0.00 327.49 
4  10.00 0.00 5.00  0.00 25.00  0.00 30.00  0.00 445.16 
4  10.00 0.00 5.00  0.00 30.00  0.00 35.00  0.00 354.21 
4  10.00 0.00 5.00  0.00 35.00  0.00 40.00  0.00 465.93 
4  10.00 0.00 5.00  0.00 40.00  0.00 45.00  0.00 516.54 
4  10.00 0.00 5.00  0.00 45.00  0.00 50.00  0.00 362.28 
4  10.00 0.00 5.00  0.00 50.00  0.00 55.00  0.00 751.97 
4  10.00 0.00 5.00  0.00 55.00  0.00 60.00  0.00 937.00 
4  10.00 0.00 5.00  0.00 60.00  0.00 65.00  0.00 347.36 
4  10.00 0.00 5.00  0.00 65.00  0.00 70.00  0.00 628.94 
4  10.00 0.00 5.00  0.00 70.00  0.00 75.00  0.00 702.80 
4  10.00 0.00 5.00  0.00 75.00  0.00 80.00  0.00 517.46 
4  10.00 0.00 5.00  0.00 80.00  0.00 85.00  0.00 326.52 
4  10.00 0.00 5.00  0.00 85.00  0.00 90.00  0.00 507.91 
4  10.00 0.00 5.00  0.00 90.00  0.00 95.00  0.00 867.96 
4  10.00 0.00 5.00  0.00 95.00  0.00 100.00  0.00 1037.17 
4  10.00 0.00 5.00  0.00 100.00  0.00 105.00  0.00 544.77 
4  10.00 0.00 5.00  0.00 105.00  0.00 110.00  0.00 524.88 
4  10.00 0.00 5.00  0.00 110.00  0.00 115.00  0.00 450.39 
4  10.00 0.00 5.00  0.00 115.00  0.00 120.00  0.00 501.29 
4  10.00 0.00 5.00  0.00 120.00  0.00 125.00  0.00 537.52 
4  10.00 0.00 5.00  0.00 125.00  0.00 130.00  0.00 962.32 
4  10.00 0.00 5.00  0.00 130.00  0.00 135.00  0.00 909.93 
4  10.00 0.00 5.00  0.00 135.00  0.00 140.00  0.00 752.55 
4  10.00 0.00 5.00  0.00 140.00  0.00 145.00  0.00 737.33 
4  10.00 0.00 5.00  0.00 145.00  0.00 150.00  0.00 562.81 
4  10.00 0.00 5.00  0.00 150.00  0.00 155.00  0.00 668.93 
4  10.00 0.00 5.00  0.00 155.00  0.00 160.00  0.00 553.98 
4  10.00 0.00 5.00  0.00 160.00  0.00 165.00  0.00 558.07 
4  10.00 0.00 5.00  0.00 165.00  0.00 170.00  0.00 701.64 
4  10.00 0.00 5.00  0.00 170.00  0.00 175.00  0.00 705.21 
4  15.00 0.00 10.00  0.00 20.00  0.00 25.00  0.00 138.56 
4  15.00 0.00 10.00  0.00 25.00  0.00 30.00  0.00 268.99 
4  15.00 0.00 10.00  0.00 30.00  0.00 35.00  0.00 249.75 
4  15.00 0.00 10.00  0.00 35.00  0.00 40.00  0.00 358.92 
4  15.00 0.00 10.00  0.00 40.00  0.00 45.00  0.00 426.06 
4  15.00 0.00 10.00  0.00 45.00  0.00 50.00  0.00 313.97 
4  15.00 0.00 10.00  0.00 50.00  0.00 55.00  0.00 664.65 
4  15.00 0.00 10.00  0.00 55.00  0.00 60.00  0.00 844.15 
4  15.00 0.00 10.00  0.00 60.00  0.00 65.00  0.00 319.34 
4  15.00 0.00 10.00  0.00 65.00  0.00 70.00  0.00 594.45 
4  15.00 0.00 10.00  0.00 70.00  0.00 75.00  0.00 661.39 
4  15.00 0.00 10.00  0.00 75.00  0.00 80.00  0.00 489.87 
4  15.00 0.00 10.00  0.00 80.00  0.00 85.00  0.00 316.21 
4  15.00 0.00 10.00  0.00 85.00  0.00 90.00  0.00 496.23 
4  15.00 0.00 10.00  0.00 90.00  0.00 95.00  0.00 819.12 
4  15.00 0.00 10.00  0.00 95.00  0.00 100.00  0.00 1018.80 
4  15.00 0.00 10.00  0.00 100.00  0.00 105.00  0.00 549.47 
4  15.00 0.00 10.00  0.00 105.00  0.00 110.00  0.00 503.92 
4  15.00 0.00 10.00  0.00 110.00  0.00 115.00  0.00 426.40 
4  15.00 0.00 10.00  0.00 115.00  0.00 120.00  0.00 497.31 
4  15.00 0.00 10.00  0.00 120.00  0.00 125.00  0.00 533.44 
4  15.00 0.00 10.00  0.00 125.00  0.00 130.00  0.00 985.84 
4  15.00 0.00 10.00  0.00 130.00  0.00 135.00  0.00 921.57 
4  15.00 0.00 10.00  0.00 135.00  0.00 140.00  0.00 773.23 
4  15.00 0.00 10.00  0.00 140.00  0.00 145.00  0.00 746.96 
4  15.00 0.00 10.00  0.00 145.00  0.00 150.00  0.00 553.68 
4  15.00 0.00 10.00  0.00 150.00  0.00 155.00  0.00 656.98 
4  15.00 0.00 10.00  0.00 155.00  0.00 160.00  0.00 515.58 
4  15.00 0.00 10.00  0.00 160.00  0.00 165.00  0.00 531.43 
4  15.00 0.00 10.00  0.00 165.00  0.00 170.00  0.00 700.79 
4  15.00 0.00 10.00  0.00 170.00  0.00 175.00  0.00 692.49 
4  15.00 0.00 10.00  0.00 175.00  0.00 180.00  0.00 601.79 
4  20.00 0.00 15.00  0.00 25.00  0.00 30.00  0.00 135.92 
4  20.00 0.00 15.00  0.00 30.00  0.00 35.00  0.00 146.51 
4  20.00 0.00 15.00  0.00 35.00  0.00 40.00  0.00 211.88 
4  20.00 0.00 15.00  0.00 40.00  0.00 45.00  0.00 289.26 
4  20.00 0.00 15.00  0.00 45.00  0.00 50.00  0.00 216.80 
4  20.00 0.00 15.00  0.00 50.00  0.00 55.00  0.00 439.50 
4  20.00 0.00 15.00  0.00 55.00  0.00 60.00  0.00 565.68 
4  20.00 0.00 15.00  0.00 60.00  0.00 65.00  0.00 216.56 
4  20.00 0.00 15.00  0.00 65.00  0.00 70.00  0.00 386.99 
4  20.00 0.00 15.00  0.00 70.00  0.00 75.00  0.00 455.18 
4  20.00 0.00 15.00  0.00 75.00  0.00 80.00  0.00 335.98 
4  20.00 0.00 15.00  0.00 80.00  0.00 85.00  0.00 215.75 
4  20.00 0.00 15.00  0.00 85.00  0.00 90.00  0.00 343.12 
4  20.00 0.00 15.00  0.00 90.00  0.00 95.00  0.00 597.23 
4  20.00 0.00 15.00  0.00 95.00  0.00 100.00  0.00 687.70 
4  20.00 0.00 15.00  0.00 100.00  0.00 105.00  0.00 359.35 
4  20.00 0.00 15.00  0.00 105.00  0.00 110.00  0.00 360.50 
4  20.00 0.00 15.00  0.00 110.00  0.00 115.00  0.00 315.27 
4  20.00 0.00 15.00  0.00 115.00  0.00 120.00  0.00 348.15 
4  20.00 0.00 15.00  0.00 120.00  0.00 125.00  0.00 370.72 
4  20.00 0.00 15.00  0.00 125.00  0.00 130.00  0.00 659.62 
4  20.00 0.00 15.00  0.00 130.00  0.00 135.00  0.00 622.33 
4  20.00 0.00 15.00  0.00 135.00  0.00 140.00  0.00 529.04 
4  20.00 0.00 15.00  0.00 140.00  0.00 145.00  0.00 510.86 
4  20.00 0.00 15.00  0.00 145.00  0.00 150.00  0.00 397.26 
4  20.00 0.00 15.00  0.00 150.00  0.00 155.00  0.00 479.00 
4  20.00 0.00 15.00  0.00 155.00  0.00 160.00  0.00 392.96 
4  20.00 0.00 15.00  0.00 160.00  0.00 165.00  0.00 389.87 
4  20.00 0.00 15.00  0.00 165.00  0.00 170.00  0.00 501.91 
4  20.00 0.00 15.00  0.00 170.00  0.00 175.00  0.00 496.89 
4  20.00 0.00 15.00  0.00 175.00  0.00 180.00  0.00 444.12 
4  20.00 0.00 15.00  0.00 180.00  0.00 185.00  0.00 474.27 
4  25.00 0.00 20.00  0.00 30.00  0.00 35.00  0.00 145.31 
4  25.00 0.00 20.00  0.00 35.00  0.00 40.00  0.00 273.07 
4  25.00 0.00 20.00  0.00 40.00  0.00 45.00  0.00 417.34 
4  25.00 0.00 20.00  0.00 45.00  0.00 50.00  0.00 338.28 
4  25.00 0.00 20.00  0.00 50.00  0.00 55.00  0.00 688.85 
4  25.00 0.00 20.00  0.00 55.00  0.00 60.00  0.00 908.60 
4  25.00 0.00 20.00  0.00 60.00  0.00 65.00  0.00 359.95 
4  25.00 0.00 20.00  0.00 65.00  0.00 70.00  0.00 653.43 
4  25.00 0.00 20.00  0.00 70.00  0.00 75.00  0.00 778.06 
4  25.00 0.00 20.00  0.00 75.00  0.00 80.00  0.00 584.81 
4  25.00 0.00 20.00  0.00 80.00  0.00 85.00  0.00 376.09 
4  25.00 0.00 20.00  0.00 85.00  0.00 90.00  0.00 604.73 
4  25.00 0.00 20.00  0.00 90.00  0.00 95.00  0.00 1052.80 
4  25.00 0.00 20.00  0.00 95.00  0.00 100.00  0.00 1227.03 
4  25.00 0.00 20.00  0.00 100.00  0.00 105.00  0.00 653.77 
4  25.00 0.00 20.00  0.00 105.00  0.00 110.00  0.00 647.39 
4  25.00 0.00 20.00  0.00 110.00  0.00 115.00  0.00 568.14 
4  25.00 0.00 20.00  0.00 115.00  0.00 120.00  0.00 634.01 
4  25.00 0.00 20.00  0.00 120.00  0.00 125.00  0.00 678.89 
4  25.00 0.00 20.00  0.00 125.00  0.00 130.00  0.00 1218.87 
4  25.00 0.00 20.00  0.00 130.00  0.00 135.00  0.00 1149.70 
4  25.00 0.00 20.00  0.00 135.00  0.00 140.00  0.00 975.89 
4  25.00 0.00 20.00  0.00 140.00  0.00 145.00  0.00 952.48 
4  25.00 0.00 20.00  0.00 145.00  0.00 150.00  0.00 735.99 
4  25.00 0.00 20.00  0.00 150.00  0.00 155.00  0.00 883.23 
4  25.00 0.00 20.00  0.00 155.00  0.00 160.00  0.00 727.92 
4  25.00 0.00 20.00  0.00 160.00  0.00 165.00  0.00 720.40 
4  25.00 0.00 20.00  0.00 165.00  0.00 170.00  0.00 944.66 
4  25.00 0.00 20.00  0.00 170.00  0.00 175.00  0.00 928.07 
4  25.00 0.00 20.00  0.00 175.00  0.00 180.00  0.00 811.80 
4  25.00 0.00 20.00  0.00 180.00  0.00 185.00  0.00 886.20 
4  25.00 0.00 20.00  0.00 185.00  0.00 190.00  0.00 780.02 
4  30.00 0.00 25.00  0.00 35.00  0.00 40.00  0.00 113.26 
4  30.00 0.00 25.00  0.00 40.00  0.00 45.00  0.00 232.20 
4  30.00 0.00 25.00  0.00 45.00  0.00 50.00  0.00 216.89 
4  30.00 0.00 25.00  0.00 50.00  0.00 55.00  0.00 458.51 
4  30.00 0.00 25.00  0.00 55.00  0.00 60.00  0.00 631.02 
4  30.00 0.00 25.00  0.00 60.00  0.00 65.00  0.00 262.02 
4  30.00 0.00 25.00  0.00 65.00  0.00 70.00  0.00 488.53 
4  30.00 0.00 25.00  0.00 70.00  0.00 75.00  0.00 589.99 
4  30.00 0.00 25.00  0.00 75.00  0.00 80.00  0.00 452.26 
4  30.00 0.00 25.00  0.00 80.00  0.00 85.00  0.00 294.72 
4  30.00 0.00 25.00  0.00 85.00  0.00 90.00  0.00 478.95 
4  30.00 0.00 25.00  0.00 90.00  0.00 95.00  0.00 826.73 
4  30.00 0.00 25.00  0.00 95.00  0.00 100.00  0.00 988.30 
4  30.00 0.00 25.00  0.00 100.00  0.00 105.00  0.00 531.66 
4  30.00 0.00 25.00  0.00 105.00  0.00 110.00  0.00 520.35 
4  30.00 0.00 25.00  0.00 110.00  0.00 115.00  0.00 453.36 
4  30.00 0.00 25.00  0.00 115.00  0.00 120.00  0.00 519.55 
4  30.00 0.00 25.00  0.00 120.00  0.00 125.00  0.00 558.68 
4  30.00 0.00 25.00  0.00 125.00  0.00 130.00  0.00 1020.66 
4  30.00 0.00 25.00  0.00 130.00  0.00 135.00  0.00 961.36 
4  30.00 0.00 25.00  0.00 135.00  0.00 140.00  0.00 812.41 
4  30.00 0.00 25.00  0.00 140.00  0.00 145.00  0.00 798.64 
4  30.00 0.00 25.00  0.00 145.00  0.00 150.00  0.00 608.13 
4  30.00 0.00 25.00  0.00 150.00  0.00 155.00  0.00 731.61 
4  30.00 0.00 25.00  0.00 155.00  0.00 160.00  0.00 585.91 
4  30.00 0.00 25.00  0.00 160.00  0.00 165.00  0.00 589.70 
4  30.00 0.00 25.00  0.00 165.00  0.00 170.00  0.00 778.20 
4  30.00 0.00 25.00  0.00 170.00  0.00 175.00  0.00 760.69 
4  30.00 0.00 25.00  0.00 175.00  0.00 180.00  0.00 665.03 
4  30.00 0.00 25.00  0.00 180.00  0.00 185.00  0.00 712.48 
4  30.00 0.00 25.00  0.00 185.00  0.00 190.00  0.00 626.84 
4  30.00 0.00 25.00  0.00 190.00  0.00 195.00  0.00 598.13 
4  35.00 0.00 30.00  0.00 40.00  0.00 45.00  0.00 78.05 
4  35.00 0.00 30.00  0.00 45.00  0.00 50.00  0.00 88.49 
4  35.00 0.00 30.00  0.00 50.00  0.00 55.00  0.00 195.70 
4  35.00 0.00 30.00  0.00 55.00  0.00 60.00  0.00 288.70 
4  35.00 0.00 30.00  0.00 60.00  0.00 65.00  0.00 126.25 
4  35.00 0.00 30.00  0.00 65.00  0.00 70.00  0.00 232.04 
4  35.00 0.00 30.00  0.00 70.00  0.00 75.00  0.00 297.82 
4  35.00 0.00 30.00  0.00 75.00  0.00 80.00  0.00 231.03 
4  35.00 0.00 30.00  0.00 80.00  0.00 85.00  0.00 152.80 
4  35.00 0.00 30.00  0.00 85.00  0.00 90.00  0.00 254.52 
4  35.00 0.00 30.00  0.00 90.00  0.00 95.00  0.00 455.27 
4  35.00 0.00 30.00  0.00 95.00  0.00 100.00  0.00 522.14 
4  35.00 0.00 30.00  0.00 100.00  0.00 105.00  0.00 276.50 
4  35.00 0.00 30.00  0.00 105.00  0.00 110.00  0.00 286.18 
4  35.00 0.00 30.00  0.00 110.00  0.00 115.00  0.00 255.36 
4  35.00 0.00 30.00  0.00 115.00  0.00 120.00  0.00 284.25 
4  35.00 0.00 30.00  0.00 120.00  0.00 125.00  0.00 306.32 
4  35.00 0.00 30.00  0.00 125.00  0.00 130.00  0.00 552.94 
4  35.00 0.00 30.00  0.00 130.00  0.00 135.00  0.00 521.33 
4  35.00 0.00 30.00  0.00 135.00  0.00 140.00  0.00 446.14 
4  35.00 0.00 30.00  0.00 140.00  0.00 145.00  0.00 441.12 
4  35.00 0.00 30.00  0.00 145.00  0.00 150.00  0.00 343.41 
4  35.00 0.00 30.00  0.00 150.00  0.00 155.00  0.00 415.42 
4  35.00 0.00 30.00  0.00 155.00  0.00 160.00  0.00 348.83 
4  35.00 0.00 30.00  0.00 160.00  0.00 165.00  0.00 333.12 
4  35.00 0.00 30.00  0.00 165.00  0.00 170.00  0.00 439.32 
4  35.00 0.00 30.00  0.00 170.00  0.00 175.00  0.00 434.46 
4  35.00 0.00 30.00  0.00 175.00  0.00 180.00  0.00 383.37 
4  35.00 0.00 30.00  0.00 180.00  0.00 185.00  0.00 416.80 
4  35.00 0.00 30.00  0.00 185.00  0.00 190.00  0.00 370.73 
4  35.00 0.00 30.00  0.00 190.00  0.00 195.00  0.00 364.89 
4  35.00 0.00 30.00  0.00 195.00  0.00 200.00  0.00 316.08 
4  40.00 0.00 35.00  0.00 45.00  0.00 50.00  0.00 80.33 
4  40.00 0.00 35.00  0.00 50.00  0.00 55.00  0.00 175.73 
4  40.00 0.00 35.00  0.00 55.00  0.00 60.00  0.00 271.09 
4  40.00 0.00 35.00  0.00 60.00  0.00 65.00  0.00 126.75 
4  40.00 0.00 35.00  0.00 65.00  0.00 70.00  0.00 230.65 
4  40.00 0.00 35.00  0.00 70.00  0.00 75.00  0.00 302.81 
4  40.00 0.00 35.00  0.00 75.00  0.00 80.00  0.00 242.02 
4  40.00 0.00 35.00  0.00 80.00  0.00 85.00  0.00 160.15 
4  40.00 0.00 35.00  0.00 85.00  0.00 90.00  0.00 266.79 
4  40.00 0.00 35.00  0.00 90.00  0.00 95.00  0.00 482.77 
4  40.00 0.00 35.00  0.00 95.00  0.00 100.00  0.00 555.31 
4  40.00 0.00 35.00  0.00 100.00  0.00 105.00  0.00 296.89 
4  40.00 0.00 35.00  0.00 105.00  0.00 110.00  0.00 309.01 
4  40.00 0.00 35.00  0.00 110.00  0.00 115.00  0.00 278.71 
4  40.00 0.00 35.00  0.00 115.00  0.00 120.00  0.00 309.07 
4  40.00 0.00 35.00  0.00 120.00  0.00 125.00  0.00 335.65 
4  40.00 0.00 35.00  0.00 125.00  0.00 130.00  0.00 601.12 
4  40.00 0.00 35.00  0.00 130.00  0.00 135.00  0.00 572.47 
4  40.00 0.00 35.00  0.00 135.00  0.00 140.00  0.00 486.80 
4  40.00 0.00 35.00  0.00 140.00  0.00 145.00  0.00 483.49 
4  40.00 0.00 35.00  0.00 145.00  0.00 150.00  0.00 377.07 
4  40.00 0.00 35.00  0.00 150.00  0.00 155.00  0.00 457.13 
4  40.00 0.00 35.00  0.00 155.00  0.00 160.00  0.00 381.49 
4  40.00 0.00 35.00  0.00 160.00  0.00 165.00  0.00 368.82 
4  40.00 0.00 35.00  0.00 165.00  0.00 170.00  0.00 484.94 
4  40.00 0.00 35.00  0.00 170.00  0.00 175.00  0.00 477.60 
4  40.00 0.00 35.00  0.00 175.00  0.00 180.00  0.00 415.89 
4  40.00 0.00 35.00  0.00 180.00  0.00 185.00  0.00 466.06 
4  40.00 0.00 35.00  0.00 185.00  0.00 190.00  0.00 421.71 
4  40.00 0.00 35.00  0.00 190.00  0.00 195.00  0.00 412.55 
4  40.00 0.00 35.00  0.00 195.00  0.00 200.00  0.00 370.23 
4  40.00 0.00 35.00  0.00 200.00  0.00 205.00  0.00 390.06 
4  45.00 0.00 40.00  0.00 50.00  0.00 55.00  0.00 115.43 
4  45.00 0.00 40.00  0.00 55.00  0.00 60.00  0.00 201.40 
4  45.00 0.00 40.00  0.00 60.00  0.00 65.00  0.00 106.61 
4  45.00 0.00 40.00  0.00 65.00  0.00 70.00  0.00 204.88 
4  45.00 0.00 40.00  0.00 70.00  0.00 75.00  0.00 269.76 
4  45.00 0.00 40.00  0.00 75.00  0.00 80.00  0.00 229.35 
4  45.00 0.00 40.00  0.00 80.00  0.00 85.00  0.00 152.07 
4  45.00 0.00 40.00  0.00 85.00  0.00 90.00  0.00 249.71 
4  45.00 0.00 40.00  0.00 90.00  0.00 95.00  0.00 442.78 
4  45.00 0.00 40.00  0.00 95.00  0.00 100.00  0.00 557.04 
4  45.00 0.00 40.00  0.00 100.00  0.00 105.00  0.00 312.47 
4  45.00 0.00 40.00  0.00 105.00  0.00 110.00  0.00 307.53 
4  45.00 0.00 40.00  0.00 110.00  0.00 115.00  0.00 272.35 
4  45.00 0.00 40.00  0.00 115.00  0.00 120.00  0.00 321.36 
4  45.00 0.00 40.00  0.00 120.00  0.00 125.00  0.00 348.85 
4  45.00 0.00 40.00  0.00 125.00  0.00 130.00  0.00 638.16 
4  45.00 0.00 40.00  0.00 130.00  0.00 135.00  0.00 615.34 
4  45.00 0.00 40.00  0.00 135.00  0.00 140.00  0.00 526.13 
4  45.00 0.00 40.00  0.00 140.00  0.00 145.00  0.00 517.47 
4  45.00 0.00 40.00  0.00 145.00  0.00 150.00  0.00 389.53 
4  45.00 0.00 40.00  0.00 150.00  0.00 155.00  0.00 459.12 
4  45.00 0.00 40.00  0.00 155.00  0.00 160.00  0.00 369.77 
4  45.00 0.00 40.00  0.00 160.00  0.00 165.00  0.00 385.91 
4  45.00 0.00 40.00  0.00 165.00  0.00 170.00  0.00 496.86 
4  45.00 0.00 40.00  0.00 170.00  0.00 175.00  0.00 496.73 
4  45.00 0.00 40.00  0.00 175.00  0.00 180.00  0.00 441.48 
4  45.00 0.00 40.00  0.00 180.00  0.00 185.00  0.00 472.94 
4  45.00 0.00 40.00  0.00 185.00  0.00 190.00  0.00 413.39 
4  45.00 0.00 40.00  0.00 190.00  0.00 195.00  0.00 400.40 
4  45.00 0.00 40.00  0.00 195.00  0.00 200.00  0.00 304.98 
4  45.00 0.00 40.00  0.00 200.00  0.00 205.00  0.00 323.86 
4  45.00 0.00 40.00  0.00 205.00  0.00 210.00  0.00 355.10 
4  50.00 0.00 45.00  0.00 55.00  0.00 60.00  0.00 112.61 
4  50.00 0.00 45.00  0.00 60.00  0.00 65.00  0.00 69.91 
4  50.00 0.00 45.00  0.00 65.00  0.00 70.00  0.00 125.60 
4  50.00 0.00 45.00  0.00 70.00  0.00 75.00  0.00 179.49 
4  50.00 0.00 45.00  0.00 75.00  0.00 80.00  0.00 155.70 
4  50.00 0.00 45.00  0.00 80.00  0.00 85.00  0.00 104.47 
4  50.00 0.00 45.00  0.00 85.00  0.00 90.00  0.00 177.62 
4  50.00 0.00 45.00  0.00 90.00  0.00 95.00  0.00 321.73 
4  50.00 0.00 45.00  0.00 95.00  0.00 100.00  0.00 386.19 
4  50.00 0.00 45.00  0.00 100.00  0.00 105.00  0.00 212.18 
4  50.00 0.00 45.00  0.00 105.00  0.00 110.00  0.00 217.09 
4  50.00 0.00 45.00  0.00 110.00  0.00 115.00  0.00 195.81 
4  50.00 0.00 45.00  0.00 115.00  0.00 120.00  0.00 225.94 
4  50.00 0.00 45.00  0.00 120.00  0.00 125.00  0.00 245.09 
4  50.00 0.00 45.00  0.00 125.00  0.00 130.00  0.00 452.48 
4  50.00 0.00 45.00  0.00 130.00  0.00 135.00  0.00 429.27 
4  50.00 0.00 45.00  0.00 135.00  0.00 140.00  0.00 368.36 
4  50.00 0.00 45.00  0.00 140.00  0.00 145.00  0.00 364.49 
4  50.00 0.00 45.00  0.00 145.00  0.00 150.00  0.00 277.07 
4  50.00 0.00 45.00  0.00 150.00  0.00 155.00  0.00 331.00 
4  50.00 0.00 45.00  0.00 155.00  0.00 160.00  0.00 269.46 
4  50.00 0.00 45.00  0.00 160.00  0.00 165.00  0.00 263.85 
4  50.00 0.00 45.00  0.00 165.00  0.00 170.00  0.00 349.68 
4  50.00 0.00 45.00  0.00 170.00  0.00 175.00  0.00 343.05 
4  50.00 0.00 45.00  0.00 175.00  0.00 180.00  0.00 302.78 
4  50.00 0.00 45.00  0.00 180.00  0.00 185.00  0.00 319.87 
4  50.00 0.00 45.00  0.00 185.00  0.00 190.00  0.00 282.54 
4  50.00 0.00 45.00  0.00 190.00  0.00 195.00  0.00 270.84 
4  50.00 0.00 45.00  0.00 195.00  0.00 200.00  0.00 217.39 
4  50.00 0.00 45.00  0.00 200.00  0.00 205.00  0.00 231.53 
4  50.00 0.00 45.00  0.00 205.00  0.00 210.00  0.00 245.53 
4  50.00 0.00 45.00  0.00 210.00  0.00 215.00  0.00 249.26 
4  55.00 0.00 50.00  0.00 60.00  0.00 65.00  0.00 224.29 
4  55.00 0.00 50.00  0.00 65.00  0.00 70.00  0.00 393.46 
4  55.00 0.00 50.00  0.00 70.00  0.00 75.00  0.00 611.71 
4  55.00 0.00 50.00  0.00 75.00  0.00 80.00  0.00 550.46 
4  55.00 0.00 50.00  0.00 80.00  0.00 85.00  0.00 366.35 
4  55.00 0.00 50.00  0.00 85.00  0.00 90.00  0.00 627.00 
4  55.00 0.00 50.00  0.00 90.00  0.00 95.00  0.00 1159.63 
4  55.00 0.00 50.00  0.00 95.00  0.00 100.00  0.00 1366.62 
4  55.00 0.00 50.00  0.00 100.00  0.00 105.00  0.00 747.60 
4  55.00 0.00 50.00  0.00 105.00  0.00 110.00  0.00 782.05 
4  55.00 0.00 50.00  0.00 110.00  0.00 115.00  0.00 715.44 
4  55.00 0.00 50.00  0.00 115.00  0.00 120.00  0.00 814.17 
4  55.00 0.00 50.00  0.00 120.00  0.00 125.00  0.00 886.66 
4  55.00 0.00 50.00  0.00 125.00  0.00 130.00  0.00 1597.30 
4  55.00 0.00 50.00  0.00 130.00  0.00 135.00  0.00 1529.86 
4  55.00 0.00 50.00  0.00 135.00  0.00 140.00  0.00 1308.09 
4  55.00 0.00 50.00  0.00 140.00  0.00 145.00  0.00 1299.49 
4  55.00 0.00 50.00  0.00 145.00  0.00 150.00  0.00 992.60 
4  55.00 0.00 50.00  0.00 150.00  0.00 155.00  0.00 1183.16 
4  55.00 0.00 50.00  0.00 155.00  0.00 160.00  0.00 978.34 
4  55.00 0.00 50.00  0.00 160.00  0.00 165.00  0.00 956.88 
4  55.00 0.00 50.00  0.00 165.00  0.00 170.00  0.00 1234.65 
4  55.00 0.00 50.00  0.00 170.00  0.00 175.00  0.00 1227.60 
4  55.00 0.00 50.00  0.00 175.00  0.00 180.00  0.00 1084.87 
4  55.00 0.00 50.00  0.00 180.00  0.00 185.00  0.00 1182.53 
4  55.00 0.00 50.00  0.00 185.00  0.00 190.00  0.00 1052.88 
4  55.00 0.00 50.00  0.00 190.00  0.00 195.00  0.00 1035.22 
4  55.00 0.00 50.00  0.00 195.00  0.00 200.00  0.00 902.86 
4  55.00 0.00 50.00  0.00 200.00  0.00 205.00  0.00 937.13 
4  55.00 0.00 50.00  0.00 205.00  0.00 210.00  0.00 1039.02 
4  55.00 0.00 50.00  0.00 210.00  0.00 215.00  0.00 1048.67 
4  55.00 0.00 50.00  0.00 215.00  0.00 220.00  0.00 944.14 
4  60.00 0.00 55.00  0.00 65.00  0.00 70.00  0.00 238.63 
4  60.00 0.00 55.00  0.00 70.00  0.00 75.00  0.00 466.47 
4  60.00 0.00 55.00  0.00 75.00  0.00 80.00  0.00 477.11 
4  60.00 0.00 55.00  0.00 80.00  0.00 85.00  0.00 336.16 
4  60.00 0.00 55.00  0.00 85.00  0.00 90.00  0.00 603.18 
4  60.00 0.00 55.00  0.00 90.00  0.00 95.00  0.00 1153.15 
4  60.00 0.00 55.00  0.00 95.00  0.00 100.00  0.00 1388.20 
4  60.00 0.00 55.00  0.00 100.00  0.00 105.00  0.00 772.30 
4  60.00 0.00 55.00  0.00 105.00  0.00 110.00  0.00 820.40 
4  60.00 0.00 55.00  0.00 110.00  0.00 115.00  0.00 759.16 
4  60.00 0.00 55.00  0.00 115.00  0.00 120.00  0.00 878.74 
4  60.00 0.00 55.00  0.00 120.00  0.00 125.00  0.00 965.23 
4  60.00 0.00 55.00  0.00 125.00  0.00 130.00  0.00 1768.80 
4  60.00 0.00 55.00  0.00 130.00  0.00 135.00  0.00 1696.01 
4  60.00 0.00 55.00  0.00 135.00  0.00 140.00  0.00 1456.55 
4  60.00 0.00 55.00  0.00 140.00  0.00 145.00  0.00 1453.47 
4  60.00 0.00 55.00  0.00 145.00  0.00 150.00  0.00 1108.70 
4  60.00 0.00 55.00  0.00 150.00  0.00 155.00  0.00 1318.23 
4  60.00 0.00 55.00  0.00 155.00  0.00 160.00  0.00 1085.95 
4  60.00 0.00 55.00  0.00 160.00  0.00 165.00  0.00 1056.04 
4  60.00 0.00 55.00  0.00 165.00  0.00 170.00  0.00 1374.66 
4  60.00 0.00 55.00  0.00 170.00  0.00 175.00  0.00 1362.11 
4  60.00 0.00 55.00  0.00 175.00  0.00 180.00  0.00 1193.71 
4  60.00 0.00 55.00  0.00 180.00  0.00 185.00  0.00 1291.88 
4  60.00 0.00 55.00  0.00 185.00  0.00 190.00  0.00 1139.82 
4  60.00 0.00 55.00  0.00 190.00  0.00 195.00  0.00 1114.49 
4  60.00 0.00 55.00  0.00 195.00  0.00 200.00  0.00 932.08 
4  60.00 0.00 55.00  0.00 200.00  0.00 205.00  0.00 990.77 
4  60.00 0.00 55.00  0.00 205.00  0.00 210.00  0.00 1065.73 
4  60.00 0.00 55.00  0.00 210.00  0.00 215.00  0.00 1066.85 
4  60.00 0.00 55.00  0.00 215.00  0.00 220.00  0.00 949.10 
4  60.00 0.00 55.00  0.00 220.00  0.00 225.00  0.00 1327.38 
4  65.00 0.00 60.00  0.00 70.00  0.00 75.00  0.00 90.00 
4  65.00 0.00 60.00  0.00 75.00  0.00 80.00  0.00 116.70 
4  65.00 0.00 60.00  0.00 80.00  0.00 85.00  0.00 87.30 
4  65.00 0.00 60.00  0.00 85.00  0.00 90.00  0.00 162.19 
4  65.00 0.00 60.00  0.00 90.00  0.00 95.00  0.00 321.61 
4  65.00 0.00 60.00  0.00 95.00  0.00 100.00  0.00 387.50 
4  65.00 0.00 60.00  0.00 100.00  0.00 105.00  0.00 216.49 
4  65.00 0.00 60.00  0.00 105.00  0.00 110.00  0.00 235.91 
4  65.00 0.00 60.00  0.00 110.00  0.00 115.00  0.00 222.24 
4  65.00 0.00 60.00  0.00 115.00  0.00 120.00  0.00 258.80 
4  65.00 0.00 60.00  0.00 120.00  0.00 125.00  0.00 286.24 
4  65.00 0.00 60.00  0.00 125.00  0.00 130.00  0.00 532.94 
4  65.00 0.00 60.00  0.00 130.00  0.00 135.00  0.00 511.02 
4  65.00 0.00 60.00  0.00 135.00  0.00 140.00  0.00 441.37 
4  65.00 0.00 60.00  0.00 140.00  0.00 145.00  0.00 444.37 
4  65.00 0.00 60.00  0.00 145.00  0.00 150.00  0.00 339.71 
4  65.00 0.00 60.00  0.00 150.00  0.00 155.00  0.00 404.28 
4  65.00 0.00 60.00  0.00 155.00  0.00 160.00  0.00 331.35 
4  65.00 0.00 60.00  0.00 160.00  0.00 165.00  0.00 318.98 
4  65.00 0.00 60.00  0.00 165.00  0.00 170.00  0.00 419.84 
4  65.00 0.00 60.00  0.00 170.00  0.00 175.00  0.00 412.21 
4  65.00 0.00 60.00  0.00 175.00  0.00 180.00  0.00 362.29 
4  65.00 0.00 60.00  0.00 180.00  0.00 185.00  0.00 391.03 
4  65.00 0.00 60.00  0.00 185.00  0.00 190.00  0.00 341.11 
4  65.00 0.00 60.00  0.00 190.00  0.00 195.00  0.00 334.25 
4  65.00 0.00 60.00  0.00 195.00  0.00 200.00  0.00 273.37 
4  65.00 0.00 60.00  0.00 200.00  0.00 205.00  0.00 304.84 
4  65.00 0.00 60.00  0.00 205.00  0.00 210.00  0.00 314.44 
4  65.00 0.00 60.00  0.00 210.00  0.00 215.00  0.00 303.45 
4  65.00 0.00 60.00  0.00 215.00  0.00 220.00  0.00 272.44 
4  65.00 0.00 60.00  0.00 220.00  0.00 225.00  0.00 404.02 
4  65.00 0.00 60.00  0.00 225.00  0.00 230.00  0.00 490.23 
4  70.00 0.00 65.00  0.00 75.00  0.00 80.00  0.00 195.34 
4  70.00 0.00 65.00  0.00 80.00  0.00 85.00  0.00 164.42 
4  70.00 0.00 65.00  0.00 85.00  0.00 90.00  0.00 315.89 
4  70.00 0.00 65.00  0.00 90.00  0.00 95.00  0.00 640.98 
4  70.00 0.00 65.00  0.00 95.00  0.00 100.00  0.00 786.96 
4  70.00 0.00 65.00  0.00 100.00  0.00 105.00  0.00 449.61 
4  70.00 0.00 65.00  0.00 105.00  0.00 110.00  0.00 475.81 
4  70.00 0.00 65.00  0.00 110.00  0.00 115.00  0.00 484.94 
4  70.00 0.00 65.00  0.00 115.00  0.00 120.00  0.00 559.55 
4  70.00 0.00 65.00  0.00 120.00  0.00 125.00  0.00 612.94 
4  70.00 0.00 65.00  0.00 125.00  0.00 130.00  0.00 1125.94 
4  70.00 0.00 65.00  0.00 130.00  0.00 135.00  0.00 1096.66 
4  70.00 0.00 65.00  0.00 135.00  0.00 140.00  0.00 948.27 
4  70.00 0.00 65.00  0.00 140.00  0.00 145.00  0.00 957.31 
4  70.00 0.00 65.00  0.00 145.00  0.00 150.00  0.00 720.38 
4  70.00 0.00 65.00  0.00 150.00  0.00 155.00  0.00 851.35 
4  70.00 0.00 65.00  0.00 155.00  0.00 160.00  0.00 700.93 
4  70.00 0.00 65.00  0.00 160.00  0.00 165.00  0.00 689.89 
4  70.00 0.00 65.00  0.00 165.00  0.00 170.00  0.00 891.98 
4  70.00 0.00 65.00  0.00 170.00  0.00 175.00  0.00 887.40 
4  70.00 0.00 65.00  0.00 175.00  0.00 180.00  0.00 780.50 
4  70.00 0.00 65.00  0.00 180.00  0.00 185.00  0.00 846.33 
4  70.00 0.00 65.00  0.00 185.00  0.00 190.00  0.00 756.07 
4  70.00 0.00 65.00  0.00 190.00  0.00 195.00  0.00 744.39 
4  70.00 0.00 65.00  0.00 195.00  0.00 200.00  0.00 638.03 
4  70.00 0.00 65.00  0.00 200.00  0.00 205.00  0.00 668.17 
4  70.00 0.00 65.00  0.00 205.00  0.00 210.00  0.00 740.64 
4  70.00 0.00 65.00  0.00 210.00  0.00 215.00  0.00 751.21 
4  70.00 0.00 65.00  0.00 215.00  0.00 220.00  0.00 678.75 
4  70.00 0.00 65.00  0.00 220.00  0.00 225.00  0.00 893.68 
4  70.00 0.00 65.00  0.00 225.00  0.00 230.00  0.00 1097.51 
4  70.00 0.00 65.00  0.00 230.00  0.00 235.00  0.00 846.38 
4  75.00 0.00 70.00  0.00 80.00  0.00 85.00  0.00 88.90 
4  75.00 0.00 70.00  0.00 85.00  0.00 90.00  0.00 207.69 
4  75.00 0.00 70.00  0.00 90.00  0.00 95.00  0.00 476.55 
4  75.00 0.00 70.00  0.00 95.00  0.00 100.00  0.00 630.93 
4  75.00 0.00 70.00  0.00 100.00  0.00 105.00  0.00 381.06 
4  75.00 0.00 70.00  0.00 105.00  0.00 110.00  0.00 440.06 
4  75.00 0.00 70.00  0.00 110.00  0.00 115.00  0.00 404.96 
4  75.00 0.00 70.00  0.00 115.00  0.00 120.00  0.00 509.65 
4  75.00 0.00 70.00  0.00 120.00  0.00 125.00  0.00 577.60 
4  75.00 0.00 70.00  0.00 125.00  0.00 130.00  0.00 1083.02 
4  75.00 0.00 70.00  0.00 130.00  0.00 135.00  0.00 1065.94 
4  75.00 0.00 70.00  0.00 135.00  0.00 140.00  0.00 929.26 
4  75.00 0.00 70.00  0.00 140.00  0.00 145.00  0.00 943.84 
4  75.00 0.00 70.00  0.00 145.00  0.00 150.00  0.00 706.87 
4  75.00 0.00 70.00  0.00 150.00  0.00 155.00  0.00 828.42 
4  75.00 0.00 70.00  0.00 155.00  0.00 160.00  0.00 677.85 
4  75.00 0.00 70.00  0.00 160.00  0.00 165.00  0.00 673.76 
4  75.00 0.00 70.00  0.00 165.00  0.00 170.00  0.00 875.86 
4  75.00 0.00 70.00  0.00 170.00  0.00 175.00  0.00 871.84 
4  75.00 0.00 70.00  0.00 175.00  0.00 180.00  0.00 766.65 
4  75.00 0.00 70.00  0.00 180.00  0.00 185.00  0.00 824.11 
4  75.00 0.00 70.00  0.00 185.00  0.00 190.00  0.00 728.22 
4  75.00 0.00 70.00  0.00 190.00  0.00 195.00  0.00 701.30 
4  75.00 0.00 70.00  0.00 195.00  0.00 200.00  0.00 566.09 
4  75.00 0.00 70.00  0.00 200.00  0.00 205.00  0.00 607.91 
4  75.00 0.00 70.00  0.00 205.00  0.00 210.00  0.00 657.68 
4  75.00 0.00 70.00  0.00 210.00  0.00 215.00  0.00 651.32 
4  75.00 0.00 70.00  0.00 215.00  0.00 220.00  0.00 586.76 
4  75.00 0.00 70.00  0.00 220.00  0.00 225.00  0.00 844.95 
4  75.00 0.00 70.00  0.00 225.00  0.00 230.00  0.00 1022.48 
4  75.00 0.00 70.00  0.00 230.00  0.00 235.00  0.00 849.15 
4  80.00 0.00 75.00  0.00 85.00  0.00 90.00  0.00 88.73 
4  80.00 0.00 75.00  0.00 90.00  0.00 95.00  0.00 256.63 
4  80.00 0.00 75.00  0.00 95.00  0.00 100.00  0.00 354.84 
4  80.00 0.00 75.00  0.00 100.00  0.00 105.00  0.00 217.04 
4  80.00 0.00 75.00  0.00 105.00  0.00 110.00  0.00 265.32 
4  80.00 0.00 75.00  0.00 110.00  0.00 115.00  0.00 271.55 
4  80.00 0.00 75.00  0.00 115.00  0.00 120.00  0.00 330.01 
4  80.00 0.00 75.00  0.00 120.00  0.00 125.00  0.00 381.81 
4  80.00 0.00 75.00  0.00 125.00  0.00 130.00  0.00 724.92 
4  80.00 0.00 75.00  0.00 130.00  0.00 135.00  0.00 716.37 
4  80.00 0.00 75.00  0.00 135.00  0.00 140.00  0.00 629.63 
4  80.00 0.00 75.00  0.00 140.00  0.00 145.00  0.00 646.63 
4  80.00 0.00 75.00  0.00 145.00  0.00 150.00  0.00 488.22 
4  80.00 0.00 75.00  0.00 150.00  0.00 155.00  0.00 572.83 
4  80.00 0.00 75.00  0.00 155.00  0.00 160.00  0.00 469.68 
4  80.00 0.00 75.00  0.00 160.00  0.00 165.00  0.00 459.42 
4  80.00 0.00 75.00  0.00 165.00  0.00 170.00  0.00 599.14 
4  80.00 0.00 75.00  0.00 170.00  0.00 175.00  0.00 591.73 
4  80.00 0.00 75.00  0.00 175.00  0.00 180.00  0.00 518.16 
4  80.00 0.00 75.00  0.00 180.00  0.00 185.00  0.00 559.33 
4  80.00 0.00 75.00  0.00 185.00  0.00 190.00  0.00 492.90 
4  80.00 0.00 75.00  0.00 190.00  0.00 195.00  0.00 479.43 
4  80.00 0.00 75.00  0.00 195.00  0.00 200.00  0.00 387.01 
4  80.00 0.00 75.00  0.00 200.00  0.00 205.00  0.00 424.21 
4  80.00 0.00 75.00  0.00 205.00  0.00 210.00  0.00 447.57 
4  80.00 0.00 75.00  0.00 210.00  0.00 215.00  0.00 438.44 
4  80.00 0.00 75.00  0.00 215.00  0.00 220.00  0.00 400.63 
4  80.00 0.00 75.00  0.00 220.00  0.00 225.00  0.00 567.42 
4  80.00 0.00 75.00  0.00 225.00  0.00 230.00  0.00 700.28 
4  80.00 0.00 75.00  0.00 230.00  0.00 235.00  0.00 588.02 
4  85.00 0.00 80.00  0.00 90.00  0.00 95.00  0.00 131.89 
4  85.00 0.00 80.00  0.00 95.00  0.00 100.00  0.00 197.76 
4  85.00 0.00 80.00  0.00 100.00  0.00 105.00  0.00 127.44 
4  85.00 0.00 80.00  0.00 105.00  0.00 110.00  0.00 166.17 
4  85.00 0.00 80.00  0.00 110.00  0.00 115.00  0.00 176.67 
4  85.00 0.00 80.00  0.00 115.00  0.00 120.00  0.00 226.49 
4  85.00 0.00 80.00  0.00 120.00  0.00 125.00  0.00 263.16 
4  85.00 0.00 80.00  0.00 125.00  0.00 130.00  0.00 505.21 
4  85.00 0.00 80.00  0.00 130.00  0.00 135.00  0.00 506.01 
4  85.00 0.00 80.00  0.00 135.00  0.00 140.00  0.00 448.99 
4  85.00 0.00 80.00  0.00 140.00  0.00 145.00  0.00 466.33 
4  85.00 0.00 80.00  0.00 145.00  0.00 150.00  0.00 352.55 
4  85.00 0.00 80.00  0.00 150.00  0.00 155.00  0.00 413.67 
4  85.00 0.00 80.00  0.00 155.00  0.00 160.00  0.00 342.15 
4  85.00 0.00 80.00  0.00 160.00  0.00 165.00  0.00 333.63 
4  85.00 0.00 80.00  0.00 165.00  0.00 170.00  0.00 432.59 
4  85.00 0.00 80.00  0.00 170.00  0.00 175.00  0.00 429.70 
4  85.00 0.00 80.00  0.00 175.00  0.00 180.00  0.00 376.99 
4  85.00 0.00 80.00  0.00 180.00  0.00 185.00  0.00 408.97 
4  85.00 0.00 80.00  0.00 185.00  0.00 190.00  0.00 363.18 
4  85.00 0.00 80.00  0.00 190.00  0.00 195.00  0.00 355.49 
4  85.00 0.00 80.00  0.00 195.00  0.00 200.00  0.00 300.51 
4  85.00 0.00 80.00  0.00 200.00  0.00 205.00  0.00 319.16 
4  85.00 0.00 80.00  0.00 205.00  0.00 210.00  0.00 349.12 
4  85.00 0.00 80.00  0.00 210.00  0.00 215.00  0.00 353.44 
4  85.00 0.00 80.00  0.00 215.00  0.00 220.00  0.00 317.64 
4  85.00 0.00 80.00  0.00 220.00  0.00 225.00  0.00 430.57 
4  85.00 0.00 80.00  0.00 225.00  0.00 230.00  0.00 526.81 
4  85.00 0.00 80.00  0.00 230.00  0.00 235.00  0.00 415.65 
4  90.00 0.00 85.00  0.00 95.00  0.00 100.00  0.00 198.27 
4  90.00 0.00 85.00  0.00 100.00  0.00 105.00  0.00 145.09 
4  90.00 0.00 85.00  0.00 105.00  0.00 110.00  0.00 193.07 
4  90.00 0.00 85.00  0.00 110.00  0.00 115.00  0.00 212.33 
4  90.00 0.00 85.00  0.00 115.00  0.00 120.00  0.00 286.03 
4  90.00 0.00 85.00  0.00 120.00  0.00 125.00  0.00 345.75 
4  90.00 0.00 85.00  0.00 125.00  0.00 130.00  0.00 684.24 
4  90.00 0.00 85.00  0.00 130.00  0.00 135.00  0.00 704.66 
4  90.00 0.00 85.00  0.00 135.00  0.00 140.00  0.00 635.02 
4  90.00 0.00 85.00  0.00 140.00  0.00 145.00  0.00 670.34 
4  90.00 0.00 85.00  0.00 145.00  0.00 150.00  0.00 506.75 
4  90.00 0.00 85.00  0.00 150.00  0.00 155.00  0.00 594.50 
4  90.00 0.00 85.00  0.00 155.00  0.00 160.00  0.00 491.62 
4  90.00 0.00 85.00  0.00 160.00  0.00 165.00  0.00 491.07 
4  90.00 0.00 85.00  0.00 165.00  0.00 170.00  0.00 638.77 
4  90.00 0.00 85.00  0.00 170.00  0.00 175.00  0.00 638.73 
4  90.00 0.00 85.00  0.00 175.00  0.00 180.00  0.00 562.81 
4  90.00 0.00 85.00  0.00 180.00  0.00 185.00  0.00 607.50 
4  90.00 0.00 85.00  0.00 185.00  0.00 190.00  0.00 541.39 
4  90.00 0.00 85.00  0.00 190.00  0.00 195.00  0.00 526.65 
4  90.00 0.00 85.00  0.00 195.00  0.00 200.00  0.00 432.96 
4  90.00 0.00 85.00  0.00 200.00  0.00 205.00  0.00 463.95 
4  90.00 0.00 85.00  0.00 205.00  0.00 210.00  0.00 507.16 
4  90.00 0.00 85.00  0.00 210.00  0.00 215.00  0.00 508.50 
4  90.00 0.00 85.00  0.00 215.00  0.00 220.00  0.00 461.27 
4  90.00 0.00 85.00  0.00 220.00  0.00 225.00  0.00 629.61 
4  90.00 0.00 85.00  0.00 225.00  0.00 230.00  0.00 780.92 
4  90.00 0.00 85.00  0.00 230.00  0.00 235.00  0.00 622.08 
4  95.00 0.00 90.00  0.00 100.00  0.00 105.00  0.00 147.18 
4  95.00 0.00 90.00  0.00 105.00  0.00 110.00  0.00 229.76 
4  95.00 0.00 90.00  0.00 110.00  0.00 115.00  0.00 269.60 
4  95.00 0.00 90.00  0.00 115.00  0.00 120.00  0.00 376.37 
4  95.00 0.00 90.00  0.00 120.00  0.00 125.00  0.00 479.71 
4  95.00 0.00 90.00  0.00 125.00  0.00 130.00  0.00 981.79 
4  95.00 0.00 90.00  0.00 130.00  0.00 135.00  0.00 1040.14 
4  95.00 0.00 90.00  0.00 135.00  0.00 140.00  0.00 953.14 
4  95.00 0.00 90.00  0.00 140.00  0.00 145.00  0.00 1024.90 
4  95.00 0.00 90.00  0.00 145.00  0.00 150.00  0.00 775.19 
4  95.00 0.00 90.00  0.00 150.00  0.00 155.00  0.00 910.29 
4  95.00 0.00 90.00  0.00 155.00  0.00 160.00  0.00 752.93 
4  95.00 0.00 90.00  0.00 160.00  0.00 165.00  0.00 765.97 
4  95.00 0.00 90.00  0.00 165.00  0.00 170.00  0.00 999.20 
4  95.00 0.00 90.00  0.00 170.00  0.00 175.00  0.00 1006.41 
4  95.00 0.00 90.00  0.00 175.00  0.00 180.00  0.00 887.50 
4  95.00 0.00 90.00  0.00 180.00  0.00 185.00  0.00 955.55 
4  95.00 0.00 90.00  0.00 185.00  0.00 190.00  0.00 853.24 
4  95.00 0.00 90.00  0.00 190.00  0.00 195.00  0.00 829.56 
4  95.00 0.00 90.00  0.00 195.00  0.00 200.00  0.00 666.83 
4  95.00 0.00 90.00  0.00 200.00  0.00 205.00  0.00 716.11 
4  95.00 0.00 90.00  0.00 205.00  0.00 210.00  0.00 784.07 
4  95.00 0.00 90.00  0.00 210.00  0.00 215.00  0.00 786.52 
4  95.00 0.00 90.00  0.00 215.00  0.00 220.00  0.00 713.79 
4  95.00 0.00 90.00  0.00 220.00  0.00 225.00  0.00 992.13 
4  95.00 0.00 90.00  0.00 225.00  0.00 230.00  0.00 1229.49 
4  95.00 0.00 90.00  0.00 230.00  0.00 235.00  0.00 997.53 
4  100.00 0.00 95.00  0.00 105.00  0.00 110.00  0.00 141.73 
4  100.00 0.00 95.00  0.00 110.00  0.00 115.00  0.00 215.72 
4  100.00 0.00 95.00  0.00 115.00  0.00 120.00  0.00 326.66 
4  100.00 0.00 95.00  0.00 120.00  0.00 125.00  0.00 447.56 
4  100.00 0.00 95.00  0.00 125.00  0.00 130.00  0.00 959.68 
4  100.00 0.00 95.00  0.00 130.00  0.00 135.00  0.00 1044.75 
4  100.00 0.00 95.00  0.00 135.00  0.00 140.00  0.00 980.34 
4  100.00 0.00 95.00  0.00 140.00  0.00 145.00  0.00 1081.74 
4  100.00 0.00 95.00  0.00 145.00  0.00 150.00  0.00 830.14 
4  100.00 0.00 95.00  0.00 150.00  0.00 155.00  0.00 981.20 
4  100.00 0.00 95.00  0.00 155.00  0.00 160.00  0.00 825.12 
4  100.00 0.00 95.00  0.00 160.00  0.00 165.00  0.00 818.01 
4  100.00 0.00 95.00  0.00 165.00  0.00 170.00  0.00 1077.32 
4  100.00 0.00 95.00  0.00 170.00  0.00 175.00  0.00 1081.55 
4  100.00 0.00 95.00  0.00 175.00  0.00 180.00  0.00 955.92 
4  100.00 0.00 95.00  0.00 180.00  0.00 185.00  0.00 1039.52 
4  100.00 0.00 95.00  0.00 185.00  0.00 190.00  0.00 927.36 
4  100.00 0.00 95.00  0.00 190.00  0.00 195.00  0.00 912.18 
4  100.00 0.00 95.00  0.00 195.00  0.00 200.00  0.00 761.93 
4  100.00 0.00 95.00  0.00 200.00  0.00 205.00  0.00 822.19 
4  100.00 0.00 95.00  0.00 205.00  0.00 210.00  0.00 895.03 
4  100.00 0.00 95.00  0.00 210.00  0.00 215.00  0.00 895.07 
4  100.00 0.00 95.00  0.00 215.00  0.00 220.00  0.00 814.02 
4  100.00 0.00 95.00  0.00 220.00  0.00 225.00  0.00 1132.92 
4  100.00 0.00 95.00  0.00 225.00  0.00 230.00  0.00 1393.97 
4  100.00 0.00 95.00  0.00 230.00  0.00 235.00  0.00 1144.90 
4  105.00 0.00 100.00  0.00 110.00  0.00 115.00  0.00 64.02 
4  105.00 0.00 100.00  0.00 115.00  0.00 120.00  0.00 115.61 
4  105.00 0.00 100.00  0.00 120.00  0.00 125.00  0.00 176.76 
4  105.00 0.00 100.00  0.00 125.00  0.00 130.00  0.00 408.97 
4  105.00 0.00 100.00  0.00 130.00  0.00 135.00  0.00 469.01 
4  105.00 0.00 100.00  0.00 135.00  0.00 140.00  0.00 452.08 
4  105.00 0.00 100.00  0.00 140.00  0.00 145.00  0.00 513.71 
4  105.00 0.00 100.00  0.00 145.00  0.00 150.00  0.00 394.41 
4  105.00 0.00 100.00  0.00 150.00  0.00 155.00  0.00 465.69 
4  105.00 0.00 100.00  0.00 155.00  0.00 160.00  0.00 393.58 
4  105.00 0.00 100.00  0.00 160.00  0.00 165.00  0.00 397.11 
4  105.00 0.00 100.00  0.00 165.00  0.00 170.00  0.00 524.44 
4  105.00 0.00 100.00  0.00 170.00  0.00 175.00  0.00 530.36 
4  105.00 0.00 100.00  0.00 175.00  0.00 180.00  0.00 469.98 
4  105.00 0.00 100.00  0.00 180.00  0.00 185.00  0.00 511.93 
4  105.00 0.00 100.00  0.00 185.00  0.00 190.00  0.00 459.28 
4  105.00 0.00 100.00  0.00 190.00  0.00 195.00  0.00 451.61 
4  105.00 0.00 100.00  0.00 195.00  0.00 200.00  0.00 377.09 
4  105.00 0.00 100.00  0.00 200.00  0.00 205.00  0.00 405.42 
4  105.00 0.00 100.00  0.00 205.00  0.00 210.00  0.00 446.76 
4  105.00 0.00 100.00  0.00 210.00  0.00 215.00  0.00 451.66 
4  105.00 0.00 100.00  0.00 215.00  0.00 220.00  0.00 411.27 
4  105.00 0.00 100.00  0.00 220.00  0.00 225.00  0.00 564.05 
4  105.00 0.00 100.00  0.00 225.00  0.00 230.00  0.00 695.91 
4  105.00 0.00 100.00  0.00 230.00  0.00 235.00  0.00 561.55 
4  110.00 0.00 105.00  0.00 115.00  0.00 120.00  0.00 65.32 
4  110.00 0.00 105.00  0.00 120.00  0.00 125.00  0.00 124.90 
4  110.00 0.00 105.00  0.00 125.00  0.00 130.00  0.00 327.27 
4  110.00 0.00 105.00  0.00 130.00  0.00 135.00  0.00 406.55 
4  110.00 0.00 105.00  0.00 135.00  0.00 140.00  0.00 406.77 
4  110.00 0.00 105.00  0.00 140.00  0.00 145.00  0.00 479.37 
4  110.00 0.00 105.00  0.00 145.00  0.00 150.00  0.00 364.55 
4  110.00 0.00 105.00  0.00 150.00  0.00 155.00  0.00 424.98 
4  110.00 0.00 105.00  0.00 155.00  0.00 160.00  0.00 354.53 
4  110.00 0.00 105.00  0.00 160.00  0.00 165.00  0.00 377.13 
4  110.00 0.00 105.00  0.00 165.00  0.00 170.00  0.00 497.63 
4  110.00 0.00 105.00  0.00 170.00  0.00 175.00  0.00 508.86 
4  110.00 0.00 105.00  0.00 175.00  0.00 180.00  0.00 452.46 
4  110.00 0.00 105.00  0.00 180.00  0.00 185.00  0.00 484.24 
4  110.00 0.00 105.00  0.00 185.00  0.00 190.00  0.00 433.85 
4  110.00 0.00 105.00  0.00 190.00  0.00 195.00  0.00 417.96 
4  110.00 0.00 105.00  0.00 195.00  0.00 200.00  0.00 322.99 
4  110.00 0.00 105.00  0.00 200.00  0.00 205.00  0.00 345.92 
4  110.00 0.00 105.00  0.00 205.00  0.00 210.00  0.00 384.57 
4  110.00 0.00 105.00  0.00 210.00  0.00 215.00  0.00 386.27 
4  110.00 0.00 105.00  0.00 215.00  0.00 220.00  0.00 358.75 
4  110.00 0.00 105.00  0.00 220.00  0.00 225.00  0.00 500.21 
4  110.00 0.00 105.00  0.00 225.00  0.00 230.00  0.00 620.32 
4  110.00 0.00 105.00  0.00 230.00  0.00 235.00  0.00 515.30 
4  115.00 0.00 110.00  0.00 120.00  0.00 125.00  0.00 56.34 
4  115.00 0.00 110.00  0.00 125.00  0.00 130.00  0.00 188.82 
4  115.00 0.00 110.00  0.00 130.00  0.00 135.00  0.00 264.69 
4  115.00 0.00 110.00  0.00 135.00  0.00 140.00  0.00 284.72 
4  115.00 0.00 110.00  0.00 140.00  0.00 145.00  0.00 356.90 
4  115.00 0.00 110.00  0.00 145.00  0.00 150.00  0.00 277.90 
4  115.00 0.00 110.00  0.00 150.00  0.00 155.00  0.00 326.02 
4  115.00 0.00 110.00  0.00 155.00  0.00 160.00  0.00 276.74 
4  115.00 0.00 110.00  0.00 160.00  0.00 165.00  0.00 292.18 
4  115.00 0.00 110.00  0.00 165.00  0.00 170.00  0.00 387.98 
4  115.00 0.00 110.00  0.00 170.00  0.00 175.00  0.00 398.61 
4  115.00 0.00 110.00  0.00 175.00  0.00 180.00  0.00 355.81 
4  115.00 0.00 110.00  0.00 180.00  0.00 185.00  0.00 382.32 
4  115.00 0.00 110.00  0.00 185.00  0.00 190.00  0.00 345.56 
4  115.00 0.00 110.00  0.00 190.00  0.00 195.00  0.00 333.71 
4  115.00 0.00 110.00  0.00 195.00  0.00 200.00  0.00 259.83 
4  115.00 0.00 110.00  0.00 200.00  0.00 205.00  0.00 279.14 
4  115.00 0.00 110.00  0.00 205.00  0.00 210.00  0.00 310.26 
4  115.00 0.00 110.00  0.00 210.00  0.00 215.00  0.00 315.93 
4  115.00 0.00 110.00  0.00 215.00  0.00 220.00  0.00 291.49 
4  115.00 0.00 110.00  0.00 220.00  0.00 225.00  0.00 405.20 
4  115.00 0.00 110.00  0.00 225.00  0.00 230.00  0.00 506.64 
4  115.00 0.00 110.00  0.00 230.00  0.00 235.00  0.00 416.84 
4  120.00 0.00 115.00  0.00 125.00  0.00 130.00  0.00 119.04 
4  120.00 0.00 115.00  0.00 130.00  0.00 135.00  0.00 208.53 
4  120.00 0.00 115.00  0.00 135.00  0.00 140.00  0.00 250.27 
4  120.00 0.00 115.00  0.00 140.00  0.00 145.00  0.00 342.79 
4  120.00 0.00 115.00  0.00 145.00  0.00 150.00  0.00 278.31 
4  120.00 0.00 115.00  0.00 150.00  0.00 155.00  0.00 330.35 
4  120.00 0.00 115.00  0.00 155.00  0.00 160.00  0.00 290.61 
4  120.00 0.00 115.00  0.00 160.00  0.00 165.00  0.00 284.88 
4  120.00 0.00 115.00  0.00 165.00  0.00 170.00  0.00 384.71 
4  120.00 0.00 115.00  0.00 170.00  0.00 175.00  0.00 387.99 
4  120.00 0.00 115.00  0.00 175.00  0.00 180.00  0.00 345.71 
4  120.00 0.00 115.00  0.00 180.00  0.00 185.00  0.00 378.67 
4  120.00 0.00 115.00  0.00 185.00  0.00 190.00  0.00 342.94 
4  120.00 0.00 115.00  0.00 190.00  0.00 195.00  0.00 343.52 
4  120.00 0.00 115.00  0.00 195.00  0.00 200.00  0.00 287.17 
4  120.00 0.00 115.00  0.00 200.00  0.00 205.00  0.00 314.17 
4  120.00 0.00 115.00  0.00 205.00  0.00 210.00  0.00 347.01 
4  120.00 0.00 115.00  0.00 210.00  0.00 215.00  0.00 354.03 
4  120.00 0.00 115.00  0.00 215.00  0.00 220.00  0.00 322.27 
4  120.00 0.00 115.00  0.00 220.00  0.00 225.00  0.00 446.09 
4  120.00 0.00 115.00  0.00 225.00  0.00 230.00  0.00 555.58 
4  120.00 0.00 115.00  0.00 230.00  0.00 235.00  0.00 441.20 
4  125.00 0.00 120.00  0.00 130.00  0.00 135.00  0.00 135.37 
4  125.00 0.00 120.00  0.00 135.00  0.00 140.00  0.00 202.15 
4  125.00 0.00 120.00  0.00 140.00  0.00 145.00  0.00 324.34 
4  125.00 0.00 120.00  0.00 145.00  0.00 150.00  0.00 278.29 
4  125.00 0.00 120.00  0.00 150.00  0.00 155.00  0.00 334.46 
4  125.00 0.00 120.00  0.00 155.00  0.00 160.00  0.00 299.71 
4  125.00 0.00 120.00  0.00 160.00  0.00 165.00  0.00 288.68 
4  125.00 0.00 120.00  0.00 165.00  0.00 170.00  0.00 396.55 
4  125.00 0.00 120.00  0.00 170.00  0.00 175.00  0.00 406.55 
4  125.00 0.00 120.00  0.00 175.00  0.00 180.00  0.00 360.03 
4  125.00 0.00 120.00  0.00 180.00  0.00 185.00  0.00 396.88 
4  125.00 0.00 120.00  0.00 185.00  0.00 190.00  0.00 359.20 
4  125.00 0.00 120.00  0.00 190.00  0.00 195.00  0.00 357.78 
4  125.00 0.00 120.00  0.00 195.00  0.00 200.00  0.00 303.63 
4  125.00 0.00 120.00  0.00 200.00  0.00 205.00  0.00 330.33 
4  125.00 0.00 120.00  0.00 205.00  0.00 210.00  0.00 369.11 
4  125.00 0.00 120.00  0.00 210.00  0.00 215.00  0.00 375.61 
4  125.00 0.00 120.00  0.00 215.00  0.00 220.00  0.00 342.06 
4  125.00 0.00 120.00  0.00 220.00  0.00 225.00  0.00 444.69 
4  125.00 0.00 120.00  0.00 225.00  0.00 230.00  0.00 556.52 
4  125.00 0.00 120.00  0.00 230.00  0.00 235.00  0.00 257.00 
4  130.00 0.00 125.00  0.00 135.00  0.00 140.00  0.00 173.96 
4  130.00 0.00 125.00  0.00 140.00  0.00 145.00  0.00 396.83 
4  130.00 0.00 125.00  0.00 145.00  0.00 150.00  0.00 389.57 
4  130.00 0.00 125.00  0.00 150.00  0.00 155.00  0.00 495.88 
4  130.00 0.00 125.00  0.00 155.00  0.00 160.00  0.00 467.91 
4  130.00 0.00 125.00  0.00 160.00  0.00 165.00  0.00 464.75 
4  130.00 0.00 125.00  0.00 165.00  0.00 170.00  0.00 624.82 
4  130.00 0.00 125.00  0.00 170.00  0.00 175.00  0.00 658.72 
4  130.00 0.00 125.00  0.00 175.00  0.00 180.00  0.00 592.67 
4  130.00 0.00 125.00  0.00 180.00  0.00 185.00  0.00 653.03 
4  130.00 0.00 125.00  0.00 185.00  0.00 190.00  0.00 592.56 
4  130.00 0.00 125.00  0.00 190.00  0.00 195.00  0.00 595.16 
4  130.00 0.00 125.00  0.00 195.00  0.00 200.00  0.00 503.89 
4  130.00 0.00 125.00  0.00 200.00  0.00 205.00  0.00 555.11 
4  130.00 0.00 125.00  0.00 205.00  0.00 210.00  0.00 618.40 
4  130.00 0.00 125.00  0.00 210.00  0.00 215.00  0.00 636.32 
4  130.00 0.00 125.00  0.00 215.00  0.00 220.00  0.00 586.39 
4  130.00 0.00 125.00  0.00 220.00  0.00 225.00  0.00 835.87 
4  130.00 0.00 125.00  0.00 225.00  0.00 230.00  0.00 1027.91 
4  130.00 0.00 125.00  0.00 230.00  0.00 235.00  0.00 840.72 
4  135.00 0.00 130.00  0.00 140.00  0.00 145.00  0.00 196.58 
4  135.00 0.00 130.00  0.00 145.00  0.00 150.00  0.00 254.75 
4  135.00 0.00 130.00  0.00 150.00  0.00 155.00  0.00 357.54 
4  135.00 0.00 130.00  0.00 155.00  0.00 160.00  0.00 362.72 
4  135.00 0.00 130.00  0.00 160.00  0.00 165.00  0.00 371.31 
4  135.00 0.00 130.00  0.00 165.00  0.00 170.00  0.00 521.72 
4  135.00 0.00 130.00  0.00 170.00  0.00 175.00  0.00 538.33 
4  135.00 0.00 130.00  0.00 175.00  0.00 180.00  0.00 489.01 
4  135.00 0.00 130.00  0.00 180.00  0.00 185.00  0.00 555.56 
4  135.00 0.00 130.00  0.00 185.00  0.00 190.00  0.00 508.51 
4  135.00 0.00 130.00  0.00 190.00  0.00 195.00  0.00 510.49 
4  135.00 0.00 130.00  0.00 195.00  0.00 200.00  0.00 436.40 
4  135.00 0.00 130.00  0.00 200.00  0.00 205.00  0.00 484.07 
4  135.00 0.00 130.00  0.00 205.00  0.00 210.00  0.00 539.52 
4  135.00 0.00 130.00  0.00 210.00  0.00 215.00  0.00 557.64 
4  135.00 0.00 130.00  0.00 215.00  0.00 220.00  0.00 517.37 
4  135.00 0.00 130.00  0.00 220.00  0.00 225.00  0.00 724.63 
4  135.00 0.00 130.00  0.00 225.00  0.00 230.00  0.00 910.74 
4  135.00 0.00 130.00  0.00 230.00  0.00 235.00  0.00 855.32 
4  140.00 0.00 135.00  0.00 145.00  0.00 150.00  0.00 146.84 
4  140.00 0.00 135.00  0.00 150.00  0.00 155.00  0.00 231.30 
4  140.00 0.00 135.00  0.00 155.00  0.00 160.00  0.00 257.97 
4  140.00 0.00 135.00  0.00 160.00  0.00 165.00  0.00 272.54 
4  140.00 0.00 135.00  0.00 165.00  0.00 170.00  0.00 399.24 
4  140.00 0.00 135.00  0.00 170.00  0.00 175.00  0.00 422.03 
4  140.00 0.00 135.00  0.00 175.00  0.00 180.00  0.00 378.38 
4  140.00 0.00 135.00  0.00 180.00  0.00 185.00  0.00 422.17 
4  140.00 0.00 135.00  0.00 185.00  0.00 190.00  0.00 396.51 
4  140.00 0.00 135.00  0.00 190.00  0.00 195.00  0.00 410.96 
4  140.00 0.00 135.00  0.00 195.00  0.00 200.00  0.00 344.40 
4  140.00 0.00 135.00  0.00 200.00  0.00 205.00  0.00 379.89 
4  140.00 0.00 135.00  0.00 205.00  0.00 210.00  0.00 423.51 
4  140.00 0.00 135.00  0.00 210.00  0.00 215.00  0.00 438.04 
4  140.00 0.00 135.00  0.00 215.00  0.00 220.00  0.00 408.49 
4  140.00 0.00 135.00  0.00 220.00  0.00 225.00  0.00 574.32 
4  140.00 0.00 135.00  0.00 225.00  0.00 230.00  0.00 720.62 
4  140.00 0.00 135.00  0.00 230.00  0.00 235.00  0.00 620.02 
4  145.00 0.00 140.00  0.00 150.00  0.00 155.00  0.00 172.62 
4  145.00 0.00 140.00  0.00 155.00  0.00 160.00  0.00 200.65 
4  145.00 0.00 140.00  0.00 160.00  0.00 165.00  0.00 224.83 
4  145.00 0.00 140.00  0.00 165.00  0.00 170.00  0.00 343.46 
4  145.00 0.00 140.00  0.00 170.00  0.00 175.00  0.00 380.00 
4  145.00 0.00 140.00  0.00 175.00  0.00 180.00  0.00 353.19 
4  145.00 0.00 140.00  0.00 180.00  0.00 185.00  0.00 390.16 
4  145.00 0.00 140.00  0.00 185.00  0.00 190.00  0.00 349.51 
4  145.00 0.00 140.00  0.00 190.00  0.00 195.00  0.00 348.37 
4  145.00 0.00 140.00  0.00 195.00  0.00 200.00  0.00 294.15 
4  145.00 0.00 140.00  0.00 200.00  0.00 205.00  0.00 329.01 
4  145.00 0.00 140.00  0.00 205.00  0.00 210.00  0.00 372.89 
4  145.00 0.00 140.00  0.00 210.00  0.00 215.00  0.00 381.33 
4  145.00 0.00 140.00  0.00 215.00  0.00 220.00  0.00 354.67 
4  145.00 0.00 140.00  0.00 220.00  0.00 225.00  0.00 502.86 
4  145.00 0.00 140.00  0.00 225.00  0.00 230.00  0.00 631.34 
4  145.00 0.00 140.00  0.00 230.00  0.00 235.00  0.00 526.53 
4  150.00 0.00 145.00  0.00 155.00  0.00 160.00  0.00 162.50 
4  150.00 0.00 145.00  0.00 160.00  0.00 165.00  0.00 198.14 
4  150.00 0.00 145.00  0.00 165.00  0.00 170.00  0.00 321.61 
4  150.00 0.00 145.00  0.00 170.00  0.00 175.00  0.00 366.13 
4  150.00 0.00 145.00  0.00 175.00  0.00 180.00  0.00 340.87 
4  150.00 0.00 145.00  0.00 180.00  0.00 185.00  0.00 376.61 
4  150.00 0.00 145.00  0.00 185.00  0.00 190.00  0.00 345.69 
4  150.00 0.00 145.00  0.00 190.00  0.00 195.00  0.00 330.98 
4  150.00 0.00 145.00  0.00 195.00  0.00 200.00  0.00 232.62 
4  150.00 0.00 145.00  0.00 200.00  0.00 205.00  0.00 247.55 
4  150.00 0.00 145.00  0.00 205.00  0.00 210.00  0.00 305.44 
4  150.00 0.00 145.00  0.00 210.00  0.00 215.00  0.00 319.55 
4  150.00 0.00 145.00  0.00 215.00  0.00 220.00  0.00 294.03 
4  150.00 0.00 145.00  0.00 220.00  0.00 225.00  0.00 415.21 
4  150.00 0.00 145.00  0.00 225.00  0.00 230.00  0.00 524.28 
4  150.00 0.00 145.00  0.00 230.00  0.00 235.00  0.00 437.92 
4  155.00 0.00 150.00  0.00 160.00  0.00 165.00  0.00 172.57 
4  155.00 0.00 150.00  0.00 165.00  0.00 170.00  0.00 342.46 
4  155.00 0.00 150.00  0.00 170.00  0.00 175.00  0.00 429.59 
4  155.00 0.00 150.00  0.00 175.00  0.00 180.00  0.00 419.75 
4  155.00 0.00 150.00  0.00 180.00  0.00 185.00  0.00 474.09 
4  155.00 0.00 150.00  0.00 185.00  0.00 190.00  0.00 441.21 
4  155.00 0.00 150.00  0.00 190.00  0.00 195.00  0.00 428.05 
4  155.00 0.00 150.00  0.00 195.00  0.00 200.00  0.00 299.90 
4  155.00 0.00 150.00  0.00 200.00  0.00 205.00  0.00 317.63 
4  155.00 0.00 150.00  0.00 205.00  0.00 210.00  0.00 343.42 
4  155.00 0.00 150.00  0.00 210.00  0.00 215.00  0.00 356.22 
4  155.00 0.00 150.00  0.00 215.00  0.00 220.00  0.00 340.26 
4  155.00 0.00 150.00  0.00 220.00  0.00 225.00  0.00 510.72 
4  155.00 0.00 150.00  0.00 225.00  0.00 230.00  0.00 655.25 
4  155.00 0.00 150.00  0.00 230.00  0.00 235.00  0.00 540.81 
4  160.00 0.00 155.00  0.00 165.00  0.00 170.00  0.00 168.88 
4  160.00 0.00 155.00  0.00 170.00  0.00 175.00  0.00 263.24 
4  160.00 0.00 155.00  0.00 175.00  0.00 180.00  0.00 283.77 
4  160.00 0.00 155.00  0.00 180.00  0.00 185.00  0.00 340.44 
4  160.00 0.00 155.00  0.00 185.00  0.00 190.00  0.00 328.14 
4  160.00 0.00 155.00  0.00 190.00  0.00 195.00  0.00 323.58 
4  160.00 0.00 155.00  0.00 195.00  0.00 200.00  0.00 219.98 
4  160.00 0.00 155.00  0.00 200.00  0.00 205.00  0.00 236.78 
4  160.00 0.00 155.00  0.00 205.00  0.00 210.00  0.00 263.00 
4  160.00 0.00 155.00  0.00 210.00  0.00 215.00  0.00 258.76 
4  160.00 0.00 155.00  0.00 215.00  0.00 220.00  0.00 242.60 
4  160.00 0.00 155.00  0.00 220.00  0.00 225.00  0.00 345.89 
4  160.00 0.00 155.00  0.00 225.00  0.00 230.00  0.00 499.74 
4  160.00 0.00 155.00  0.00 230.00  0.00 235.00  0.00 414.71 
4  165.00 0.00 160.00  0.00 170.00  0.00 175.00  0.00 187.16 
4  165.00 0.00 160.00  0.00 175.00  0.00 180.00  0.00 219.80 
4  165.00 0.00 160.00  0.00 180.00  0.00 185.00  0.00 280.92 
4  165.00 0.00 160.00  0.00 185.00  0.00 190.00  0.00 275.84 
4  165.00 0.00 160.00  0.00 190.00  0.00 195.00  0.00 283.71 
4  165.00 0.00 160.00  0.00 195.00  0.00 200.00  0.00 203.43 
4  165.00 0.00 160.00  0.00 200.00  0.00 205.00  0.00 219.40 
4  165.00 0.00 160.00  0.00 205.00  0.00 210.00  0.00 247.54 
4  165.00 0.00 160.00  0.00 210.00  0.00 215.00  0.00 256.00 
4  165.00 0.00 160.00  0.00 215.00  0.00 220.00  0.00 250.28 
4  165.00 0.00 160.00  0.00 220.00  0.00 225.00  0.00 346.58 
4  165.00 0.00 160.00  0.00 225.00  0.00 230.00  0.00 428.86 
4  165.00 0.00 160.00  0.00 230.00  0.00 235.00  0.00 357.46 
4  170.00 0.00 165.00  0.00 175.00  0.00 180.00  0.00 203.92 
4  170.00 0.00 165.00  0.00 180.00  0.00 185.00  0.00 309.15 
4  170.00 0.00 165.00  0.00 185.00  0.00 190.00  0.00 322.85 
4  170.00 0.00 165.00  0.00 190.00  0.00 195.00  0.00 346.29 
4  170.00 0.00 165.00  0.00 195.00  0.00 200.00  0.00 241.97 
4  170.00 0.00 165.00  0.00 200.00  0.00 205.00  0.00 257.41 
4  170.00 0.00 165.00  0.00 205.00  0.00 210.00  0.00 287.48 
4  170.00 0.00 165.00  0.00 210.00  0.00 215.00  0.00 292.23 
4  170.00 0.00 165.00  0.00 215.00  0.00 220.00  0.00 282.99 
4  170.00 0.00 165.00  0.00 220.00  0.00 225.00  0.00 426.16 
4  170.00 0.00 165.00  0.00 225.00  0.00 230.00  0.00 521.47 
4  170.00 0.00 165.00  0.00 230.00  0.00 235.00  0.00 421.21 
4  175.00 0.00 170.00  0.00 180.00  0.00 185.00  0.00 216.97 
4  175.00 0.00 170.00  0.00 185.00  0.00 190.00  0.00 260.66 
4  175.00 0.00 170.00  0.00 190.00  0.00 195.00  0.00 306.93 
4  175.00 0.00 170.00  0.00 195.00  0.00 200.00  0.00 222.38 
4  175.00 0.00 170.00  0.00 200.00  0.00 205.00  0.00 238.74 
4  175.00 0.00 170.00  0.00 205.00  0.00 210.00  0.00 263.45 
4  175.00 0.00 170.00  0.00 210.00  0.00 215.00  0.00 265.00 
4  175.00 0.00 170.00  0.00 215.00  0.00 220.00  0.00 254.99 
4  175.00 0.00 170.00  0.00 220.00  0.00 225.00  0.00 379.19 
4  175.00 0.00 170.00  0.00 225.00  0.00 230.00  0.00 493.07 
4  175.00 0.00 170.00  0.00 230.00  0.00 235.00  0.00 452.32 
4  180.00 0.00 175.00  0.00 185.00  0.00 190.00  0.00 160.63 
4  180.00 0.00 175.00  0.00 190.00  0.00 195.00  0.00 233.02 
4  180.00 0.00 175.00  0.00 195.00  0.00 200.00  0.00 185.25 
4  180.00 0.00 175.00  0.00 200.00  0.00 205.00  0.00 203.90 
4  180.00 0.00 175.00  0.00 205.00  0.00 210.00  0.00 222.82 
4  180.00 0.00 175.00  0.00 210.00  0.00 215.00  0.00 220.52 
4  180.00 0.00 175.00  0.00 215.00  0.00 220.00  0.00 210.62 
4  180.00 0.00 175.00  0.00 220.00  0.00 225.00  0.00 313.84 
4  180.00 0.00 175.00  0.00 225.00  0.00 230.00  0.00 408.98 
4  180.00 0.00 175.00  0.00 230.00  0.00 235.00  0.00 355.06 
4  185.00 0.00 180.00  0.00 190.00  0.00 195.00  0.00 176.07 
4  185.00 0.00 180.00  0.00 195.00  0.00 200.00  0.00 167.34 
4  185.00 0.00 180.00  0.00 200.00  0.00 205.00  0.00 198.63 
4  185.00 0.00 180.00  0.00 205.00  0.00 210.00  0.00 220.19 
4  185.00 0.00 180.00  0.00 210.00  0.00 215.00  0.00 213.39 
4  185.00 0.00 180.00  0.00 215.00  0.00 220.00  0.00 202.50 
4  185.00 0.00 180.00  0.00 220.00  0.00 225.00  0.00 305.23 
4  185.00 0.00 180.00  0.00 225.00  0.00 230.00  0.00 400.52 
4  185.00 0.00 180.00  0.00 230.00  0.00 235.00  0.00 352.52 
4  190.00 0.00 185.00  0.00 195.00  0.00 200.00  0.00 97.53 
4  190.00 0.00 185.00  0.00 200.00  0.00 205.00  0.00 140.90 
4  190.00 0.00 185.00  0.00 205.00  0.00 210.00  0.00 167.24 
4  190.00 0.00 185.00  0.00 210.00  0.00 215.00  0.00 164.24 
4  190.00 0.00 185.00  0.00 215.00  0.00 220.00  0.00 156.70 
4  190.00 0.00 185.00  0.00 220.00  0.00 225.00  0.00 240.37 
4  190.00 0.00 185.00  0.00 225.00  0.00 230.00  0.00 318.77 
4  190.00 0.00 185.00  0.00 230.00  0.00 235.00  0.00 282.57 
4  195.00 0.00 190.00  0.00 200.00  0.00 205.00  0.00 84.48 
4  195.00 0.00 190.00  0.00 205.00  0.00 210.00  0.00 119.73 
4  195.00 0.00 190.00  0.00 210.00  0.00 215.00  0.00 124.16 
4  195.00 0.00 190.00  0.00 215.00  0.00 220.00  0.00 121.01 
4  195.00 0.00 190.00  0.00 220.00  0.00 225.00  0.00 191.57 
4  195.00 0.00 190.00  0.00 225.00  0.00 230.00  0.00 259.29 
4  195.00 0.00 190.00  0.00 230.00  0.00 235.00  0.00 234.86 
4  200.00 0.00 195.00  0.00 205.00  0.00 210.00  0.00 67.00 
4  200.00 0.00 195.00  0.00 210.00  0.00 215.00  0.00 76.78 
4  200.00 0.00 195.00  0.00 215.00  0.00 220.00  0.00 75.09 
4  200.00 0.00 195.00  0.00 220.00  0.00 225.00  0.00 121.43 
4  200.00 0.00 195.00  0.00 225.00  0.00 230.00  0.00 167.59 
4  200.00 0.00 195.00  0.00 230.00  0.00 235.00  0.00 159.00 
4  205.00 0.00 200.00  0.00 210.00  0.00 215.00  0.00 54.18 
4  205.00 0.00 200.00  0.00 215.00  0.00 220.00  0.00 57.00 
4  205.00 0.00 200.00  0.00 220.00  0.00 225.00  0.00 98.66 
4  205.00 0.00 200.00  0.00 225.00  0.00 230.00  0.00 141.61 
4  205.00 0.00 200.00  0.00 230.00  0.00 235.00  0.00 138.87 
4  210.00 0.00 205.00  0.00 215.00  0.00 220.00  0.00 47.40 
4  210.00 0.00 205.00  0.00 220.00  0.00 225.00  0.00 87.45 
4  210.00 0.00 205.00  0.00 225.00  0.00 230.00  0.00 130.72 
4  210.00 0.00 205.00  0.00 230.00  0.00 235.00  0.00 133.47 
4  215.00 0.00 210.00  0.00 220.00  0.00 225.00  0.00 63.59 
4  215.00 0.00 210.00  0.00 225.00  0.00 230.00  0.00 103.03 
4  215.00 0.00 210.00  0.00 230.00  0.00 235.00  0.00 114.74 
4  220.00 0.00 215.00  0.00 225.00  0.00 230.00  0.00 73.15 
4  220.00 0.00 215.00  0.00 230.00  0.00 235.00  0.00 94.72 
4  225.00 0.00 220.00  0.00 230.00  0.00 235.00  0.00 97.69 