4  0.00  0.00 15.00  0.00 5.00  0.00 10.00  0.00 1141.84 
4  0.00  0.00 30.00  0.00 10.00  0.00 20.00  0.00 1880.12 
4  0.00  0.00 45.00  0.00 15.00  0.00 30.00  0.00 2815.44 
4  0.00  0.00 60.00  0.00 20.00  0.00 40.00  0.00 3898.91 
4  0.00  0.00 75.00  0.00 25.00  0.00 50.00  0.00 4562.05 
4  0.00  0.00 90.00  0.00 30.00  0.00 60.00  0.00 5209.41 
4  0.00  0.00 105.00  0.00 35.00  0.00 70.00  0.00 5995.44 
4  0.00  0.00 120.00  0.00 40.00  0.00 80.00  0.00 6867.14 
4  0.00  0.00 135.00  0.00 45.00  0.00 90.00  0.00 7644.97 
4  0.00  0.00 150.00  0.00 50.00  0.00 100.00  0.00 8270.75 
4  0.00  0.00 165.00  0.00 55.00  0.00 110.00  0.00 9109.14 
4  0.00  0.00 180.00  0.00 60.00  0.00 120.00  0.00 9108.89 
4  0.00  0.00 195.00  0.00 65.00  0.00 130.00  0.00 8594.18 
4  0.00  0.00 210.00  0.00 70.00  0.00 140.00  0.00 7908.94 
4  0.00  0.00 225.00  0.00 75.00  0.00 150.00  0.00 6877.76 
4  5.00  0.00 20.00  0.00 10.00  0.00 15.00  0.00 1247.38 
4  5.00  0.00 35.00  0.00 15.00  0.00 25.00  0.00 2054.01 
4  5.00  0.00 50.00  0.00 20.00  0.00 35.00  0.00 3106.91 
4  5.00  0.00 65.00  0.00 25.00  0.00 45.00  0.00 3990.60 
4  5.00  0.00 80.00  0.00 30.00  0.00 55.00  0.00 4637.32 
4  5.00  0.00 95.00  0.00 35.00  0.00 65.00  0.00 5348.60 
4  5.00  0.00 110.00  0.00 40.00  0.00 75.00  0.00 6298.00 
4  5.00  0.00 125.00  0.00 45.00  0.00 85.00  0.00 7070.03 
4  5.00  0.00 140.00  0.00 50.00  0.00 95.00  0.00 7871.46 
4  5.00  0.00 155.00  0.00 55.00  0.00 105.00  0.00 8601.33 
4  5.00  0.00 170.00  0.00 60.00  0.00 115.00  0.00 9108.88 
4  5.00  0.00 185.00  0.00 65.00  0.00 125.00  0.00 9091.40 
4  5.00  0.00 200.00  0.00 70.00  0.00 135.00  0.00 8363.08 
4  5.00  0.00 215.00  0.00 75.00  0.00 145.00  0.00 7588.19 
4  5.00  0.00 230.00  0.00 80.00  0.00 155.00  0.00 6677.29 
4  10.00  0.00 25.00  0.00 15.00  0.00 20.00  0.00 1140.40 
4  10.00  0.00 40.00  0.00 20.00  0.00 30.00  0.00 2316.83 
4  10.00  0.00 55.00  0.00 25.00  0.00 40.00  0.00 3239.17 
4  10.00  0.00 70.00  0.00 30.00  0.00 50.00  0.00 4070.28 
4  10.00  0.00 85.00  0.00 35.00  0.00 60.00  0.00 4673.81 
4  10.00  0.00 100.00  0.00 40.00  0.00 70.00  0.00 5581.02 
4  10.00  0.00 115.00  0.00 45.00  0.00 80.00  0.00 6606.32 
4  10.00  0.00 130.00  0.00 50.00  0.00 90.00  0.00 7369.48 
4  10.00  0.00 145.00  0.00 55.00  0.00 100.00  0.00 8067.76 
4  10.00  0.00 160.00  0.00 60.00  0.00 110.00  0.00 9021.01 
4  10.00  0.00 175.00  0.00 65.00  0.00 120.00  0.00 9216.66 
4  10.00  0.00 190.00  0.00 70.00  0.00 130.00  0.00 8902.13 
4  10.00  0.00 205.00  0.00 75.00  0.00 140.00  0.00 8218.22 
4  10.00  0.00 220.00  0.00 80.00  0.00 150.00  0.00 7289.25 
4  10.00  0.00 235.00  0.00 85.00  0.00 160.00  0.00 6539.61 
4  15.00  0.00 30.00  0.00 20.00  0.00 25.00  0.00 1385.31 
4  15.00  0.00 45.00  0.00 25.00  0.00 35.00  0.00 2345.93 
4  15.00  0.00 60.00  0.00 30.00  0.00 45.00  0.00 3400.13 
4  15.00  0.00 75.00  0.00 35.00  0.00 55.00  0.00 4172.27 
4  15.00  0.00 90.00  0.00 40.00  0.00 65.00  0.00 4891.15 
4  15.00  0.00 105.00  0.00 45.00  0.00 75.00  0.00 5943.43 
4  15.00  0.00 120.00  0.00 50.00  0.00 85.00  0.00 6760.79 
4  15.00  0.00 135.00  0.00 55.00  0.00 95.00  0.00 7620.22 
4  15.00  0.00 150.00  0.00 60.00  0.00 105.00  0.00 8469.58 
4  15.00  0.00 165.00  0.00 65.00  0.00 115.00  0.00 9128.39 
4  15.00  0.00 180.00  0.00 70.00  0.00 125.00  0.00 9323.34 
4  15.00  0.00 195.00  0.00 75.00  0.00 135.00  0.00 8640.12 
4  15.00  0.00 210.00  0.00 80.00  0.00 145.00  0.00 7963.93 
4  15.00  0.00 225.00  0.00 85.00  0.00 155.00  0.00 7133.28 
4  20.00  0.00 35.00  0.00 25.00  0.00 30.00  0.00 1270.71 
4  20.00  0.00 50.00  0.00 30.00  0.00 40.00  0.00 2387.44 
4  20.00  0.00 65.00  0.00 35.00  0.00 50.00  0.00 3331.59 
4  20.00  0.00 80.00  0.00 40.00  0.00 60.00  0.00 4076.31 
4  20.00  0.00 95.00  0.00 45.00  0.00 70.00  0.00 4983.57 
4  20.00  0.00 110.00  0.00 50.00  0.00 80.00  0.00 6130.45 
4  20.00  0.00 125.00  0.00 55.00  0.00 90.00  0.00 6838.84 
4  20.00  0.00 140.00  0.00 60.00  0.00 100.00  0.00 7744.68 
4  20.00  0.00 155.00  0.00 65.00  0.00 110.00  0.00 8804.42 
4  20.00  0.00 170.00  0.00 70.00  0.00 120.00  0.00 9240.15 
4  20.00  0.00 185.00  0.00 75.00  0.00 130.00  0.00 8875.00 
4  20.00  0.00 200.00  0.00 80.00  0.00 140.00  0.00 8423.74 
4  20.00  0.00 215.00  0.00 85.00  0.00 150.00  0.00 7721.19 
4  20.00  0.00 230.00  0.00 90.00  0.00 160.00  0.00 6941.20 
4  25.00  0.00 40.00  0.00 30.00  0.00 35.00  0.00 1340.71 
4  25.00  0.00 55.00  0.00 35.00  0.00 45.00  0.00 2471.19 
4  25.00  0.00 70.00  0.00 40.00  0.00 55.00  0.00 3432.40 
4  25.00  0.00 85.00  0.00 45.00  0.00 65.00  0.00 4238.61 
4  25.00  0.00 100.00  0.00 50.00  0.00 75.00  0.00 5445.15 
4  25.00  0.00 115.00  0.00 55.00  0.00 85.00  0.00 6377.93 
4  25.00  0.00 130.00  0.00 60.00  0.00 95.00  0.00 7347.66 
4  25.00  0.00 145.00  0.00 65.00  0.00 105.00  0.00 8124.03 
4  25.00  0.00 160.00  0.00 70.00  0.00 115.00  0.00 8962.97 
4  25.00  0.00 175.00  0.00 75.00  0.00 125.00  0.00 9248.81 
4  25.00  0.00 190.00  0.00 80.00  0.00 135.00  0.00 8842.92 
4  25.00  0.00 205.00  0.00 85.00  0.00 145.00  0.00 8284.94 
4  25.00  0.00 220.00  0.00 90.00  0.00 155.00  0.00 7544.41 
4  25.00  0.00 235.00  0.00 95.00  0.00 165.00  0.00 6923.11 
4  30.00  0.00 45.00  0.00 35.00  0.00 40.00  0.00 1293.23 
4  30.00  0.00 60.00  0.00 40.00  0.00 50.00  0.00 2521.49 
4  30.00  0.00 75.00  0.00 45.00  0.00 60.00  0.00 3429.94 
4  30.00  0.00 90.00  0.00 50.00  0.00 70.00  0.00 4505.37 
4  30.00  0.00 105.00  0.00 55.00  0.00 80.00  0.00 5734.85 
4  30.00  0.00 120.00  0.00 60.00  0.00 90.00  0.00 6561.38 
4  30.00  0.00 135.00  0.00 65.00  0.00 100.00  0.00 7418.61 
4  30.00  0.00 150.00  0.00 70.00  0.00 110.00  0.00 8564.44 
4  30.00  0.00 165.00  0.00 75.00  0.00 120.00  0.00 9150.65 
4  30.00  0.00 180.00  0.00 80.00  0.00 130.00  0.00 8989.63 
4  30.00  0.00 195.00  0.00 85.00  0.00 140.00  0.00 8739.10 
4  30.00  0.00 210.00  0.00 90.00  0.00 150.00  0.00 8127.68 
4  30.00  0.00 225.00  0.00 95.00  0.00 160.00  0.00 7301.67 
4  35.00  0.00 50.00  0.00 40.00  0.00 45.00  0.00 1372.23 
4  35.00  0.00 65.00  0.00 45.00  0.00 55.00  0.00 2522.32 
4  35.00  0.00 80.00  0.00 50.00  0.00 65.00  0.00 3601.36 
4  35.00  0.00 95.00  0.00 55.00  0.00 75.00  0.00 4820.46 
4  35.00  0.00 110.00  0.00 60.00  0.00 85.00  0.00 5916.38 
4  35.00  0.00 125.00  0.00 65.00  0.00 95.00  0.00 6738.25 
4  35.00  0.00 140.00  0.00 70.00  0.00 105.00  0.00 7725.38 
4  35.00  0.00 155.00  0.00 75.00  0.00 115.00  0.00 8565.59 
4  35.00  0.00 170.00  0.00 80.00  0.00 125.00  0.00 8995.36 
4  35.00  0.00 185.00  0.00 85.00  0.00 135.00  0.00 8980.23 
4  35.00  0.00 200.00  0.00 90.00  0.00 145.00  0.00 8662.45 
4  35.00  0.00 215.00  0.00 95.00  0.00 155.00  0.00 7935.24 
4  35.00  0.00 230.00  0.00 100.00  0.00 165.00  0.00 7360.16 
4  40.00  0.00 55.00  0.00 45.00  0.00 50.00  0.00 1274.82 
4  40.00  0.00 70.00  0.00 50.00  0.00 60.00  0.00 2542.38 
4  40.00  0.00 85.00  0.00 55.00  0.00 70.00  0.00 3721.52 
4  40.00  0.00 100.00  0.00 60.00  0.00 80.00  0.00 5158.12 
4  40.00  0.00 115.00  0.00 65.00  0.00 90.00  0.00 5978.72 
4  40.00  0.00 130.00  0.00 70.00  0.00 100.00  0.00 6944.55 
4  40.00  0.00 145.00  0.00 75.00  0.00 110.00  0.00 7991.94 
4  40.00  0.00 160.00  0.00 80.00  0.00 120.00  0.00 8737.05 
4  40.00  0.00 175.00  0.00 85.00  0.00 130.00  0.00 8916.00 
4  40.00  0.00 190.00  0.00 90.00  0.00 140.00  0.00 8916.62 
4  40.00  0.00 205.00  0.00 95.00  0.00 150.00  0.00 8318.79 
4  40.00  0.00 220.00  0.00 100.00  0.00 160.00  0.00 7861.48 
4  40.00  0.00 235.00  0.00 105.00  0.00 170.00  0.00 7283.28 
4  45.00  0.00 60.00  0.00 50.00  0.00 55.00  0.00 1391.26 
4  45.00  0.00 75.00  0.00 55.00  0.00 65.00  0.00 2701.96 
4  45.00  0.00 90.00  0.00 60.00  0.00 75.00  0.00 4168.90 
4  45.00  0.00 105.00  0.00 65.00  0.00 85.00  0.00 5249.28 
4  45.00  0.00 120.00  0.00 70.00  0.00 95.00  0.00 6215.91 
4  45.00  0.00 135.00  0.00 75.00  0.00 105.00  0.00 7150.34 
4  45.00  0.00 150.00  0.00 80.00  0.00 115.00  0.00 8040.14 
4  45.00  0.00 165.00  0.00 85.00  0.00 125.00  0.00 8805.72 
4  45.00  0.00 180.00  0.00 90.00  0.00 135.00  0.00 8811.22 
4  45.00  0.00 195.00  0.00 95.00  0.00 145.00  0.00 8708.84 
4  45.00  0.00 210.00  0.00 100.00  0.00 155.00  0.00 8280.58 
4  45.00  0.00 225.00  0.00 105.00  0.00 165.00  0.00 7599.91 
4  50.00  0.00 65.00  0.00 55.00  0.00 60.00  0.00 1308.12 
4  50.00  0.00 80.00  0.00 60.00  0.00 70.00  0.00 2815.59 
4  50.00  0.00 95.00  0.00 65.00  0.00 80.00  0.00 4206.70 
4  50.00  0.00 110.00  0.00 70.00  0.00 90.00  0.00 5188.07 
4  50.00  0.00 125.00  0.00 75.00  0.00 100.00  0.00 5964.64 
4  50.00  0.00 140.00  0.00 80.00  0.00 110.00  0.00 7291.32 
4  50.00  0.00 155.00  0.00 85.00  0.00 120.00  0.00 8180.60 
4  50.00  0.00 170.00  0.00 90.00  0.00 130.00  0.00 8588.78 
4  50.00  0.00 185.00  0.00 95.00  0.00 140.00  0.00 8793.89 
4  50.00  0.00 200.00  0.00 100.00  0.00 150.00  0.00 8450.62 
4  50.00  0.00 215.00  0.00 105.00  0.00 160.00  0.00 7953.22 
4  50.00  0.00 230.00  0.00 110.00  0.00 170.00  0.00 7446.10 
4  55.00  0.00 70.00  0.00 60.00  0.00 65.00  0.00 1567.73 
4  55.00  0.00 85.00  0.00 65.00  0.00 75.00  0.00 2975.59 
4  55.00  0.00 100.00  0.00 70.00  0.00 85.00  0.00 4263.74 
4  55.00  0.00 115.00  0.00 75.00  0.00 95.00  0.00 5244.73 
4  55.00  0.00 130.00  0.00 80.00  0.00 105.00  0.00 6307.60 
4  55.00  0.00 145.00  0.00 85.00  0.00 115.00  0.00 7382.72 
4  55.00  0.00 160.00  0.00 90.00  0.00 125.00  0.00 8324.29 
4  55.00  0.00 175.00  0.00 95.00  0.00 135.00  0.00 8483.88 
4  55.00  0.00 190.00  0.00 100.00  0.00 145.00  0.00 8649.75 
4  55.00  0.00 205.00  0.00 105.00  0.00 155.00  0.00 8295.80 
4  55.00  0.00 220.00  0.00 110.00  0.00 165.00  0.00 7732.25 
4  55.00  0.00 235.00  0.00 115.00  0.00 175.00  0.00 7389.92 
4  60.00  0.00 75.00  0.00 65.00  0.00 70.00  0.00 1531.16 
4  60.00  0.00 90.00  0.00 70.00  0.00 80.00  0.00 3072.02 
4  60.00  0.00 105.00  0.00 75.00  0.00 90.00  0.00 4039.15 
4  60.00  0.00 120.00  0.00 80.00  0.00 100.00  0.00 5047.13 
4  60.00  0.00 135.00  0.00 85.00  0.00 110.00  0.00 6596.96 
4  60.00  0.00 150.00  0.00 90.00  0.00 120.00  0.00 7634.47 
4  60.00  0.00 165.00  0.00 95.00  0.00 130.00  0.00 8128.19 
4  60.00  0.00 180.00  0.00 100.00  0.00 140.00  0.00 8588.42 
4  60.00  0.00 195.00  0.00 105.00  0.00 150.00  0.00 8341.61 
4  60.00  0.00 210.00  0.00 110.00  0.00 160.00  0.00 7954.22 
4  60.00  0.00 225.00  0.00 115.00  0.00 170.00  0.00 7579.00 
4  65.00  0.00 80.00  0.00 70.00  0.00 75.00  0.00 1708.76 
4  65.00  0.00 95.00  0.00 75.00  0.00 85.00  0.00 2962.21 
4  65.00  0.00 110.00  0.00 80.00  0.00 95.00  0.00 4169.57 
4  65.00  0.00 125.00  0.00 85.00  0.00 105.00  0.00 5316.32 
4  65.00  0.00 140.00  0.00 90.00  0.00 115.00  0.00 6647.77 
4  65.00  0.00 155.00  0.00 95.00  0.00 125.00  0.00 7593.34 
4  65.00  0.00 170.00  0.00 100.00  0.00 135.00  0.00 8133.96 
4  65.00  0.00 185.00  0.00 105.00  0.00 145.00  0.00 8337.25 
4  65.00  0.00 200.00  0.00 110.00  0.00 155.00  0.00 8089.39 
4  65.00  0.00 215.00  0.00 115.00  0.00 165.00  0.00 7839.76 
4  65.00  0.00 230.00  0.00 120.00  0.00 175.00  0.00 7422.25 
4  70.00  0.00 85.00  0.00 75.00  0.00 80.00  0.00 1667.92 
4  70.00  0.00 100.00  0.00 80.00  0.00 90.00  0.00 2908.15 
4  70.00  0.00 115.00  0.00 85.00  0.00 100.00  0.00 4122.03 
4  70.00  0.00 130.00  0.00 90.00  0.00 110.00  0.00 5810.30 
4  70.00  0.00 145.00  0.00 95.00  0.00 120.00  0.00 6771.07 
4  70.00  0.00 160.00  0.00 100.00  0.00 130.00  0.00 7567.08 
4  70.00  0.00 175.00  0.00 105.00  0.00 140.00  0.00 8053.24 
4  70.00  0.00 190.00  0.00 110.00  0.00 150.00  0.00 7895.81 
4  70.00  0.00 205.00  0.00 115.00  0.00 160.00  0.00 7903.09 
4  70.00  0.00 220.00  0.00 120.00  0.00 170.00  0.00 7584.48 
4  70.00  0.00 235.00  0.00 125.00  0.00 180.00  0.00 7420.74 
4  75.00  0.00 90.00  0.00 80.00  0.00 85.00  0.00 1657.80 
4  75.00  0.00 105.00  0.00 85.00  0.00 95.00  0.00 3185.31 
4  75.00  0.00 120.00  0.00 90.00  0.00 105.00  0.00 4624.72 
4  75.00  0.00 135.00  0.00 95.00  0.00 115.00  0.00 5872.39 
4  75.00  0.00 150.00  0.00 100.00  0.00 125.00  0.00 7119.72 
4  75.00  0.00 165.00  0.00 105.00  0.00 135.00  0.00 7551.42 
4  75.00  0.00 180.00  0.00 110.00  0.00 145.00  0.00 7900.68 
4  75.00  0.00 195.00  0.00 115.00  0.00 155.00  0.00 7981.30 
4  75.00  0.00 210.00  0.00 120.00  0.00 165.00  0.00 7802.21 
4  75.00  0.00 225.00  0.00 125.00  0.00 175.00  0.00 7736.43 
4  80.00  0.00 95.00  0.00 85.00  0.00 90.00  0.00 1577.28 
4  80.00  0.00 110.00  0.00 90.00  0.00 100.00  0.00 3136.08 
4  80.00  0.00 125.00  0.00 95.00  0.00 110.00  0.00 4832.03 
4  80.00  0.00 140.00  0.00 100.00  0.00 120.00  0.00 6081.08 
4  80.00  0.00 155.00  0.00 105.00  0.00 130.00  0.00 6748.83 
4  80.00  0.00 170.00  0.00 110.00  0.00 140.00  0.00 7468.09 
4  80.00  0.00 185.00  0.00 115.00  0.00 150.00  0.00 7746.54 
4  80.00  0.00 200.00  0.00 120.00  0.00 160.00  0.00 7750.69 
4  80.00  0.00 215.00  0.00 125.00  0.00 170.00  0.00 7811.77 
4  80.00  0.00 230.00  0.00 130.00  0.00 180.00  0.00 7799.12 
4  85.00  0.00 100.00  0.00 90.00  0.00 95.00  0.00 1866.83 
4  85.00  0.00 115.00  0.00 95.00  0.00 105.00  0.00 3388.39 
4  85.00  0.00 130.00  0.00 100.00  0.00 115.00  0.00 4989.17 
4  85.00  0.00 145.00  0.00 105.00  0.00 125.00  0.00 6045.51 
4  85.00  0.00 160.00  0.00 110.00  0.00 135.00  0.00 6779.55 
4  85.00  0.00 175.00  0.00 115.00  0.00 145.00  0.00 7334.10 
4  85.00  0.00 190.00  0.00 120.00  0.00 155.00  0.00 7589.16 
4  85.00  0.00 205.00  0.00 125.00  0.00 165.00  0.00 7670.01 
4  85.00  0.00 220.00  0.00 130.00  0.00 175.00  0.00 7805.98 
4  85.00  0.00 235.00  0.00 135.00  0.00 185.00  0.00 7737.16 
4  90.00  0.00 105.00  0.00 95.00  0.00 100.00  0.00 1667.14 
4  90.00  0.00 120.00  0.00 100.00  0.00 110.00  0.00 3780.85 
4  90.00  0.00 135.00  0.00 105.00  0.00 120.00  0.00 5022.03 
4  90.00  0.00 150.00  0.00 110.00  0.00 130.00  0.00 5663.45 
4  90.00  0.00 165.00  0.00 115.00  0.00 140.00  0.00 6661.33 
4  90.00  0.00 180.00  0.00 120.00  0.00 150.00  0.00 7031.87 
4  90.00  0.00 195.00  0.00 125.00  0.00 160.00  0.00 7395.64 
4  90.00  0.00 210.00  0.00 130.00  0.00 170.00  0.00 7854.55 
4  90.00  0.00 225.00  0.00 135.00  0.00 180.00  0.00 7744.35 
4  95.00  0.00 110.00  0.00 100.00  0.00 105.00  0.00 2275.92 
4  95.00  0.00 125.00  0.00 105.00  0.00 115.00  0.00 3631.38 
4  95.00  0.00 140.00  0.00 110.00  0.00 125.00  0.00 4833.98 
4  95.00  0.00 155.00  0.00 115.00  0.00 135.00  0.00 5730.52 
4  95.00  0.00 170.00  0.00 120.00  0.00 145.00  0.00 6471.84 
4  95.00  0.00 185.00  0.00 125.00  0.00 155.00  0.00 7012.07 
4  95.00  0.00 200.00  0.00 130.00  0.00 165.00  0.00 7466.80 
4  95.00  0.00 215.00  0.00 135.00  0.00 175.00  0.00 7739.00 
4  95.00  0.00 230.00  0.00 140.00  0.00 185.00  0.00 7669.06 
4  100.00  0.00 115.00  0.00 105.00  0.00 110.00  0.00 2331.99 
4  100.00  0.00 130.00  0.00 110.00  0.00 120.00  0.00 3696.21 
4  100.00  0.00 145.00  0.00 115.00  0.00 130.00  0.00 4669.82 
4  100.00  0.00 160.00  0.00 120.00  0.00 140.00  0.00 5754.60 
4  100.00  0.00 175.00  0.00 125.00  0.00 150.00  0.00 6317.98 
4  100.00  0.00 190.00  0.00 130.00  0.00 160.00  0.00 7016.51 
4  100.00  0.00 205.00  0.00 135.00  0.00 170.00  0.00 7537.83 
4  100.00  0.00 220.00  0.00 140.00  0.00 180.00  0.00 7637.60 
4  100.00  0.00 235.00  0.00 145.00  0.00 190.00  0.00 7660.33 
4  105.00  0.00 120.00  0.00 110.00  0.00 115.00  0.00 2283.03 
4  105.00  0.00 135.00  0.00 115.00  0.00 125.00  0.00 4073.18 
4  105.00  0.00 150.00  0.00 120.00  0.00 135.00  0.00 4867.73 
4  105.00  0.00 165.00  0.00 125.00  0.00 145.00  0.00 5773.80 
4  105.00  0.00 180.00  0.00 130.00  0.00 155.00  0.00 6524.38 
4  105.00  0.00 195.00  0.00 135.00  0.00 165.00  0.00 7083.32 
4  105.00  0.00 210.00  0.00 140.00  0.00 175.00  0.00 7612.61 
4  105.00  0.00 225.00  0.00 145.00  0.00 185.00  0.00 7643.82 
4  110.00  0.00 125.00  0.00 115.00  0.00 120.00  0.00 2619.70 
4  110.00  0.00 140.00  0.00 120.00  0.00 130.00  0.00 3688.32 
4  110.00  0.00 155.00  0.00 125.00  0.00 140.00  0.00 5031.40 
4  110.00  0.00 170.00  0.00 130.00  0.00 150.00  0.00 5888.04 
4  110.00  0.00 185.00  0.00 135.00  0.00 160.00  0.00 6653.78 
4  110.00  0.00 200.00  0.00 140.00  0.00 170.00  0.00 7246.01 
4  110.00  0.00 215.00  0.00 145.00  0.00 180.00  0.00 7600.96 
4  110.00  0.00 230.00  0.00 150.00  0.00 190.00  0.00 7884.38 
4  115.00  0.00 130.00  0.00 120.00  0.00 125.00  0.00 2523.31 
4  115.00  0.00 145.00  0.00 125.00  0.00 135.00  0.00 3678.82 
4  115.00  0.00 160.00  0.00 130.00  0.00 145.00  0.00 5184.83 
4  115.00  0.00 175.00  0.00 135.00  0.00 155.00  0.00 5894.74 
4  115.00  0.00 190.00  0.00 140.00  0.00 165.00  0.00 6478.74 
4  115.00  0.00 205.00  0.00 145.00  0.00 175.00  0.00 7220.51 
4  115.00  0.00 220.00  0.00 150.00  0.00 185.00  0.00 7551.37 
4  115.00  0.00 235.00  0.00 155.00  0.00 195.00  0.00 7878.62 
4  120.00  0.00 135.00  0.00 125.00  0.00 130.00  0.00 2381.29 
4  120.00  0.00 150.00  0.00 130.00  0.00 140.00  0.00 4175.66 
4  120.00  0.00 165.00  0.00 135.00  0.00 150.00  0.00 5214.45 
4  120.00  0.00 180.00  0.00 140.00  0.00 160.00  0.00 5837.21 
4  120.00  0.00 195.00  0.00 145.00  0.00 170.00  0.00 6672.41 
4  120.00  0.00 210.00  0.00 150.00  0.00 180.00  0.00 7334.14 
4  120.00  0.00 225.00  0.00 155.00  0.00 190.00  0.00 7587.64 
4  125.00  0.00 140.00  0.00 130.00  0.00 135.00  0.00 2644.33 
4  125.00  0.00 155.00  0.00 135.00  0.00 145.00  0.00 4125.76 
4  125.00  0.00 170.00  0.00 140.00  0.00 155.00  0.00 4867.78 
4  125.00  0.00 185.00  0.00 145.00  0.00 165.00  0.00 5821.36 
4  125.00  0.00 200.00  0.00 150.00  0.00 175.00  0.00 6773.65 
4  125.00  0.00 215.00  0.00 155.00  0.00 185.00  0.00 7299.02 
4  125.00  0.00 230.00  0.00 160.00  0.00 195.00  0.00 7648.23 
4  130.00  0.00 145.00  0.00 135.00  0.00 140.00  0.00 2660.60 
4  130.00  0.00 160.00  0.00 140.00  0.00 150.00  0.00 3810.86 
4  130.00  0.00 175.00  0.00 145.00  0.00 160.00  0.00 4725.34 
4  130.00  0.00 190.00  0.00 150.00  0.00 170.00  0.00 5948.88 
4  130.00  0.00 205.00  0.00 155.00  0.00 180.00  0.00 6621.82 
4  130.00  0.00 220.00  0.00 160.00  0.00 190.00  0.00 7166.46 
4  130.00  0.00 235.00  0.00 165.00  0.00 200.00  0.00 7620.47 
4  135.00  0.00 150.00  0.00 140.00  0.00 145.00  0.00 2623.69 
4  135.00  0.00 165.00  0.00 145.00  0.00 155.00  0.00 3890.41 
4  135.00  0.00 180.00  0.00 150.00  0.00 165.00  0.00 4943.78 
4  135.00  0.00 195.00  0.00 155.00  0.00 175.00  0.00 5910.98 
4  135.00  0.00 210.00  0.00 160.00  0.00 185.00  0.00 6624.31 
4  135.00  0.00 225.00  0.00 165.00  0.00 195.00  0.00 7062.80 
4  140.00  0.00 155.00  0.00 145.00  0.00 150.00  0.00 2463.75 
4  140.00  0.00 170.00  0.00 150.00  0.00 160.00  0.00 3859.94 
4  140.00  0.00 185.00  0.00 155.00  0.00 170.00  0.00 5102.06 
4  140.00  0.00 200.00  0.00 160.00  0.00 180.00  0.00 5842.89 
4  140.00  0.00 215.00  0.00 165.00  0.00 190.00  0.00 6655.97 
4  140.00  0.00 230.00  0.00 170.00  0.00 200.00  0.00 6969.45 
4  145.00  0.00 160.00  0.00 150.00  0.00 155.00  0.00 2758.68 
4  145.00  0.00 175.00  0.00 155.00  0.00 165.00  0.00 3854.67 
4  145.00  0.00 190.00  0.00 160.00  0.00 175.00  0.00 5089.25 
4  145.00  0.00 205.00  0.00 165.00  0.00 185.00  0.00 5874.06 
4  145.00  0.00 220.00  0.00 170.00  0.00 195.00  0.00 6268.20 
4  145.00  0.00 235.00  0.00 175.00  0.00 205.00  0.00 6800.89 
4  150.00  0.00 165.00  0.00 155.00  0.00 160.00  0.00 2586.72 
4  150.00  0.00 180.00  0.00 160.00  0.00 170.00  0.00 3926.26 
4  150.00  0.00 195.00  0.00 165.00  0.00 180.00  0.00 4918.98 
4  150.00  0.00 210.00  0.00 170.00  0.00 190.00  0.00 5642.99 
4  150.00  0.00 225.00  0.00 175.00  0.00 200.00  0.00 6101.77 
4  155.00  0.00 170.00  0.00 160.00  0.00 165.00  0.00 2691.16 
4  155.00  0.00 185.00  0.00 165.00  0.00 175.00  0.00 3953.22 
4  155.00  0.00 200.00  0.00 170.00  0.00 185.00  0.00 4689.01 
4  155.00  0.00 215.00  0.00 175.00  0.00 195.00  0.00 5473.16 
4  155.00  0.00 230.00  0.00 180.00  0.00 205.00  0.00 6083.68 
4  160.00  0.00 175.00  0.00 165.00  0.00 170.00  0.00 2889.42 
4  160.00  0.00 190.00  0.00 170.00  0.00 180.00  0.00 3715.47 
4  160.00  0.00 205.00  0.00 175.00  0.00 190.00  0.00 4658.31 
4  160.00  0.00 220.00  0.00 180.00  0.00 200.00  0.00 5491.15 
4  160.00  0.00 235.00  0.00 185.00  0.00 210.00  0.00 6072.24 
4  165.00  0.00 180.00  0.00 170.00  0.00 175.00  0.00 2702.14 
4  165.00  0.00 195.00  0.00 175.00  0.00 185.00  0.00 3669.24 
4  165.00  0.00 210.00  0.00 180.00  0.00 195.00  0.00 4756.96 
4  165.00  0.00 225.00  0.00 185.00  0.00 205.00  0.00 5325.02 
4  170.00  0.00 185.00  0.00 175.00  0.00 180.00  0.00 2763.92 
4  170.00  0.00 200.00  0.00 180.00  0.00 190.00  0.00 3784.40 
4  170.00  0.00 215.00  0.00 185.00  0.00 200.00  0.00 4766.57 
4  170.00  0.00 230.00  0.00 190.00  0.00 210.00  0.00 5339.06 
4  175.00  0.00 190.00  0.00 180.00  0.00 185.00  0.00 2800.56 
4  175.00  0.00 205.00  0.00 185.00  0.00 195.00  0.00 3810.09 
4  175.00  0.00 220.00  0.00 190.00  0.00 205.00  0.00 4522.90 
4  175.00  0.00 235.00  0.00 195.00  0.00 215.00  0.00 5195.01 
4  180.00  0.00 195.00  0.00 185.00  0.00 190.00  0.00 3001.67 
4  180.00  0.00 210.00  0.00 190.00  0.00 200.00  0.00 3789.46 
4  180.00  0.00 225.00  0.00 195.00  0.00 210.00  0.00 4351.09 
4  185.00  0.00 200.00  0.00 190.00  0.00 195.00  0.00 2995.05 
4  185.00  0.00 215.00  0.00 195.00  0.00 205.00  0.00 3591.67 
4  185.00  0.00 230.00  0.00 200.00  0.00 215.00  0.00 4438.18 
4  190.00  0.00 205.00  0.00 195.00  0.00 200.00  0.00 3097.02 
4  190.00  0.00 220.00  0.00 200.00  0.00 210.00  0.00 3496.00 
4  190.00  0.00 235.00  0.00 205.00  0.00 220.00  0.00 4550.02 
4  195.00  0.00 210.00  0.00 200.00  0.00 205.00  0.00 2997.19 
4  195.00  0.00 225.00  0.00 205.00  0.00 215.00  0.00 3640.70 
4  200.00  0.00 215.00  0.00 205.00  0.00 210.00  0.00 3161.48 
4  200.00  0.00 230.00  0.00 210.00  0.00 220.00  0.00 3771.79 
4  205.00  0.00 220.00  0.00 210.00  0.00 215.00  0.00 3036.20 
4  205.00  0.00 235.00  0.00 215.00  0.00 225.00  0.00 3703.10 
4  210.00  0.00 225.00  0.00 215.00  0.00 220.00  0.00 3074.01 
4  215.00  0.00 230.00  0.00 220.00  0.00 225.00  0.00 3135.34 
4  220.00  0.00 235.00  0.00 225.00  0.00 230.00  0.00 2871.66