4  5.00 0.00 0.00  0.00 10.00  0.00 15.00  0.00 2301.76 
4  5.00 0.00 0.00  0.00 15.00  0.00 20.00  0.00 2412.98 
4  5.00 0.00 0.00  0.00 20.00  0.00 25.00  0.00 3641.43 
4  5.00 0.00 0.00  0.00 25.00  0.00 30.00  0.00 4195.38 
4  5.00 0.00 0.00  0.00 30.00  0.00 35.00  0.00 3345.86 
4  5.00 0.00 0.00  0.00 35.00  0.00 40.00  0.00 2568.95 
4  5.00 0.00 0.00  0.00 40.00  0.00 45.00  0.00 3109.93 
4  5.00 0.00 0.00  0.00 45.00  0.00 50.00  0.00 6039.28 
4  5.00 0.00 0.00  0.00 50.00  0.00 55.00  0.00 3510.43 
4  5.00 0.00 0.00  0.00 55.00  0.00 60.00  0.00 2031.41 
4  5.00 0.00 0.00  0.00 60.00  0.00 65.00  0.00 3051.49 
4  5.00 0.00 0.00  0.00 65.00  0.00 70.00  0.00 3051.16 
4  5.00 0.00 0.00  0.00 70.00  0.00 75.00  0.00 3202.17 
4  5.00 0.00 0.00  0.00 75.00  0.00 80.00  0.00 3881.29 
4  5.00 0.00 0.00  0.00 80.00  0.00 85.00  0.00 3330.20 
4  5.00 0.00 0.00  0.00 85.00  0.00 90.00  0.00 6491.99 
4  5.00 0.00 0.00  0.00 90.00  0.00 95.00  0.00 5320.08 
4  5.00 0.00 0.00  0.00 95.00  0.00 100.00  0.00 4426.62 
4  5.00 0.00 0.00  0.00 100.00  0.00 105.00  0.00 7174.97 
4  5.00 0.00 0.00  0.00 105.00  0.00 110.00  0.00 7034.79 
4  5.00 0.00 0.00  0.00 110.00  0.00 115.00  0.00 7004.30 
4  5.00 0.00 0.00  0.00 115.00  0.00 120.00  0.00 11781.03 
4  5.00 0.00 0.00  0.00 120.00  0.00 125.00  0.00 8678.62 
4  5.00 0.00 0.00  0.00 125.00  0.00 130.00  0.00 9590.04 
4  5.00 0.00 0.00  0.00 130.00  0.00 135.00  0.00 8531.05 
4  5.00 0.00 0.00  0.00 135.00  0.00 140.00  0.00 10645.40 
4  5.00 0.00 0.00  0.00 140.00  0.00 145.00  0.00 10694.11 
4  5.00 0.00 0.00  0.00 145.00  0.00 150.00  0.00 13677.72 
4  5.00 0.00 0.00  0.00 150.00  0.00 155.00  0.00 10678.23 
4  5.00 0.00 0.00  0.00 155.00  0.00 160.00  0.00 11902.32 
4  5.00 0.00 0.00  0.00 160.00  0.00 165.00  0.00 7426.05 
4  5.00 0.00 0.00  0.00 165.00  0.00 170.00  0.00 11813.36 
4  10.00 0.00 5.00  0.00 15.00  0.00 20.00  0.00 9239.26 
4  10.00 0.00 5.00  0.00 20.00  0.00 25.00  0.00 11776.12 
4  10.00 0.00 5.00  0.00 25.00  0.00 30.00  0.00 14740.28 
4  10.00 0.00 5.00  0.00 30.00  0.00 35.00  0.00 11800.46 
4  10.00 0.00 5.00  0.00 35.00  0.00 40.00  0.00 7805.27 
4  10.00 0.00 5.00  0.00 40.00  0.00 45.00  0.00 11076.88 
4  10.00 0.00 5.00  0.00 45.00  0.00 50.00  0.00 18385.57 
4  10.00 0.00 5.00  0.00 50.00  0.00 55.00  0.00 12891.74 
4  10.00 0.00 5.00  0.00 55.00  0.00 60.00  0.00 7951.88 
4  10.00 0.00 5.00  0.00 60.00  0.00 65.00  0.00 11117.85 
4  10.00 0.00 5.00  0.00 65.00  0.00 70.00  0.00 13325.30 
4  10.00 0.00 5.00  0.00 70.00  0.00 75.00  0.00 13581.25 
4  10.00 0.00 5.00  0.00 75.00  0.00 80.00  0.00 16659.51 
4  10.00 0.00 5.00  0.00 80.00  0.00 85.00  0.00 13291.29 
4  10.00 0.00 5.00  0.00 85.00  0.00 90.00  0.00 26008.28 
4  10.00 0.00 5.00  0.00 90.00  0.00 95.00  0.00 20227.19 
4  10.00 0.00 5.00  0.00 95.00  0.00 100.00  0.00 14112.50 
4  10.00 0.00 5.00  0.00 100.00  0.00 105.00  0.00 29385.16 
4  10.00 0.00 5.00  0.00 105.00  0.00 110.00  0.00 26839.76 
4  10.00 0.00 5.00  0.00 110.00  0.00 115.00  0.00 14209.46 
4  10.00 0.00 5.00  0.00 115.00  0.00 120.00  0.00 58424.91 
4  10.00 0.00 5.00  0.00 120.00  0.00 125.00  0.00 33043.66 
4  10.00 0.00 5.00  0.00 125.00  0.00 130.00  0.00 38474.50 
4  10.00 0.00 5.00  0.00 130.00  0.00 135.00  0.00 28418.73 
4  10.00 0.00 5.00  0.00 135.00  0.00 140.00  0.00 39994.92 
4  10.00 0.00 5.00  0.00 140.00  0.00 145.00  0.00 44348.17 
4  10.00 0.00 5.00  0.00 145.00  0.00 150.00  0.00 57492.09 
4  10.00 0.00 5.00  0.00 150.00  0.00 155.00  0.00 45484.28 
4  10.00 0.00 5.00  0.00 155.00  0.00 160.00  0.00 42802.55 
4  10.00 0.00 5.00  0.00 160.00  0.00 165.00  0.00 29475.57 
4  10.00 0.00 5.00  0.00 165.00  0.00 170.00  0.00 45380.54 
4  10.00 0.00 5.00  0.00 170.00  0.00 175.00  0.00 33250.21 
4  15.00 0.00 10.00  0.00 20.00  0.00 25.00  0.00 11734.19 
4  15.00 0.00 10.00  0.00 25.00  0.00 30.00  0.00 17751.45 
4  15.00 0.00 10.00  0.00 30.00  0.00 35.00  0.00 16122.46 
4  15.00 0.00 10.00  0.00 35.00  0.00 40.00  0.00 11671.33 
4  15.00 0.00 10.00  0.00 40.00  0.00 45.00  0.00 17349.53 
4  15.00 0.00 10.00  0.00 45.00  0.00 50.00  0.00 31208.26 
4  15.00 0.00 10.00  0.00 50.00  0.00 55.00  0.00 21334.63 
4  15.00 0.00 10.00  0.00 55.00  0.00 60.00  0.00 12039.46 
4  15.00 0.00 10.00  0.00 60.00  0.00 65.00  0.00 22231.41 
4  15.00 0.00 10.00  0.00 65.00  0.00 70.00  0.00 19302.54 
4  15.00 0.00 10.00  0.00 70.00  0.00 75.00  0.00 22433.04 
4  15.00 0.00 10.00  0.00 75.00  0.00 80.00  0.00 27911.72 
4  15.00 0.00 10.00  0.00 80.00  0.00 85.00  0.00 25548.61 
4  15.00 0.00 10.00  0.00 85.00  0.00 90.00  0.00 46517.02 
4  15.00 0.00 10.00  0.00 90.00  0.00 95.00  0.00 41006.51 
4  15.00 0.00 10.00  0.00 95.00  0.00 100.00  0.00 38395.49 
4  15.00 0.00 10.00  0.00 100.00  0.00 105.00  0.00 51004.42 
4  15.00 0.00 10.00  0.00 105.00  0.00 110.00  0.00 54043.86 
4  15.00 0.00 10.00  0.00 110.00  0.00 115.00  0.00 71127.33 
4  15.00 0.00 10.00  0.00 115.00  0.00 120.00  0.00 74845.98 
4  15.00 0.00 10.00  0.00 120.00  0.00 125.00  0.00 70100.07 
4  15.00 0.00 10.00  0.00 125.00  0.00 130.00  0.00 79796.59 
4  15.00 0.00 10.00  0.00 130.00  0.00 135.00  0.00 75693.40 
4  15.00 0.00 10.00  0.00 135.00  0.00 140.00  0.00 90338.45 
4  15.00 0.00 10.00  0.00 140.00  0.00 145.00  0.00 87651.80 
4  15.00 0.00 10.00  0.00 145.00  0.00 150.00  0.00 114791.59 
4  15.00 0.00 10.00  0.00 150.00  0.00 155.00  0.00 86185.58 
4  15.00 0.00 10.00  0.00 155.00  0.00 160.00  0.00 108735.06 
4  15.00 0.00 10.00  0.00 160.00  0.00 165.00  0.00 64563.68 
4  15.00 0.00 10.00  0.00 165.00  0.00 170.00  0.00 104761.96 
4  15.00 0.00 10.00  0.00 170.00  0.00 175.00  0.00 67359.41 
4  15.00 0.00 10.00  0.00 175.00  0.00 180.00  0.00 63618.34 
4  20.00 0.00 15.00  0.00 25.00  0.00 30.00  0.00 7424.26 
4  20.00 0.00 15.00  0.00 30.00  0.00 35.00  0.00 7516.49 
4  20.00 0.00 15.00  0.00 35.00  0.00 40.00  0.00 6275.36 
4  20.00 0.00 15.00  0.00 40.00  0.00 45.00  0.00 9206.73 
4  20.00 0.00 15.00  0.00 45.00  0.00 50.00  0.00 17420.45 
4  20.00 0.00 15.00  0.00 50.00  0.00 55.00  0.00 11407.43 
4  20.00 0.00 15.00  0.00 55.00  0.00 60.00  0.00 6643.71 
4  20.00 0.00 15.00  0.00 60.00  0.00 65.00  0.00 11308.45 
4  20.00 0.00 15.00  0.00 65.00  0.00 70.00  0.00 9732.35 
4  20.00 0.00 15.00  0.00 70.00  0.00 75.00  0.00 11210.90 
4  20.00 0.00 15.00  0.00 75.00  0.00 80.00  0.00 14020.83 
4  20.00 0.00 15.00  0.00 80.00  0.00 85.00  0.00 13061.92 
4  20.00 0.00 15.00  0.00 85.00  0.00 90.00  0.00 24859.64 
4  20.00 0.00 15.00  0.00 90.00  0.00 95.00  0.00 21965.96 
4  20.00 0.00 15.00  0.00 95.00  0.00 100.00  0.00 20681.08 
4  20.00 0.00 15.00  0.00 100.00  0.00 105.00  0.00 27894.51 
4  20.00 0.00 15.00  0.00 105.00  0.00 110.00  0.00 29880.75 
4  20.00 0.00 15.00  0.00 110.00  0.00 115.00  0.00 40686.70 
4  20.00 0.00 15.00  0.00 115.00  0.00 120.00  0.00 38204.43 
4  20.00 0.00 15.00  0.00 120.00  0.00 125.00  0.00 38539.55 
4  20.00 0.00 15.00  0.00 125.00  0.00 130.00  0.00 43035.20 
4  20.00 0.00 15.00  0.00 130.00  0.00 135.00  0.00 41489.30 
4  20.00 0.00 15.00  0.00 135.00  0.00 140.00  0.00 49551.13 
4  20.00 0.00 15.00  0.00 140.00  0.00 145.00  0.00 48249.68 
4  20.00 0.00 15.00  0.00 145.00  0.00 150.00  0.00 62602.49 
4  20.00 0.00 15.00  0.00 150.00  0.00 155.00  0.00 47808.74 
4  20.00 0.00 15.00  0.00 155.00  0.00 160.00  0.00 59046.33 
4  20.00 0.00 15.00  0.00 160.00  0.00 165.00  0.00 35573.86 
4  20.00 0.00 15.00  0.00 165.00  0.00 170.00  0.00 57441.13 
4  20.00 0.00 15.00  0.00 170.00  0.00 175.00  0.00 37104.07 
4  20.00 0.00 15.00  0.00 175.00  0.00 180.00  0.00 33865.55 
4  20.00 0.00 15.00  0.00 180.00  0.00 185.00  0.00 36625.90 
4  25.00 0.00 20.00  0.00 30.00  0.00 35.00  0.00 8811.84 
4  25.00 0.00 20.00  0.00 35.00  0.00 40.00  0.00 6300.55 
4  25.00 0.00 20.00  0.00 40.00  0.00 45.00  0.00 10632.83 
4  25.00 0.00 20.00  0.00 45.00  0.00 50.00  0.00 21869.40 
4  25.00 0.00 20.00  0.00 50.00  0.00 55.00  0.00 15220.51 
4  25.00 0.00 20.00  0.00 55.00  0.00 60.00  0.00 9405.23 
4  25.00 0.00 20.00  0.00 60.00  0.00 65.00  0.00 14808.50 
4  25.00 0.00 20.00  0.00 65.00  0.00 70.00  0.00 14439.17 
4  25.00 0.00 20.00  0.00 70.00  0.00 75.00  0.00 15888.17 
4  25.00 0.00 20.00  0.00 75.00  0.00 80.00  0.00 20152.49 
4  25.00 0.00 20.00  0.00 80.00  0.00 85.00  0.00 18091.57 
4  25.00 0.00 20.00  0.00 85.00  0.00 90.00  0.00 35946.52 
4  25.00 0.00 20.00  0.00 90.00  0.00 95.00  0.00 30855.02 
4  25.00 0.00 20.00  0.00 95.00  0.00 100.00  0.00 26985.24 
4  25.00 0.00 20.00  0.00 100.00  0.00 105.00  0.00 42805.93 
4  25.00 0.00 20.00  0.00 105.00  0.00 110.00  0.00 43543.04 
4  25.00 0.00 20.00  0.00 110.00  0.00 115.00  0.00 46798.59 
4  25.00 0.00 20.00  0.00 115.00  0.00 120.00  0.00 73639.29 
4  25.00 0.00 20.00  0.00 120.00  0.00 125.00  0.00 57010.87 
4  25.00 0.00 20.00  0.00 125.00  0.00 130.00  0.00 64320.48 
4  25.00 0.00 20.00  0.00 130.00  0.00 135.00  0.00 58890.06 
4  25.00 0.00 20.00  0.00 135.00  0.00 140.00  0.00 73388.84 
4  25.00 0.00 20.00  0.00 140.00  0.00 145.00  0.00 74099.37 
4  25.00 0.00 20.00  0.00 145.00  0.00 150.00  0.00 96582.05 
4  25.00 0.00 20.00  0.00 150.00  0.00 155.00  0.00 74978.87 
4  25.00 0.00 20.00  0.00 155.00  0.00 160.00  0.00 86873.43 
4  25.00 0.00 20.00  0.00 160.00  0.00 165.00  0.00 53851.77 
4  25.00 0.00 20.00  0.00 165.00  0.00 170.00  0.00 86846.88 
4  25.00 0.00 20.00  0.00 170.00  0.00 175.00  0.00 57998.10 
4  25.00 0.00 20.00  0.00 175.00  0.00 180.00  0.00 50499.35 
4  25.00 0.00 20.00  0.00 180.00  0.00 185.00  0.00 58928.17 
4  25.00 0.00 20.00  0.00 185.00  0.00 190.00  0.00 78987.55 
4  30.00 0.00 25.00  0.00 35.00  0.00 40.00  0.00 4974.12 
4  30.00 0.00 25.00  0.00 40.00  0.00 45.00  0.00 9236.28 
4  30.00 0.00 25.00  0.00 45.00  0.00 50.00  0.00 21769.00 
4  30.00 0.00 25.00  0.00 50.00  0.00 55.00  0.00 15592.39 
4  30.00 0.00 25.00  0.00 55.00  0.00 60.00  0.00 10037.92 
4  30.00 0.00 25.00  0.00 60.00  0.00 65.00  0.00 15393.63 
4  30.00 0.00 25.00  0.00 65.00  0.00 70.00  0.00 14574.45 
4  30.00 0.00 25.00  0.00 70.00  0.00 75.00  0.00 16036.22 
4  30.00 0.00 25.00  0.00 75.00  0.00 80.00  0.00 20490.18 
4  30.00 0.00 25.00  0.00 80.00  0.00 85.00  0.00 18888.42 
4  30.00 0.00 25.00  0.00 85.00  0.00 90.00  0.00 38898.78 
4  30.00 0.00 25.00  0.00 90.00  0.00 95.00  0.00 33913.45 
4  30.00 0.00 25.00  0.00 95.00  0.00 100.00  0.00 30728.85 
4  30.00 0.00 25.00  0.00 100.00  0.00 105.00  0.00 47225.90 
4  30.00 0.00 25.00  0.00 105.00  0.00 110.00  0.00 49176.52 
4  30.00 0.00 25.00  0.00 110.00  0.00 115.00  0.00 58385.63 
4  30.00 0.00 25.00  0.00 115.00  0.00 120.00  0.00 76051.69 
4  30.00 0.00 25.00  0.00 120.00  0.00 125.00  0.00 64924.07 
4  30.00 0.00 25.00  0.00 125.00  0.00 130.00  0.00 71820.09 
4  30.00 0.00 25.00  0.00 130.00  0.00 135.00  0.00 68382.65 
4  30.00 0.00 25.00  0.00 135.00  0.00 140.00  0.00 84225.23 
4  30.00 0.00 25.00  0.00 140.00  0.00 145.00  0.00 84131.23 
4  30.00 0.00 25.00  0.00 145.00  0.00 150.00  0.00 109026.55 
4  30.00 0.00 25.00  0.00 150.00  0.00 155.00  0.00 85661.22 
4  30.00 0.00 25.00  0.00 155.00  0.00 160.00  0.00 100228.38 
4  30.00 0.00 25.00  0.00 160.00  0.00 165.00  0.00 61858.38 
4  30.00 0.00 25.00  0.00 165.00  0.00 170.00  0.00 100135.12 
4  30.00 0.00 25.00  0.00 170.00  0.00 175.00  0.00 66201.55 
4  30.00 0.00 25.00  0.00 175.00  0.00 180.00  0.00 57621.07 
4  30.00 0.00 25.00  0.00 180.00  0.00 185.00  0.00 66853.48 
4  30.00 0.00 25.00  0.00 185.00  0.00 190.00  0.00 91084.80 
4  30.00 0.00 25.00  0.00 190.00  0.00 195.00  0.00 64317.83 
4  35.00 0.00 30.00  0.00 40.00  0.00 45.00  0.00 4829.77 
4  35.00 0.00 30.00  0.00 45.00  0.00 50.00  0.00 13643.94 
4  35.00 0.00 30.00  0.00 50.00  0.00 55.00  0.00 10610.47 
4  35.00 0.00 30.00  0.00 55.00  0.00 60.00  0.00 7504.63 
4  35.00 0.00 30.00  0.00 60.00  0.00 65.00  0.00 12605.24 
4  35.00 0.00 30.00  0.00 65.00  0.00 70.00  0.00 11715.53 
4  35.00 0.00 30.00  0.00 70.00  0.00 75.00  0.00 13677.89 
4  35.00 0.00 30.00  0.00 75.00  0.00 80.00  0.00 17973.30 
4  35.00 0.00 30.00  0.00 80.00  0.00 85.00  0.00 17437.71 
4  35.00 0.00 30.00  0.00 85.00  0.00 90.00  0.00 35755.06 
4  35.00 0.00 30.00  0.00 90.00  0.00 95.00  0.00 32560.58 
4  35.00 0.00 30.00  0.00 95.00  0.00 100.00  0.00 31498.28 
4  35.00 0.00 30.00  0.00 100.00  0.00 105.00  0.00 44834.96 
4  35.00 0.00 30.00  0.00 105.00  0.00 110.00  0.00 48799.36 
4  35.00 0.00 30.00  0.00 110.00  0.00 115.00  0.00 67451.90 
4  35.00 0.00 30.00  0.00 115.00  0.00 120.00  0.00 66506.93 
4  35.00 0.00 30.00  0.00 120.00  0.00 125.00  0.00 66708.87 
4  35.00 0.00 30.00  0.00 125.00  0.00 130.00  0.00 74436.36 
4  35.00 0.00 30.00  0.00 130.00  0.00 135.00  0.00 74327.59 
4  35.00 0.00 30.00  0.00 135.00  0.00 140.00  0.00 89644.12 
4  35.00 0.00 30.00  0.00 140.00  0.00 145.00  0.00 87598.38 
4  35.00 0.00 30.00  0.00 145.00  0.00 150.00  0.00 114336.96 
4  35.00 0.00 30.00  0.00 150.00  0.00 155.00  0.00 88720.14 
4  35.00 0.00 30.00  0.00 155.00  0.00 160.00  0.00 111090.16 
4  35.00 0.00 30.00  0.00 160.00  0.00 165.00  0.00 66950.76 
4  35.00 0.00 30.00  0.00 165.00  0.00 170.00  0.00 109847.40 
4  35.00 0.00 30.00  0.00 170.00  0.00 175.00  0.00 70952.50 
4  35.00 0.00 30.00  0.00 175.00  0.00 180.00  0.00 66047.38 
4  35.00 0.00 30.00  0.00 180.00  0.00 185.00  0.00 70743.16 
4  35.00 0.00 30.00  0.00 185.00  0.00 190.00  0.00 102829.39 
4  35.00 0.00 30.00  0.00 190.00  0.00 195.00  0.00 83933.70 
4  35.00 0.00 30.00  0.00 195.00  0.00 200.00  0.00 89377.20 
4  40.00 0.00 35.00  0.00 45.00  0.00 50.00  0.00 8813.39 
4  40.00 0.00 35.00  0.00 50.00  0.00 55.00  0.00 7428.73 
4  40.00 0.00 35.00  0.00 55.00  0.00 60.00  0.00 5912.22 
4  40.00 0.00 35.00  0.00 60.00  0.00 65.00  0.00 10433.81 
4  40.00 0.00 35.00  0.00 65.00  0.00 70.00  0.00 10018.81 
4  40.00 0.00 35.00  0.00 70.00  0.00 75.00  0.00 12029.22 
4  40.00 0.00 35.00  0.00 75.00  0.00 80.00  0.00 16339.04 
4  40.00 0.00 35.00  0.00 80.00  0.00 85.00  0.00 16033.22 
4  40.00 0.00 35.00  0.00 85.00  0.00 90.00  0.00 32861.88 
4  40.00 0.00 35.00  0.00 90.00  0.00 95.00  0.00 30549.46 
4  40.00 0.00 35.00  0.00 95.00  0.00 100.00  0.00 29802.63 
4  40.00 0.00 35.00  0.00 100.00  0.00 105.00  0.00 43341.83 
4  40.00 0.00 35.00  0.00 105.00  0.00 110.00  0.00 47615.56 
4  40.00 0.00 35.00  0.00 110.00  0.00 115.00  0.00 64250.66 
4  40.00 0.00 35.00  0.00 115.00  0.00 120.00  0.00 70509.00 
4  40.00 0.00 35.00  0.00 120.00  0.00 125.00  0.00 67591.98 
4  40.00 0.00 35.00  0.00 125.00  0.00 130.00  0.00 77070.55 
4  40.00 0.00 35.00  0.00 130.00  0.00 135.00  0.00 76359.71 
4  40.00 0.00 35.00  0.00 135.00  0.00 140.00  0.00 93285.51 
4  40.00 0.00 35.00  0.00 140.00  0.00 145.00  0.00 92326.00 
4  40.00 0.00 35.00  0.00 145.00  0.00 150.00  0.00 122162.16 
4  40.00 0.00 35.00  0.00 150.00  0.00 155.00  0.00 94740.63 
4  40.00 0.00 35.00  0.00 155.00  0.00 160.00  0.00 119550.51 
4  40.00 0.00 35.00  0.00 160.00  0.00 165.00  0.00 71775.09 
4  40.00 0.00 35.00  0.00 165.00  0.00 170.00  0.00 118831.37 
4  40.00 0.00 35.00  0.00 170.00  0.00 175.00  0.00 77117.01 
4  40.00 0.00 35.00  0.00 175.00  0.00 180.00  0.00 72527.20 
4  40.00 0.00 35.00  0.00 180.00  0.00 185.00  0.00 77742.94 
4  40.00 0.00 35.00  0.00 185.00  0.00 190.00  0.00 113380.17 
4  40.00 0.00 35.00  0.00 190.00  0.00 195.00  0.00 91415.62 
4  40.00 0.00 35.00  0.00 195.00  0.00 200.00  0.00 97382.19 
4  40.00 0.00 35.00  0.00 200.00  0.00 205.00  0.00 71944.08 
4  45.00 0.00 40.00  0.00 50.00  0.00 55.00  0.00 7182.16 
4  45.00 0.00 40.00  0.00 55.00  0.00 60.00  0.00 5849.19 
4  45.00 0.00 40.00  0.00 60.00  0.00 65.00  0.00 9926.36 
4  45.00 0.00 40.00  0.00 65.00  0.00 70.00  0.00 10001.89 
4  45.00 0.00 40.00  0.00 70.00  0.00 75.00  0.00 11680.84 
4  45.00 0.00 40.00  0.00 75.00  0.00 80.00  0.00 16259.46 
4  45.00 0.00 40.00  0.00 80.00  0.00 85.00  0.00 15929.97 
4  45.00 0.00 40.00  0.00 85.00  0.00 90.00  0.00 34943.93 
4  45.00 0.00 40.00  0.00 90.00  0.00 95.00  0.00 32159.58 
4  45.00 0.00 40.00  0.00 95.00  0.00 100.00  0.00 30202.23 
4  45.00 0.00 40.00  0.00 100.00  0.00 105.00  0.00 49215.41 
4  45.00 0.00 40.00  0.00 105.00  0.00 110.00  0.00 53040.86 
4  45.00 0.00 40.00  0.00 110.00  0.00 115.00  0.00 63591.68 
4  45.00 0.00 40.00  0.00 115.00  0.00 120.00  0.00 88112.36 
4  45.00 0.00 40.00  0.00 120.00  0.00 125.00  0.00 76073.23 
4  45.00 0.00 40.00  0.00 125.00  0.00 130.00  0.00 86324.29 
4  45.00 0.00 40.00  0.00 130.00  0.00 135.00  0.00 82491.98 
4  45.00 0.00 40.00  0.00 135.00  0.00 140.00  0.00 104891.78 
4  45.00 0.00 40.00  0.00 140.00  0.00 145.00  0.00 107626.24 
4  45.00 0.00 40.00  0.00 145.00  0.00 150.00  0.00 142123.95 
4  45.00 0.00 40.00  0.00 150.00  0.00 155.00  0.00 113511.86 
4  45.00 0.00 40.00  0.00 155.00  0.00 160.00  0.00 132054.62 
4  45.00 0.00 40.00  0.00 160.00  0.00 165.00  0.00 82613.34 
4  45.00 0.00 40.00  0.00 165.00  0.00 170.00  0.00 135790.30 
4  45.00 0.00 40.00  0.00 170.00  0.00 175.00  0.00 91205.20 
4  45.00 0.00 40.00  0.00 175.00  0.00 180.00  0.00 79239.79 
4  45.00 0.00 40.00  0.00 180.00  0.00 185.00  0.00 95223.05 
4  45.00 0.00 40.00  0.00 185.00  0.00 190.00  0.00 128411.34 
4  45.00 0.00 40.00  0.00 190.00  0.00 195.00  0.00 85668.80 
4  45.00 0.00 40.00  0.00 195.00  0.00 200.00  0.00 109453.12 
4  45.00 0.00 40.00  0.00 200.00  0.00 205.00  0.00 81883.27 
4  45.00 0.00 40.00  0.00 205.00  0.00 210.00  0.00 57041.40 
4  50.00 0.00 45.00  0.00 55.00  0.00 60.00  0.00 5583.11 
4  50.00 0.00 45.00  0.00 60.00  0.00 65.00  0.00 10450.71 
4  50.00 0.00 45.00  0.00 65.00  0.00 70.00  0.00 10396.11 
4  50.00 0.00 45.00  0.00 70.00  0.00 75.00  0.00 11901.02 
4  50.00 0.00 45.00  0.00 75.00  0.00 80.00  0.00 16764.82 
4  50.00 0.00 45.00  0.00 80.00  0.00 85.00  0.00 16792.31 
4  50.00 0.00 45.00  0.00 85.00  0.00 90.00  0.00 37433.88 
4  50.00 0.00 45.00  0.00 90.00  0.00 95.00  0.00 35496.01 
4  50.00 0.00 45.00  0.00 95.00  0.00 100.00  0.00 34771.83 
4  50.00 0.00 45.00  0.00 100.00  0.00 105.00  0.00 55081.98 
4  50.00 0.00 45.00  0.00 105.00  0.00 110.00  0.00 61158.11 
4  50.00 0.00 45.00  0.00 110.00  0.00 115.00  0.00 73777.07 
4  50.00 0.00 45.00  0.00 115.00  0.00 120.00  0.00 105946.96 
4  50.00 0.00 45.00  0.00 120.00  0.00 125.00  0.00 90745.30 
4  50.00 0.00 45.00  0.00 125.00  0.00 130.00  0.00 102395.29 
4  50.00 0.00 45.00  0.00 130.00  0.00 135.00  0.00 102241.59 
4  50.00 0.00 45.00  0.00 135.00  0.00 140.00  0.00 128419.72 
4  50.00 0.00 45.00  0.00 140.00  0.00 145.00  0.00 129984.75 
4  50.00 0.00 45.00  0.00 145.00  0.00 150.00  0.00 171707.39 
4  50.00 0.00 45.00  0.00 150.00  0.00 155.00  0.00 137585.55 
4  50.00 0.00 45.00  0.00 155.00  0.00 160.00  0.00 166047.97 
4  50.00 0.00 45.00  0.00 160.00  0.00 165.00  0.00 102461.60 
4  50.00 0.00 45.00  0.00 165.00  0.00 170.00  0.00 169988.59 
4  50.00 0.00 45.00  0.00 170.00  0.00 175.00  0.00 112575.61 
4  50.00 0.00 45.00  0.00 175.00  0.00 180.00  0.00 101094.45 
4  50.00 0.00 45.00  0.00 180.00  0.00 185.00  0.00 116453.76 
4  50.00 0.00 45.00  0.00 185.00  0.00 190.00  0.00 163752.86 
4  50.00 0.00 45.00  0.00 190.00  0.00 195.00  0.00 120889.05 
4  50.00 0.00 45.00  0.00 195.00  0.00 200.00  0.00 141962.28 
4  50.00 0.00 45.00  0.00 200.00  0.00 205.00  0.00 105779.95 
4  50.00 0.00 45.00  0.00 205.00  0.00 210.00  0.00 72689.35 
4  50.00 0.00 45.00  0.00 210.00  0.00 215.00  0.00 48226.10 
4  55.00 0.00 50.00  0.00 60.00  0.00 65.00  0.00 5023.30 
4  55.00 0.00 50.00  0.00 65.00  0.00 70.00  0.00 5604.95 
4  55.00 0.00 50.00  0.00 70.00  0.00 75.00  0.00 5882.36 
4  55.00 0.00 50.00  0.00 75.00  0.00 80.00  0.00 8117.43 
4  55.00 0.00 50.00  0.00 80.00  0.00 85.00  0.00 7909.40 
4  55.00 0.00 50.00  0.00 85.00  0.00 90.00  0.00 19076.52 
4  55.00 0.00 50.00  0.00 90.00  0.00 95.00  0.00 17925.58 
4  55.00 0.00 50.00  0.00 95.00  0.00 100.00  0.00 17598.90 
4  55.00 0.00 50.00  0.00 100.00  0.00 105.00  0.00 29413.11 
4  55.00 0.00 50.00  0.00 105.00  0.00 110.00  0.00 32345.37 
4  55.00 0.00 50.00  0.00 110.00  0.00 115.00  0.00 47746.01 
4  55.00 0.00 50.00  0.00 115.00  0.00 120.00  0.00 41772.65 
4  55.00 0.00 50.00  0.00 120.00  0.00 125.00  0.00 46700.03 
4  55.00 0.00 50.00  0.00 125.00  0.00 130.00  0.00 49818.23 
4  55.00 0.00 50.00  0.00 130.00  0.00 135.00  0.00 53197.66 
4  55.00 0.00 50.00  0.00 135.00  0.00 140.00  0.00 65621.62 
4  55.00 0.00 50.00  0.00 140.00  0.00 145.00  0.00 64984.52 
4  55.00 0.00 50.00  0.00 145.00  0.00 150.00  0.00 83734.23 
4  55.00 0.00 50.00  0.00 150.00  0.00 155.00  0.00 68970.66 
4  55.00 0.00 50.00  0.00 155.00  0.00 160.00  0.00 82455.34 
4  55.00 0.00 50.00  0.00 160.00  0.00 165.00  0.00 50573.62 
4  55.00 0.00 50.00  0.00 165.00  0.00 170.00  0.00 84350.66 
4  55.00 0.00 50.00  0.00 170.00  0.00 175.00  0.00 54947.87 
4  55.00 0.00 50.00  0.00 175.00  0.00 180.00  0.00 48852.00 
4  55.00 0.00 50.00  0.00 180.00  0.00 185.00  0.00 56463.50 
4  55.00 0.00 50.00  0.00 185.00  0.00 190.00  0.00 80818.16 
4  55.00 0.00 50.00  0.00 190.00  0.00 195.00  0.00 62518.08 
4  55.00 0.00 50.00  0.00 195.00  0.00 200.00  0.00 71651.98 
4  55.00 0.00 50.00  0.00 200.00  0.00 205.00  0.00 53043.95 
4  55.00 0.00 50.00  0.00 205.00  0.00 210.00  0.00 38319.14 
4  55.00 0.00 50.00  0.00 210.00  0.00 215.00  0.00 25807.13 
4  55.00 0.00 50.00  0.00 215.00  0.00 220.00  0.00 28372.34 
4  60.00 0.00 55.00  0.00 65.00  0.00 70.00  0.00 2588.04 
4  60.00 0.00 55.00  0.00 70.00  0.00 75.00  0.00 3024.48 
4  60.00 0.00 55.00  0.00 75.00  0.00 80.00  0.00 4325.04 
4  60.00 0.00 55.00  0.00 80.00  0.00 85.00  0.00 4072.22 
4  60.00 0.00 55.00  0.00 85.00  0.00 90.00  0.00 8843.36 
4  60.00 0.00 55.00  0.00 90.00  0.00 95.00  0.00 8481.15 
4  60.00 0.00 55.00  0.00 95.00  0.00 100.00  0.00 8385.64 
4  60.00 0.00 55.00  0.00 100.00  0.00 105.00  0.00 13742.27 
4  60.00 0.00 55.00  0.00 105.00  0.00 110.00  0.00 15171.99 
4  60.00 0.00 55.00  0.00 110.00  0.00 115.00  0.00 21041.87 
4  60.00 0.00 55.00  0.00 115.00  0.00 120.00  0.00 22586.43 
4  60.00 0.00 55.00  0.00 120.00  0.00 125.00  0.00 22437.96 
4  60.00 0.00 55.00  0.00 125.00  0.00 130.00  0.00 24488.38 
4  60.00 0.00 55.00  0.00 130.00  0.00 135.00  0.00 25890.54 
4  60.00 0.00 55.00  0.00 135.00  0.00 140.00  0.00 32071.93 
4  60.00 0.00 55.00  0.00 140.00  0.00 145.00  0.00 31932.93 
4  60.00 0.00 55.00  0.00 145.00  0.00 150.00  0.00 41590.32 
4  60.00 0.00 55.00  0.00 150.00  0.00 155.00  0.00 33831.41 
4  60.00 0.00 55.00  0.00 155.00  0.00 160.00  0.00 40965.63 
4  60.00 0.00 55.00  0.00 160.00  0.00 165.00  0.00 24989.58 
4  60.00 0.00 55.00  0.00 165.00  0.00 170.00  0.00 41707.63 
4  60.00 0.00 55.00  0.00 170.00  0.00 175.00  0.00 27107.26 
4  60.00 0.00 55.00  0.00 175.00  0.00 180.00  0.00 24427.85 
4  60.00 0.00 55.00  0.00 180.00  0.00 185.00  0.00 27775.90 
4  60.00 0.00 55.00  0.00 185.00  0.00 190.00  0.00 40341.59 
4  60.00 0.00 55.00  0.00 190.00  0.00 195.00  0.00 32135.37 
4  60.00 0.00 55.00  0.00 195.00  0.00 200.00  0.00 36018.04 
4  60.00 0.00 55.00  0.00 200.00  0.00 205.00  0.00 26670.61 
4  60.00 0.00 55.00  0.00 205.00  0.00 210.00  0.00 19222.60 
4  60.00 0.00 55.00  0.00 210.00  0.00 215.00  0.00 13031.90 
4  60.00 0.00 55.00  0.00 215.00  0.00 220.00  0.00 15343.10 
4  60.00 0.00 55.00  0.00 220.00  0.00 225.00  0.00 13415.36 
4  65.00 0.00 60.00  0.00 70.00  0.00 75.00  0.00 3264.67 
4  65.00 0.00 60.00  0.00 75.00  0.00 80.00  0.00 5430.55 
4  65.00 0.00 60.00  0.00 80.00  0.00 85.00  0.00 5156.09 
4  65.00 0.00 60.00  0.00 85.00  0.00 90.00  0.00 12610.92 
4  65.00 0.00 60.00  0.00 90.00  0.00 95.00  0.00 12052.16 
4  65.00 0.00 60.00  0.00 95.00  0.00 100.00  0.00 11710.83 
4  65.00 0.00 60.00  0.00 100.00  0.00 105.00  0.00 20975.50 
4  65.00 0.00 60.00  0.00 105.00  0.00 110.00  0.00 22888.66 
4  65.00 0.00 60.00  0.00 110.00  0.00 115.00  0.00 29627.95 
4  65.00 0.00 60.00  0.00 115.00  0.00 120.00  0.00 35879.50 
4  65.00 0.00 60.00  0.00 120.00  0.00 125.00  0.00 33008.18 
4  65.00 0.00 60.00  0.00 125.00  0.00 130.00  0.00 33304.78 
4  65.00 0.00 60.00  0.00 130.00  0.00 135.00  0.00 36723.50 
4  65.00 0.00 60.00  0.00 135.00  0.00 140.00  0.00 45845.64 
4  65.00 0.00 60.00  0.00 140.00  0.00 145.00  0.00 45636.57 
4  65.00 0.00 60.00  0.00 145.00  0.00 150.00  0.00 57259.02 
4  65.00 0.00 60.00  0.00 150.00  0.00 155.00  0.00 49285.12 
4  65.00 0.00 60.00  0.00 155.00  0.00 160.00  0.00 54032.43 
4  65.00 0.00 60.00  0.00 160.00  0.00 165.00  0.00 33903.82 
4  65.00 0.00 60.00  0.00 165.00  0.00 170.00  0.00 56340.89 
4  65.00 0.00 60.00  0.00 170.00  0.00 175.00  0.00 37063.64 
4  65.00 0.00 60.00  0.00 175.00  0.00 180.00  0.00 29830.31 
4  65.00 0.00 60.00  0.00 180.00  0.00 185.00  0.00 38694.93 
4  65.00 0.00 60.00  0.00 185.00  0.00 190.00  0.00 52703.15 
4  65.00 0.00 60.00  0.00 190.00  0.00 195.00  0.00 36118.02 
4  65.00 0.00 60.00  0.00 195.00  0.00 200.00  0.00 47649.53 
4  65.00 0.00 60.00  0.00 200.00  0.00 205.00  0.00 35367.34 
4  65.00 0.00 60.00  0.00 205.00  0.00 210.00  0.00 28819.62 
4  65.00 0.00 60.00  0.00 210.00  0.00 215.00  0.00 18839.31 
4  65.00 0.00 60.00  0.00 215.00  0.00 220.00  0.00 15695.88 
4  65.00 0.00 60.00  0.00 220.00  0.00 225.00  0.00 13914.76 
4  65.00 0.00 60.00  0.00 225.00  0.00 230.00  0.00 14413.17 
4  70.00 0.00 65.00  0.00 75.00  0.00 80.00  0.00 3576.78 
4  70.00 0.00 65.00  0.00 80.00  0.00 85.00  0.00 3869.24 
4  70.00 0.00 65.00  0.00 85.00  0.00 90.00  0.00 9019.41 
4  70.00 0.00 65.00  0.00 90.00  0.00 95.00  0.00 9103.64 
4  70.00 0.00 65.00  0.00 95.00  0.00 100.00  0.00 9191.31 
4  70.00 0.00 65.00  0.00 100.00  0.00 105.00  0.00 16055.97 
4  70.00 0.00 65.00  0.00 105.00  0.00 110.00  0.00 17810.76 
4  70.00 0.00 65.00  0.00 110.00  0.00 115.00  0.00 24306.36 
4  70.00 0.00 65.00  0.00 115.00  0.00 120.00  0.00 28175.48 
4  70.00 0.00 65.00  0.00 120.00  0.00 125.00  0.00 26880.03 
4  70.00 0.00 65.00  0.00 125.00  0.00 130.00  0.00 28198.09 
4  70.00 0.00 65.00  0.00 130.00  0.00 135.00  0.00 31243.30 
4  70.00 0.00 65.00  0.00 135.00  0.00 140.00  0.00 38799.05 
4  70.00 0.00 65.00  0.00 140.00  0.00 145.00  0.00 38377.30 
4  70.00 0.00 65.00  0.00 145.00  0.00 150.00  0.00 49120.36 
4  70.00 0.00 65.00  0.00 150.00  0.00 155.00  0.00 40983.14 
4  70.00 0.00 65.00  0.00 155.00  0.00 160.00  0.00 48311.12 
4  70.00 0.00 65.00  0.00 160.00  0.00 165.00  0.00 29320.79 
4  70.00 0.00 65.00  0.00 165.00  0.00 170.00  0.00 49208.73 
4  70.00 0.00 65.00  0.00 170.00  0.00 175.00  0.00 31616.47 
4  70.00 0.00 65.00  0.00 175.00  0.00 180.00  0.00 27802.06 
4  70.00 0.00 65.00  0.00 180.00  0.00 185.00  0.00 32171.75 
4  70.00 0.00 65.00  0.00 185.00  0.00 190.00  0.00 47392.89 
4  70.00 0.00 65.00  0.00 190.00  0.00 195.00  0.00 38939.02 
4  70.00 0.00 65.00  0.00 195.00  0.00 200.00  0.00 43597.14 
4  70.00 0.00 65.00  0.00 200.00  0.00 205.00  0.00 32279.80 
4  70.00 0.00 65.00  0.00 205.00  0.00 210.00  0.00 24642.27 
4  70.00 0.00 65.00  0.00 210.00  0.00 215.00  0.00 16947.52 
4  70.00 0.00 65.00  0.00 215.00  0.00 220.00  0.00 21448.87 
4  70.00 0.00 65.00  0.00 220.00  0.00 225.00  0.00 17822.22 
4  70.00 0.00 65.00  0.00 225.00  0.00 230.00  0.00 11363.59 
4  70.00 0.00 65.00  0.00 230.00  0.00 235.00  0.00 20367.36 
4  75.00 0.00 70.00  0.00 80.00  0.00 85.00  0.00 2419.24 
4  75.00 0.00 70.00  0.00 85.00  0.00 90.00  0.00 6497.70 
4  75.00 0.00 70.00  0.00 90.00  0.00 95.00  0.00 7184.07 
4  75.00 0.00 70.00  0.00 95.00  0.00 100.00  0.00 7524.20 
4  75.00 0.00 70.00  0.00 100.00  0.00 105.00  0.00 13629.08 
4  75.00 0.00 70.00  0.00 105.00  0.00 110.00  0.00 15392.00 
4  75.00 0.00 70.00  0.00 110.00  0.00 115.00  0.00 20959.30 
4  75.00 0.00 70.00  0.00 115.00  0.00 120.00  0.00 25438.63 
4  75.00 0.00 70.00  0.00 120.00  0.00 125.00  0.00 24111.80 
4  75.00 0.00 70.00  0.00 125.00  0.00 130.00  0.00 25566.19 
4  75.00 0.00 70.00  0.00 130.00  0.00 135.00  0.00 27961.07 
4  75.00 0.00 70.00  0.00 135.00  0.00 140.00  0.00 35376.76 
4  75.00 0.00 70.00  0.00 140.00  0.00 145.00  0.00 35681.81 
4  75.00 0.00 70.00  0.00 145.00  0.00 150.00  0.00 46011.56 
4  75.00 0.00 70.00  0.00 150.00  0.00 155.00  0.00 38649.02 
4  75.00 0.00 70.00  0.00 155.00  0.00 160.00  0.00 44044.44 
4  75.00 0.00 70.00  0.00 160.00  0.00 165.00  0.00 27061.41 
4  75.00 0.00 70.00  0.00 165.00  0.00 170.00  0.00 45418.61 
4  75.00 0.00 70.00  0.00 170.00  0.00 175.00  0.00 29572.82 
4  75.00 0.00 70.00  0.00 175.00  0.00 180.00  0.00 25052.57 
4  75.00 0.00 70.00  0.00 180.00  0.00 185.00  0.00 30606.28 
4  75.00 0.00 70.00  0.00 185.00  0.00 190.00  0.00 43479.96 
4  75.00 0.00 70.00  0.00 190.00  0.00 195.00  0.00 32723.39 
4  75.00 0.00 70.00  0.00 195.00  0.00 200.00  0.00 39871.20 
4  75.00 0.00 70.00  0.00 200.00  0.00 205.00  0.00 29833.33 
4  75.00 0.00 70.00  0.00 205.00  0.00 210.00  0.00 23764.02 
4  75.00 0.00 70.00  0.00 210.00  0.00 215.00  0.00 16006.38 
4  75.00 0.00 70.00  0.00 215.00  0.00 220.00  0.00 16605.01 
4  75.00 0.00 70.00  0.00 220.00  0.00 225.00  0.00 14098.64 
4  75.00 0.00 70.00  0.00 225.00  0.00 230.00  0.00 11527.23 
4  75.00 0.00 70.00  0.00 230.00  0.00 235.00  0.00 14113.10 
4  80.00 0.00 75.00  0.00 85.00  0.00 90.00  0.00 4347.19 
4  80.00 0.00 75.00  0.00 90.00  0.00 95.00  0.00 5757.14 
4  80.00 0.00 75.00  0.00 95.00  0.00 100.00  0.00 6477.77 
4  80.00 0.00 75.00  0.00 100.00  0.00 105.00  0.00 12430.90 
4  80.00 0.00 75.00  0.00 105.00  0.00 110.00  0.00 14374.31 
4  80.00 0.00 75.00  0.00 110.00  0.00 115.00  0.00 20038.15 
4  80.00 0.00 75.00  0.00 115.00  0.00 120.00  0.00 24752.64 
4  80.00 0.00 75.00  0.00 120.00  0.00 125.00  0.00 23700.14 
4  80.00 0.00 75.00  0.00 125.00  0.00 130.00  0.00 25464.37 
4  80.00 0.00 75.00  0.00 130.00  0.00 135.00  0.00 27896.60 
4  80.00 0.00 75.00  0.00 135.00  0.00 140.00  0.00 35788.52 
4  80.00 0.00 75.00  0.00 140.00  0.00 145.00  0.00 36552.22 
4  80.00 0.00 75.00  0.00 145.00  0.00 150.00  0.00 47648.65 
4  80.00 0.00 75.00  0.00 150.00  0.00 155.00  0.00 39932.25 
4  80.00 0.00 75.00  0.00 155.00  0.00 160.00  0.00 45375.78 
4  80.00 0.00 75.00  0.00 160.00  0.00 165.00  0.00 27924.06 
4  80.00 0.00 75.00  0.00 165.00  0.00 170.00  0.00 46944.20 
4  80.00 0.00 75.00  0.00 170.00  0.00 175.00  0.00 30730.09 
4  80.00 0.00 75.00  0.00 175.00  0.00 180.00  0.00 25997.90 
4  80.00 0.00 75.00  0.00 180.00  0.00 185.00  0.00 31983.48 
4  80.00 0.00 75.00  0.00 185.00  0.00 190.00  0.00 45378.78 
4  80.00 0.00 75.00  0.00 190.00  0.00 195.00  0.00 33741.97 
4  80.00 0.00 75.00  0.00 195.00  0.00 200.00  0.00 41830.67 
4  80.00 0.00 75.00  0.00 200.00  0.00 205.00  0.00 31470.53 
4  80.00 0.00 75.00  0.00 205.00  0.00 210.00  0.00 25246.16 
4  80.00 0.00 75.00  0.00 210.00  0.00 215.00  0.00 17025.19 
4  80.00 0.00 75.00  0.00 215.00  0.00 220.00  0.00 17048.70 
4  80.00 0.00 75.00  0.00 220.00  0.00 225.00  0.00 14609.75 
4  80.00 0.00 75.00  0.00 225.00  0.00 230.00  0.00 12401.28 
4  80.00 0.00 75.00  0.00 230.00  0.00 235.00  0.00 14333.25 
4  85.00 0.00 80.00  0.00 90.00  0.00 95.00  0.00 3512.64 
4  85.00 0.00 80.00  0.00 95.00  0.00 100.00  0.00 4404.27 
4  85.00 0.00 80.00  0.00 100.00  0.00 105.00  0.00 9309.37 
4  85.00 0.00 80.00  0.00 105.00  0.00 110.00  0.00 11039.49 
4  85.00 0.00 80.00  0.00 110.00  0.00 115.00  0.00 15760.36 
4  85.00 0.00 80.00  0.00 115.00  0.00 120.00  0.00 19861.76 
4  85.00 0.00 80.00  0.00 120.00  0.00 125.00  0.00 19136.38 
4  85.00 0.00 80.00  0.00 125.00  0.00 130.00  0.00 20888.35 
4  85.00 0.00 80.00  0.00 130.00  0.00 135.00  0.00 22729.79 
4  85.00 0.00 80.00  0.00 135.00  0.00 140.00  0.00 29592.54 
4  85.00 0.00 80.00  0.00 140.00  0.00 145.00  0.00 30655.28 
4  85.00 0.00 80.00  0.00 145.00  0.00 150.00  0.00 40485.54 
4  85.00 0.00 80.00  0.00 150.00  0.00 155.00  0.00 33671.44 
4  85.00 0.00 80.00  0.00 155.00  0.00 160.00  0.00 37855.29 
4  85.00 0.00 80.00  0.00 160.00  0.00 165.00  0.00 23328.20 
4  85.00 0.00 80.00  0.00 165.00  0.00 170.00  0.00 39141.80 
4  85.00 0.00 80.00  0.00 170.00  0.00 175.00  0.00 25796.62 
4  85.00 0.00 80.00  0.00 175.00  0.00 180.00  0.00 21674.27 
4  85.00 0.00 80.00  0.00 180.00  0.00 185.00  0.00 26972.65 
4  85.00 0.00 80.00  0.00 185.00  0.00 190.00  0.00 37794.11 
4  85.00 0.00 80.00  0.00 190.00  0.00 195.00  0.00 27190.85 
4  85.00 0.00 80.00  0.00 195.00  0.00 200.00  0.00 34972.94 
4  85.00 0.00 80.00  0.00 200.00  0.00 205.00  0.00 26548.61 
4  85.00 0.00 80.00  0.00 205.00  0.00 210.00  0.00 21401.89 
4  85.00 0.00 80.00  0.00 210.00  0.00 215.00  0.00 14415.63 
4  85.00 0.00 80.00  0.00 215.00  0.00 220.00  0.00 13026.76 
4  85.00 0.00 80.00  0.00 220.00  0.00 225.00  0.00 11652.58 
4  85.00 0.00 80.00  0.00 225.00  0.00 230.00  0.00 10839.47 
4  85.00 0.00 80.00  0.00 230.00  0.00 235.00  0.00 10588.54 
4  90.00 0.00 85.00  0.00 95.00  0.00 100.00  0.00 5410.42 
4  90.00 0.00 85.00  0.00 100.00  0.00 105.00  0.00 13934.02 
4  90.00 0.00 85.00  0.00 105.00  0.00 110.00  0.00 17717.12 
4  90.00 0.00 85.00  0.00 110.00  0.00 115.00  0.00 27023.59 
4  90.00 0.00 85.00  0.00 115.00  0.00 120.00  0.00 35542.30 
4  90.00 0.00 85.00  0.00 120.00  0.00 125.00  0.00 35270.57 
4  90.00 0.00 85.00  0.00 125.00  0.00 130.00  0.00 40669.25 
4  90.00 0.00 85.00  0.00 130.00  0.00 135.00  0.00 43411.39 
4  90.00 0.00 85.00  0.00 135.00  0.00 140.00  0.00 57895.99 
4  90.00 0.00 85.00  0.00 140.00  0.00 145.00  0.00 61460.93 
4  90.00 0.00 85.00  0.00 145.00  0.00 150.00  0.00 83939.39 
4  90.00 0.00 85.00  0.00 150.00  0.00 155.00  0.00 67837.67 
4  90.00 0.00 85.00  0.00 155.00  0.00 160.00  0.00 78264.98 
4  90.00 0.00 85.00  0.00 160.00  0.00 165.00  0.00 47734.00 
4  90.00 0.00 85.00  0.00 165.00  0.00 170.00  0.00 80355.51 
4  90.00 0.00 85.00  0.00 170.00  0.00 175.00  0.00 53158.32 
4  90.00 0.00 85.00  0.00 175.00  0.00 180.00  0.00 46515.82 
4  90.00 0.00 85.00  0.00 180.00  0.00 185.00  0.00 55350.15 
4  90.00 0.00 85.00  0.00 185.00  0.00 190.00  0.00 78856.34 
4  90.00 0.00 85.00  0.00 190.00  0.00 195.00  0.00 58718.38 
4  90.00 0.00 85.00  0.00 195.00  0.00 200.00  0.00 72956.11 
4  90.00 0.00 85.00  0.00 200.00  0.00 205.00  0.00 56156.78 
4  90.00 0.00 85.00  0.00 205.00  0.00 210.00  0.00 43355.30 
4  90.00 0.00 85.00  0.00 210.00  0.00 215.00  0.00 29682.16 
4  90.00 0.00 85.00  0.00 215.00  0.00 220.00  0.00 28482.10 
4  90.00 0.00 85.00  0.00 220.00  0.00 225.00  0.00 26251.39 
4  90.00 0.00 85.00  0.00 225.00  0.00 230.00  0.00 21524.12 
4  90.00 0.00 85.00  0.00 230.00  0.00 235.00  0.00 26666.39 
4  95.00 0.00 90.00  0.00 100.00  0.00 105.00  0.00 7224.04 
4  95.00 0.00 90.00  0.00 105.00  0.00 110.00  0.00 9595.32 
4  95.00 0.00 90.00  0.00 110.00  0.00 115.00  0.00 15809.92 
4  95.00 0.00 90.00  0.00 115.00  0.00 120.00  0.00 21520.31 
4  95.00 0.00 90.00  0.00 120.00  0.00 125.00  0.00 22030.74 
4  95.00 0.00 90.00  0.00 125.00  0.00 130.00  0.00 25198.14 
4  95.00 0.00 90.00  0.00 130.00  0.00 135.00  0.00 28499.21 
4  95.00 0.00 90.00  0.00 135.00  0.00 140.00  0.00 38509.26 
4  95.00 0.00 90.00  0.00 140.00  0.00 145.00  0.00 41201.18 
4  95.00 0.00 90.00  0.00 145.00  0.00 150.00  0.00 56201.67 
4  95.00 0.00 90.00  0.00 150.00  0.00 155.00  0.00 46427.89 
4  95.00 0.00 90.00  0.00 155.00  0.00 160.00  0.00 52771.82 
4  95.00 0.00 90.00  0.00 160.00  0.00 165.00  0.00 32382.75 
4  95.00 0.00 90.00  0.00 165.00  0.00 170.00  0.00 54676.81 
4  95.00 0.00 90.00  0.00 170.00  0.00 175.00  0.00 36277.16 
4  95.00 0.00 90.00  0.00 175.00  0.00 180.00  0.00 31211.33 
4  95.00 0.00 90.00  0.00 180.00  0.00 185.00  0.00 38065.05 
4  95.00 0.00 90.00  0.00 185.00  0.00 190.00  0.00 54064.97 
4  95.00 0.00 90.00  0.00 190.00  0.00 195.00  0.00 39687.06 
4  95.00 0.00 90.00  0.00 195.00  0.00 200.00  0.00 50777.05 
4  95.00 0.00 90.00  0.00 200.00  0.00 205.00  0.00 39268.62 
4  95.00 0.00 90.00  0.00 205.00  0.00 210.00  0.00 31158.36 
4  95.00 0.00 90.00  0.00 210.00  0.00 215.00  0.00 21299.39 
4  95.00 0.00 90.00  0.00 215.00  0.00 220.00  0.00 19622.86 
4  95.00 0.00 90.00  0.00 220.00  0.00 225.00  0.00 18107.28 
4  95.00 0.00 90.00  0.00 225.00  0.00 230.00  0.00 16113.97 
4  95.00 0.00 90.00  0.00 230.00  0.00 235.00  0.00 17398.16 
4  100.00 0.00 95.00  0.00 105.00  0.00 110.00  0.00 5384.95 
4  100.00 0.00 95.00  0.00 110.00  0.00 115.00  0.00 9845.75 
4  100.00 0.00 95.00  0.00 115.00  0.00 120.00  0.00 14168.97 
4  100.00 0.00 95.00  0.00 120.00  0.00 125.00  0.00 15115.22 
4  100.00 0.00 95.00  0.00 125.00  0.00 130.00  0.00 17438.22 
4  100.00 0.00 95.00  0.00 130.00  0.00 135.00  0.00 20920.71 
4  100.00 0.00 95.00  0.00 135.00  0.00 140.00  0.00 28749.48 
4  100.00 0.00 95.00  0.00 140.00  0.00 145.00  0.00 31032.03 
4  100.00 0.00 95.00  0.00 145.00  0.00 150.00  0.00 42528.24 
4  100.00 0.00 95.00  0.00 150.00  0.00 155.00  0.00 35579.64 
4  100.00 0.00 95.00  0.00 155.00  0.00 160.00  0.00 40115.61 
4  100.00 0.00 95.00  0.00 160.00  0.00 165.00  0.00 24603.84 
4  100.00 0.00 95.00  0.00 165.00  0.00 170.00  0.00 41583.21 
4  100.00 0.00 95.00  0.00 170.00  0.00 175.00  0.00 27549.85 
4  100.00 0.00 95.00  0.00 175.00  0.00 180.00  0.00 23544.21 
4  100.00 0.00 95.00  0.00 180.00  0.00 185.00  0.00 28843.23 
4  100.00 0.00 95.00  0.00 185.00  0.00 190.00  0.00 41335.63 
4  100.00 0.00 95.00  0.00 190.00  0.00 195.00  0.00 30839.36 
4  100.00 0.00 95.00  0.00 195.00  0.00 200.00  0.00 39485.22 
4  100.00 0.00 95.00  0.00 200.00  0.00 205.00  0.00 30596.54 
4  100.00 0.00 95.00  0.00 205.00  0.00 210.00  0.00 24654.77 
4  100.00 0.00 95.00  0.00 210.00  0.00 215.00  0.00 17080.27 
4  100.00 0.00 95.00  0.00 215.00  0.00 220.00  0.00 16197.12 
4  100.00 0.00 95.00  0.00 220.00  0.00 225.00  0.00 14851.35 
4  100.00 0.00 95.00  0.00 225.00  0.00 230.00  0.00 13074.84 
4  100.00 0.00 95.00  0.00 230.00  0.00 235.00  0.00 14493.65 
4  105.00 0.00 100.00  0.00 110.00  0.00 115.00  0.00 9188.13 
4  105.00 0.00 100.00  0.00 115.00  0.00 120.00  0.00 15724.41 
4  105.00 0.00 100.00  0.00 120.00  0.00 125.00  0.00 17963.71 
4  105.00 0.00 100.00  0.00 125.00  0.00 130.00  0.00 23013.23 
4  105.00 0.00 100.00  0.00 130.00  0.00 135.00  0.00 26631.03 
4  105.00 0.00 100.00  0.00 135.00  0.00 140.00  0.00 38640.88 
4  105.00 0.00 100.00  0.00 140.00  0.00 145.00  0.00 43659.05 
4  105.00 0.00 100.00  0.00 145.00  0.00 150.00  0.00 62936.70 
4  105.00 0.00 100.00  0.00 150.00  0.00 155.00  0.00 51273.21 
4  105.00 0.00 100.00  0.00 155.00  0.00 160.00  0.00 59317.89 
4  105.00 0.00 100.00  0.00 160.00  0.00 165.00  0.00 35954.27 
4  105.00 0.00 100.00  0.00 165.00  0.00 170.00  0.00 61034.29 
4  105.00 0.00 100.00  0.00 170.00  0.00 175.00  0.00 40508.92 
4  105.00 0.00 100.00  0.00 175.00  0.00 180.00  0.00 36075.12 
4  105.00 0.00 100.00  0.00 180.00  0.00 185.00  0.00 42026.43 
4  105.00 0.00 100.00  0.00 185.00  0.00 190.00  0.00 61143.16 
4  105.00 0.00 100.00  0.00 190.00  0.00 195.00  0.00 47314.22 
4  105.00 0.00 100.00  0.00 195.00  0.00 200.00  0.00 58565.81 
4  105.00 0.00 100.00  0.00 200.00  0.00 205.00  0.00 46154.79 
4  105.00 0.00 100.00  0.00 205.00  0.00 210.00  0.00 35739.49 
4  105.00 0.00 100.00  0.00 210.00  0.00 215.00  0.00 25192.50 
4  105.00 0.00 100.00  0.00 215.00  0.00 220.00  0.00 25669.76 
4  105.00 0.00 100.00  0.00 220.00  0.00 225.00  0.00 24150.17 
4  105.00 0.00 100.00  0.00 225.00  0.00 230.00  0.00 18608.94 
4  105.00 0.00 100.00  0.00 230.00  0.00 235.00  0.00 25912.76 
4  110.00 0.00 105.00  0.00 115.00  0.00 120.00  0.00 9415.64 
4  110.00 0.00 105.00  0.00 120.00  0.00 125.00  0.00 12455.47 
4  110.00 0.00 105.00  0.00 125.00  0.00 130.00  0.00 16843.12 
4  110.00 0.00 105.00  0.00 130.00  0.00 135.00  0.00 21300.72 
4  110.00 0.00 105.00  0.00 135.00  0.00 140.00  0.00 32178.04 
4  110.00 0.00 105.00  0.00 140.00  0.00 145.00  0.00 37388.18 
4  110.00 0.00 105.00  0.00 145.00  0.00 150.00  0.00 54425.76 
4  110.00 0.00 105.00  0.00 150.00  0.00 155.00  0.00 45409.26 
4  110.00 0.00 105.00  0.00 155.00  0.00 160.00  0.00 51720.09 
4  110.00 0.00 105.00  0.00 160.00  0.00 165.00  0.00 31328.06 
4  110.00 0.00 105.00  0.00 165.00  0.00 170.00  0.00 53269.06 
4  110.00 0.00 105.00  0.00 170.00  0.00 175.00  0.00 35236.55 
4  110.00 0.00 105.00  0.00 175.00  0.00 180.00  0.00 30790.54 
4  110.00 0.00 105.00  0.00 180.00  0.00 185.00  0.00 36432.31 
4  110.00 0.00 105.00  0.00 185.00  0.00 190.00  0.00 53113.33 
4  110.00 0.00 105.00  0.00 190.00  0.00 195.00  0.00 40965.11 
4  110.00 0.00 105.00  0.00 195.00  0.00 200.00  0.00 51659.92 
4  110.00 0.00 105.00  0.00 200.00  0.00 205.00  0.00 40887.06 
4  110.00 0.00 105.00  0.00 205.00  0.00 210.00  0.00 32626.86 
4  110.00 0.00 105.00  0.00 210.00  0.00 215.00  0.00 23059.20 
4  110.00 0.00 105.00  0.00 215.00  0.00 220.00  0.00 23166.24 
4  110.00 0.00 105.00  0.00 220.00  0.00 225.00  0.00 21518.65 
4  110.00 0.00 105.00  0.00 225.00  0.00 230.00  0.00 17464.49 
4  110.00 0.00 105.00  0.00 230.00  0.00 235.00  0.00 22446.08 
4  115.00 0.00 110.00  0.00 120.00  0.00 125.00  0.00 8830.40 
4  115.00 0.00 110.00  0.00 125.00  0.00 130.00  0.00 14505.35 
4  115.00 0.00 110.00  0.00 130.00  0.00 135.00  0.00 18207.78 
4  115.00 0.00 110.00  0.00 135.00  0.00 140.00  0.00 29782.26 
4  115.00 0.00 110.00  0.00 140.00  0.00 145.00  0.00 36712.36 
4  115.00 0.00 110.00  0.00 145.00  0.00 150.00  0.00 56154.96 
4  115.00 0.00 110.00  0.00 150.00  0.00 155.00  0.00 47156.43 
4  115.00 0.00 110.00  0.00 155.00  0.00 160.00  0.00 53777.10 
4  115.00 0.00 110.00  0.00 160.00  0.00 165.00  0.00 32586.40 
4  115.00 0.00 110.00  0.00 165.00  0.00 170.00  0.00 55563.80 
4  115.00 0.00 110.00  0.00 170.00  0.00 175.00  0.00 36872.17 
4  115.00 0.00 110.00  0.00 175.00  0.00 180.00  0.00 31924.39 
4  115.00 0.00 110.00  0.00 180.00  0.00 185.00  0.00 37970.24 
4  115.00 0.00 110.00  0.00 185.00  0.00 190.00  0.00 54917.66 
4  115.00 0.00 110.00  0.00 190.00  0.00 195.00  0.00 41431.02 
4  115.00 0.00 110.00  0.00 195.00  0.00 200.00  0.00 53967.39 
4  115.00 0.00 110.00  0.00 200.00  0.00 205.00  0.00 43314.39 
4  115.00 0.00 110.00  0.00 205.00  0.00 210.00  0.00 34971.45 
4  115.00 0.00 110.00  0.00 210.00  0.00 215.00  0.00 24868.04 
4  115.00 0.00 110.00  0.00 215.00  0.00 220.00  0.00 23130.27 
4  115.00 0.00 110.00  0.00 220.00  0.00 225.00  0.00 22175.84 
4  115.00 0.00 110.00  0.00 225.00  0.00 230.00  0.00 19476.05 
4  115.00 0.00 110.00  0.00 230.00  0.00 235.00  0.00 21902.61 
4  120.00 0.00 115.00  0.00 125.00  0.00 130.00  0.00 10026.17 
4  120.00 0.00 115.00  0.00 130.00  0.00 135.00  0.00 14233.88 
4  120.00 0.00 115.00  0.00 135.00  0.00 140.00  0.00 25529.88 
4  120.00 0.00 115.00  0.00 140.00  0.00 145.00  0.00 34334.44 
4  120.00 0.00 115.00  0.00 145.00  0.00 150.00  0.00 54019.71 
4  120.00 0.00 115.00  0.00 150.00  0.00 155.00  0.00 46920.41 
4  120.00 0.00 115.00  0.00 155.00  0.00 160.00  0.00 51779.92 
4  120.00 0.00 115.00  0.00 160.00  0.00 165.00  0.00 33941.40 
4  120.00 0.00 115.00  0.00 165.00  0.00 170.00  0.00 55901.49 
4  120.00 0.00 115.00  0.00 170.00  0.00 175.00  0.00 36425.78 
4  120.00 0.00 115.00  0.00 175.00  0.00 180.00  0.00 30722.49 
4  120.00 0.00 115.00  0.00 180.00  0.00 185.00  0.00 37184.78 
4  120.00 0.00 115.00  0.00 185.00  0.00 190.00  0.00 52921.40 
4  120.00 0.00 115.00  0.00 190.00  0.00 195.00  0.00 41625.95 
4  120.00 0.00 115.00  0.00 195.00  0.00 200.00  0.00 55492.36 
4  120.00 0.00 115.00  0.00 200.00  0.00 205.00  0.00 44994.06 
4  120.00 0.00 115.00  0.00 205.00  0.00 210.00  0.00 36899.10 
4  120.00 0.00 115.00  0.00 210.00  0.00 215.00  0.00 26119.16 
4  120.00 0.00 115.00  0.00 215.00  0.00 220.00  0.00 25793.17 
4  120.00 0.00 115.00  0.00 220.00  0.00 225.00  0.00 25624.72 
4  120.00 0.00 115.00  0.00 225.00  0.00 230.00  0.00 21229.11 
4  120.00 0.00 115.00  0.00 230.00  0.00 235.00  0.00 23343.22 
4  125.00 0.00 120.00  0.00 130.00  0.00 135.00  0.00 7481.32 
4  125.00 0.00 120.00  0.00 135.00  0.00 140.00  0.00 15079.65 
4  125.00 0.00 120.00  0.00 140.00  0.00 145.00  0.00 21897.77 
4  125.00 0.00 120.00  0.00 145.00  0.00 150.00  0.00 38381.48 
4  125.00 0.00 120.00  0.00 150.00  0.00 155.00  0.00 33790.57 
4  125.00 0.00 120.00  0.00 155.00  0.00 160.00  0.00 39747.80 
4  125.00 0.00 120.00  0.00 160.00  0.00 165.00  0.00 22806.47 
4  125.00 0.00 120.00  0.00 165.00  0.00 170.00  0.00 40806.82 
4  125.00 0.00 120.00  0.00 170.00  0.00 175.00  0.00 28548.42 
4  125.00 0.00 120.00  0.00 175.00  0.00 180.00  0.00 23878.54 
4  125.00 0.00 120.00  0.00 180.00  0.00 185.00  0.00 27359.65 
4  125.00 0.00 120.00  0.00 185.00  0.00 190.00  0.00 41450.06 
4  125.00 0.00 120.00  0.00 190.00  0.00 195.00  0.00 32470.12 
4  125.00 0.00 120.00  0.00 195.00  0.00 200.00  0.00 40441.74 
4  125.00 0.00 120.00  0.00 200.00  0.00 205.00  0.00 32623.53 
4  125.00 0.00 120.00  0.00 205.00  0.00 210.00  0.00 27707.20 
4  125.00 0.00 120.00  0.00 210.00  0.00 215.00  0.00 20470.28 
4  125.00 0.00 120.00  0.00 215.00  0.00 220.00  0.00 20399.15 
4  125.00 0.00 120.00  0.00 220.00  0.00 225.00  0.00 15338.03 
4  125.00 0.00 120.00  0.00 225.00  0.00 230.00  0.00 16845.31 
4  130.00 0.00 125.00  0.00 135.00  0.00 140.00  0.00 10395.23 
4  130.00 0.00 125.00  0.00 140.00  0.00 145.00  0.00 16793.58 
4  130.00 0.00 125.00  0.00 145.00  0.00 150.00  0.00 29007.04 
4  130.00 0.00 125.00  0.00 150.00  0.00 155.00  0.00 28791.41 
4  130.00 0.00 125.00  0.00 155.00  0.00 160.00  0.00 32373.27 
4  130.00 0.00 125.00  0.00 160.00  0.00 165.00  0.00 19683.89 
4  130.00 0.00 125.00  0.00 165.00  0.00 170.00  0.00 33050.04 
4  130.00 0.00 125.00  0.00 170.00  0.00 175.00  0.00 23060.15 
4  130.00 0.00 125.00  0.00 175.00  0.00 180.00  0.00 17825.92 
4  130.00 0.00 125.00  0.00 180.00  0.00 185.00  0.00 22797.25 
4  130.00 0.00 125.00  0.00 185.00  0.00 190.00  0.00 32831.82 
4  130.00 0.00 125.00  0.00 190.00  0.00 195.00  0.00 26251.97 
4  130.00 0.00 125.00  0.00 195.00  0.00 200.00  0.00 35145.62 
4  130.00 0.00 125.00  0.00 200.00  0.00 205.00  0.00 28336.98 
4  130.00 0.00 125.00  0.00 205.00  0.00 210.00  0.00 26245.83 
4  130.00 0.00 125.00  0.00 210.00  0.00 215.00  0.00 19074.60 
4  130.00 0.00 125.00  0.00 215.00  0.00 220.00  0.00 21191.74 
4  130.00 0.00 125.00  0.00 220.00  0.00 225.00  0.00 19539.09 
4  130.00 0.00 125.00  0.00 225.00  0.00 230.00  0.00 14696.29 
4  130.00 0.00 125.00  0.00 230.00  0.00 235.00  0.00 27432.46 
4  135.00 0.00 130.00  0.00 140.00  0.00 145.00  0.00 8475.10 
4  135.00 0.00 130.00  0.00 145.00  0.00 150.00  0.00 20918.30 
4  135.00 0.00 130.00  0.00 150.00  0.00 155.00  0.00 21432.28 
4  135.00 0.00 130.00  0.00 155.00  0.00 160.00  0.00 26383.32 
4  135.00 0.00 130.00  0.00 160.00  0.00 165.00  0.00 16462.50 
4  135.00 0.00 130.00  0.00 165.00  0.00 170.00  0.00 29364.64 
4  135.00 0.00 130.00  0.00 170.00  0.00 175.00  0.00 19090.68 
4  135.00 0.00 130.00  0.00 175.00  0.00 180.00  0.00 15311.78 
4  135.00 0.00 130.00  0.00 180.00  0.00 185.00  0.00 22059.04 
4  135.00 0.00 130.00  0.00 185.00  0.00 190.00  0.00 28805.49 
4  135.00 0.00 130.00  0.00 190.00  0.00 195.00  0.00 22887.84 
4  135.00 0.00 130.00  0.00 195.00  0.00 200.00  0.00 30468.46 
4  135.00 0.00 130.00  0.00 200.00  0.00 205.00  0.00 25566.54 
4  135.00 0.00 130.00  0.00 205.00  0.00 210.00  0.00 22261.58 
4  135.00 0.00 130.00  0.00 210.00  0.00 215.00  0.00 16542.03 
4  135.00 0.00 130.00  0.00 215.00  0.00 220.00  0.00 16512.78 
4  135.00 0.00 130.00  0.00 220.00  0.00 225.00  0.00 15837.26 
4  135.00 0.00 130.00  0.00 225.00  0.00 230.00  0.00 13963.85 
4  135.00 0.00 130.00  0.00 230.00  0.00 235.00  0.00 24479.89 
4  140.00 0.00 135.00  0.00 145.00  0.00 150.00  0.00 13573.10 
4  140.00 0.00 135.00  0.00 150.00  0.00 155.00  0.00 16412.78 
4  140.00 0.00 135.00  0.00 155.00  0.00 160.00  0.00 21745.49 
4  140.00 0.00 135.00  0.00 160.00  0.00 165.00  0.00 14087.54 
4  140.00 0.00 135.00  0.00 165.00  0.00 170.00  0.00 26840.87 
4  140.00 0.00 135.00  0.00 170.00  0.00 175.00  0.00 17412.73 
4  140.00 0.00 135.00  0.00 175.00  0.00 180.00  0.00 14724.90 
4  140.00 0.00 135.00  0.00 180.00  0.00 185.00  0.00 16552.26 
4  140.00 0.00 135.00  0.00 185.00  0.00 190.00  0.00 25469.02 
4  140.00 0.00 135.00  0.00 190.00  0.00 195.00  0.00 22328.57 
4  140.00 0.00 135.00  0.00 195.00  0.00 200.00  0.00 30462.38 
4  140.00 0.00 135.00  0.00 200.00  0.00 205.00  0.00 25089.16 
4  140.00 0.00 135.00  0.00 205.00  0.00 210.00  0.00 22149.01 
4  140.00 0.00 135.00  0.00 210.00  0.00 215.00  0.00 16749.03 
4  140.00 0.00 135.00  0.00 215.00  0.00 220.00  0.00 17930.56 
4  140.00 0.00 135.00  0.00 220.00  0.00 225.00  0.00 16492.04 
4  140.00 0.00 135.00  0.00 225.00  0.00 230.00  0.00 14169.13 
4  140.00 0.00 135.00  0.00 230.00  0.00 235.00  0.00 21876.25 
4  145.00 0.00 140.00  0.00 150.00  0.00 155.00  0.00 9137.94 
4  145.00 0.00 140.00  0.00 155.00  0.00 160.00  0.00 13970.13 
4  145.00 0.00 140.00  0.00 160.00  0.00 165.00  0.00 9550.89 
4  145.00 0.00 140.00  0.00 165.00  0.00 170.00  0.00 18695.84 
4  145.00 0.00 140.00  0.00 170.00  0.00 175.00  0.00 13026.73 
4  145.00 0.00 140.00  0.00 175.00  0.00 180.00  0.00 11362.73 
4  145.00 0.00 140.00  0.00 180.00  0.00 185.00  0.00 11721.31 
4  145.00 0.00 140.00  0.00 185.00  0.00 190.00  0.00 19443.97 
4  145.00 0.00 140.00  0.00 190.00  0.00 195.00  0.00 13992.54 
4  145.00 0.00 140.00  0.00 195.00  0.00 200.00  0.00 23098.49 
4  145.00 0.00 140.00  0.00 200.00  0.00 205.00  0.00 19827.25 
4  145.00 0.00 140.00  0.00 205.00  0.00 210.00  0.00 18528.64 
4  145.00 0.00 140.00  0.00 210.00  0.00 215.00  0.00 13767.29 
4  145.00 0.00 140.00  0.00 215.00  0.00 220.00  0.00 14637.67 
4  145.00 0.00 140.00  0.00 220.00  0.00 225.00  0.00 13257.53 
4  145.00 0.00 140.00  0.00 225.00  0.00 230.00  0.00 11945.64 
4  145.00 0.00 140.00  0.00 230.00  0.00 235.00  0.00 14396.78 
4  150.00 0.00 145.00  0.00 155.00  0.00 160.00  0.00 9955.76 
4  150.00 0.00 145.00  0.00 160.00  0.00 165.00  0.00 7803.33 
4  150.00 0.00 145.00  0.00 165.00  0.00 170.00  0.00 16166.82 
4  150.00 0.00 145.00  0.00 170.00  0.00 175.00  0.00 11544.50 
4  150.00 0.00 145.00  0.00 175.00  0.00 180.00  0.00 9115.68 
4  150.00 0.00 145.00  0.00 180.00  0.00 185.00  0.00 11272.55 
4  150.00 0.00 145.00  0.00 185.00  0.00 190.00  0.00 18161.72 
4  150.00 0.00 145.00  0.00 190.00  0.00 195.00  0.00 15545.80 
4  150.00 0.00 145.00  0.00 195.00  0.00 200.00  0.00 19663.96 
4  150.00 0.00 145.00  0.00 200.00  0.00 205.00  0.00 17247.48 
4  150.00 0.00 145.00  0.00 205.00  0.00 210.00  0.00 19376.88 
4  150.00 0.00 145.00  0.00 210.00  0.00 215.00  0.00 14730.82 
4  150.00 0.00 145.00  0.00 215.00  0.00 220.00  0.00 16013.75 
4  150.00 0.00 145.00  0.00 220.00  0.00 225.00  0.00 13983.43 
4  150.00 0.00 145.00  0.00 225.00  0.00 230.00  0.00 13359.85 
4  150.00 0.00 145.00  0.00 230.00  0.00 235.00  0.00 13910.73 
4  155.00 0.00 150.00  0.00 160.00  0.00 165.00  0.00 5522.59 
4  155.00 0.00 150.00  0.00 165.00  0.00 170.00  0.00 13425.15 
4  155.00 0.00 150.00  0.00 170.00  0.00 175.00  0.00 9752.13 
4  155.00 0.00 150.00  0.00 175.00  0.00 180.00  0.00 7789.93 
4  155.00 0.00 150.00  0.00 180.00  0.00 185.00  0.00 8550.95 
4  155.00 0.00 150.00  0.00 185.00  0.00 190.00  0.00 13312.23 
4  155.00 0.00 150.00  0.00 190.00  0.00 195.00  0.00 11555.69 
4  155.00 0.00 150.00  0.00 195.00  0.00 200.00  0.00 15564.62 
4  155.00 0.00 150.00  0.00 200.00  0.00 205.00  0.00 13860.06 
4  155.00 0.00 150.00  0.00 205.00  0.00 210.00  0.00 12710.56 
4  155.00 0.00 150.00  0.00 210.00  0.00 215.00  0.00 10316.56 
4  155.00 0.00 150.00  0.00 215.00  0.00 220.00  0.00 10577.31 
4  155.00 0.00 150.00  0.00 220.00  0.00 225.00  0.00 11691.63 
4  155.00 0.00 150.00  0.00 225.00  0.00 230.00  0.00 10407.04 
4  155.00 0.00 150.00  0.00 230.00  0.00 235.00  0.00 11727.60 
4  160.00 0.00 155.00  0.00 165.00  0.00 170.00  0.00 11113.51 
4  160.00 0.00 155.00  0.00 170.00  0.00 175.00  0.00 9352.97 
4  160.00 0.00 155.00  0.00 175.00  0.00 180.00  0.00 7230.28 
4  160.00 0.00 155.00  0.00 180.00  0.00 185.00  0.00 7999.56 
4  160.00 0.00 155.00  0.00 185.00  0.00 190.00  0.00 12521.40 
4  160.00 0.00 155.00  0.00 190.00  0.00 195.00  0.00 10760.25 
4  160.00 0.00 155.00  0.00 195.00  0.00 200.00  0.00 15602.32 
4  160.00 0.00 155.00  0.00 200.00  0.00 205.00  0.00 14387.39 
4  160.00 0.00 155.00  0.00 205.00  0.00 210.00  0.00 14614.98 
4  160.00 0.00 155.00  0.00 210.00  0.00 215.00  0.00 11474.72 
4  160.00 0.00 155.00  0.00 215.00  0.00 220.00  0.00 10595.31 
4  160.00 0.00 155.00  0.00 220.00  0.00 225.00  0.00 11834.92 
4  160.00 0.00 155.00  0.00 225.00  0.00 230.00  0.00 13808.00 
4  160.00 0.00 155.00  0.00 230.00  0.00 235.00  0.00 11615.28 
4  165.00 0.00 160.00  0.00 170.00  0.00 175.00  0.00 3717.00 
4  165.00 0.00 160.00  0.00 175.00  0.00 180.00  0.00 3183.32 
4  165.00 0.00 160.00  0.00 180.00  0.00 185.00  0.00 3692.99 
4  165.00 0.00 160.00  0.00 185.00  0.00 190.00  0.00 5982.40 
4  165.00 0.00 160.00  0.00 190.00  0.00 195.00  0.00 5354.88 
4  165.00 0.00 160.00  0.00 195.00  0.00 200.00  0.00 7948.18 
4  165.00 0.00 160.00  0.00 200.00  0.00 205.00  0.00 7504.57 
4  165.00 0.00 160.00  0.00 205.00  0.00 210.00  0.00 8133.95 
4  165.00 0.00 160.00  0.00 210.00  0.00 215.00  0.00 6850.38 
4  165.00 0.00 160.00  0.00 215.00  0.00 220.00  0.00 8895.47 
4  165.00 0.00 160.00  0.00 220.00  0.00 225.00  0.00 4699.30 
4  165.00 0.00 160.00  0.00 225.00  0.00 230.00  0.00 5257.47 
4  165.00 0.00 160.00  0.00 230.00  0.00 235.00  0.00 5185.99 
4  170.00 0.00 165.00  0.00 175.00  0.00 180.00  0.00 2843.97 
4  170.00 0.00 165.00  0.00 180.00  0.00 185.00  0.00 3810.95 
4  170.00 0.00 165.00  0.00 185.00  0.00 190.00  0.00 6681.07 
4  170.00 0.00 165.00  0.00 190.00  0.00 195.00  0.00 6298.69 
4  170.00 0.00 165.00  0.00 195.00  0.00 200.00  0.00 9743.04 
4  170.00 0.00 165.00  0.00 200.00  0.00 205.00  0.00 9648.76 
4  170.00 0.00 165.00  0.00 205.00  0.00 210.00  0.00 10748.80 
4  170.00 0.00 165.00  0.00 210.00  0.00 215.00  0.00 9075.54 
4  170.00 0.00 165.00  0.00 215.00  0.00 220.00  0.00 10601.22 
4  170.00 0.00 165.00  0.00 220.00  0.00 225.00  0.00 9457.80 
4  170.00 0.00 165.00  0.00 225.00  0.00 230.00  0.00 8062.49 
4  170.00 0.00 165.00  0.00 230.00  0.00 235.00  0.00 8228.55 
4  175.00 0.00 170.00  0.00 180.00  0.00 185.00  0.00 1734.47 
4  175.00 0.00 170.00  0.00 185.00  0.00 190.00  0.00 3280.32 
4  175.00 0.00 170.00  0.00 190.00  0.00 195.00  0.00 3303.16 
4  175.00 0.00 170.00  0.00 195.00  0.00 200.00  0.00 5342.39 
4  175.00 0.00 170.00  0.00 200.00  0.00 205.00  0.00 5365.31 
4  175.00 0.00 170.00  0.00 205.00  0.00 210.00  0.00 6584.59 
4  175.00 0.00 170.00  0.00 210.00  0.00 215.00  0.00 5579.43 
4  175.00 0.00 170.00  0.00 215.00  0.00 220.00  0.00 6620.91 
4  175.00 0.00 170.00  0.00 220.00  0.00 225.00  0.00 5684.87 
4  175.00 0.00 170.00  0.00 225.00  0.00 230.00  0.00 5837.39 
4  175.00 0.00 170.00  0.00 230.00  0.00 235.00  0.00 7888.01 
4  180.00 0.00 175.00  0.00 185.00  0.00 190.00  0.00 1860.97 
4  180.00 0.00 175.00  0.00 190.00  0.00 195.00  0.00 2193.64 
4  180.00 0.00 175.00  0.00 195.00  0.00 200.00  0.00 3903.23 
4  180.00 0.00 175.00  0.00 200.00  0.00 205.00  0.00 3983.56 
4  180.00 0.00 175.00  0.00 205.00  0.00 210.00  0.00 5526.57 
4  180.00 0.00 175.00  0.00 210.00  0.00 215.00  0.00 4706.98 
4  180.00 0.00 175.00  0.00 215.00  0.00 220.00  0.00 5813.65 
4  180.00 0.00 175.00  0.00 220.00  0.00 225.00  0.00 4590.56 
4  180.00 0.00 175.00  0.00 225.00  0.00 230.00  0.00 5210.97 
4  180.00 0.00 175.00  0.00 230.00  0.00 235.00  0.00 4404.10 
4  185.00 0.00 180.00  0.00 190.00  0.00 195.00  0.00 1522.59 
4  185.00 0.00 180.00  0.00 195.00  0.00 200.00  0.00 3214.60 
4  185.00 0.00 180.00  0.00 200.00  0.00 205.00  0.00 3748.68 
4  185.00 0.00 180.00  0.00 205.00  0.00 210.00  0.00 5410.17 
4  185.00 0.00 180.00  0.00 210.00  0.00 215.00  0.00 4868.64 
4  185.00 0.00 180.00  0.00 215.00  0.00 220.00  0.00 5964.71 
4  185.00 0.00 180.00  0.00 220.00  0.00 225.00  0.00 5044.55 
4  185.00 0.00 180.00  0.00 225.00  0.00 230.00  0.00 5656.86 
4  185.00 0.00 180.00  0.00 230.00  0.00 235.00  0.00 5092.14 
4  190.00 0.00 185.00  0.00 195.00  0.00 200.00  0.00 2800.70 
4  190.00 0.00 185.00  0.00 200.00  0.00 205.00  0.00 3730.56 
4  190.00 0.00 185.00  0.00 205.00  0.00 210.00  0.00 6069.64 
4  190.00 0.00 185.00  0.00 210.00  0.00 215.00  0.00 5827.21 
4  190.00 0.00 185.00  0.00 215.00  0.00 220.00  0.00 7402.00 
4  190.00 0.00 185.00  0.00 220.00  0.00 225.00  0.00 6416.88 
4  190.00 0.00 185.00  0.00 225.00  0.00 230.00  0.00 7457.82 
4  190.00 0.00 185.00  0.00 230.00  0.00 235.00  0.00 6482.45 
4  195.00 0.00 190.00  0.00 200.00  0.00 205.00  0.00 1957.83 
4  195.00 0.00 190.00  0.00 205.00  0.00 210.00  0.00 3804.79 
4  195.00 0.00 190.00  0.00 210.00  0.00 215.00  0.00 3975.51 
4  195.00 0.00 190.00  0.00 215.00  0.00 220.00  0.00 5343.95 
4  195.00 0.00 190.00  0.00 220.00  0.00 225.00  0.00 4851.50 
4  195.00 0.00 190.00  0.00 225.00  0.00 230.00  0.00 5790.00 
4  195.00 0.00 190.00  0.00 230.00  0.00 235.00  0.00 5133.64 
4  200.00 0.00 195.00  0.00 205.00  0.00 210.00  0.00 3269.42 
4  200.00 0.00 195.00  0.00 210.00  0.00 215.00  0.00 4131.45 
4  200.00 0.00 195.00  0.00 215.00  0.00 220.00  0.00 6065.80 
4  200.00 0.00 195.00  0.00 220.00  0.00 225.00  0.00 5917.27 
4  200.00 0.00 195.00  0.00 225.00  0.00 230.00  0.00 7380.18 
4  200.00 0.00 195.00  0.00 230.00  0.00 235.00  0.00 6949.75 
4  205.00 0.00 200.00  0.00 210.00  0.00 215.00  0.00 2423.03 
4  205.00 0.00 200.00  0.00 215.00  0.00 220.00  0.00 3946.50 
4  205.00 0.00 200.00  0.00 220.00  0.00 225.00  0.00 4234.59 
4  205.00 0.00 200.00  0.00 225.00  0.00 230.00  0.00 5621.08 
4  205.00 0.00 200.00  0.00 230.00  0.00 235.00  0.00 5407.32 
4  210.00 0.00 205.00  0.00 215.00  0.00 220.00  0.00 3289.61 
4  210.00 0.00 205.00  0.00 220.00  0.00 225.00  0.00 4435.88 
4  210.00 0.00 205.00  0.00 225.00  0.00 230.00  0.00 6331.60 
4  210.00 0.00 205.00  0.00 230.00  0.00 235.00  0.00 6738.71 
4  215.00 0.00 210.00  0.00 220.00  0.00 225.00  0.00 2581.19 
4  215.00 0.00 210.00  0.00 225.00  0.00 230.00  0.00 4466.05 
4  215.00 0.00 210.00  0.00 230.00  0.00 235.00  0.00 4881.99 
4  220.00 0.00 215.00  0.00 225.00  0.00 230.00  0.00 3504.43 
4  220.00 0.00 215.00  0.00 230.00  0.00 235.00  0.00 4315.90 
4  225.00 0.00 220.00  0.00 230.00  0.00 235.00  0.00 1943.21