4      5.000   3935.292      0.000   3933.485     10.000   3936.365     15.000   3937.841   7385.50000
4     15.000   3937.841     10.000   3936.365     20.000   3939.320     25.000   3940.750   7824.89990
4     20.000   3939.320     15.000   3937.841     25.000   3940.750     30.000   3942.146   6086.79980
4     25.000   3940.750     20.000   3939.320     30.000   3942.146     35.000   3943.608   8457.70020
4     30.000   3942.146     25.000   3940.750     35.000   3943.608     40.000   3945.112   6180.20020
4     35.000   3943.608     30.000   3942.146     40.000   3945.112     45.000   3946.562   7465.89990
4     40.000   3945.112     35.000   3943.608     45.000   3946.562     50.000   3947.830   6735.29980
4     45.000   3946.562     40.000   3945.112     50.000   3947.830     55.000   3948.948   7021.70020
4     50.000   3947.830     45.000   3946.562     55.000   3948.948     60.000   3950.175   6510.50000
4     55.000   3948.948     50.000   3947.830     60.000   3950.175     65.000   3951.324   6402.70020
4     60.000   3950.175     55.000   3948.948     65.000   3951.324     70.000   3952.300   5883.20020
4     65.000   3951.324     60.000   3950.175     70.000   3952.300     75.000   3953.127   4632.89990
4     70.000   3952.300     65.000   3951.324     75.000   3953.127     80.000   3953.839   6110.50000
4     75.000   3953.127     70.000   3952.300     80.000   3953.839     85.000   3954.704   6002.10010
4     80.000   3953.839     75.000   3953.127     85.000   3954.704     90.000   3955.655   7110.60010
4     85.000   3954.704     80.000   3953.839     90.000   3955.655     95.000   3956.350   5588.29980
4     95.000   3956.350     90.000   3955.655    100.000   3957.470    105.000   3958.801   6716.39990
4    100.000   3957.470     95.000   3956.350    105.000   3958.801    110.000   3959.853  11217.00000
4    105.000   3958.801    100.000   3957.470    110.000   3959.853    115.000   3960.997  10399.00000
4    120.000   3962.387    115.000   3960.997    125.000   3963.598    130.000   3964.688   9117.09961
4    125.000   3963.598    120.000   3962.387    130.000   3964.688    135.000   3965.822  10095.00000
4    140.000   3966.891    135.000   3965.822    145.000   3967.977    150.000   3969.161   9784.29980
4    170.000   3971.912    165.000   3971.465    175.000   3972.488    180.000   3972.905  15940.00000
4    175.000   3972.488    170.000   3971.912    180.000   3972.905    185.000   3973.225  15619.00000
4    180.000   3972.905    175.000   3972.488    185.000   3973.225    190.000   3973.595  18642.00000
4    185.000   3973.225    180.000   3972.905    190.000   3973.595    195.000   3973.729  22613.00000
4    190.000   3973.595    185.000   3973.225    195.000   3973.729    200.000   3973.762  25156.00000
4    195.000   3973.729    190.000   3973.595    200.000   3973.762    205.000   3973.813  31025.00000
4    200.000   3973.762    195.000   3973.729    205.000   3973.813    210.000   3974.068  38429.00000
4    205.000   3973.813    200.000   3973.762    210.000   3974.068    215.000   3974.257  31292.00000
4    210.000   3974.068    205.000   3973.813    215.000   3974.257    220.000   3974.401  35917.00000
4    215.000   3974.257    210.000   3974.068    220.000   3974.401    225.000   3974.771  29679.00000
4    220.000   3974.401    215.000   3974.257    225.000   3974.771    230.000   3975.025  29716.00000
4    225.000   3974.771    220.000   3974.401    230.000   3975.025    235.000   3975.411  27852.00000
4      5.000   3935.292      0.000   3933.485     15.000   3937.841     20.000   3939.320   9132.00000
4     10.000   3936.365      5.000   3935.292     20.000   3939.320     25.000   3940.750   8756.90039
4     15.000   3937.841     10.000   3936.365     25.000   3940.750     30.000   3942.146   9634.90039
4     20.000   3939.320     15.000   3937.841     30.000   3942.146     35.000   3943.608  10372.00000
4     25.000   3940.750     20.000   3939.320     35.000   3943.608     40.000   3945.112  11750.00000
4     30.000   3942.146     25.000   3940.750     40.000   3945.112     45.000   3946.562   9653.29980
4     35.000   3943.608     30.000   3942.146     45.000   3946.562     50.000   3947.830  10168.00000
4     40.000   3945.112     35.000   3943.608     50.000   3947.830     55.000   3948.948   9650.50000
4     45.000   3946.562     40.000   3945.112     55.000   3948.948     60.000   3950.175  11164.00000
4     50.000   3947.830     45.000   3946.562     60.000   3950.175     65.000   3951.324   9344.70020
4     55.000   3948.948     50.000   3947.830     65.000   3951.324     70.000   3952.300  10667.00000
4     60.000   3950.175     55.000   3948.948     70.000   3952.300     75.000   3953.127   7635.10010
4     65.000   3951.324     60.000   3950.175     75.000   3953.127     80.000   3953.839  10941.00000
4     70.000   3952.300     65.000   3951.324     80.000   3953.839     85.000   3954.704  11056.00000
4     75.000   3953.127     70.000   3952.300     85.000   3954.704     90.000   3955.655   7490.10010
4     80.000   3953.839     75.000   3953.127     90.000   3955.655     95.000   3956.350   9173.09961
4     85.000   3954.704     80.000   3953.839     95.000   3956.350    100.000   3957.470  15196.00000
4     90.000   3955.655     85.000   3954.704    100.000   3957.470    105.000   3958.801  11483.00000
4     95.000   3956.350     90.000   3955.655    105.000   3958.801    110.000   3959.853   8545.09961
4    100.000   3957.470     95.000   3956.350    110.000   3959.853    115.000   3960.997  18759.00000
4    105.000   3958.801    100.000   3957.470    115.000   3960.997    120.000   3962.387  18536.00000
4    115.000   3960.997    110.000   3959.853    125.000   3963.598    130.000   3964.688  11085.00000
4    120.000   3962.387    115.000   3960.997    130.000   3964.688    135.000   3965.822  16948.00000
4    125.000   3963.598    120.000   3962.387    135.000   3965.822    140.000   3966.891  15134.00000
4    130.000   3964.688    125.000   3963.598    140.000   3966.891    145.000   3967.977  10330.00000
4    135.000   3965.822    130.000   3964.688    145.000   3967.977    150.000   3969.161  15101.00000
4    140.000   3966.891    135.000   3965.822    150.000   3969.161    155.000   3970.147  15263.00000
4    150.000   3969.161    145.000   3967.977    160.000   3970.835    165.000   3971.465  20648.00000
4    155.000   3970.147    150.000   3969.161    165.000   3971.465    170.000   3971.912  22118.00000
4    160.000   3970.835    155.000   3970.147    170.000   3971.912    175.000   3972.488  22777.00000
4    165.000   3971.465    160.000   3970.835    175.000   3972.488    180.000   3972.905  23146.00000
4    170.000   3971.912    165.000   3971.465    180.000   3972.905    185.000   3973.225  25452.00000
4    175.000   3972.488    170.000   3971.912    185.000   3973.225    190.000   3973.595  26472.00000
4    180.000   3972.905    175.000   3972.488    190.000   3973.595    195.000   3973.729  35143.00000
4    185.000   3973.225    180.000   3972.905    195.000   3973.729    200.000   3973.762  39352.00000
4    190.000   3973.595    185.000   3973.225    200.000   3973.762    205.000   3973.813  36604.00000
4    195.000   3973.729    190.000   3973.595    205.000   3973.813    210.000   3974.068  47457.00000
4    200.000   3973.762    195.000   3973.729    210.000   3974.068    215.000   3974.257  46764.00000
4    205.000   3973.813    200.000   3973.762    215.000   3974.257    220.000   3974.401  45397.00000
4    210.000   3974.068    205.000   3973.813    220.000   3974.401    225.000   3974.771  51434.00000
4    215.000   3974.257    210.000   3974.068    225.000   3974.771    230.000   3975.025  39505.00000
4    220.000   3974.401    215.000   3974.257    230.000   3975.025    235.000   3975.411  36487.00000
4     10.000   3936.365      5.000   3935.292     25.000   3940.750     30.000   3942.146   8972.79980
4     15.000   3937.841     10.000   3936.365     30.000   3942.146     35.000   3943.608  13857.00000
4     20.000   3939.320     15.000   3937.841     35.000   3943.608     40.000   3945.112  12493.00000
4     25.000   3940.750     20.000   3939.320     40.000   3945.112     45.000   3946.562  16039.00000
4     30.000   3942.146     25.000   3940.750     45.000   3946.562     50.000   3947.830  11197.00000
4     35.000   3943.608     30.000   3942.146     50.000   3947.830     55.000   3948.948  12672.00000
4     40.000   3945.112     35.000   3943.608     55.000   3948.948     60.000   3950.175  12221.00000
4     45.000   3946.562     40.000   3945.112     60.000   3950.175     65.000   3951.324  13207.00000
4     50.000   3947.830     45.000   3946.562     65.000   3951.324     70.000   3952.300  12642.00000
4     55.000   3948.948     50.000   3947.830     70.000   3952.300     75.000   3953.127  11583.00000
4     60.000   3950.175     55.000   3948.948     75.000   3953.127     80.000   3953.839  15234.00000
4     65.000   3951.324     60.000   3950.175     80.000   3953.839     85.000   3954.704  15399.00000
4     70.000   3952.300     65.000   3951.324     85.000   3954.704     90.000   3955.655  11370.00000
4     75.000   3953.127     70.000   3952.300     90.000   3955.655     95.000   3956.350   8225.90039
4     80.000   3953.839     75.000   3953.127     95.000   3956.350    100.000   3957.470  22025.00000
4     85.000   3954.704     80.000   3953.839    100.000   3957.470    105.000   3958.801  21557.00000
4     90.000   3955.655     85.000   3954.704    105.000   3958.801    110.000   3959.853  12367.00000
4     95.000   3956.350     90.000   3955.655    110.000   3959.853    115.000   3960.997  11705.00000
4    100.000   3957.470     95.000   3956.350    115.000   3960.997    120.000   3962.387  27652.00000
4    105.000   3958.801    100.000   3957.470    120.000   3962.387    125.000   3963.598  23732.00000
4    110.000   3959.853    105.000   3958.801    125.000   3963.598    130.000   3964.688  12766.00000
4    115.000   3960.997    110.000   3959.853    130.000   3964.688    135.000   3965.822  17149.00000
4    120.000   3962.387    115.000   3960.997    135.000   3965.822    140.000   3966.891  21896.00000
4    125.000   3963.598    120.000   3962.387    140.000   3966.891    145.000   3967.977  20020.00000
4    130.000   3964.688    125.000   3963.598    145.000   3967.977    150.000   3969.161  17886.00000
4    135.000   3965.822    130.000   3964.688    150.000   3969.161    155.000   3970.147  20247.00000
4    140.000   3966.891    135.000   3965.822    155.000   3970.147    160.000   3970.835  21668.00000
4    145.000   3967.977    140.000   3966.891    160.000   3970.835    165.000   3971.465  22239.00000
4    150.000   3969.161    145.000   3967.977    165.000   3971.465    170.000   3971.912  30904.00000
4    155.000   3970.147    150.000   3969.161    170.000   3971.912    175.000   3972.488  29229.00000
4    160.000   3970.835    155.000   3970.147    175.000   3972.488    180.000   3972.905  33518.00000
4    165.000   3971.465    160.000   3970.835    180.000   3972.905    185.000   3973.225  31865.00000
4    170.000   3971.912    165.000   3971.465    185.000   3973.225    190.000   3973.595  37436.00000
4    175.000   3972.488    170.000   3971.912    190.000   3973.595    195.000   3973.729  43548.00000
4    180.000   3972.905    175.000   3972.488    195.000   3973.729    200.000   3973.762  49849.00000
4    185.000   3973.225    180.000   3972.905    200.000   3973.762    205.000   3973.813  46577.00000
4    190.000   3973.595    185.000   3973.225    205.000   3973.813    210.000   3974.068  51371.00000
4    195.000   3973.729    190.000   3973.595    210.000   3974.068    215.000   3974.257  51724.00000
4    200.000   3973.762    195.000   3973.729    215.000   3974.257    220.000   3974.401  59049.00000
4    205.000   3973.813    200.000   3973.762    220.000   3974.401    225.000   3974.771  57056.00000
4    210.000   3974.068    205.000   3973.813    225.000   3974.771    230.000   3975.025  59704.00000
4    215.000   3974.257    210.000   3974.068    230.000   3975.025    235.000   3975.411  43238.00000
4      5.000   3935.292      0.000   3933.485     25.000   3940.750     30.000   3942.146  14254.00000
4     10.000   3936.365      5.000   3935.292     30.000   3942.146     35.000   3943.608  11946.00000
4     15.000   3937.841     10.000   3936.365     35.000   3943.608     40.000   3945.112  15574.00000
4     20.000   3939.320     15.000   3937.841     40.000   3945.112     45.000   3946.562  16011.00000
4     25.000   3940.750     20.000   3939.320     45.000   3946.562     50.000   3947.830  17175.00000
4     30.000   3942.146     25.000   3940.750     50.000   3947.830     55.000   3948.948  13112.00000
4     35.000   3943.608     30.000   3942.146     55.000   3948.948     60.000   3950.175  14970.00000
4     40.000   3945.112     35.000   3943.608     60.000   3950.175     65.000   3951.324  13479.00000
4     45.000   3946.562     40.000   3945.112     65.000   3951.324     70.000   3952.300  16268.00000
4     50.000   3947.830     45.000   3946.562     70.000   3952.300     75.000   3953.127  12856.00000
4     55.000   3948.948     50.000   3947.830     75.000   3953.127     80.000   3953.839  20770.00000
4     60.000   3950.175     55.000   3948.948     80.000   3953.839     85.000   3954.704  19309.00000
4     65.000   3951.324     60.000   3950.175     85.000   3954.704     90.000   3955.655  14151.00000
4     70.000   3952.300     65.000   3951.324     90.000   3955.655     95.000   3956.350  11209.00000
4     75.000   3953.127     70.000   3952.300     95.000   3956.350    100.000   3957.470  19176.00000
4     80.000   3953.839     75.000   3953.127    100.000   3957.470    105.000   3958.801  28250.00000
4     85.000   3954.704     80.000   3953.839    105.000   3958.801    110.000   3959.853  20737.00000
4     90.000   3955.655     85.000   3954.704    110.000   3959.853    115.000   3960.997  16012.00000
4     95.000   3956.350     90.000   3955.655    115.000   3960.997    120.000   3962.387  16767.00000
4    100.000   3957.470     95.000   3956.350    120.000   3962.387    125.000   3963.598  32804.00000
4    105.000   3958.801    100.000   3957.470    125.000   3963.598    130.000   3964.688  24687.00000
4    110.000   3959.853    105.000   3958.801    130.000   3964.688    135.000   3965.822  18121.00000
4    115.000   3960.997    110.000   3959.853    135.000   3965.822    140.000   3966.891  19479.00000
4    120.000   3962.387    115.000   3960.997    140.000   3966.891    145.000   3967.977  25551.00000
4    125.000   3963.598    120.000   3962.387    145.000   3967.977    150.000   3969.161  30670.00000
4    130.000   3964.688    125.000   3963.598    150.000   3969.161    155.000   3970.147  22376.00000
4    135.000   3965.822    130.000   3964.688    155.000   3970.147    160.000   3970.835  27168.00000
4    140.000   3966.891    135.000   3965.822    160.000   3970.835    165.000   3971.465  28155.00000
4    145.000   3967.977    140.000   3966.891    165.000   3971.465    170.000   3971.912  30414.00000
4    150.000   3969.161    145.000   3967.977    170.000   3971.912    175.000   3972.488  35892.00000
4    155.000   3970.147    150.000   3969.161    175.000   3972.488    180.000   3972.905  39139.00000
4    160.000   3970.835    155.000   3970.147    180.000   3972.905    185.000   3973.225  42094.00000
4    165.000   3971.465    160.000   3970.835    185.000   3973.225    190.000   3973.595  42931.00000
4    170.000   3971.912    165.000   3971.465    190.000   3973.595    195.000   3973.729  56954.00000
4    175.000   3972.488    170.000   3971.912    195.000   3973.729    200.000   3973.762  56549.00000
4    180.000   3972.905    175.000   3972.488    200.000   3973.762    205.000   3973.813  55573.00000
4    185.000   3973.225    180.000   3972.905    205.000   3973.813    210.000   3974.068  60125.00000
4    190.000   3973.595    185.000   3973.225    210.000   3974.068    215.000   3974.257  53817.00000
4    195.000   3973.729    190.000   3973.595    215.000   3974.257    220.000   3974.401  61566.00000
4    200.000   3973.762    195.000   3973.729    220.000   3974.401    225.000   3974.771  69575.00000
4    205.000   3973.813    200.000   3973.762    225.000   3974.771    230.000   3975.025  61851.00000
4    210.000   3974.068    205.000   3973.813    230.000   3975.025    235.000   3975.411  62426.00000
4      5.000   3935.292      0.000   3933.485     30.000   3942.146     35.000   3943.608  18875.00000
4     10.000   3936.365      5.000   3935.292     35.000   3943.608     40.000   3945.112  12892.00000
4     15.000   3937.841     10.000   3936.365     40.000   3945.112     45.000   3946.562  18904.00000
4     20.000   3939.320     15.000   3937.841     45.000   3946.562     50.000   3947.830  16590.00000
4     25.000   3940.750     20.000   3939.320     50.000   3947.830     55.000   3948.948  19636.00000
4     30.000   3942.146     25.000   3940.750     55.000   3948.948     60.000   3950.175  14801.00000
4     35.000   3943.608     30.000   3942.146     60.000   3950.175     65.000   3951.324  15929.00000
4     40.000   3945.112     35.000   3943.608     65.000   3951.324     70.000   3952.300  15856.00000
4     45.000   3946.562     40.000   3945.112     70.000   3952.300     75.000   3953.127  15725.00000
4     50.000   3947.830     45.000   3946.562     75.000   3953.127     80.000   3953.839  22268.00000
4     55.000   3948.948     50.000   3947.830     80.000   3953.839     85.000   3954.704  24564.00000
4     60.000   3950.175     55.000   3948.948     85.000   3954.704     90.000   3955.655  17081.00000
4     65.000   3951.324     60.000   3950.175     90.000   3955.655     95.000   3956.350  13119.00000
4     70.000   3952.300     65.000   3951.324     95.000   3956.350    100.000   3957.470  25080.00000
4     75.000   3953.127     70.000   3952.300    100.000   3957.470    105.000   3958.801  23070.00000
4     80.000   3953.839     75.000   3953.127    105.000   3958.801    110.000   3959.853  25349.00000
4     85.000   3954.704     80.000   3953.839    110.000   3959.853    115.000   3960.997  25394.00000
4     90.000   3955.655     85.000   3954.704    115.000   3960.997    120.000   3962.387  22637.00000
4     95.000   3956.350     90.000   3955.655    120.000   3962.387    125.000   3963.598  17668.00000
4    100.000   3957.470     95.000   3956.350    125.000   3963.598    130.000   3964.688  31398.00000
4    105.000   3958.801    100.000   3957.470    130.000   3964.688    135.000   3965.822  32445.00000
4    110.000   3959.853    105.000   3958.801    135.000   3965.822    140.000   3966.891  20347.00000
4    115.000   3960.997    110.000   3959.853    140.000   3966.891    145.000   3967.977  22892.00000
4    120.000   3962.387    115.000   3960.997    145.000   3967.977    150.000   3969.161  37973.00000
4    125.000   3963.598    120.000   3962.387    150.000   3969.161    155.000   3970.147  35593.00000
4    130.000   3964.688    125.000   3963.598    155.000   3970.147    160.000   3970.835  29098.00000
4    135.000   3965.822    130.000   3964.688    160.000   3970.835    165.000   3971.465  33753.00000
4    140.000   3966.891    135.000   3965.822    165.000   3971.465    170.000   3971.912  36042.00000
4    145.000   3967.977    140.000   3966.891    170.000   3971.912    175.000   3972.488  33074.00000
4    150.000   3969.161    145.000   3967.977    175.000   3972.488    180.000   3972.905  46649.00000
4    155.000   3970.147    150.000   3969.161    180.000   3972.905    185.000   3973.225  46801.00000
4    160.000   3970.835    155.000   3970.147    185.000   3973.225    190.000   3973.595  53160.00000
4    165.000   3971.465    160.000   3970.835    190.000   3973.595    195.000   3973.729  63431.00000
4    170.000   3971.912    165.000   3971.465    195.000   3973.729    200.000   3973.762  69971.00000
4    175.000   3972.488    170.000   3971.912    200.000   3973.762    205.000   3973.813  60649.00000
4    180.000   3972.905    175.000   3972.488    205.000   3973.813    210.000   3974.068  69387.00000
4    185.000   3973.225    180.000   3972.905    210.000   3974.068    215.000   3974.257  59590.00000
4    190.000   3973.595    185.000   3973.225    215.000   3974.257    220.000   3974.401  61380.00000
4    195.000   3973.729    190.000   3973.595    220.000   3974.401    225.000   3974.771  67996.00000
4    200.000   3973.762    195.000   3973.729    225.000   3974.771    230.000   3975.025  71466.00000
4    205.000   3973.813    200.000   3973.762    230.000   3975.025    235.000   3975.411  61143.00000
4      5.000   3935.292      0.000   3933.485     35.000   3943.608     40.000   3945.112  20140.00000
4     10.000   3936.365      5.000   3935.292     40.000   3945.112     45.000   3946.562  15856.00000
4     15.000   3937.841     10.000   3936.365     45.000   3946.562     50.000   3947.830  19555.00000
4     20.000   3939.320     15.000   3937.841     50.000   3947.830     55.000   3948.948  18586.00000
4     25.000   3940.750     20.000   3939.320     55.000   3948.948     60.000   3950.175  21855.00000
4     30.000   3942.146     25.000   3940.750     60.000   3950.175     65.000   3951.324  16181.00000
4     35.000   3943.608     30.000   3942.146     65.000   3951.324     70.000   3952.300  18432.00000
4     40.000   3945.112     35.000   3943.608     70.000   3952.300     75.000   3953.127  15148.00000
4     45.000   3946.562     40.000   3945.112     75.000   3953.127     80.000   3953.839  26714.00000
4     50.000   3947.830     45.000   3946.562     80.000   3953.839     85.000   3954.704  25171.00000
4     55.000   3948.948     50.000   3947.830     85.000   3954.704     90.000   3955.655  20934.00000
4     60.000   3950.175     55.000   3948.948     90.000   3955.655     95.000   3956.350  15303.00000
4     65.000   3951.324     60.000   3950.175     95.000   3956.350    100.000   3957.470  28063.00000
4     70.000   3952.300     65.000   3951.324    100.000   3957.470    105.000   3958.801  28714.00000
4     75.000   3953.127     70.000   3952.300    105.000   3958.801    110.000   3959.853  19798.00000
4     80.000   3953.839     75.000   3953.127    110.000   3959.853    115.000   3960.997  28653.00000
4     85.000   3954.704     80.000   3953.839    115.000   3960.997    120.000   3962.387  33847.00000
4     90.000   3955.655     85.000   3954.704    120.000   3962.387    125.000   3963.598  22812.00000
4     95.000   3956.350     90.000   3955.655    125.000   3963.598    130.000   3964.688  16139.00000
4    100.000   3957.470     95.000   3956.350    130.000   3964.688    135.000   3965.822  39312.00000
4    105.000   3958.801    100.000   3957.470    135.000   3965.822    140.000   3966.891  35463.00000
4    110.000   3959.853    105.000   3958.801    140.000   3966.891    145.000   3967.977  22719.00000
4    115.000   3960.997    110.000   3959.853    145.000   3967.977    150.000   3969.161  32830.00000
4    120.000   3962.387    115.000   3960.997    150.000   3969.161    155.000   3970.147  43996.00000
4    125.000   3963.598    120.000   3962.387    155.000   3970.147    160.000   3970.835  43981.00000
4    130.000   3964.688    125.000   3963.598    160.000   3970.835    165.000   3971.465  35353.00000
4    135.000   3965.822    130.000   3964.688    165.000   3971.465    170.000   3971.912  42063.00000
4    140.000   3966.891    135.000   3965.822    170.000   3971.912    175.000   3972.488  37298.00000
4    145.000   3967.977    140.000   3966.891    175.000   3972.488    180.000   3972.905  41064.00000
4    150.000   3969.161    145.000   3967.977    180.000   3972.905    185.000   3973.225  53518.00000
4    155.000   3970.147    150.000   3969.161    185.000   3973.225    190.000   3973.595  55915.00000
4    160.000   3970.835    155.000   3970.147    190.000   3973.595    195.000   3973.729  74305.00000
4    165.000   3971.465    160.000   3970.835    195.000   3973.729    200.000   3973.762  74184.00000
4    170.000   3971.912    165.000   3971.465    200.000   3973.762    205.000   3973.813  72564.00000
4    175.000   3972.488    170.000   3971.912    205.000   3973.813    210.000   3974.068  73821.00000
4    180.000   3972.905    175.000   3972.488    210.000   3974.068    215.000   3974.257  66321.00000
4    185.000   3973.225    180.000   3972.905    215.000   3974.257    220.000   3974.401  64646.00000
4    190.000   3973.595    185.000   3973.225    220.000   3974.401    225.000   3974.771  67468.00000
4    195.000   3973.729    190.000   3973.595    225.000   3974.771    230.000   3975.025  67803.00000
4    200.000   3973.762    195.000   3973.729    230.000   3975.025    235.000   3975.411  72694.00000
4      5.000   3935.292      0.000   3933.485     40.000   3945.112     45.000   3946.562  25054.00000
4     10.000   3936.365      5.000   3935.292     45.000   3946.562     50.000   3947.830  16160.00000
4     15.000   3937.841     10.000   3936.365     50.000   3947.830     55.000   3948.948  21674.00000
4     20.000   3939.320     15.000   3937.841     55.000   3948.948     60.000   3950.175  20178.00000
4     25.000   3940.750     20.000   3939.320     60.000   3950.175     65.000   3951.324  22241.00000
4     30.000   3942.146     25.000   3940.750     65.000   3951.324     70.000   3952.300  17610.00000
4     35.000   3943.608     30.000   3942.146     70.000   3952.300     75.000   3953.127  17441.00000
4     40.000   3945.112     35.000   3943.608     75.000   3953.127     80.000   3953.839  25682.00000
4     45.000   3946.562     40.000   3945.112     80.000   3953.839     85.000   3954.704  29224.00000
4     50.000   3947.830     45.000   3946.562     85.000   3954.704     90.000   3955.655  21024.00000
4     55.000   3948.948     50.000   3947.830     90.000   3955.655     95.000   3956.350  18011.00000
4     60.000   3950.175     55.000   3948.948     95.000   3956.350    100.000   3957.470  32437.00000
4     65.000   3951.324     60.000   3950.175    100.000   3957.470    105.000   3958.801  30230.00000
4     70.000   3952.300     65.000   3951.324    105.000   3958.801    110.000   3959.853  21682.00000
4     75.000   3953.127     70.000   3952.300    110.000   3959.853    115.000   3960.997  21289.00000
4     80.000   3953.839     75.000   3953.127    115.000   3960.997    120.000   3962.387  40143.00000
4     85.000   3954.704     80.000   3953.839    120.000   3962.387    125.000   3963.598  33128.00000
4     90.000   3955.655     85.000   3954.704    125.000   3963.598    130.000   3964.688  20226.00000
4     95.000   3956.350     90.000   3955.655    130.000   3964.688    135.000   3965.822  19668.00000
4    100.000   3957.470     95.000   3956.350    135.000   3965.822    140.000   3966.891  41548.00000
4    105.000   3958.801    100.000   3957.470    140.000   3966.891    145.000   3967.977  37676.00000
4    110.000   3959.853    105.000   3958.801    145.000   3967.977    150.000   3969.161  31697.00000
4    115.000   3960.997    110.000   3959.853    150.000   3969.161    155.000   3970.147  36016.00000
4    120.000   3962.387    115.000   3960.997    155.000   3970.147    160.000   3970.835  54080.00000
4    125.000   3963.598    120.000   3962.387    160.000   3970.835    165.000   3971.465  48673.00000
4    130.000   3964.688    125.000   3963.598    165.000   3971.465    170.000   3971.912  39686.00000
4    135.000   3965.822    130.000   3964.688    170.000   3971.912    175.000   3972.488  41770.00000
4    140.000   3966.891    135.000   3965.822    175.000   3972.488    180.000   3972.905  44234.00000
4    145.000   3967.977    140.000   3966.891    180.000   3972.905    185.000   3973.225  45348.00000
4    150.000   3969.161    145.000   3967.977    185.000   3973.225    190.000   3973.595  61639.00000
4    155.000   3970.147    150.000   3969.161    190.000   3973.595    195.000   3973.729  77336.00000
4    160.000   3970.835    155.000   3970.147    195.000   3973.729    200.000   3973.762  84802.00000
4    165.000   3971.465    160.000   3970.835    200.000   3973.762    205.000   3973.813  75738.00000
4    170.000   3971.912    165.000   3971.465    205.000   3973.813    210.000   3974.068  85474.00000
4    175.000   3972.488    170.000   3971.912    210.000   3974.068    215.000   3974.257  69241.00000
4    180.000   3972.905    175.000   3972.488    215.000   3974.257    220.000   3974.401  69868.00000
4    185.000   3973.225    180.000   3972.905    220.000   3974.401    225.000   3974.771  68488.00000
4    190.000   3973.595    185.000   3973.225    225.000   3974.771    230.000   3975.025  65872.00000
4    195.000   3973.729    190.000   3973.595    230.000   3975.025    235.000   3975.411  60974.00000
4      5.000   3935.292      0.000   3933.485     45.000   3946.562     50.000   3947.830  25842.00000
4     10.000   3936.365      5.000   3935.292     50.000   3947.830     55.000   3948.948  18136.00000
4     15.000   3937.841     10.000   3936.365     55.000   3948.948     60.000   3950.175  23300.00000
4     20.000   3939.320     15.000   3937.841     60.000   3950.175     65.000   3951.324  21009.00000
4     25.000   3940.750     20.000   3939.320     65.000   3951.324     70.000   3952.300  25682.00000
4     30.000   3942.146     25.000   3940.750     70.000   3952.300     75.000   3953.127  16804.00000
4     35.000   3943.608     30.000   3942.146     75.000   3953.127     80.000   3953.839  28113.00000
4     40.000   3945.112     35.000   3943.608     80.000   3953.839     85.000   3954.704  27440.00000
4     45.000   3946.562     40.000   3945.112     85.000   3954.704     90.000   3955.655  24070.00000
4     50.000   3947.830     45.000   3946.562     90.000   3955.655     95.000   3956.350  17351.00000
4     55.000   3948.948     50.000   3947.830     95.000   3956.350    100.000   3957.470  37326.00000
4     60.000   3950.175     55.000   3948.948    100.000   3957.470    105.000   3958.801  34681.00000
4     65.000   3951.324     60.000   3950.175    105.000   3958.801    110.000   3959.853  26017.00000
4     70.000   3952.300     65.000   3951.324    110.000   3959.853    115.000   3960.997  25014.00000
4     75.000   3953.127     70.000   3952.300    115.000   3960.997    120.000   3962.387  28978.00000
4     80.000   3953.839     75.000   3953.127    120.000   3962.387    125.000   3963.598  36616.00000
4     85.000   3954.704     80.000   3953.839    125.000   3963.598    130.000   3964.688  28573.00000
4     90.000   3955.655     85.000   3954.704    130.000   3964.688    135.000   3965.822  24211.00000
4     95.000   3956.350     90.000   3955.655    135.000   3965.822    140.000   3966.891  20218.00000
4    100.000   3957.470     95.000   3956.350    140.000   3966.891    145.000   3967.977  42884.00000
4    105.000   3958.801    100.000   3957.470    145.000   3967.977    150.000   3969.161  50936.00000
4    110.000   3959.853    105.000   3958.801    150.000   3969.161    155.000   3970.147  34908.00000
4    115.000   3960.997    110.000   3959.853    155.000   3970.147    160.000   3970.835  42956.00000
4    120.000   3962.387    115.000   3960.997    160.000   3970.835    165.000   3971.465  60220.00000
4    125.000   3963.598    120.000   3962.387    165.000   3971.465    170.000   3971.912  61287.00000
4    130.000   3964.688    125.000   3963.598    170.000   3971.912    175.000   3972.488  40249.00000
4    135.000   3965.822    130.000   3964.688    175.000   3972.488    180.000   3972.905  49257.00000
4    140.000   3966.891    135.000   3965.822    180.000   3972.905    185.000   3973.225  47431.00000
4    145.000   3967.977    140.000   3966.891    185.000   3973.225    190.000   3973.595  51074.00000
4    150.000   3969.161    145.000   3967.977    190.000   3973.595    195.000   3973.729  85536.00000
4    155.000   3970.147    150.000   3969.161    195.000   3973.729    200.000   3973.762  84927.00000
4    160.000   3970.835    155.000   3970.147    200.000   3973.762    205.000   3973.813  82855.00000
4    165.000   3971.465    160.000   3970.835    205.000   3973.813    210.000   3974.068  87211.00000
4    170.000   3971.912    165.000   3971.465    210.000   3974.068    215.000   3974.257  78149.00000
4    175.000   3972.488    170.000   3971.912    215.000   3974.257    220.000   3974.401  71437.00000
4    180.000   3972.905    175.000   3972.488    220.000   3974.401    225.000   3974.771  73415.00000
4    185.000   3973.225    180.000   3972.905    225.000   3974.771    230.000   3975.025  65696.00000
4    190.000   3973.595    185.000   3973.225    230.000   3975.025    235.000   3975.411  62872.00000
4      5.000   3935.292      0.000   3933.485     50.000   3947.830     55.000   3948.948  29473.00000
4     10.000   3936.365      5.000   3935.292     55.000   3948.948     60.000   3950.175  19474.00000
4     15.000   3937.841     10.000   3936.365     60.000   3950.175     65.000   3951.324  24354.00000
4     20.000   3939.320     15.000   3937.841     65.000   3951.324     70.000   3952.300  22865.00000
4     25.000   3940.750     20.000   3939.320     70.000   3952.300     75.000   3953.127  23281.00000
4     35.000   3943.608     30.000   3942.146     80.000   3953.839     85.000   3954.704  30021.00000
4     40.000   3945.112     35.000   3943.608     85.000   3954.704     90.000   3955.655  21538.00000
4     45.000   3946.562     40.000   3945.112     90.000   3955.655     95.000   3956.350  19022.00000
4     50.000   3947.830     45.000   3946.562     95.000   3956.350    100.000   3957.470  37098.00000
4     55.000   3948.948     50.000   3947.830    100.000   3957.470    105.000   3958.801  40365.00000
4     60.000   3950.175     55.000   3948.948    105.000   3958.801    110.000   3959.853  27937.00000
4     65.000   3951.324     60.000   3950.175    110.000   3959.853    115.000   3960.997  27994.00000
4     70.000   3952.300     65.000   3951.324    115.000   3960.997    120.000   3962.387  33753.00000
4     75.000   3953.127     70.000   3952.300    120.000   3962.387    125.000   3963.598  26331.00000
4     80.000   3953.839     75.000   3953.127    125.000   3963.598    130.000   3964.688  30992.00000
4     85.000   3954.704     80.000   3953.839    130.000   3964.688    135.000   3965.822  33526.00000
4     90.000   3955.655     85.000   3954.704    135.000   3965.822    140.000   3966.891  24457.00000
4     95.000   3956.350     90.000   3955.655    140.000   3966.891    145.000   3967.977  21153.00000
4    100.000   3957.470     95.000   3956.350    145.000   3967.977    150.000   3969.161  56893.00000
4    105.000   3958.801    100.000   3957.470    150.000   3969.161    155.000   3970.147  55481.00000
4    110.000   3959.853    105.000   3958.801    155.000   3970.147    160.000   3970.835  41671.00000
4    115.000   3960.997    110.000   3959.853    160.000   3970.835    165.000   3971.465  46368.00000
4    120.000   3962.387    115.000   3960.997    165.000   3971.465    170.000   3971.912  71024.00000
4    125.000   3963.598    120.000   3962.387    170.000   3971.912    175.000   3972.488  56122.00000
4    130.000   3964.688    125.000   3963.598    175.000   3972.488    180.000   3972.905  46608.00000
4    135.000   3965.822    130.000   3964.688    180.000   3972.905    185.000   3973.225  52715.00000
4    140.000   3966.891    135.000   3965.822    185.000   3973.225    190.000   3973.595  52081.00000
4    145.000   3967.977    140.000   3966.891    190.000   3973.595    195.000   3973.729  69152.00000
4    150.000   3969.161    145.000   3967.977    195.000   3973.729    200.000   3973.762  91808.00000
4    155.000   3970.147    150.000   3969.161    200.000   3973.762    205.000   3973.813  82958.00000
4    160.000   3970.835    155.000   3970.147    205.000   3973.813    210.000   3974.068  93918.00000
4    165.000   3971.465    160.000   3970.835    210.000   3974.068    215.000   3974.257  79353.00000
4    170.000   3971.912    165.000   3971.465    215.000   3974.257    220.000   3974.401  78984.00000
4    175.000   3972.488    170.000   3971.912    220.000   3974.401    225.000   3974.771  75076.00000
4    180.000   3972.905    175.000   3972.488    225.000   3974.771    230.000   3975.025  69442.00000
4    185.000   3973.225    180.000   3972.905    230.000   3975.025    235.000   3975.411  60508.00000
4      5.000   3935.292      0.000   3933.485     55.000   3948.948     60.000   3950.175  31205.00000
4     10.000   3936.365      5.000   3935.292     60.000   3950.175     65.000   3951.324  20693.00000
4     15.000   3937.841     10.000   3936.365     65.000   3951.324     70.000   3952.300  26212.00000
4     20.000   3939.320     15.000   3937.841     70.000   3952.300     75.000   3953.127  21567.00000
4     35.000   3943.608     30.000   3942.146     85.000   3954.704     90.000   3955.655  23303.00000
4     40.000   3945.112     35.000   3943.608     90.000   3955.655     95.000   3956.350  18466.00000
4     45.000   3946.562     40.000   3945.112     95.000   3956.350    100.000   3957.470  42752.00000
4     50.000   3947.830     45.000   3946.562    100.000   3957.470    105.000   3958.801  39834.00000
4     55.000   3948.948     50.000   3947.830    105.000   3958.801    110.000   3959.853  31240.00000
4     60.000   3950.175     55.000   3948.948    110.000   3959.853    115.000   3960.997  29432.00000
4     65.000   3951.324     60.000   3950.175    115.000   3960.997    120.000   3962.387  35928.00000
4     70.000   3952.300     65.000   3951.324    120.000   3962.387    125.000   3963.598  30043.00000
4     75.000   3953.127     70.000   3952.300    125.000   3963.598    130.000   3964.688  21955.00000
4     80.000   3953.839     75.000   3953.127    130.000   3964.688    135.000   3965.822  35964.00000
4     85.000   3954.704     80.000   3953.839    135.000   3965.822    140.000   3966.891  33593.00000
4     90.000   3955.655     85.000   3954.704    140.000   3966.891    145.000   3967.977  25013.00000
4     95.000   3956.350     90.000   3955.655    145.000   3967.977    150.000   3969.161  27893.00000
4    100.000   3957.470     95.000   3956.350    150.000   3969.161    155.000   3970.147  61168.00000
4    105.000   3958.801    100.000   3957.470    155.000   3970.147    160.000   3970.835  65413.00000
4    110.000   3959.853    105.000   3958.801    160.000   3970.835    165.000   3971.465  44814.00000
4    115.000   3960.997    110.000   3959.853    165.000   3971.465    170.000   3971.912  52178.00000
4    120.000   3962.387    115.000   3960.997    170.000   3971.912    175.000   3972.488  64817.00000
4    125.000   3963.598    120.000   3962.387    175.000   3972.488    180.000   3972.905  63264.00000
4    130.000   3964.688    125.000   3963.598    180.000   3972.905    185.000   3973.225  48862.00000
4    135.000   3965.822    130.000   3964.688    185.000   3973.225    190.000   3973.595  56604.00000
4    140.000   3966.891    135.000   3965.822    190.000   3973.595    195.000   3973.729  67802.00000
4    145.000   3967.977    140.000   3966.891    195.000   3973.729    200.000   3973.762  73909.00000
4    150.000   3969.161    145.000   3967.977    200.000   3973.762    205.000   3973.813  88464.00000
4    155.000   3970.147    150.000   3969.161    205.000   3973.813    210.000   3974.068  92671.00000
4    160.000   3970.835    155.000   3970.147    210.000   3974.068    215.000   3974.257  83207.00000
4    165.000   3971.465    160.000   3970.835    215.000   3974.257    220.000   3974.401  79099.00000
4    170.000   3971.912    165.000   3971.465    220.000   3974.401    225.000   3974.771  81460.00000
4    175.000   3972.488    170.000   3971.912    225.000   3974.771    230.000   3975.025  70253.00000
4    180.000   3972.905    175.000   3972.488    230.000   3975.025    235.000   3975.411  65073.00000
4     10.000   3936.365      5.000   3935.292     65.000   3951.324     70.000   3952.300  20931.00000
4     15.000   3937.841     10.000   3936.365     70.000   3952.300     75.000   3953.127  23491.00000
4     20.000   3939.320     15.000   3937.841     75.000   3953.127     80.000   3953.839  33263.00000
4     30.000   3942.146     25.000   3940.750     85.000   3954.704     90.000   3955.655  21608.00000
4     40.000   3945.112     35.000   3943.608     95.000   3956.350    100.000   3957.470  40007.00000
4     45.000   3946.562     40.000   3945.112    100.000   3957.470    105.000   3958.801  44671.00000
4     50.000   3947.830     45.000   3946.562    105.000   3958.801    110.000   3959.853  30001.00000
4     55.000   3948.948     50.000   3947.830    110.000   3959.853    115.000   3960.997  32891.00000
4     60.000   3950.175     55.000   3948.948    115.000   3960.997    120.000   3962.387  38266.00000
4     65.000   3951.324     60.000   3950.175    120.000   3962.387    125.000   3963.598  30632.00000
4     70.000   3952.300     65.000   3951.324    125.000   3963.598    130.000   3964.688  24623.00000
4     75.000   3953.127     70.000   3952.300    130.000   3964.688    135.000   3965.822  25235.00000
4     80.000   3953.839     75.000   3953.127    135.000   3965.822    140.000   3966.891  35285.00000
4     85.000   3954.704     80.000   3953.839    140.000   3966.891    145.000   3967.977  34992.00000
4     90.000   3955.655     85.000   3954.704    145.000   3967.977    150.000   3969.161  33047.00000
4     95.000   3956.350     90.000   3955.655    150.000   3969.161    155.000   3970.147  29484.00000
4    100.000   3957.470     95.000   3956.350    155.000   3970.147    160.000   3970.835  71081.00000
4    105.000   3958.801    100.000   3957.470    160.000   3970.835    165.000   3971.465  69689.00000
4    110.000   3959.853    105.000   3958.801    165.000   3971.465    170.000   3971.912  50692.00000
4    115.000   3960.997    110.000   3959.853    170.000   3971.912    175.000   3972.488  49089.00000
4    120.000   3962.387    115.000   3960.997    175.000   3972.488    180.000   3972.905  74443.00000
4    125.000   3963.598    120.000   3962.387    180.000   3972.905    185.000   3973.225  64270.00000
4    130.000   3964.688    125.000   3963.598    185.000   3973.225    190.000   3973.595  51970.00000
4    135.000   3965.822    130.000   3964.688    190.000   3973.595    195.000   3973.729  75174.00000
4    140.000   3966.891    135.000   3965.822    195.000   3973.729    200.000   3973.762  71254.00000
4    145.000   3967.977    140.000   3966.891    200.000   3973.762    205.000   3973.813  69141.00000
4    150.000   3969.161    145.000   3967.977    205.000   3973.813    210.000   3974.068  98261.00000
4    155.000   3970.147    150.000   3969.161    210.000   3974.068    215.000   3974.257  82381.00000
4    160.000   3970.835    155.000   3970.147    215.000   3974.257    220.000   3974.401  83354.00000
4    165.000   3971.465    160.000   3970.835    220.000   3974.401    225.000   3974.771  83667.00000
4    170.000   3971.912    165.000   3971.465    225.000   3974.771    230.000   3975.025  76079.00000
4     10.000   3936.365      5.000   3935.292     70.000   3952.300     75.000   3953.127  20237.00000
4     15.000   3937.841     10.000   3936.365     75.000   3953.127     80.000   3953.839  37456.00000
4     20.000   3939.320     15.000   3937.841     80.000   3953.839     85.000   3954.704  38131.00000
4     30.000   3942.146     25.000   3940.750     90.000   3955.655     95.000   3956.350  18470.00000
4     35.000   3943.608     30.000   3942.146     95.000   3956.350    100.000   3957.470  43254.00000
4     40.000   3945.112     35.000   3943.608    100.000   3957.470    105.000   3958.801  41356.00000
4     45.000   3946.562     40.000   3945.112    105.000   3958.801    110.000   3959.853  33786.00000
4     50.000   3947.830     45.000   3946.562    110.000   3959.853    115.000   3960.997  31204.00000
4     55.000   3948.948     50.000   3947.830    115.000   3960.997    120.000   3962.387  41971.00000
4     60.000   3950.175     55.000   3948.948    120.000   3962.387    125.000   3963.598  33665.00000
4     65.000   3951.324     60.000   3950.175    125.000   3963.598    130.000   3964.688  25380.00000
4     70.000   3952.300     65.000   3951.324    130.000   3964.688    135.000   3965.822  27958.00000
4     75.000   3953.127     70.000   3952.300    135.000   3965.822    140.000   3966.891  24637.00000
4     80.000   3953.839     75.000   3953.127    140.000   3966.891    145.000   3967.977  35265.00000
4     85.000   3954.704     80.000   3953.839    145.000   3967.977    150.000   3969.161  45528.00000
4     90.000   3955.655     85.000   3954.704    150.000   3969.161    155.000   3970.147  34846.00000
4     95.000   3956.350     90.000   3955.655    155.000   3970.147    160.000   3970.835  34455.00000
4    100.000   3957.470     95.000   3956.350    160.000   3970.835    165.000   3971.465  75087.00000
4    105.000   3958.801    100.000   3957.470    165.000   3971.465    170.000   3971.912  78236.00000
4    110.000   3959.853    105.000   3958.801    170.000   3971.912    175.000   3972.488  46716.00000
4    115.000   3960.997    110.000   3959.853    175.000   3972.488    180.000   3972.905  53641.00000
4    120.000   3962.387    115.000   3960.997    180.000   3972.905    185.000   3973.225  76757.00000
4    125.000   3963.598    120.000   3962.387    185.000   3973.225    190.000   3973.595  68468.00000
4    130.000   3964.688    125.000   3963.598    190.000   3973.595    195.000   3973.729  68346.00000
4    135.000   3965.822    130.000   3964.688    195.000   3973.729    200.000   3973.762  76614.00000
4    140.000   3966.891    135.000   3965.822    200.000   3973.762    205.000   3973.813  66681.00000
4    145.000   3967.977    140.000   3966.891    205.000   3973.813    210.000   3974.068  76622.00000
4    150.000   3969.161    145.000   3967.977    210.000   3974.068    215.000   3974.257  86699.00000
4    155.000   3970.147    150.000   3969.161    215.000   3974.257    220.000   3974.401  80467.00000
4    160.000   3970.835    155.000   3970.147    220.000   3974.401    225.000   3974.771  82659.00000
4    165.000   3971.465    160.000   3970.835    225.000   3974.771    230.000   3975.025  76704.00000
4      5.000   3935.292      0.000   3933.485     70.000   3952.300     75.000   3953.127  32697.00000
4     10.000   3936.365      5.000   3935.292     75.000   3953.127     80.000   3953.839  32632.00000
4     15.000   3937.841     10.000   3936.365     80.000   3953.839     85.000   3954.704  40737.00000
4     20.000   3939.320     15.000   3937.841     85.000   3954.704     90.000   3955.655  29830.00000
4     25.000   3940.750     20.000   3939.320     90.000   3955.655     95.000   3956.350  27982.00000
4     30.000   3942.146     25.000   3940.750     95.000   3956.350    100.000   3957.470  43251.00000
4     35.000   3943.608     30.000   3942.146    100.000   3957.470    105.000   3958.801  44191.00000
4     40.000   3945.112     35.000   3943.608    105.000   3958.801    110.000   3959.853  31255.00000
4     45.000   3946.562     40.000   3945.112    110.000   3959.853    115.000   3960.997  34671.00000
4     50.000   3947.830     45.000   3946.562    115.000   3960.997    120.000   3962.387  41448.00000
4     55.000   3948.948     50.000   3947.830    120.000   3962.387    125.000   3963.598  36977.00000
4     60.000   3950.175     55.000   3948.948    125.000   3963.598    130.000   3964.688  27439.00000
4     65.000   3951.324     60.000   3950.175    130.000   3964.688    135.000   3965.822  29146.00000
4     70.000   3952.300     65.000   3951.324    135.000   3965.822    140.000   3966.891  27709.00000
4     75.000   3953.127     70.000   3952.300    140.000   3966.891    145.000   3967.977  25307.00000
4     80.000   3953.839     75.000   3953.127    145.000   3967.977    150.000   3969.161  46269.00000
4     85.000   3954.704     80.000   3953.839    150.000   3969.161    155.000   3970.147  47476.00000
4     90.000   3955.655     85.000   3954.704    155.000   3970.147    160.000   3970.835  39738.00000
4     95.000   3956.350     90.000   3955.655    160.000   3970.835    165.000   3971.465  35365.00000
4    100.000   3957.470     95.000   3956.350    165.000   3971.465    170.000   3971.912  83508.00000
4    105.000   3958.801    100.000   3957.470    170.000   3971.912    175.000   3972.488  70986.00000
4    110.000   3959.853    105.000   3958.801    175.000   3972.488    180.000   3972.905  51638.00000
4    115.000   3960.997    110.000   3959.853    180.000   3972.905    185.000   3973.225  54274.00000
4    120.000   3962.387    115.000   3960.997    185.000   3973.225    190.000   3973.595  79668.00000
4    125.000   3963.598    120.000   3962.387    190.000   3973.595    195.000   3973.729  86464.00000
4    130.000   3964.688    125.000   3963.598    195.000   3973.729    200.000   3973.762  68921.00000
4    135.000   3965.822    130.000   3964.688    200.000   3973.762    205.000   3973.813  72937.00000
4    140.000   3966.891    135.000   3965.822    205.000   3973.813    210.000   3974.068  72833.00000
4    145.000   3967.977    140.000   3966.891    210.000   3974.068    215.000   3974.257  66227.00000
4    150.000   3969.161    145.000   3967.977    215.000   3974.257    220.000   3974.401  84331.00000
4    155.000   3970.147    150.000   3969.161    220.000   3974.401    225.000   3974.771  83970.00000
4    160.000   3970.835    155.000   3970.147    225.000   3974.771    230.000   3975.025  78147.00000
4      5.000   3935.292      0.000   3933.485     75.000   3953.127     80.000   3953.839  55032.00000
4     10.000   3936.365      5.000   3935.292     80.000   3953.839     85.000   3954.704  35948.00000
4     15.000   3937.841     10.000   3936.365     85.000   3954.704     90.000   3955.655  31086.00000
4     20.000   3939.320     15.000   3937.841     90.000   3955.655     95.000   3956.350  24785.00000
4     25.000   3940.750     20.000   3939.320     95.000   3956.350    100.000   3957.470  53375.00000
4     30.000   3942.146     25.000   3940.750    100.000   3957.470    105.000   3958.801  45519.00000
4     35.000   3943.608     30.000   3942.146    105.000   3958.801    110.000   3959.853  32715.00000
4     40.000   3945.112     35.000   3943.608    110.000   3959.853    115.000   3960.997  34269.00000
4     45.000   3946.562     40.000   3945.112    115.000   3960.997    120.000   3962.387  47090.00000
4     50.000   3947.830     45.000   3946.562    120.000   3962.387    125.000   3963.598  35417.00000
4     55.000   3948.948     50.000   3947.830    125.000   3963.598    130.000   3964.688  29995.00000
4     60.000   3950.175     55.000   3948.948    130.000   3964.688    135.000   3965.822  31186.00000
4     65.000   3951.324     60.000   3950.175    135.000   3965.822    140.000   3966.891  27753.00000
4     70.000   3952.300     65.000   3951.324    140.000   3966.891    145.000   3967.977  28830.00000
4     75.000   3953.127     70.000   3952.300    145.000   3967.977    150.000   3969.161  32871.00000
4     80.000   3953.839     75.000   3953.127    150.000   3969.161    155.000   3970.147  48460.00000
4     85.000   3954.704     80.000   3953.839    155.000   3970.147    160.000   3970.835  55488.00000
4     90.000   3955.655     85.000   3954.704    160.000   3970.835    165.000   3971.465  41643.00000
4     95.000   3956.350     90.000   3955.655    165.000   3971.465    170.000   3971.912  39051.00000
4    100.000   3957.470     95.000   3956.350    170.000   3971.912    175.000   3972.488  75257.00000
4    105.000   3958.801    100.000   3957.470    175.000   3972.488    180.000   3972.905  78283.00000
4    110.000   3959.853    105.000   3958.801    180.000   3972.905    185.000   3973.225  52273.00000
4    115.000   3960.997    110.000   3959.853    185.000   3973.225    190.000   3973.595  56952.00000
4    120.000   3962.387    115.000   3960.997    190.000   3973.595    195.000   3973.729 106276.00000
4    125.000   3963.598    120.000   3962.387    195.000   3973.729    200.000   3973.762  89536.00000
4    130.000   3964.688    125.000   3963.598    200.000   3973.762    205.000   3973.813  64964.00000
4    135.000   3965.822    130.000   3964.688    205.000   3973.813    210.000   3974.068  79109.00000
4    140.000   3966.891    135.000   3965.822    210.000   3974.068    215.000   3974.257  62683.00000
4    145.000   3967.977    140.000   3966.891    215.000   3974.257    220.000   3974.401  65676.00000
4    150.000   3969.161    145.000   3967.977    220.000   3974.401    225.000   3974.771  86328.00000
4    155.000   3970.147    150.000   3969.161    225.000   3974.771    230.000   3975.025  76567.00000
4      5.000   3935.292      0.000   3933.485     80.000   3953.839     85.000   3954.704  56238.00000
4     10.000   3936.365      5.000   3935.292     85.000   3954.704     90.000   3955.655  27725.00000
4     15.000   3937.841     10.000   3936.365     90.000   3955.655     95.000   3956.350  25654.00000
4     20.000   3939.320     15.000   3937.841     95.000   3956.350    100.000   3957.470  50895.00000
4     25.000   3940.750     20.000   3939.320    100.000   3957.470    105.000   3958.801  53507.00000
4     30.000   3942.146     25.000   3940.750    105.000   3958.801    110.000   3959.853  34521.00000
4     40.000   3945.112     35.000   3943.608    115.000   3960.997    120.000   3962.387  40495.00000
4     45.000   3946.562     40.000   3945.112    120.000   3962.387    125.000   3963.598  40435.00000
4     50.000   3947.830     45.000   3946.562    125.000   3963.598    130.000   3964.688  28877.00000
4     55.000   3948.948     50.000   3947.830    130.000   3964.688    135.000   3965.822  34023.00000
4     60.000   3950.175     55.000   3948.948    135.000   3965.822    140.000   3966.891  30421.00000
4     65.000   3951.324     60.000   3950.175    140.000   3966.891    145.000   3967.977  27962.00000
4     70.000   3952.300     65.000   3951.324    145.000   3967.977    150.000   3969.161  36818.00000
4     75.000   3953.127     70.000   3952.300    150.000   3969.161    155.000   3970.147  34014.00000
4     80.000   3953.839     75.000   3953.127    155.000   3970.147    160.000   3970.835  54215.00000
4     85.000   3954.704     80.000   3953.839    160.000   3970.835    165.000   3971.465  55688.00000
4     90.000   3955.655     85.000   3954.704    165.000   3971.465    170.000   3971.912  45477.00000
4     95.000   3956.350     90.000   3955.655    170.000   3971.912    175.000   3972.488  35657.00000
4    100.000   3957.470     95.000   3956.350    175.000   3972.488    180.000   3972.905  82254.00000
4    105.000   3958.801    100.000   3957.470    180.000   3972.905    185.000   3973.225  78569.00000
4    110.000   3959.853    105.000   3958.801    185.000   3973.225    190.000   3973.595  54352.00000
4    115.000   3960.997    110.000   3959.853    190.000   3973.595    195.000   3973.729  69374.00000
4    120.000   3962.387    115.000   3960.997    195.000   3973.729    200.000   3973.762 106011.00000
4    125.000   3963.598    120.000   3962.387    200.000   3973.762    205.000   3973.813  80769.00000
4    130.000   3964.688    125.000   3963.598    205.000   3973.813    210.000   3974.068  70287.00000
4    135.000   3965.822    130.000   3964.688    210.000   3974.068    215.000   3974.257  69289.00000
4    140.000   3966.891    135.000   3965.822    215.000   3974.257    220.000   3974.401  61589.00000
4    145.000   3967.977    140.000   3966.891    220.000   3974.401    225.000   3974.771  63248.00000
4    150.000   3969.161    145.000   3967.977    225.000   3974.771    230.000   3975.025  78898.00000
4      5.000   3935.292      0.000   3933.485     85.000   3954.704     90.000   3955.655  47063.00000
4     10.000   3936.365      5.000   3935.292     90.000   3955.655     95.000   3956.350  23104.00000
4     15.000   3937.841     10.000   3936.365     95.000   3956.350    100.000   3957.470  54082.00000
4     20.000   3939.320     15.000   3937.841    100.000   3957.470    105.000   3958.801  51616.00000
4     25.000   3940.750     20.000   3939.320    105.000   3958.801    110.000   3959.853  38981.00000
4     40.000   3945.112     35.000   3943.608    120.000   3962.387    125.000   3963.598  37992.00000
4     45.000   3946.562     40.000   3945.112    125.000   3963.598    130.000   3964.688  32558.00000
4     50.000   3947.830     45.000   3946.562    130.000   3964.688    135.000   3965.822  32895.00000
4     55.000   3948.948     50.000   3947.830    135.000   3965.822    140.000   3966.891  33072.00000
4     60.000   3950.175     55.000   3948.948    140.000   3966.891    145.000   3967.977  31828.00000
4     65.000   3951.324     60.000   3950.175    145.000   3967.977    150.000   3969.161  37123.00000
4     70.000   3952.300     65.000   3951.324    150.000   3969.161    155.000   3970.147  38077.00000
4     75.000   3953.127     70.000   3952.300    155.000   3970.147    160.000   3970.835  38919.00000
4     80.000   3953.839     75.000   3953.127    160.000   3970.835    165.000   3971.465  57070.00000
4     85.000   3954.704     80.000   3953.839    165.000   3971.465    170.000   3971.912  61202.00000
4     90.000   3955.655     85.000   3954.704    170.000   3971.912    175.000   3972.488  41209.00000
4     95.000   3956.350     90.000   3955.655    175.000   3972.488    180.000   3972.905  38747.00000
4    100.000   3957.470     95.000   3956.350    180.000   3972.905    185.000   3973.225  81707.00000
4    105.000   3958.801    100.000   3957.470    185.000   3973.225    190.000   3973.595  81057.00000
4    110.000   3959.853    105.000   3958.801    190.000   3973.595    195.000   3973.729  68055.00000
4    115.000   3960.997    110.000   3959.853    195.000   3973.729    200.000   3973.762  70119.00000
4    120.000   3962.387    115.000   3960.997    200.000   3973.762    205.000   3973.813  98710.00000
4    125.000   3963.598    120.000   3962.387    205.000   3973.813    210.000   3974.068  87969.00000
4    130.000   3964.688    125.000   3963.598    210.000   3974.068    215.000   3974.257  61573.00000
4    135.000   3965.822    130.000   3964.688    215.000   3974.257    220.000   3974.401  66339.00000
4    140.000   3966.891    135.000   3965.822    220.000   3974.401    225.000   3974.771  61245.00000
4    145.000   3967.977    140.000   3966.891    225.000   3974.771    230.000   3975.025  60329.00000
4    150.000   3969.161    145.000   3967.977    230.000   3975.025    235.000   3975.411  72332.00000
4      5.000   3935.292      0.000   3933.485     90.000   3955.655     95.000   3956.350  38059.00000
4     10.000   3936.365      5.000   3935.292     95.000   3956.350    100.000   3957.470  47306.00000
4     15.000   3937.841     10.000   3936.365    100.000   3957.470    105.000   3958.801  55223.00000
4     20.000   3939.320     15.000   3937.841    105.000   3958.801    110.000   3959.853  38706.00000
4     30.000   3942.146     25.000   3940.750    115.000   3960.997    120.000   3962.387  39893.00000
4     35.000   3943.608     30.000   3942.146    120.000   3962.387    125.000   3963.598  36937.00000
4     40.000   3945.112     35.000   3943.608    125.000   3963.598    130.000   3964.688  30224.00000
4     45.000   3946.562     40.000   3945.112    130.000   3964.688    135.000   3965.822  36767.00000
4     50.000   3947.830     45.000   3946.562    135.000   3965.822    140.000   3966.891  31671.00000
4     55.000   3948.948     50.000   3947.830    140.000   3966.891    145.000   3967.977  34499.00000
4     60.000   3950.175     55.000   3948.948    145.000   3967.977    150.000   3969.161  40998.00000
4     65.000   3951.324     60.000   3950.175    150.000   3969.161    155.000   3970.147  38477.00000
4     70.000   3952.300     65.000   3951.324    155.000   3970.147    160.000   3970.835  44962.00000
4     75.000   3953.127     70.000   3952.300    160.000   3970.835    165.000   3971.465  39386.00000
4     80.000   3953.839     75.000   3953.127    165.000   3971.465    170.000   3971.912  61630.00000
4     85.000   3954.704     80.000   3953.839    170.000   3971.912    175.000   3972.488  55898.00000
4     90.000   3955.655     85.000   3954.704    175.000   3972.488    180.000   3972.905  44145.00000
4     95.000   3956.350     90.000   3955.655    180.000   3972.905    185.000   3973.225  39554.00000
4    100.000   3957.470     95.000   3956.350    185.000   3973.225    190.000   3973.595  84045.00000
4    105.000   3958.801    100.000   3957.470    190.000   3973.595    195.000   3973.729 101170.00000
4    110.000   3959.853    105.000   3958.801    195.000   3973.729    200.000   3973.762  68504.00000
4    115.000   3960.997    110.000   3959.853    200.000   3973.762    205.000   3973.813  65792.00000
4    120.000   3962.387    115.000   3960.997    205.000   3973.813    210.000   3974.068 106320.00000
4    125.000   3963.598    120.000   3962.387    210.000   3974.068    215.000   3974.257  74438.00000
4    130.000   3964.688    125.000   3963.598    215.000   3974.257    220.000   3974.401  59525.00000
4    135.000   3965.822    130.000   3964.688    220.000   3974.401    225.000   3974.771  70289.00000
4    140.000   3966.891    135.000   3965.822    225.000   3974.771    230.000   3975.025  57309.00000
4      5.000   3935.292      0.000   3933.485     95.000   3956.350    100.000   3957.470  82586.00000
4     10.000   3936.365      5.000   3935.292    100.000   3957.470    105.000   3958.801  48714.00000
4     15.000   3937.841     10.000   3936.365    105.000   3958.801    110.000   3959.853  42863.00000
4     20.000   3939.320     15.000   3937.841    110.000   3959.853    115.000   3960.997  37552.00000
4     35.000   3943.608     30.000   3942.146    125.000   3963.598    130.000   3964.688  31367.00000
4     40.000   3945.112     35.000   3943.608    130.000   3964.688    135.000   3965.822  33825.00000
4     45.000   3946.562     40.000   3945.112    135.000   3965.822    140.000   3966.891  36234.00000
4     50.000   3947.830     45.000   3946.562    140.000   3966.891    145.000   3967.977  33172.00000
4     55.000   3948.948     50.000   3947.830    145.000   3967.977    150.000   3969.161  44477.00000
4     60.000   3950.175     55.000   3948.948    150.000   3969.161    155.000   3970.147  42245.00000
4     65.000   3951.324     60.000   3950.175    155.000   3970.147    160.000   3970.835  42564.00000
4     70.000   3952.300     65.000   3951.324    160.000   3970.835    165.000   3971.465  43920.00000
4     75.000   3953.127     70.000   3952.300    165.000   3971.465    170.000   3971.912  42704.00000
4     80.000   3953.839     75.000   3953.127    170.000   3971.912    175.000   3972.488  55364.00000
4     85.000   3954.704     80.000   3953.839    175.000   3972.488    180.000   3972.905  60644.00000
4     90.000   3955.655     85.000   3954.704    180.000   3972.905    185.000   3973.225  43088.00000
4     95.000   3956.350     90.000   3955.655    185.000   3973.225    190.000   3973.595  40725.00000
4    100.000   3957.470     95.000   3956.350    190.000   3973.595    195.000   3973.729 103101.00000
4    105.000   3958.801    100.000   3957.470    195.000   3973.729    200.000   3973.762 102883.00000
4    110.000   3959.853    105.000   3958.801    200.000   3973.762    205.000   3973.813  64019.00000
4    115.000   3960.997    110.000   3959.853    205.000   3973.813    210.000   3974.068  70818.00000
4    120.000   3962.387    115.000   3960.997    210.000   3974.068    215.000   3974.257  92240.00000
4    125.000   3963.598    120.000   3962.387    215.000   3974.257    220.000   3974.401  75538.00000
4    130.000   3964.688    125.000   3963.598    220.000   3974.401    225.000   3974.771  62623.00000
4    135.000   3965.822    130.000   3964.688    225.000   3974.771    230.000   3975.025  62877.00000
4    140.000   3966.891    135.000   3965.822    230.000   3975.025    235.000   3975.411  49105.00000
4     10.000   3936.365      5.000   3935.292    105.000   3958.801    110.000   3959.853  36953.00000
4     20.000   3939.320     15.000   3937.841    115.000   3960.997    120.000   3962.387  51085.00000
4     25.000   3940.750     20.000   3939.320    120.000   3962.387    125.000   3963.598  41299.00000
4     30.000   3942.146     25.000   3940.750    125.000   3963.598    130.000   3964.688  32486.00000
4     35.000   3943.608     30.000   3942.146    130.000   3964.688    135.000   3965.822  36293.00000
4     40.000   3945.112     35.000   3943.608    135.000   3965.822    140.000   3966.891  34029.00000
4     45.000   3946.562     40.000   3945.112    140.000   3966.891    145.000   3967.977  40431.00000
4     50.000   3947.830     45.000   3946.562    145.000   3967.977    150.000   3969.161  43171.00000
4     55.000   3948.948     50.000   3947.830    150.000   3969.161    155.000   3970.147  45765.00000
4     60.000   3950.175     55.000   3948.948    155.000   3970.147    160.000   3970.835  49150.00000
4     65.000   3951.324     60.000   3950.175    160.000   3970.835    165.000   3971.465  44778.00000
4     70.000   3952.300     65.000   3951.324    165.000   3971.465    170.000   3971.912  48187.00000
4     75.000   3953.127     70.000   3952.300    170.000   3971.912    175.000   3972.488  38770.00000
4     80.000   3953.839     75.000   3953.127    175.000   3972.488    180.000   3972.905  58821.00000
4     85.000   3954.704     80.000   3953.839    180.000   3972.905    185.000   3973.225  62445.00000
4     90.000   3955.655     85.000   3954.704    185.000   3973.225    190.000   3973.595  44750.00000
4     95.000   3956.350     90.000   3955.655    190.000   3973.595    195.000   3973.729  51667.00000
4    100.000   3957.470     95.000   3956.350    195.000   3973.729    200.000   3973.762 106701.00000
4    105.000   3958.801    100.000   3957.470    200.000   3973.762    205.000   3973.813  94574.00000
4    110.000   3959.853    105.000   3958.801    205.000   3973.813    210.000   3974.068  69080.00000
4    115.000   3960.997    110.000   3959.853    210.000   3974.068    215.000   3974.257  61341.00000
4    120.000   3962.387    115.000   3960.997    215.000   3974.257    220.000   3974.401  88490.00000
4    125.000   3963.598    120.000   3962.387    220.000   3974.401    225.000   3974.771  71911.00000
4    130.000   3964.688    125.000   3963.598    225.000   3974.771    230.000   3975.025  56666.00000
4     10.000   3936.365      5.000   3935.292    110.000   3959.853    115.000   3960.997  30871.00000
4     15.000   3937.841     10.000   3936.365    115.000   3960.997    120.000   3962.387  55036.00000
4     20.000   3939.320     15.000   3937.841    120.000   3962.387    125.000   3963.598  44327.00000
4     25.000   3940.750     20.000   3939.320    125.000   3963.598    130.000   3964.688  36917.00000
4     30.000   3942.146     25.000   3940.750    130.000   3964.688    135.000   3965.822  34259.00000
4     35.000   3943.608     30.000   3942.146    135.000   3965.822    140.000   3966.891  32658.00000
4     40.000   3945.112     35.000   3943.608    140.000   3966.891    145.000   3967.977  38086.00000
4     45.000   3946.562     40.000   3945.112    145.000   3967.977    150.000   3969.161  50773.00000
4     50.000   3947.830     45.000   3946.562    150.000   3969.161    155.000   3970.147  44309.00000
4     55.000   3948.948     50.000   3947.830    155.000   3970.147    160.000   3970.835  52926.00000
4     60.000   3950.175     55.000   3948.948    160.000   3970.835    165.000   3971.465  48388.00000
4     65.000   3951.324     60.000   3950.175    165.000   3971.465    170.000   3971.912  47627.00000
4     70.000   3952.300     65.000   3951.324    170.000   3971.912    175.000   3972.488  43780.00000
4     75.000   3953.127     70.000   3952.300    175.000   3972.488    180.000   3972.905  41438.00000
4     80.000   3953.839     75.000   3953.127    180.000   3972.905    185.000   3973.225  56071.00000
4     85.000   3954.704     80.000   3953.839    185.000   3973.225    190.000   3973.595  64028.00000
4     90.000   3955.655     85.000   3954.704    190.000   3973.595    195.000   3973.729  51912.00000
4     95.000   3956.350     90.000   3955.655    195.000   3973.729    200.000   3973.762  48428.00000
4    100.000   3957.470     95.000   3956.350    200.000   3973.762    205.000   3973.813  96559.00000
4    105.000   3958.801    100.000   3957.470    205.000   3973.813    210.000   3974.068 102339.00000
4    110.000   3959.853    105.000   3958.801    210.000   3974.068    215.000   3974.257  59826.00000
4    115.000   3960.997    110.000   3959.853    215.000   3974.257    220.000   3974.401  61531.00000
4    120.000   3962.387    115.000   3960.997    220.000   3974.401    225.000   3974.771  90951.00000
4    125.000   3963.598    120.000   3962.387    225.000   3974.771    230.000   3975.025  69452.00000
4     10.000   3936.365      5.000   3935.292    115.000   3960.997    120.000   3962.387  44327.00000
4     15.000   3937.841     10.000   3936.365    120.000   3962.387    125.000   3963.598  45516.00000
4     20.000   3939.320     15.000   3937.841    125.000   3963.598    130.000   3964.688  35293.00000
4     25.000   3940.750     20.000   3939.320    130.000   3964.688    135.000   3965.822  43514.00000
4     40.000   3945.112     35.000   3943.608    145.000   3967.977    150.000   3969.161  47059.00000
4     45.000   3946.562     40.000   3945.112    150.000   3969.161    155.000   3970.147  51303.00000
4     50.000   3947.830     45.000   3946.562    155.000   3970.147    160.000   3970.835  50733.00000
4     55.000   3948.948     50.000   3947.830    160.000   3970.835    165.000   3971.465  52322.00000
4     60.000   3950.175     55.000   3948.948    165.000   3971.465    170.000   3971.912  52559.00000
4     65.000   3951.324     60.000   3950.175    170.000   3971.912    175.000   3972.488  43150.00000
4     70.000   3952.300     65.000   3951.324    175.000   3972.488    180.000   3972.905  47708.00000
4     75.000   3953.127     70.000   3952.300    180.000   3972.905    185.000   3973.225  41345.00000
4     80.000   3953.839     75.000   3953.127    185.000   3973.225    190.000   3973.595  58324.00000
4     85.000   3954.704     80.000   3953.839    190.000   3973.595    195.000   3973.729  82506.00000
4     90.000   3955.655     85.000   3954.704    195.000   3973.729    200.000   3973.762  56851.00000
4     95.000   3956.350     90.000   3955.655    200.000   3973.762    205.000   3973.813  47747.00000
4    100.000   3957.470     95.000   3956.350    205.000   3973.813    210.000   3974.068 104829.00000
4    105.000   3958.801    100.000   3957.470    210.000   3974.068    215.000   3974.257  87394.00000
4    110.000   3959.853    105.000   3958.801    215.000   3974.257    220.000   3974.401  59431.00000
4    115.000   3960.997    110.000   3959.853    220.000   3974.401    225.000   3974.771  64693.00000
4    120.000   3962.387    115.000   3960.997    225.000   3974.771    230.000   3975.025  82271.00000
4      5.000   3935.292      0.000   3933.485    115.000   3960.997    120.000   3962.387  67587.00000
4     10.000   3936.365      5.000   3935.292    120.000   3962.387    125.000   3963.598  39766.00000
4     15.000   3937.841     10.000   3936.365    125.000   3963.598    130.000   3964.688  36078.00000
4     20.000   3939.320     15.000   3937.841    130.000   3964.688    135.000   3965.822  39520.00000
4     25.000   3940.750     20.000   3939.320    135.000   3965.822    140.000   3966.891  35922.00000
4     35.000   3943.608     30.000   3942.146    145.000   3967.977    150.000   3969.161  42226.00000
4     40.000   3945.112     35.000   3943.608    150.000   3969.161    155.000   3970.147  47712.00000
4     45.000   3946.562     40.000   3945.112    155.000   3970.147    160.000   3970.835  61969.00000
4     50.000   3947.830     45.000   3946.562    160.000   3970.835    165.000   3971.465  50503.00000
4     55.000   3948.948     50.000   3947.830    165.000   3971.465    170.000   3971.912  56556.00000
4     60.000   3950.175     55.000   3948.948    170.000   3971.912    175.000   3972.488  47767.00000
4     65.000   3951.324     60.000   3950.175    175.000   3972.488    180.000   3972.905  45195.00000
4     70.000   3952.300     65.000   3951.324    180.000   3972.905    185.000   3973.225  49982.00000
4     75.000   3953.127     70.000   3952.300    185.000   3973.225    190.000   3973.595  42555.00000
4     85.000   3954.704     80.000   3953.839    195.000   3973.729    200.000   3973.762  73987.00000
4     90.000   3955.655     85.000   3954.704    200.000   3973.762    205.000   3973.813  50009.00000
4     95.000   3956.350     90.000   3955.655    205.000   3973.813    210.000   3974.068  50586.00000
4    100.000   3957.470     95.000   3956.350    210.000   3974.068    215.000   3974.257  88018.00000
4    105.000   3958.801    100.000   3957.470    215.000   3974.257    220.000   3974.401  86806.00000
4    110.000   3959.853    105.000   3958.801    220.000   3974.401    225.000   3974.771  62018.00000
4    115.000   3960.997    110.000   3959.853    225.000   3974.771    230.000   3975.025  60288.00000
4    120.000   3962.387    115.000   3960.997    230.000   3975.025    235.000   3975.411  79092.00000
4     10.000   3936.365      5.000   3935.292    125.000   3963.598    130.000   3964.688  31466.00000
4     15.000   3937.841     10.000   3936.365    130.000   3964.688    135.000   3965.822  40327.00000
4     20.000   3939.320     15.000   3937.841    135.000   3965.822    140.000   3966.891  38349.00000
4     35.000   3943.608     30.000   3942.146    150.000   3969.161    155.000   3970.147  44822.00000
4     45.000   3946.562     40.000   3945.112    160.000   3970.835    165.000   3971.465  57093.00000
4     50.000   3947.830     45.000   3946.562    165.000   3971.465    170.000   3971.912  54208.00000
4     55.000   3948.948     50.000   3947.830    170.000   3971.912    175.000   3972.488  51330.00000
4     60.000   3950.175     55.000   3948.948    175.000   3972.488    180.000   3972.905  51330.00000
4     65.000   3951.324     60.000   3950.175    180.000   3972.905    185.000   3973.225  42800.00000
4     70.000   3952.300     65.000   3951.324    185.000   3973.225    190.000   3973.595  50751.00000
4     75.000   3953.127     70.000   3952.300    190.000   3973.595    195.000   3973.729  51516.00000
4     80.000   3953.839     75.000   3953.127    195.000   3973.729    200.000   3973.762  76717.00000
4     85.000   3954.704     80.000   3953.839    200.000   3973.762    205.000   3973.813  75753.00000
4     90.000   3955.655     85.000   3954.704    205.000   3973.813    210.000   3974.068  55278.00000
4     95.000   3956.350     90.000   3955.655    210.000   3974.068    215.000   3974.257  45675.00000
4    100.000   3957.470     95.000   3956.350    215.000   3974.257    220.000   3974.401  88375.00000
4    105.000   3958.801    100.000   3957.470    220.000   3974.401    225.000   3974.771  87648.00000
4    110.000   3959.853    105.000   3958.801    225.000   3974.771    230.000   3975.025  57615.00000
4      5.000   3935.292      0.000   3933.485    125.000   3963.598    130.000   3964.688  52919.00000
4     10.000   3936.365      5.000   3935.292    130.000   3964.688    135.000   3965.822  34896.00000
4     15.000   3937.841     10.000   3936.365    135.000   3965.822    140.000   3966.891  39068.00000
4     20.000   3939.320     15.000   3937.841    140.000   3966.891    145.000   3967.977  38163.00000
4     40.000   3945.112     35.000   3943.608    160.000   3970.835    165.000   3971.465  53116.00000
4     45.000   3946.562     40.000   3945.112    165.000   3971.465    170.000   3971.912  62181.00000
4     50.000   3947.830     45.000   3946.562    170.000   3971.912    175.000   3972.488  49236.00000
4     55.000   3948.948     50.000   3947.830    175.000   3972.488    180.000   3972.905  54951.00000
4     60.000   3950.175     55.000   3948.948    180.000   3972.905    185.000   3973.225  52343.00000
4     65.000   3951.324     60.000   3950.175    185.000   3973.225    190.000   3973.595  44854.00000
4     75.000   3953.127     70.000   3952.300    195.000   3973.729    200.000   3973.762  51278.00000
4     80.000   3953.839     75.000   3953.127    200.000   3973.762    205.000   3973.813  64103.00000
4     85.000   3954.704     80.000   3953.839    205.000   3973.813    210.000   3974.068  79379.00000
4     90.000   3955.655     85.000   3954.704    210.000   3974.068    215.000   3974.257  45259.00000
4     95.000   3956.350     90.000   3955.655    215.000   3974.257    220.000   3974.401  44545.00000
4    100.000   3957.470     95.000   3956.350    220.000   3974.401    225.000   3974.771  86150.00000
4    105.000   3958.801    100.000   3957.470    225.000   3974.771    230.000   3975.025  82387.00000
4      5.000   3935.292      0.000   3933.485    130.000   3964.688    135.000   3965.822  56294.00000
4     10.000   3936.365      5.000   3935.292    135.000   3965.822    140.000   3966.891  33866.00000
4     15.000   3937.841     10.000   3936.365    140.000   3966.891    145.000   3967.977  41853.00000
4     20.000   3939.320     15.000   3937.841    145.000   3967.977    150.000   3969.161  49244.00000
4     25.000   3940.750     20.000   3939.320    150.000   3969.161    155.000   3970.147  49492.00000
4     35.000   3943.608     30.000   3942.146    160.000   3970.835    165.000   3971.465  53885.00000
4     40.000   3945.112     35.000   3943.608    165.000   3971.465    170.000   3971.912  58586.00000
4     45.000   3946.562     40.000   3945.112    170.000   3971.912    175.000   3972.488  57563.00000
4     50.000   3947.830     45.000   3946.562    175.000   3972.488    180.000   3972.905  52352.00000
4     55.000   3948.948     50.000   3947.830    180.000   3972.905    185.000   3973.225  55723.00000
4     60.000   3950.175     55.000   3948.948    185.000   3973.225    190.000   3973.595  53402.00000
4     70.000   3952.300     65.000   3951.324    195.000   3973.729    200.000   3973.762  57980.00000
4     75.000   3953.127     70.000   3952.300    200.000   3973.762    205.000   3973.813  48639.00000
4     80.000   3953.839     75.000   3953.127    205.000   3973.813    210.000   3974.068  72339.00000
4     85.000   3954.704     80.000   3953.839    210.000   3974.068    215.000   3974.257  73635.00000
4     90.000   3955.655     85.000   3954.704    215.000   3974.257    220.000   3974.401  47312.00000
4    100.000   3957.470     95.000   3956.350    225.000   3974.771    230.000   3975.025  82564.00000
4    105.000   3958.801    100.000   3957.470    230.000   3975.025    235.000   3975.411  76339.00000
4      5.000   3935.292      0.000   3933.485    135.000   3965.822    140.000   3966.891  61354.00000
4     10.000   3936.365      5.000   3935.292    140.000   3966.891    145.000   3967.977  32984.00000
4     15.000   3937.841     10.000   3936.365    145.000   3967.977    150.000   3969.161  52344.00000
4     20.000   3939.320     15.000   3937.841    150.000   3969.161    155.000   3970.147  51082.00000
4     30.000   3942.146     25.000   3940.750    160.000   3970.835    165.000   3971.465  55543.00000
4     35.000   3943.608     30.000   3942.146    165.000   3971.465    170.000   3971.912  54510.00000
4     40.000   3945.112     35.000   3943.608    170.000   3971.912    175.000   3972.488  53349.00000
4     45.000   3946.562     40.000   3945.112    175.000   3972.488    180.000   3972.905  62041.00000
4     50.000   3947.830     45.000   3946.562    180.000   3972.905    185.000   3973.225  52588.00000
4     55.000   3948.948     50.000   3947.830    185.000   3973.225    190.000   3973.595  56920.00000
4     60.000   3950.175     55.000   3948.948    190.000   3973.595    195.000   3973.729  67958.00000
4     65.000   3951.324     60.000   3950.175    195.000   3973.729    200.000   3973.762  58710.00000
4     70.000   3952.300     65.000   3951.324    200.000   3973.762    205.000   3973.813  61557.00000
4     75.000   3953.127     70.000   3952.300    205.000   3973.813    210.000   3974.068  52431.00000
4     85.000   3954.704     80.000   3953.839    215.000   3974.257    220.000   3974.401  70872.00000
4     10.000   3936.365      5.000   3935.292    145.000   3967.977    150.000   3969.161  42552.00000
4     15.000   3937.841     10.000   3936.365    150.000   3969.161    155.000   3970.147  52849.00000
4     20.000   3939.320     15.000   3937.841    155.000   3970.147    160.000   3970.835  57732.00000
4     25.000   3940.750     20.000   3939.320    160.000   3970.835    165.000   3971.465  61984.00000
4     35.000   3943.608     30.000   3942.146    170.000   3971.912    175.000   3972.488  47653.00000
4     40.000   3945.112     35.000   3943.608    175.000   3972.488    180.000   3972.905  58917.00000
4     50.000   3947.830     45.000   3946.562    185.000   3973.225    190.000   3973.595  53722.00000
4     55.000   3948.948     50.000   3947.830    190.000   3973.595    195.000   3973.729  71359.00000
4     60.000   3950.175     55.000   3948.948    195.000   3973.729    200.000   3973.762  62293.00000
4     65.000   3951.324     60.000   3950.175    200.000   3973.762    205.000   3973.813  48844.00000
4     70.000   3952.300     65.000   3951.324    205.000   3973.813    210.000   3974.068  63614.00000
4     75.000   3953.127     70.000   3952.300    210.000   3974.068    215.000   3974.257  45626.00000
4     80.000   3953.839     75.000   3953.127    215.000   3974.257    220.000   3974.401  61280.00000
4     90.000   3955.655     85.000   3954.704    225.000   3974.771    230.000   3975.025  44321.00000
4      5.000   3935.292      0.000   3933.485    145.000   3967.977    150.000   3969.161  78016.00000
4     10.000   3936.365      5.000   3935.292    150.000   3969.161    155.000   3970.147  44222.00000
4     15.000   3937.841     10.000   3936.365    155.000   3970.147    160.000   3970.835  61403.00000
4     20.000   3939.320     15.000   3937.841    160.000   3970.835    165.000   3971.465  57843.00000
4     25.000   3940.750     20.000   3939.320    165.000   3971.465    170.000   3971.912  59079.00000
4     45.000   3946.562     40.000   3945.112    185.000   3973.225    190.000   3973.595  67209.00000
4     50.000   3947.830     45.000   3946.562    190.000   3973.595    195.000   3973.729  65508.00000
4     55.000   3948.948     50.000   3947.830    195.000   3973.729    200.000   3973.762  67160.00000
4     60.000   3950.175     55.000   3948.948    200.000   3973.762    205.000   3973.813  62742.00000
4     65.000   3951.324     60.000   3950.175    205.000   3973.813    210.000   3974.068  55375.00000
4     75.000   3953.127     70.000   3952.300    215.000   3974.257    220.000   3974.401  45860.00000
4      5.000   3935.292      0.000   3933.485    150.000   3969.161    155.000   3970.147  79133.00000
4     10.000   3936.365      5.000   3935.292    155.000   3970.147    160.000   3970.835  49459.00000
4     15.000   3937.841     10.000   3936.365    160.000   3970.835    165.000   3971.465  57949.00000
4     20.000   3939.320     15.000   3937.841    165.000   3971.465    170.000   3971.912  61927.00000
4     50.000   3947.830     45.000   3946.562    195.000   3973.729    200.000   3973.762  64168.00000
4     55.000   3948.948     50.000   3947.830    200.000   3973.762    205.000   3973.813  65956.00000
4     60.000   3950.175     55.000   3948.948    205.000   3973.813    210.000   3974.068  66156.00000
4     70.000   3952.300     65.000   3951.324    215.000   3974.257    220.000   3974.401  57196.00000
4     75.000   3953.127     70.000   3952.300    220.000   3974.401    225.000   3974.771  48828.00000
4     10.000   3936.365      5.000   3935.292    160.000   3970.835    165.000   3971.465  50182.00000
4     15.000   3937.841     10.000   3936.365    165.000   3971.465    170.000   3971.912  61831.00000
4     20.000   3939.320     15.000   3937.841    170.000   3971.912    175.000   3972.488  54427.00000
4     45.000   3946.562     40.000   3945.112    195.000   3973.729    200.000   3973.762  70090.00000
4     50.000   3947.830     45.000   3946.562    200.000   3973.762    205.000   3973.813  61629.00000
4     55.000   3948.948     50.000   3947.830    205.000   3973.813    210.000   3974.068  70372.00000
4     60.000   3950.175     55.000   3948.948    210.000   3974.068    215.000   3974.257  60291.00000
4     65.000   3951.324     60.000   3950.175    215.000   3974.257    220.000   3974.401  47717.00000
4     75.000   3953.127     70.000   3952.300    225.000   3974.771    230.000   3975.025  45271.00000
4      5.000   3935.292      0.000   3933.485    160.000   3970.835    165.000   3971.465  84107.00000
4     10.000   3936.365      5.000   3935.292    165.000   3971.465    170.000   3971.912  53284.00000
4     15.000   3937.841     10.000   3936.365    170.000   3971.912    175.000   3972.488  55497.00000
4     20.000   3939.320     15.000   3937.841    175.000   3972.488    180.000   3972.905  57948.00000
4     40.000   3945.112     35.000   3943.608    195.000   3973.729    200.000   3973.762  65748.00000
4     50.000   3947.830     45.000   3946.562    205.000   3973.813    210.000   3974.068  65978.00000
4     55.000   3948.948     50.000   3947.830    210.000   3974.068    215.000   3974.257  63209.00000
4     60.000   3950.175     55.000   3948.948    215.000   3974.257    220.000   3974.401  58666.00000
4      5.000   3935.292      0.000   3933.485    165.000   3971.465    170.000   3971.912  94774.00000
4     10.000   3936.365      5.000   3935.292    170.000   3971.912    175.000   3972.488  46350.00000
4     15.000   3937.841     10.000   3936.365    175.000   3972.488    180.000   3972.905  59165.00000
4     20.000   3939.320     15.000   3937.841    180.000   3972.905    185.000   3973.225  56990.00000
4     35.000   3943.608     30.000   3942.146    195.000   3973.729    200.000   3973.762  75700.00000
4     45.000   3946.562     40.000   3945.112    205.000   3973.813    210.000   3974.068  82111.00000
4     50.000   3947.830     45.000   3946.562    210.000   3974.068    215.000   3974.257  58094.00000
4     55.000   3948.948     50.000   3947.830    215.000   3974.257    220.000   3974.401  62214.00000
4     60.000   3950.175     55.000   3948.948    220.000   3974.401    225.000   3974.771  68256.00000