4     235.00    3385.78     220.00    3383.90     230.00    3384.56     225.00    3385.21  12203.00000 
4     230.00    3384.56     215.00    3380.71     225.00    3385.21     220.00    3383.90  17764.00000 
4     225.00    3385.21     210.00    3379.28     220.00    3383.90     215.00    3380.71  10244.00000 
4     220.00    3383.90     205.00    3377.92     215.00    3380.71     210.00    3379.28  12972.00000 
4     215.00    3380.71     200.00    3376.17     210.00    3379.28     205.00    3377.92  32559.00000 
4     210.00    3379.28     195.00    3375.98     205.00    3377.92     200.00    3376.17   8636.90039 
4     200.00    3376.17     185.00    3377.00     195.00    3375.98     190.00    3376.04  12111.00000 
4     190.00    3376.04     175.00    3380.73     185.00    3377.00     180.00    3379.03  13312.00000 
4     185.00    3377.00     170.00    3381.44     180.00    3379.03     175.00    3380.73   5539.89990 
4     180.00    3379.03     165.00    3380.83     175.00    3380.73     170.00    3381.44  38576.00000 
4     175.00    3380.73     160.00    3381.06     170.00    3381.44     165.00    3380.83   4683.50000 
4     170.00    3381.44     155.00    3381.50     165.00    3380.83     160.00    3381.06  40938.00000 
4     165.00    3380.83     150.00    3383.77     160.00    3381.06     155.00    3381.50  10516.00000 
4     155.00    3381.50     140.00    3386.15     150.00    3383.77     145.00    3385.20   7994.60010 
4     150.00    3383.77     135.00    3386.29     145.00    3385.20     140.00    3386.15  24827.00000 
4     145.00    3385.20     130.00    3386.07     140.00    3386.15     135.00    3386.29   4866.79980 
4     140.00    3386.15     125.00    3386.70     135.00    3386.29     130.00    3386.07  20476.00000 
4     135.00    3386.29     120.00    3386.20     130.00    3386.07     125.00    3386.70  27785.00000 
4     130.00    3386.07     115.00    3385.16     125.00    3386.70     120.00    3386.20  10649.00000 
4     125.00    3386.70     110.00    3384.19     120.00    3386.20     115.00    3385.16  27169.00000 
4     120.00    3386.20     105.00    3385.02     115.00    3385.16     110.00    3384.19  21166.00000 
4     115.00    3385.16     100.00    3386.04     110.00    3384.19     105.00    3385.02  24176.00000 
4     110.00    3384.19      95.00    3384.96     105.00    3385.02     100.00    3386.04  29957.00000 
4     105.00    3385.02      90.00    3385.53     100.00    3386.04      95.00    3384.96  20229.00000 
4     100.00    3386.04      85.00    3386.74      95.00    3384.96      90.00    3385.53  16842.00000 
4      95.00    3384.96      80.00    3387.64      90.00    3385.53      85.00    3386.74  25355.00000 
4      90.00    3385.53      75.00    3386.97      85.00    3386.74      80.00    3387.64  11765.00000 
4      85.00    3386.74      70.00    3384.52      80.00    3387.64      75.00    3386.97  21260.00000 
4      80.00    3387.64      65.00    3382.86      75.00    3386.97      70.00    3384.52   7161.10010 
4      70.00    3384.52      55.00    3379.00      65.00    3382.86      60.00    3380.32   4834.60010 
4      65.00    3382.86      50.00    3378.27      60.00    3380.32      55.00    3379.00  15263.00000 
4      60.00    3380.32      45.00    3375.63      55.00    3379.00      50.00    3378.27   4592.89990 
4      55.00    3379.00      40.00    3375.28      50.00    3378.27      45.00    3375.63   8203.79980 
4      50.00    3378.27      35.00    3375.55      45.00    3375.63      40.00    3375.28   3600.69995 
4      45.00    3375.63      30.00    3374.74      40.00    3375.28      35.00    3375.55   4142.20020 
4      40.00    3375.28      25.00    3373.58      35.00    3375.55      30.00    3374.74   5261.00000 
4      35.00    3375.55      20.00    3373.10      30.00    3374.74      25.00    3373.58   2309.69995 
4      30.00    3374.74      15.00    3374.63      25.00    3373.58      20.00    3373.10   2605.30005 
4      25.00    3373.58      10.00    3375.81      20.00    3373.10      15.00    3374.63   1526.19995 
4      20.00    3373.10       5.00    3377.13      15.00    3374.63      10.00    3375.81   1949.90002 
4      15.00    3374.63       0.00    3377.10      10.00    3375.81       5.00    3377.13   2825.00000 
4     235.00    3385.78     205.00    3377.92     225.00    3385.21     215.00    3380.71  23628.00000 
4     230.00    3384.56     200.00    3376.17     220.00    3383.90     210.00    3379.28  22614.00000 
4     225.00    3385.21     195.00    3375.98     215.00    3380.71     205.00    3377.92  21004.00000 
4     220.00    3383.90     190.00    3376.04     210.00    3379.28     200.00    3376.17  18139.00000 
4     215.00    3380.71     185.00    3377.00     205.00    3377.92     195.00    3375.98  49204.00000 
4     210.00    3379.28     180.00    3379.03     200.00    3376.17     190.00    3376.04  61808.00000 
4     205.00    3377.92     175.00    3380.73     195.00    3375.98     185.00    3377.00  51720.00000 
4     200.00    3376.17     170.00    3381.44     190.00    3376.04     180.00    3379.03  29833.00000 
4     195.00    3375.98     165.00    3380.83     185.00    3377.00     175.00    3380.73  12545.00000 
4     190.00    3376.04     160.00    3381.06     180.00    3379.03     170.00    3381.44  23239.00000 
4     185.00    3377.00     155.00    3381.50     175.00    3380.73     165.00    3380.83  36052.00000 
4     180.00    3379.03     150.00    3383.77     170.00    3381.44     160.00    3381.06  46512.00000 
4     175.00    3380.73     145.00    3385.20     165.00    3380.83     155.00    3381.50  42770.00000 
4     165.00    3380.83     135.00    3386.29     155.00    3381.50     145.00    3385.20  18321.00000 
4     160.00    3381.06     130.00    3386.07     150.00    3383.77     140.00    3386.15  18552.00000 
4     155.00    3381.50     125.00    3386.70     145.00    3385.20     135.00    3386.29  14677.00000 
4     150.00    3383.77     120.00    3386.20     140.00    3386.15     130.00    3386.07  15193.00000 
4     145.00    3385.20     115.00    3385.16     135.00    3386.29     125.00    3386.70  34974.00000 
4     140.00    3386.15     110.00    3384.19     130.00    3386.07     120.00    3386.20  26122.00000 
4     135.00    3386.29     105.00    3385.02     125.00    3386.70     115.00    3385.16  16923.00000 
4     130.00    3386.07     100.00    3386.04     120.00    3386.20     110.00    3384.19  14362.00000 
4     125.00    3386.70      95.00    3384.96     115.00    3385.16     105.00    3385.02  31457.00000 
4     120.00    3386.20      90.00    3385.53     110.00    3384.19     100.00    3386.04  36469.00000 
4     115.00    3385.16      85.00    3386.74     105.00    3385.02      95.00    3384.96  24128.00000 
4     110.00    3384.19      80.00    3387.64     100.00    3386.04      90.00    3385.53  13987.00000 
4     105.00    3385.02      75.00    3386.97      95.00    3384.96      85.00    3386.74  22886.00000 
4     100.00    3386.04      70.00    3384.52      90.00    3385.53      80.00    3387.64  31531.00000 
4      95.00    3384.96      65.00    3382.86      85.00    3386.74      75.00    3386.97  14610.00000 
4      90.00    3385.53      60.00    3380.32      80.00    3387.64      70.00    3384.52  11848.00000 
4      80.00    3387.64      50.00    3378.27      70.00    3384.52      60.00    3380.32  24397.00000 
4      75.00    3386.97      45.00    3375.63      65.00    3382.86      55.00    3379.00   6520.89990 
4      70.00    3384.52      40.00    3375.28      60.00    3380.32      50.00    3378.27   6228.50000 
4      65.00    3382.86      35.00    3375.55      55.00    3379.00      45.00    3375.63   7906.00000 
4      60.00    3380.32      30.00    3374.74      50.00    3378.27      40.00    3375.28   7354.10010 
4      55.00    3379.00      25.00    3373.58      45.00    3375.63      35.00    3375.55   4323.70020 
4      50.00    3378.27      20.00    3373.10      40.00    3375.28      30.00    3374.74   5859.39990 
4      45.00    3375.63      15.00    3374.63      35.00    3375.55      25.00    3373.58   5255.29980 
4      40.00    3375.28      10.00    3375.81      30.00    3374.74      20.00    3373.10   1921.19995 
4      35.00    3375.55       5.00    3377.13      25.00    3373.58      15.00    3374.63   2116.89990 
4      30.00    3374.74       0.00    3377.10      20.00    3373.10      10.00    3375.81   2451.69995 
4     235.00    3385.78     190.00    3376.04     220.00    3383.90     205.00    3377.92  20643.00000 
4     230.00    3384.56     185.00    3377.00     215.00    3380.71     200.00    3376.17  12419.00000 
4     225.00    3385.21     180.00    3379.03     210.00    3379.28     195.00    3375.98  58745.00000 
4     220.00    3383.90     175.00    3380.73     205.00    3377.92     190.00    3376.04  74109.00000 
4     215.00    3380.71     170.00    3381.44     200.00    3376.17     185.00    3377.00  91040.00000 
4     210.00    3379.28     165.00    3380.83     195.00    3375.98     180.00    3379.03  47020.00000 
4     205.00    3377.92     160.00    3381.06     190.00    3376.04     175.00    3380.73  27513.00000 
4     200.00    3376.17     155.00    3381.50     185.00    3377.00     170.00    3381.44  16536.00000 
4     195.00    3375.98     150.00    3383.77     180.00    3379.03     165.00    3380.83  26571.00000 
4     190.00    3376.04     145.00    3385.20     175.00    3380.73     160.00    3381.06  57643.00000 
4     185.00    3377.00     140.00    3386.15     170.00    3381.44     155.00    3381.50  53574.00000 
4     180.00    3379.03     135.00    3386.29     165.00    3380.83     150.00    3383.77  53321.00000 
4     175.00    3380.73     130.00    3386.07     160.00    3381.06     145.00    3385.20  22711.00000 
4     170.00    3381.44     125.00    3386.70     155.00    3381.50     140.00    3386.15  23279.00000 
4     165.00    3380.83     120.00    3386.20     150.00    3383.77     135.00    3386.29  13185.00000 
4     160.00    3381.06     115.00    3385.16     145.00    3385.20     130.00    3386.07  25013.00000 
4     155.00    3381.50     110.00    3384.19     140.00    3386.15     125.00    3386.70  35771.00000 
4     150.00    3383.77     105.00    3385.02     135.00    3386.29     120.00    3386.20  33393.00000 
4     145.00    3385.20     100.00    3386.04     130.00    3386.07     115.00    3385.16  25522.00000 
4     140.00    3386.15      95.00    3384.96     125.00    3386.70     110.00    3384.19  16405.00000 
4     135.00    3386.29      90.00    3385.53     120.00    3386.20     105.00    3385.02  24005.00000 
4     130.00    3386.07      85.00    3386.74     115.00    3385.16     100.00    3386.04  26471.00000 
4     125.00    3386.70      80.00    3387.64     110.00    3384.19      95.00    3384.96  31819.00000 
4     120.00    3386.20      75.00    3386.97     105.00    3385.02      90.00    3385.53  21506.00000 
4     115.00    3385.16      70.00    3384.52     100.00    3386.04      85.00    3386.74  19439.00000 
4     105.00    3385.02      60.00    3380.32      90.00    3385.53      75.00    3386.97  18840.00000 
4     100.00    3386.04      55.00    3379.00      85.00    3386.74      70.00    3384.52  14016.00000 
4      90.00    3385.53      45.00    3375.63      75.00    3386.97      60.00    3380.32  16292.00000 
4      85.00    3386.74      40.00    3375.28      70.00    3384.52      55.00    3379.00  21424.00000 
4      80.00    3387.64      35.00    3375.55      65.00    3382.86      50.00    3378.27   5511.50000 
4      75.00    3386.97      30.00    3374.74      60.00    3380.32      45.00    3375.63   6127.60010 
4      70.00    3384.52      25.00    3373.58      55.00    3379.00      40.00    3375.28   3023.89990 
4      65.00    3382.86      20.00    3373.10      50.00    3378.27      35.00    3375.55   7992.20020 
4      60.00    3380.32      15.00    3374.63      45.00    3375.63      30.00    3374.74   6435.79980 
4      55.00    3379.00      10.00    3375.81      40.00    3375.28      25.00    3373.58   6706.50000 
4      50.00    3378.27       5.00    3377.13      35.00    3375.55      20.00    3373.10   5016.50000 
4      45.00    3375.63       0.00    3377.10      30.00    3374.74      15.00    3374.63   2046.19995 
4     235.00    3385.78     175.00    3380.73     215.00    3380.71     195.00    3375.98  64790.00000 
4     230.00    3384.56     170.00    3381.44     210.00    3379.28     190.00    3376.04  66021.00000 
4     225.00    3385.21     165.00    3380.83     205.00    3377.92     185.00    3377.00  94660.00000 
4     220.00    3383.90     160.00    3381.06     200.00    3376.17     180.00    3379.03  77853.00000 
4     215.00    3380.71     155.00    3381.50     195.00    3375.98     175.00    3380.73  31385.00000 
4     210.00    3379.28     150.00    3383.77     190.00    3376.04     170.00    3381.44  33624.00000 
4     205.00    3377.92     145.00    3385.20     185.00    3377.00     165.00    3380.83  15307.00000 
4     200.00    3376.17     140.00    3386.15     180.00    3379.03     160.00    3381.06  30914.00000 
4     195.00    3375.98     135.00    3386.29     175.00    3380.73     155.00    3381.50  64384.00000 
4     190.00    3376.04     130.00    3386.07     170.00    3381.44     150.00    3383.77  48053.00000 
4     185.00    3377.00     125.00    3386.70     165.00    3380.83     145.00    3385.20  61957.00000 
4     180.00    3379.03     120.00    3386.20     160.00    3381.06     140.00    3386.15  26680.00000 
4     175.00    3380.73     115.00    3385.16     155.00    3381.50     135.00    3386.29  20335.00000 
4     170.00    3381.44     110.00    3384.19     150.00    3383.77     130.00    3386.07  19655.00000 
4     165.00    3380.83     105.00    3385.02     145.00    3385.20     125.00    3386.70  28408.00000 
4     160.00    3381.06     100.00    3386.04     140.00    3386.15     120.00    3386.20  30253.00000 
4     155.00    3381.50      95.00    3384.96     135.00    3386.29     115.00    3385.16  34093.00000 
4     150.00    3383.77      90.00    3385.53     130.00    3386.07     110.00    3384.19  31106.00000 
4     145.00    3385.20      85.00    3386.74     125.00    3386.70     105.00    3385.02  23466.00000 
4     140.00    3386.15      80.00    3387.64     120.00    3386.20     100.00    3386.04  29958.00000 
4     135.00    3386.29      75.00    3386.97     115.00    3385.16      95.00    3384.96  23869.00000 
4     130.00    3386.07      70.00    3384.52     110.00    3384.19      90.00    3385.53  22358.00000 
4     125.00    3386.70      65.00    3382.86     105.00    3385.02      85.00    3386.74  16559.00000 
4     120.00    3386.20      60.00    3380.32     100.00    3386.04      80.00    3387.64  10546.00000 
4     115.00    3385.16      55.00    3379.00      95.00    3384.96      75.00    3386.97  10918.00000 
4     110.00    3384.19      50.00    3378.27      90.00    3385.53      70.00    3384.52  11260.00000 
4     105.00    3385.02      45.00    3375.63      85.00    3386.74      65.00    3382.86  15538.00000 
4     100.00    3386.04      40.00    3375.28      80.00    3387.64      60.00    3380.32  19574.00000 
4      95.00    3384.96      35.00    3375.55      75.00    3386.97      55.00    3379.00  16534.00000 
4      90.00    3385.53      30.00    3374.74      70.00    3384.52      50.00    3378.27  14602.00000 
4      85.00    3386.74      25.00    3373.58      65.00    3382.86      45.00    3375.63   4272.60010 
4      80.00    3387.64      20.00    3373.10      60.00    3380.32      40.00    3375.28   4867.29980 
4      75.00    3386.97      15.00    3374.63      55.00    3379.00      35.00    3375.55   4128.39990 
4      70.00    3384.52      10.00    3375.81      50.00    3378.27      30.00    3374.74   5109.39990 
4      60.00    3380.32       0.00    3377.10      40.00    3375.28      20.00    3373.10   6350.29980 
4     235.00    3385.78     160.00    3381.06     210.00    3379.28     185.00    3377.00  65000.00000 
4     230.00    3384.56     155.00    3381.50     205.00    3377.92     180.00    3379.03  63958.00000 
4     225.00    3385.21     150.00    3383.77     200.00    3376.17     175.00    3380.73  66509.00000 
4     220.00    3383.90     145.00    3385.20     195.00    3375.98     170.00    3381.44  38076.00000 
4     215.00    3380.71     140.00    3386.15     190.00    3376.04     165.00    3380.83  30677.00000 
4     210.00    3379.28     135.00    3386.29     185.00    3377.00     160.00    3381.06  33933.00000 
4     205.00    3377.92     130.00    3386.07     180.00    3379.03     155.00    3381.50  31473.00000 
4     200.00    3376.17     125.00    3386.70     175.00    3380.73     150.00    3383.77  23430.00000 
4     195.00    3375.98     120.00    3386.20     170.00    3381.44     145.00    3385.20  47357.00000 
4     190.00    3376.04     115.00    3385.16     165.00    3380.83     140.00    3386.15  50822.00000 
4     185.00    3377.00     110.00    3384.19     160.00    3381.06     135.00    3386.29  29275.00000 
4     180.00    3379.03     105.00    3385.02     155.00    3381.50     130.00    3386.07  24729.00000 
4     175.00    3380.73     100.00    3386.04     150.00    3383.77     125.00    3386.70  18271.00000 
4     170.00    3381.44      95.00    3384.96     145.00    3385.20     120.00    3386.20  24346.00000 
4     165.00    3380.83      90.00    3385.53     140.00    3386.15     115.00    3385.16  24562.00000 
4     160.00    3381.06      85.00    3386.74     135.00    3386.29     110.00    3384.19  36626.00000 
4     155.00    3381.50      80.00    3387.64     130.00    3386.07     105.00    3385.02  36510.00000 
4     150.00    3383.77      75.00    3386.97     125.00    3386.70     100.00    3386.04  29783.00000 
4     145.00    3385.20      70.00    3384.52     120.00    3386.20      95.00    3384.96  29564.00000 
4     140.00    3386.15      65.00    3382.86     115.00    3385.16      90.00    3385.53  19607.00000 
4     135.00    3386.29      60.00    3380.32     110.00    3384.19      85.00    3386.74  15705.00000 
4     130.00    3386.07      55.00    3379.00     105.00    3385.02      80.00    3387.64  11298.00000 
4     125.00    3386.70      50.00    3378.27     100.00    3386.04      75.00    3386.97  10457.00000 
4     120.00    3386.20      45.00    3375.63      95.00    3384.96      70.00    3384.52   8695.20020 
4     110.00    3384.19      35.00    3375.55      85.00    3386.74      60.00    3380.32  11819.00000 
4     105.00    3385.02      30.00    3374.74      80.00    3387.64      55.00    3379.00  12953.00000 
4     100.00    3386.04      25.00    3373.58      75.00    3386.97      50.00    3378.27  14347.00000 
4      95.00    3384.96      20.00    3373.10      70.00    3384.52      45.00    3375.63  13827.00000 
4      90.00    3385.53      15.00    3374.63      65.00    3382.86      40.00    3375.28   3788.39990 
4      85.00    3386.74      10.00    3375.81      60.00    3380.32      35.00    3375.55   5140.39990 
4      80.00    3387.64       5.00    3377.13      55.00    3379.00      30.00    3374.74   4411.00000 
4      75.00    3386.97       0.00    3377.10      50.00    3378.27      25.00    3373.58   4754.70020 
4     235.00    3385.78     145.00    3385.20     205.00    3377.92     175.00    3380.73  53366.00000 
4     230.00    3384.56     140.00    3386.15     200.00    3376.17     170.00    3381.44  66908.00000 
4     225.00    3385.21     135.00    3386.29     195.00    3375.98     165.00    3380.83  35732.00000 
4     220.00    3383.90     130.00    3386.07     190.00    3376.04     160.00    3381.06  46382.00000 
4     215.00    3380.71     125.00    3386.70     185.00    3377.00     155.00    3381.50  23484.00000 
4     210.00    3379.28     120.00    3386.20     180.00    3379.03     150.00    3383.77  24294.00000 
4     205.00    3377.92     115.00    3385.16     175.00    3380.73     145.00    3385.20  23203.00000 
4     200.00    3376.17     110.00    3384.19     170.00    3381.44     140.00    3386.15  18954.00000 
4     195.00    3375.98     105.00    3385.02     165.00    3380.83     135.00    3386.29  45018.00000 
4     190.00    3376.04     100.00    3386.04     160.00    3381.06     130.00    3386.07  22068.00000 
4     185.00    3377.00      95.00    3384.96     155.00    3381.50     125.00    3386.70  30356.00000 
4     180.00    3379.03      90.00    3385.53     150.00    3383.77     120.00    3386.20  20919.00000 
4     175.00    3380.73      85.00    3386.74     145.00    3385.20     115.00    3385.16  20999.00000 
4     170.00    3381.44      80.00    3387.64     140.00    3386.15     110.00    3384.19  24376.00000 
4     165.00    3380.83      75.00    3386.97     135.00    3386.29     105.00    3385.02  27924.00000 
4     160.00    3381.06      70.00    3384.52     130.00    3386.07     100.00    3386.04  44393.00000 
4     155.00    3381.50      65.00    3382.86     125.00    3386.70      95.00    3384.96  25152.00000 
4     150.00    3383.77      60.00    3380.32     120.00    3386.20      90.00    3385.53  24027.00000 
4     145.00    3385.20      55.00    3379.00     115.00    3385.16      85.00    3386.74  19182.00000 
4     140.00    3386.15      50.00    3378.27     110.00    3384.19      80.00    3387.64  16227.00000 
4     135.00    3386.29      45.00    3375.63     105.00    3385.02      75.00    3386.97  10754.00000 
4     130.00    3386.07      40.00    3375.28     100.00    3386.04      70.00    3384.52   6957.00000 
4     120.00    3386.20      30.00    3374.74      90.00    3385.53      60.00    3380.32   9287.50000 
4     115.00    3385.16      25.00    3373.58      85.00    3386.74      55.00    3379.00   8805.90039 
4     110.00    3384.19      20.00    3373.10      80.00    3387.64      50.00    3378.27   9335.90039 
4     105.00    3385.02      15.00    3374.63      75.00    3386.97      45.00    3375.63  10614.00000 
4     100.00    3386.04      10.00    3375.81      70.00    3384.52      40.00    3375.28  13716.00000 
4      90.00    3385.53       0.00    3377.10      60.00    3380.32      30.00    3374.74   4978.50000 
4     235.00    3385.78     130.00    3386.07     200.00    3376.17     165.00    3380.83  60951.00000 
4     230.00    3384.56     125.00    3386.70     195.00    3375.98     160.00    3381.06  39340.00000 
4     225.00    3385.21     120.00    3386.20     190.00    3376.04     155.00    3381.50  35393.00000 
4     220.00    3383.90     115.00    3385.16     185.00    3377.00     150.00    3383.77  20599.00000 
4     215.00    3380.71     110.00    3384.19     180.00    3379.03     145.00    3385.20  19378.00000 
4     210.00    3379.28     105.00    3385.02     175.00    3380.73     140.00    3386.15  16858.00000 
4     205.00    3377.92     100.00    3386.04     170.00    3381.44     135.00    3386.29  11797.00000 
4     200.00    3376.17      95.00    3384.96     165.00    3380.83     130.00    3386.07  12094.00000 
4     195.00    3375.98      90.00    3385.53     160.00    3381.06     125.00    3386.70  25504.00000 
4     190.00    3376.04      85.00    3386.74     155.00    3381.50     120.00    3386.20  23400.00000 
4     185.00    3377.00      80.00    3387.64     150.00    3383.77     115.00    3385.16  22996.00000 
4     180.00    3379.03      75.00    3386.97     145.00    3385.20     110.00    3384.19  22049.00000 
4     175.00    3380.73      70.00    3384.52     140.00    3386.15     105.00    3385.02  22381.00000 
4     170.00    3381.44      65.00    3382.86     135.00    3386.29     100.00    3386.04  27297.00000 
4     165.00    3380.83      60.00    3380.32     130.00    3386.07      95.00    3384.96  23154.00000 
4     160.00    3381.06      55.00    3379.00     125.00    3386.70      90.00    3385.53  23763.00000 
4     155.00    3381.50      50.00    3378.27     120.00    3386.20      85.00    3386.74  23638.00000 
4     150.00    3383.77      45.00    3375.63     115.00    3385.16      80.00    3387.64  19997.00000 
4     145.00    3385.20      40.00    3375.28     110.00    3384.19      75.00    3386.97  16550.00000 
4     140.00    3386.15      35.00    3375.55     105.00    3385.02      70.00    3384.52  11672.00000 
4     130.00    3386.07      25.00    3373.58      95.00    3384.96      60.00    3380.32   6960.39990 
4     125.00    3386.70      20.00    3373.10      90.00    3385.53      55.00    3379.00   9218.79980 
4     120.00    3386.20      15.00    3374.63      85.00    3386.74      50.00    3378.27   7129.10010 
4     115.00    3385.16      10.00    3375.81      80.00    3387.64      45.00    3375.63   8047.20020 
4     110.00    3384.19       5.00    3377.13      75.00    3386.97      40.00    3375.28   7777.20020 
4     105.00    3385.02       0.00    3377.10      70.00    3384.52      35.00    3375.55  10163.00000 
4     235.00    3385.78     115.00    3385.16     195.00    3375.98     155.00    3381.50  35195.00000 
4     230.00    3384.56     110.00    3384.19     190.00    3376.04     150.00    3383.77  29081.00000 
4     225.00    3385.21     105.00    3385.02     185.00    3377.00     145.00    3385.20  15343.00000 
4     220.00    3383.90     100.00    3386.04     180.00    3379.03     140.00    3386.15  11900.00000 
4     215.00    3380.71      95.00    3384.96     175.00    3380.73     135.00    3386.29  11588.00000 
4     210.00    3379.28      90.00    3385.53     170.00    3381.44     130.00    3386.07  10332.00000 
4     205.00    3377.92      85.00    3386.74     165.00    3380.83     125.00    3386.70  13129.00000 
4     200.00    3376.17      80.00    3387.64     160.00    3381.06     120.00    3386.20   8273.40039 
4     195.00    3375.98      75.00    3386.97     155.00    3381.50     115.00    3385.16  22688.00000 
4     190.00    3376.04      70.00    3384.52     150.00    3383.77     110.00    3384.19  18340.00000 
4     180.00    3379.03      60.00    3380.32     140.00    3386.15     100.00    3386.04  20539.00000 
4     175.00    3380.73      55.00    3379.00     135.00    3386.29      95.00    3384.96  18473.00000 
4     170.00    3381.44      50.00    3378.27     130.00    3386.07      90.00    3385.53  21632.00000 
4     165.00    3380.83      45.00    3375.63     125.00    3386.70      85.00    3386.74  16353.00000 
4     160.00    3381.06      40.00    3375.28     120.00    3386.20      80.00    3387.64  23718.00000 
4     155.00    3381.50      35.00    3375.55     115.00    3385.16      75.00    3386.97  20400.00000 
4     150.00    3383.77      30.00    3374.74     110.00    3384.19      70.00    3384.52  16724.00000 
4     140.00    3386.15      20.00    3373.10     100.00    3386.04      60.00    3380.32   7791.10010 
4     135.00    3386.29      15.00    3374.63      95.00    3384.96      55.00    3379.00   6917.00000 
4     130.00    3386.07      10.00    3375.81      90.00    3385.53      50.00    3378.27   6520.60010 
4     125.00    3386.70       5.00    3377.13      85.00    3386.74      45.00    3375.63   7109.20020 
4     120.00    3386.20       0.00    3377.10      80.00    3387.64      40.00    3375.28   6545.60010 
4     235.00    3385.78     100.00    3386.04     190.00    3376.04     145.00    3385.20  20602.00000 
4     230.00    3384.56      95.00    3384.96     185.00    3377.00     140.00    3386.15  10424.00000 
4     225.00    3385.21      90.00    3385.53     180.00    3379.03     135.00    3386.29   9946.40039 
4     220.00    3383.90      85.00    3386.74     175.00    3380.73     130.00    3386.07  10594.00000 
4     215.00    3380.71      80.00    3387.64     170.00    3381.44     125.00    3386.70  11091.00000 
4     210.00    3379.28      75.00    3386.97     165.00    3380.83     120.00    3386.20  10753.00000 
4     205.00    3377.92      70.00    3384.52     160.00    3381.06     115.00    3385.16   8519.59961 
4     195.00    3375.98      60.00    3380.32     150.00    3383.77     105.00    3385.02  15289.00000 
4     190.00    3376.04      55.00    3379.00     145.00    3385.20     100.00    3386.04  17179.00000 
4     185.00    3377.00      50.00    3378.27     140.00    3386.15      95.00    3384.96  20240.00000 
4     180.00    3379.03      45.00    3375.63     135.00    3386.29      90.00    3385.53  19081.00000 
4     175.00    3380.73      40.00    3375.28     130.00    3386.07      85.00    3386.74  17139.00000 
4     170.00    3381.44      35.00    3375.55     125.00    3386.70      80.00    3387.64  15221.00000 
4     165.00    3380.83      30.00    3374.74     120.00    3386.20      75.00    3386.97  14403.00000 
4     160.00    3381.06      25.00    3373.58     115.00    3385.16      70.00    3384.52  19740.00000 
4     150.00    3383.77      15.00    3374.63     105.00    3385.02      60.00    3380.32  14908.00000 
4     145.00    3385.20      10.00    3375.81     100.00    3386.04      55.00    3379.00   8210.70020 
4     140.00    3386.15       5.00    3377.13      95.00    3384.96      50.00    3378.27   7291.20020 
4     135.00    3386.29       0.00    3377.10      90.00    3385.53      45.00    3375.63   6367.20020 
4     235.00    3385.78      85.00    3386.74     185.00    3377.00     135.00    3386.29   8444.20020 
4     230.00    3384.56      80.00    3387.64     180.00    3379.03     130.00    3386.07   8744.50000 
4     225.00    3385.21      75.00    3386.97     175.00    3380.73     125.00    3386.70  10400.00000 
4     220.00    3383.90      70.00    3384.52     170.00    3381.44     120.00    3386.20  10042.00000 
4     210.00    3379.28      60.00    3380.32     160.00    3381.06     110.00    3384.19   4677.10010 
4     205.00    3377.92      55.00    3379.00     155.00    3381.50     105.00    3385.02   5129.20020 
4     200.00    3376.17      50.00    3378.27     150.00    3383.77     100.00    3386.04   4508.29980 
4     195.00    3375.98      45.00    3375.63     145.00    3385.20      95.00    3384.96  15112.00000 
4     190.00    3376.04      40.00    3375.28     140.00    3386.15      90.00    3385.53  14933.00000 
4     185.00    3377.00      35.00    3375.55     135.00    3386.29      85.00    3386.74  20207.00000 
4     180.00    3379.03      30.00    3374.74     130.00    3386.07      80.00    3387.64  16853.00000 
4     175.00    3380.73      25.00    3373.58     125.00    3386.70      75.00    3386.97  12129.00000 
4     170.00    3381.44      20.00    3373.10     120.00    3386.20      70.00    3384.52  14238.00000 
4     165.00    3380.83      15.00    3374.63     115.00    3385.16      65.00    3382.86  15296.00000 
4     160.00    3381.06      10.00    3375.81     110.00    3384.19      60.00    3380.32  17387.00000 
4     155.00    3381.50       5.00    3377.13     105.00    3385.02      55.00    3379.00  12924.00000 
4     150.00    3383.77       0.00    3377.10     100.00    3386.04      50.00    3378.27   8451.20020 
4     235.00    3385.78      70.00    3384.52     180.00    3379.03     125.00    3386.70   8776.79980 
4     230.00    3384.56      65.00    3382.86     175.00    3380.73     120.00    3386.20   7833.00000 
4     225.00    3385.21      60.00    3380.32     170.00    3381.44     115.00    3385.16   7061.39990 
4     220.00    3383.90      55.00    3379.00     165.00    3380.83     110.00    3384.19   7114.50000 
4     215.00    3380.71      50.00    3378.27     160.00    3381.06     105.00    3385.02   4683.29980 
4     210.00    3379.28      45.00    3375.63     155.00    3381.50     100.00    3386.04   4685.70020 
4     205.00    3377.92      40.00    3375.28     150.00    3383.77      95.00    3384.96   4020.19995 
4     200.00    3376.17      35.00    3375.55     145.00    3385.20      90.00    3385.53   4044.60010 
4     195.00    3375.98      30.00    3374.74     140.00    3386.15      85.00    3386.74  13125.00000 
4     190.00    3376.04      25.00    3373.58     135.00    3386.29      80.00    3387.64  14272.00000 
4     185.00    3377.00      20.00    3373.10     130.00    3386.07      75.00    3386.97  17293.00000 
4     180.00    3379.03      15.00    3374.63     125.00    3386.70      70.00    3384.52  11647.00000 
4     175.00    3380.73      10.00    3375.81     120.00    3386.20      65.00    3382.86   9906.50000 
4     170.00    3381.44       5.00    3377.13     115.00    3385.16      60.00    3380.32  13151.00000 
4     165.00    3380.83       0.00    3377.10     110.00    3384.19      55.00    3379.00  11205.00000 
4     235.00    3385.78      55.00    3379.00     175.00    3380.73     115.00    3385.16   6791.39990 
4     230.00    3384.56      50.00    3378.27     170.00    3381.44     110.00    3384.19   6065.50000 
4     225.00    3385.21      45.00    3375.63     165.00    3380.83     105.00    3385.02   6487.00000 
4     220.00    3383.90      40.00    3375.28     160.00    3381.06     100.00    3386.04   4794.89990 
4     215.00    3380.71      35.00    3375.55     155.00    3381.50      95.00    3384.96   4315.20020 
4     205.00    3377.92      25.00    3373.58     145.00    3385.20      85.00    3386.74   3681.60010 
4     200.00    3376.17      20.00    3373.10     140.00    3386.15      80.00    3387.64   3426.39990 
4     195.00    3375.98      15.00    3374.63     135.00    3386.29      75.00    3386.97  13023.00000 
4     190.00    3376.04      10.00    3375.81     130.00    3386.07      70.00    3384.52  12672.00000 
4     180.00    3379.03       0.00    3377.10     120.00    3386.20      60.00    3380.32  11893.00000 
4     235.00    3385.78      40.00    3375.28     170.00    3381.44     105.00    3385.02   6141.00000 
4     230.00    3384.56      35.00    3375.55     165.00    3380.83     100.00    3386.04   6392.50000 
4     225.00    3385.21      30.00    3374.74     160.00    3381.06      95.00    3384.96   3809.10010 
4     220.00    3383.90      25.00    3373.58     155.00    3381.50      90.00    3385.53   4131.89990 
4     210.00    3379.28      15.00    3374.63     145.00    3385.20      80.00    3387.64   3047.19995 
4     205.00    3377.92      10.00    3375.81     140.00    3386.15      75.00    3386.97   3420.50000 
4     200.00    3376.17       5.00    3377.13     135.00    3386.29      70.00    3384.52   3486.89990 
4     235.00    3385.78      25.00    3373.58     165.00    3380.83      95.00    3384.96   5693.79980 
4     230.00    3384.56      20.00    3373.10     160.00    3381.06      90.00    3385.53   3656.19995 
4     220.00    3383.90      10.00    3375.81     150.00    3383.77      80.00    3387.64   2763.60010 
4     215.00    3380.71       5.00    3377.13     145.00    3385.20      75.00    3386.97   3136.19995 
4     210.00    3379.28       0.00    3377.10     140.00    3386.15      70.00    3384.52   2985.30005 
4     235.00    3385.78      10.00    3375.81     160.00    3381.06      85.00    3386.74   3598.80005 
4     230.00    3384.56       5.00    3377.13     155.00    3381.50      80.00    3387.64   3365.39990 
4     225.00    3385.21       0.00    3377.10     150.00    3383.77      75.00    3386.97   2766.19995 