4  0.00  0.00 15.00  0.00 5.00  0.00 10.00  0.00 7554.10 
4  0.00  0.00 30.00  0.00 10.00  0.00 20.00  0.00 9114.19 
4  0.00  0.00 45.00  0.00 15.00  0.00 30.00  0.00 10961.91 
4  0.00  0.00 60.00  0.00 20.00  0.00 40.00  0.00 9227.96 
4  0.00  0.00 75.00  0.00 25.00  0.00 50.00  0.00 11409.45 
4  0.00  0.00 90.00  0.00 30.00  0.00 60.00  0.00 11726.18 
4  0.00  0.00 105.00  0.00 35.00  0.00 70.00  0.00 12877.54 
4  0.00  0.00 120.00  0.00 40.00  0.00 80.00  0.00 13075.35 
4  0.00  0.00 135.00  0.00 45.00  0.00 90.00  0.00 14093.69 
4  0.00  0.00 150.00  0.00 50.00  0.00 100.00  0.00 14308.91 
4  0.00  0.00 165.00  0.00 55.00  0.00 110.00  0.00 14531.65 
4  0.00  0.00 180.00  0.00 60.00  0.00 120.00  0.00 15990.43 
4  0.00  0.00 195.00  0.00 65.00  0.00 130.00  0.00 15666.30 
4  0.00  0.00 210.00  0.00 70.00  0.00 140.00  0.00 15074.41 
4  0.00  0.00 225.00  0.00 75.00  0.00 150.00  0.00 14859.38 
4  5.00  0.00 20.00  0.00 10.00  0.00 15.00  0.00 4555.61 
4  5.00  0.00 35.00  0.00 15.00  0.00 25.00  0.00 9084.75 
4  5.00  0.00 50.00  0.00 20.00  0.00 35.00  0.00 8391.75 
4  5.00  0.00 65.00  0.00 25.00  0.00 45.00  0.00 9954.90 
4  5.00  0.00 80.00  0.00 30.00  0.00 55.00  0.00 11808.98 
4  5.00  0.00 95.00  0.00 35.00  0.00 65.00  0.00 11401.80 
4  5.00  0.00 110.00  0.00 40.00  0.00 75.00  0.00 14052.64 
4  5.00  0.00 125.00  0.00 45.00  0.00 85.00  0.00 12917.86 
4  5.00  0.00 140.00  0.00 50.00  0.00 95.00  0.00 13739.46 
4  5.00  0.00 155.00  0.00 55.00  0.00 105.00  0.00 14270.03 
4  5.00  0.00 170.00  0.00 60.00  0.00 115.00  0.00 16022.03 
4  5.00  0.00 185.00  0.00 65.00  0.00 125.00  0.00 16595.43 
4  5.00  0.00 200.00  0.00 70.00  0.00 135.00  0.00 14999.62 
4  5.00  0.00 215.00  0.00 75.00  0.00 145.00  0.00 14936.67 
4  5.00  0.00 230.00  0.00 80.00  0.00 155.00  0.00 15623.21 
4  10.00  0.00 25.00  0.00 15.00  0.00 20.00  0.00 7804.76 
4  10.00  0.00 40.00  0.00 20.00  0.00 30.00  0.00 7472.11 
4  10.00  0.00 55.00  0.00 25.00  0.00 40.00  0.00 7621.48 
4  10.00  0.00 70.00  0.00 30.00  0.00 50.00  0.00 11203.16 
4  10.00  0.00 85.00  0.00 35.00  0.00 60.00  0.00 11214.08 
4  10.00  0.00 100.00  0.00 40.00  0.00 70.00  0.00 12652.34 
4  10.00  0.00 115.00  0.00 45.00  0.00 80.00  0.00 12854.99 
4  10.00  0.00 130.00  0.00 50.00  0.00 90.00  0.00 12858.82 
4  10.00  0.00 145.00  0.00 55.00  0.00 100.00  0.00 14304.59 
4  10.00  0.00 160.00  0.00 60.00  0.00 110.00  0.00 15094.65 
4  10.00  0.00 175.00  0.00 65.00  0.00 120.00  0.00 17596.49 
4  10.00  0.00 190.00  0.00 70.00  0.00 130.00  0.00 15034.72 
4  10.00  0.00 205.00  0.00 75.00  0.00 140.00  0.00 14333.50 
4  10.00  0.00 220.00  0.00 80.00  0.00 150.00  0.00 14189.48 
4  10.00  0.00 235.00  0.00 85.00  0.00 160.00  0.00 15715.37 
4  15.00  0.00 30.00  0.00 20.00  0.00 25.00  0.00 4861.14 
4  15.00  0.00 45.00  0.00 25.00  0.00 35.00  0.00 5739.09 
4  15.00  0.00 60.00  0.00 30.00  0.00 45.00  0.00 8266.21 
4  15.00  0.00 75.00  0.00 35.00  0.00 55.00  0.00 10329.88 
4  15.00  0.00 90.00  0.00 40.00  0.00 65.00  0.00 10826.19 
4  15.00  0.00 105.00  0.00 45.00  0.00 75.00  0.00 12304.79 
4  15.00  0.00 120.00  0.00 50.00  0.00 85.00  0.00 10784.41 
4  15.00  0.00 135.00  0.00 55.00  0.00 95.00  0.00 13125.30 
4  15.00  0.00 150.00  0.00 60.00  0.00 105.00  0.00 14580.96 
4  15.00  0.00 165.00  0.00 65.00  0.00 115.00  0.00 15884.54 
4  15.00  0.00 180.00  0.00 70.00  0.00 125.00  0.00 15779.75 
4  15.00  0.00 195.00  0.00 75.00  0.00 135.00  0.00 15193.36 
4  15.00  0.00 210.00  0.00 80.00  0.00 145.00  0.00 15496.32 
4  15.00  0.00 225.00  0.00 85.00  0.00 155.00  0.00 15314.53 
4  20.00  0.00 35.00  0.00 25.00  0.00 30.00  0.00 3859.30 
4  20.00  0.00 50.00  0.00 30.00  0.00 40.00  0.00 5914.58 
4  20.00  0.00 65.00  0.00 35.00  0.00 50.00  0.00 11955.13 
4  20.00  0.00 80.00  0.00 40.00  0.00 60.00  0.00 10811.51 
4  20.00  0.00 95.00  0.00 45.00  0.00 70.00  0.00 11518.57 
4  20.00  0.00 110.00  0.00 50.00  0.00 80.00  0.00 10824.01 
4  20.00  0.00 125.00  0.00 55.00  0.00 90.00  0.00 11838.94 
4  20.00  0.00 140.00  0.00 60.00  0.00 100.00  0.00 14482.22 
4  20.00  0.00 155.00  0.00 65.00  0.00 110.00  0.00 15366.48 
4  20.00  0.00 170.00  0.00 70.00  0.00 120.00  0.00 16731.49 
4  20.00  0.00 185.00  0.00 75.00  0.00 130.00  0.00 15544.68 
4  20.00  0.00 200.00  0.00 80.00  0.00 140.00  0.00 15171.78 
4  20.00  0.00 215.00  0.00 85.00  0.00 150.00  0.00 15702.98 
4  20.00  0.00 230.00  0.00 90.00  0.00 160.00  0.00 15539.78 
4  25.00  0.00 40.00  0.00 30.00  0.00 35.00  0.00 3900.72 
4  25.00  0.00 55.00  0.00 35.00  0.00 45.00  0.00 6118.85 
4  25.00  0.00 70.00  0.00 40.00  0.00 55.00  0.00 10453.52 
4  25.00  0.00 85.00  0.00 45.00  0.00 65.00  0.00 9542.80 
4  25.00  0.00 100.00  0.00 50.00  0.00 75.00  0.00 9620.30 
4  25.00  0.00 115.00  0.00 55.00  0.00 85.00  0.00 10320.91 
4  25.00  0.00 130.00  0.00 60.00  0.00 95.00  0.00 13601.06 
4  25.00  0.00 145.00  0.00 65.00  0.00 105.00  0.00 14714.96 
4  25.00  0.00 160.00  0.00 70.00  0.00 115.00  0.00 15306.49 
4  25.00  0.00 175.00  0.00 75.00  0.00 125.00  0.00 16190.54 
4  25.00  0.00 190.00  0.00 80.00  0.00 135.00  0.00 15632.35 
4  25.00  0.00 205.00  0.00 85.00  0.00 145.00  0.00 15666.58 
4  25.00  0.00 220.00  0.00 90.00  0.00 155.00  0.00 15180.91 
4  25.00  0.00 235.00  0.00 95.00  0.00 165.00  0.00 16090.28 
4  30.00  0.00 45.00  0.00 35.00  0.00 40.00  0.00 2969.65 
4  30.00  0.00 60.00  0.00 40.00  0.00 50.00  0.00 7996.74 
4  30.00  0.00 75.00  0.00 45.00  0.00 60.00  0.00 8041.16 
4  30.00  0.00 90.00  0.00 50.00  0.00 70.00  0.00 7935.84 
4  30.00  0.00 105.00  0.00 55.00  0.00 80.00  0.00 9099.63 
4  30.00  0.00 120.00  0.00 60.00  0.00 90.00  0.00 11279.33 
4  30.00  0.00 135.00  0.00 65.00  0.00 100.00  0.00 13934.54 
4  30.00  0.00 150.00  0.00 70.00  0.00 110.00  0.00 13777.72 
4  30.00  0.00 165.00  0.00 75.00  0.00 120.00  0.00 15383.90 
4  30.00  0.00 180.00  0.00 80.00  0.00 130.00  0.00 15073.30 
4  30.00  0.00 195.00  0.00 85.00  0.00 140.00  0.00 15204.47 
4  30.00  0.00 210.00  0.00 90.00  0.00 150.00  0.00 15562.97 
4  30.00  0.00 225.00  0.00 95.00  0.00 160.00  0.00 14757.23 
4  35.00  0.00 50.00  0.00 40.00  0.00 45.00  0.00 3552.25 
4  35.00  0.00 65.00  0.00 45.00  0.00 55.00  0.00 7387.47 
4  35.00  0.00 80.00  0.00 50.00  0.00 65.00  0.00 5744.17 
4  35.00  0.00 95.00  0.00 55.00  0.00 75.00  0.00 7630.18 
4  35.00  0.00 110.00  0.00 60.00  0.00 85.00  0.00 9707.27 
4  35.00  0.00 125.00  0.00 65.00  0.00 95.00  0.00 12506.95 
4  35.00  0.00 140.00  0.00 70.00  0.00 105.00  0.00 12870.59 
4  35.00  0.00 155.00  0.00 75.00  0.00 115.00  0.00 14097.01 
4  35.00  0.00 170.00  0.00 80.00  0.00 125.00  0.00 15510.60 
4  35.00  0.00 185.00  0.00 85.00  0.00 135.00  0.00 15500.98 
4  35.00  0.00 200.00  0.00 90.00  0.00 145.00  0.00 14753.28 
4  35.00  0.00 215.00  0.00 95.00  0.00 155.00  0.00 15090.25 
4  35.00  0.00 230.00  0.00 100.00  0.00 165.00  0.00 15052.67 
4  40.00  0.00 55.00  0.00 45.00  0.00 50.00  0.00 4310.64 
4  40.00  0.00 70.00  0.00 50.00  0.00 60.00  0.00 4077.62 
4  40.00  0.00 85.00  0.00 55.00  0.00 70.00  0.00 6761.09 
4  40.00  0.00 100.00  0.00 60.00  0.00 80.00  0.00 7907.23 
4  40.00  0.00 115.00  0.00 65.00  0.00 90.00  0.00 10988.08 
4  40.00  0.00 130.00  0.00 70.00  0.00 100.00  0.00 11754.40 
4  40.00  0.00 145.00  0.00 75.00  0.00 110.00  0.00 12642.81 
4  40.00  0.00 160.00  0.00 80.00  0.00 120.00  0.00 14944.90 
4  40.00  0.00 175.00  0.00 85.00  0.00 130.00  0.00 15351.81 
4  40.00  0.00 190.00  0.00 90.00  0.00 140.00  0.00 14779.13 
4  40.00  0.00 205.00  0.00 95.00  0.00 150.00  0.00 14981.22 
4  40.00  0.00 220.00  0.00 100.00  0.00 160.00  0.00 14425.90 
4  40.00  0.00 235.00  0.00 105.00  0.00 170.00  0.00 16138.12 
4  45.00  0.00 60.00  0.00 50.00  0.00 55.00  0.00 2788.86 
4  45.00  0.00 75.00  0.00 55.00  0.00 65.00  0.00 3613.20 
4  45.00  0.00 90.00  0.00 60.00  0.00 75.00  0.00 7808.13 
4  45.00  0.00 105.00  0.00 65.00  0.00 85.00  0.00 9040.00 
4  45.00  0.00 120.00  0.00 70.00  0.00 95.00  0.00 10602.04 
4  45.00  0.00 135.00  0.00 75.00  0.00 105.00  0.00 11878.16 
4  45.00  0.00 150.00  0.00 80.00  0.00 115.00  0.00 14008.40 
4  45.00  0.00 165.00  0.00 85.00  0.00 125.00  0.00 15400.04 
4  45.00  0.00 180.00  0.00 90.00  0.00 135.00  0.00 14776.66 
4  45.00  0.00 195.00  0.00 95.00  0.00 145.00  0.00 14691.82 
4  45.00  0.00 210.00  0.00 100.00  0.00 155.00  0.00 15469.09 
4  45.00  0.00 225.00  0.00 105.00  0.00 165.00  0.00 14845.53 
4  50.00  0.00 65.00  0.00 55.00  0.00 60.00  0.00 2463.09 
4  50.00  0.00 80.00  0.00 60.00  0.00 70.00  0.00 5462.65 
4  50.00  0.00 95.00  0.00 65.00  0.00 80.00  0.00 8008.41 
4  50.00  0.00 110.00  0.00 70.00  0.00 90.00  0.00 9424.63 
4  50.00  0.00 125.00  0.00 75.00  0.00 100.00  0.00 10863.90 
4  50.00  0.00 140.00  0.00 80.00  0.00 110.00  0.00 12672.54 
4  50.00  0.00 155.00  0.00 85.00  0.00 120.00  0.00 14992.85 
4  50.00  0.00 170.00  0.00 90.00  0.00 130.00  0.00 14931.97 
4  50.00  0.00 185.00  0.00 95.00  0.00 140.00  0.00 14993.24 
4  50.00  0.00 200.00  0.00 100.00  0.00 150.00  0.00 15077.37 
4  50.00  0.00 215.00  0.00 105.00  0.00 160.00  0.00 15529.65 
4  50.00  0.00 230.00  0.00 110.00  0.00 170.00  0.00 15194.92 
4  55.00  0.00 70.00  0.00 60.00  0.00 65.00  0.00 2076.78 
4  55.00  0.00 85.00  0.00 65.00  0.00 75.00  0.00 5871.59 
4  55.00  0.00 100.00  0.00 70.00  0.00 85.00  0.00 6300.59 
4  55.00  0.00 115.00  0.00 75.00  0.00 95.00  0.00 9587.33 
4  55.00  0.00 130.00  0.00 80.00  0.00 105.00  0.00 11387.04 
4  55.00  0.00 145.00  0.00 85.00  0.00 115.00  0.00 13492.69 
4  55.00  0.00 160.00  0.00 90.00  0.00 125.00  0.00 14227.74 
4  55.00  0.00 175.00  0.00 95.00  0.00 135.00  0.00 14691.46 
4  55.00  0.00 190.00  0.00 100.00  0.00 145.00  0.00 14774.42 
4  55.00  0.00 205.00  0.00 105.00  0.00 155.00  0.00 15506.94 
4  55.00  0.00 220.00  0.00 110.00  0.00 165.00  0.00 14854.74 
4  55.00  0.00 235.00  0.00 115.00  0.00 175.00  0.00 15417.30 
4  60.00  0.00 75.00  0.00 65.00  0.00 70.00  0.00 3265.49 
4  60.00  0.00 90.00  0.00 70.00  0.00 80.00  0.00 3911.91 
4  60.00  0.00 105.00  0.00 75.00  0.00 90.00  0.00 6974.11 
4  60.00  0.00 120.00  0.00 80.00  0.00 100.00  0.00 9107.11 
4  60.00  0.00 135.00  0.00 85.00  0.00 110.00  0.00 11001.87 
4  60.00  0.00 150.00  0.00 90.00  0.00 120.00  0.00 13273.45 
4  60.00  0.00 165.00  0.00 95.00  0.00 130.00  0.00 12978.81 
4  60.00  0.00 180.00  0.00 100.00  0.00 140.00  0.00 13798.98 
4  60.00  0.00 195.00  0.00 105.00  0.00 150.00  0.00 14610.32 
4  60.00  0.00 210.00  0.00 110.00  0.00 160.00  0.00 15112.04 
4  60.00  0.00 225.00  0.00 115.00  0.00 170.00  0.00 13720.80 
4  65.00  0.00 80.00  0.00 70.00  0.00 75.00  0.00 2582.11 
4  65.00  0.00 95.00  0.00 75.00  0.00 85.00  0.00 3526.08 
4  65.00  0.00 110.00  0.00 80.00  0.00 95.00  0.00 8545.54 
4  65.00  0.00 125.00  0.00 85.00  0.00 105.00  0.00 9078.51 
4  65.00  0.00 140.00  0.00 90.00  0.00 115.00  0.00 11378.76 
4  65.00  0.00 155.00  0.00 95.00  0.00 125.00  0.00 12373.60 
4  65.00  0.00 170.00  0.00 100.00  0.00 135.00  0.00 13257.69 
4  65.00  0.00 185.00  0.00 105.00  0.00 145.00  0.00 14011.94 
4  65.00  0.00 200.00  0.00 110.00  0.00 155.00  0.00 14309.68 
4  65.00  0.00 215.00  0.00 115.00  0.00 165.00  0.00 13787.52 
4  65.00  0.00 230.00  0.00 120.00  0.00 175.00  0.00 12970.21 
4  70.00  0.00 85.00  0.00 75.00  0.00 80.00  0.00 2044.36 
4  70.00  0.00 100.00  0.00 80.00  0.00 90.00  0.00 4924.74 
4  70.00  0.00 115.00  0.00 85.00  0.00 100.00  0.00 8123.64 
4  70.00  0.00 130.00  0.00 90.00  0.00 110.00  0.00 8975.03 
4  70.00  0.00 145.00  0.00 95.00  0.00 120.00  0.00 11674.93 
4  70.00  0.00 160.00  0.00 100.00  0.00 130.00  0.00 12022.33 
4  70.00  0.00 175.00  0.00 105.00  0.00 140.00  0.00 13844.05 
4  70.00  0.00 190.00  0.00 110.00  0.00 150.00  0.00 14640.21 
4  70.00  0.00 205.00  0.00 115.00  0.00 160.00  0.00 14289.62 
4  70.00  0.00 220.00  0.00 120.00  0.00 170.00  0.00 12699.57 
4  70.00  0.00 235.00  0.00 125.00  0.00 180.00  0.00 13225.78 
4  75.00  0.00 90.00  0.00 80.00  0.00 85.00  0.00 2309.62 
4  75.00  0.00 105.00  0.00 85.00  0.00 95.00  0.00 6349.90 
4  75.00  0.00 120.00  0.00 90.00  0.00 105.00  0.00 7563.18 
4  75.00  0.00 135.00  0.00 95.00  0.00 115.00  0.00 9736.99 
4  75.00  0.00 150.00  0.00 100.00  0.00 125.00  0.00 11580.48 
4  75.00  0.00 165.00  0.00 105.00  0.00 135.00  0.00 12452.24 
4  75.00  0.00 180.00  0.00 110.00  0.00 145.00  0.00 13404.38 
4  75.00  0.00 195.00  0.00 115.00  0.00 155.00  0.00 13697.12 
4  75.00  0.00 210.00  0.00 120.00  0.00 165.00  0.00 13521.39 
4  75.00  0.00 225.00  0.00 125.00  0.00 175.00  0.00 12460.09 
4  80.00  0.00 95.00  0.00 85.00  0.00 90.00  0.00 2853.72 
4  80.00  0.00 110.00  0.00 90.00  0.00 100.00  0.00 5870.76 
4  80.00  0.00 125.00  0.00 95.00  0.00 110.00  0.00 7076.54 
4  80.00  0.00 140.00  0.00 100.00  0.00 120.00  0.00 10389.83 
4  80.00  0.00 155.00  0.00 105.00  0.00 130.00  0.00 10822.35 
4  80.00  0.00 170.00  0.00 110.00  0.00 140.00  0.00 12313.32 
4  80.00  0.00 185.00  0.00 115.00  0.00 150.00  0.00 12985.19 
4  80.00  0.00 200.00  0.00 120.00  0.00 160.00  0.00 12685.32 
4  80.00  0.00 215.00  0.00 125.00  0.00 170.00  0.00 12733.46 
4  80.00  0.00 230.00  0.00 130.00  0.00 180.00  0.00 13188.85 
4  85.00  0.00 100.00  0.00 90.00  0.00 95.00  0.00 3248.77 
4  85.00  0.00 115.00  0.00 95.00  0.00 105.00  0.00 5216.31 
4  85.00  0.00 130.00  0.00 100.00  0.00 115.00  0.00 9151.15 
4  85.00  0.00 145.00  0.00 105.00  0.00 125.00  0.00 10555.58 
4  85.00  0.00 160.00  0.00 110.00  0.00 135.00  0.00 11217.41 
4  85.00  0.00 175.00  0.00 115.00  0.00 145.00  0.00 12363.77 
4  85.00  0.00 190.00  0.00 120.00  0.00 155.00  0.00 12698.48 
4  85.00  0.00 205.00  0.00 125.00  0.00 165.00  0.00 13028.58 
4  85.00  0.00 220.00  0.00 130.00  0.00 175.00  0.00 12430.65 
4  85.00  0.00 235.00  0.00 135.00  0.00 185.00  0.00 12885.77 
4  90.00  0.00 105.00  0.00 95.00  0.00 100.00  0.00 3289.04 
4  90.00  0.00 120.00  0.00 100.00  0.00 110.00  0.00 5153.06 
4  90.00  0.00 135.00  0.00 105.00  0.00 120.00  0.00 10229.86 
4  90.00  0.00 150.00  0.00 110.00  0.00 130.00  0.00 10598.30 
4  90.00  0.00 165.00  0.00 115.00  0.00 140.00  0.00 11063.34 
4  90.00  0.00 180.00  0.00 120.00  0.00 150.00  0.00 11987.30 
4  90.00  0.00 195.00  0.00 125.00  0.00 160.00  0.00 13104.27 
4  90.00  0.00 210.00  0.00 130.00  0.00 170.00  0.00 13559.90 
4  90.00  0.00 225.00  0.00 135.00  0.00 180.00  0.00 13181.38 
4  95.00  0.00 110.00  0.00 100.00  0.00 105.00  0.00 4552.98 
4  95.00  0.00 125.00  0.00 105.00  0.00 115.00  0.00 7089.38 
4  95.00  0.00 140.00  0.00 110.00  0.00 125.00  0.00 11047.53 
4  95.00  0.00 155.00  0.00 115.00  0.00 135.00  0.00 10309.84 
4  95.00  0.00 170.00  0.00 120.00  0.00 145.00  0.00 11212.13 
4  95.00  0.00 185.00  0.00 125.00  0.00 155.00  0.00 13021.50 
4  95.00  0.00 200.00  0.00 130.00  0.00 165.00  0.00 13920.38 
4  95.00  0.00 215.00  0.00 135.00  0.00 175.00  0.00 13279.64 
4  95.00  0.00 230.00  0.00 140.00  0.00 185.00  0.00 13680.25 
4  100.00  0.00 115.00  0.00 105.00  0.00 110.00  0.00 4013.95 
4  100.00  0.00 130.00  0.00 110.00  0.00 120.00  0.00 8773.18 
4  100.00  0.00 145.00  0.00 115.00  0.00 130.00  0.00 9193.06 
4  100.00  0.00 160.00  0.00 120.00  0.00 140.00  0.00 9167.26 
4  100.00  0.00 175.00  0.00 125.00  0.00 150.00  0.00 12027.50 
4  100.00  0.00 190.00  0.00 130.00  0.00 160.00  0.00 13487.08 
4  100.00  0.00 205.00  0.00 135.00  0.00 170.00  0.00 13550.71 
4  100.00  0.00 220.00  0.00 140.00  0.00 180.00  0.00 13718.75 
4  100.00  0.00 235.00  0.00 145.00  0.00 190.00  0.00 13920.02 
4  105.00  0.00 120.00  0.00 110.00  0.00 115.00  0.00 5278.46 
4  105.00  0.00 135.00  0.00 115.00  0.00 125.00  0.00 7598.00 
4  105.00  0.00 150.00  0.00 120.00  0.00 135.00  0.00 8511.28 
4  105.00  0.00 165.00  0.00 125.00  0.00 145.00  0.00 9730.97 
4  105.00  0.00 180.00  0.00 130.00  0.00 155.00  0.00 12588.94 
4  105.00  0.00 195.00  0.00 135.00  0.00 165.00  0.00 13500.65 
4  105.00  0.00 210.00  0.00 140.00  0.00 175.00  0.00 13597.09 
4  105.00  0.00 225.00  0.00 145.00  0.00 185.00  0.00 13298.96 
4  110.00  0.00 125.00  0.00 115.00  0.00 120.00  0.00 4557.70 
4  110.00  0.00 140.00  0.00 120.00  0.00 130.00  0.00 5861.85 
4  110.00  0.00 155.00  0.00 125.00  0.00 140.00  0.00 8062.54 
4  110.00  0.00 170.00  0.00 130.00  0.00 150.00  0.00 11064.77 
4  110.00  0.00 185.00  0.00 135.00  0.00 160.00  0.00 12964.68 
4  110.00  0.00 200.00  0.00 140.00  0.00 170.00  0.00 13173.37 
4  110.00  0.00 215.00  0.00 145.00  0.00 180.00  0.00 13656.16 
4  110.00  0.00 230.00  0.00 150.00  0.00 190.00  0.00 13727.22 
4  115.00  0.00 130.00  0.00 120.00  0.00 125.00  0.00 3546.84 
4  115.00  0.00 145.00  0.00 125.00  0.00 135.00  0.00 6318.33 
4  115.00  0.00 160.00  0.00 130.00  0.00 145.00  0.00 9971.46 
4  115.00  0.00 175.00  0.00 135.00  0.00 155.00  0.00 12039.82 
4  115.00  0.00 190.00  0.00 140.00  0.00 165.00  0.00 13548.02 
4  115.00  0.00 205.00  0.00 145.00  0.00 175.00  0.00 13129.85 
4  115.00  0.00 220.00  0.00 150.00  0.00 185.00  0.00 13484.07 
4  115.00  0.00 235.00  0.00 155.00  0.00 195.00  0.00 14425.00 
4  120.00  0.00 135.00  0.00 125.00  0.00 130.00  0.00 2956.81 
4  120.00  0.00 150.00  0.00 130.00  0.00 140.00  0.00 6974.98 
4  120.00  0.00 165.00  0.00 135.00  0.00 150.00  0.00 10138.46 
4  120.00  0.00 180.00  0.00 140.00  0.00 160.00  0.00 12099.55 
4  120.00  0.00 195.00  0.00 145.00  0.00 170.00  0.00 12710.68 
4  120.00  0.00 210.00  0.00 150.00  0.00 180.00  0.00 14162.15 
4  120.00  0.00 225.00  0.00 155.00  0.00 190.00  0.00 13450.51 
4  125.00  0.00 140.00  0.00 130.00  0.00 135.00  0.00 3865.80 
4  125.00  0.00 155.00  0.00 135.00  0.00 145.00  0.00 6906.70 
4  125.00  0.00 170.00  0.00 140.00  0.00 155.00  0.00 10383.75 
4  125.00  0.00 185.00  0.00 145.00  0.00 165.00  0.00 11801.96 
4  125.00  0.00 200.00  0.00 150.00  0.00 175.00  0.00 11797.42 
4  125.00  0.00 215.00  0.00 155.00  0.00 185.00  0.00 12879.33 
4  125.00  0.00 230.00  0.00 160.00  0.00 195.00  0.00 14105.38 
4  130.00  0.00 145.00  0.00 135.00  0.00 140.00  0.00 3097.09 
4  130.00  0.00 160.00  0.00 140.00  0.00 150.00  0.00 6927.08 
4  130.00  0.00 175.00  0.00 145.00  0.00 160.00  0.00 10165.62 
4  130.00  0.00 190.00  0.00 150.00  0.00 170.00  0.00 11018.33 
4  130.00  0.00 205.00  0.00 155.00  0.00 180.00  0.00 12098.49 
4  130.00  0.00 220.00  0.00 160.00  0.00 190.00  0.00 12392.45 
4  130.00  0.00 235.00  0.00 165.00  0.00 200.00  0.00 13952.68 
4  135.00  0.00 150.00  0.00 140.00  0.00 145.00  0.00 3734.84 
4  135.00  0.00 165.00  0.00 145.00  0.00 155.00  0.00 6692.56 
4  135.00  0.00 180.00  0.00 150.00  0.00 165.00  0.00 9976.87 
4  135.00  0.00 195.00  0.00 155.00  0.00 175.00  0.00 9986.13 
4  135.00  0.00 210.00  0.00 160.00  0.00 185.00  0.00 12134.53 
4  135.00  0.00 225.00  0.00 165.00  0.00 195.00  0.00 12976.99 
4  140.00  0.00 155.00  0.00 145.00  0.00 150.00  0.00 3235.81 
4  140.00  0.00 170.00  0.00 150.00  0.00 160.00  0.00 6700.44 
4  140.00  0.00 185.00  0.00 155.00  0.00 170.00  0.00 8883.40 
4  140.00  0.00 200.00  0.00 160.00  0.00 180.00  0.00 10531.68 
4  140.00  0.00 215.00  0.00 165.00  0.00 190.00  0.00 11620.17 
4  140.00  0.00 230.00  0.00 170.00  0.00 200.00  0.00 14610.67 
4  145.00  0.00 160.00  0.00 150.00  0.00 155.00  0.00 3650.52 
4  145.00  0.00 175.00  0.00 155.00  0.00 165.00  0.00 6626.22 
4  145.00  0.00 190.00  0.00 160.00  0.00 175.00  0.00 8303.62 
4  145.00  0.00 205.00  0.00 165.00  0.00 185.00  0.00 10288.07 
4  145.00  0.00 220.00  0.00 170.00  0.00 195.00  0.00 12789.63 
4  145.00  0.00 235.00  0.00 175.00  0.00 205.00  0.00 14713.62 
4  150.00  0.00 165.00  0.00 155.00  0.00 160.00  0.00 3255.70 
4  150.00  0.00 180.00  0.00 160.00  0.00 170.00  0.00 5462.75 
4  150.00  0.00 195.00  0.00 165.00  0.00 180.00  0.00 8932.96 
4  150.00  0.00 210.00  0.00 170.00  0.00 190.00  0.00 11439.62 
4  150.00  0.00 225.00  0.00 175.00  0.00 200.00  0.00 13884.04 
4  155.00  0.00 170.00  0.00 160.00  0.00 165.00  0.00 3500.83 
4  155.00  0.00 185.00  0.00 165.00  0.00 175.00  0.00 4963.89 
4  155.00  0.00 200.00  0.00 170.00  0.00 185.00  0.00 9197.44 
4  155.00  0.00 215.00  0.00 175.00  0.00 195.00  0.00 12344.11 
4  155.00  0.00 230.00  0.00 180.00  0.00 205.00  0.00 13725.51 
4  160.00  0.00 175.00  0.00 165.00  0.00 170.00  0.00 3283.58 
4  160.00  0.00 190.00  0.00 170.00  0.00 180.00  0.00 6904.31 
4  160.00  0.00 205.00  0.00 175.00  0.00 190.00  0.00 9812.17 
4  160.00  0.00 220.00  0.00 180.00  0.00 200.00  0.00 12138.31 
4  160.00  0.00 235.00  0.00 185.00  0.00 210.00  0.00 13602.08 
4  165.00  0.00 180.00  0.00 170.00  0.00 175.00  0.00 2573.99 
4  165.00  0.00 195.00  0.00 175.00  0.00 185.00  0.00 7131.02 
4  165.00  0.00 210.00  0.00 180.00  0.00 195.00  0.00 10638.75 
4  165.00  0.00 225.00  0.00 185.00  0.00 205.00  0.00 12419.81 
4  170.00  0.00 185.00  0.00 175.00  0.00 180.00  0.00 4918.75 
4  170.00  0.00 200.00  0.00 180.00  0.00 190.00  0.00 5826.91 
4  170.00  0.00 215.00  0.00 185.00  0.00 200.00  0.00 11499.81 
4  170.00  0.00 230.00  0.00 190.00  0.00 210.00  0.00 11911.25 
4  175.00  0.00 190.00  0.00 180.00  0.00 185.00  0.00 2889.64 
4  175.00  0.00 205.00  0.00 185.00  0.00 195.00  0.00 7179.32 
4  175.00  0.00 220.00  0.00 190.00  0.00 205.00  0.00 10877.35 
4  175.00  0.00 235.00  0.00 195.00  0.00 215.00  0.00 12952.88 
4  180.00  0.00 195.00  0.00 185.00  0.00 190.00  0.00 3723.47 
4  180.00  0.00 210.00  0.00 190.00  0.00 200.00  0.00 8856.82 
4  180.00  0.00 225.00  0.00 195.00  0.00 210.00  0.00 9791.34 
4  185.00  0.00 200.00  0.00 190.00  0.00 195.00  0.00 4550.50 
4  185.00  0.00 215.00  0.00 195.00  0.00 205.00  0.00 7577.85 
4  185.00  0.00 230.00  0.00 200.00  0.00 215.00  0.00 11721.26 
4  190.00  0.00 205.00  0.00 195.00  0.00 200.00  0.00 4829.34 
4  190.00  0.00 220.00  0.00 200.00  0.00 210.00  0.00 6113.94 
4  190.00  0.00 235.00  0.00 205.00  0.00 220.00  0.00 14974.69 
4  195.00  0.00 210.00  0.00 200.00  0.00 205.00  0.00 4703.87 
4  195.00  0.00 225.00  0.00 205.00  0.00 215.00  0.00 8825.11 
4  200.00  0.00 215.00  0.00 205.00  0.00 210.00  0.00 3800.16 
4  200.00  0.00 230.00  0.00 210.00  0.00 220.00  0.00 12964.65 
4  205.00  0.00 220.00  0.00 210.00  0.00 215.00  0.00 6672.91 
4  205.00  0.00 235.00  0.00 215.00  0.00 225.00  0.00 12028.92 
4  210.00  0.00 225.00  0.00 215.00  0.00 220.00  0.00 6639.10 
4  215.00  0.00 230.00  0.00 220.00  0.00 225.00  0.00 10045.23 
4  220.00  0.00 235.00  0.00 225.00  0.00 230.00  0.00 8053.27 