4      0.000   4581.661      5.000   4582.214     10.000   4582.838     15.000   4583.579   3868.30005
4      5.000   4582.214     10.000   4582.838     15.000   4583.579     20.000   4583.995   5764.60010
4     10.000   4582.838     15.000   4583.579     20.000   4583.995     25.000   4583.477   3019.60010
4     15.000   4583.579     20.000   4583.995     25.000   4583.477     30.000   4581.845   4646.00000
4     20.000   4583.995     25.000   4583.477     30.000   4581.845     35.000   4580.909   2911.19995
4     25.000   4583.477     30.000   4581.845     35.000   4580.909     40.000   4580.283   1643.90002
4     30.000   4581.845     35.000   4580.909     40.000   4580.283     45.000   4580.185   1678.40002
4     35.000   4580.909     40.000   4580.283     45.000   4580.185     50.000   4580.008   2378.50000
4     40.000   4580.283     45.000   4580.185     50.000   4580.008     55.000   4578.216   2617.69995
4     45.000   4580.185     50.000   4580.008     55.000   4578.216     60.000   4577.452   2039.90002
4     50.000   4580.008     55.000   4578.216     60.000   4577.452     65.000   4577.474    975.50000
4     55.000   4578.216     60.000   4577.452     65.000   4577.474     70.000   4576.536   1898.19995
4     60.000   4577.452     65.000   4577.474     70.000   4576.536     75.000   4576.771   1619.19995
4     65.000   4577.474     70.000   4576.536     75.000   4576.771     80.000   4577.447   1526.69995
4     70.000   4576.536     75.000   4576.771     80.000   4577.447     85.000   4577.018   1937.00000
4     75.000   4576.771     80.000   4577.447     85.000   4577.018     90.000   4577.233   1523.40002
4     80.000   4577.447     85.000   4577.018     90.000   4577.233     95.000   4579.307   1412.50000
4     85.000   4577.018     90.000   4577.233     95.000   4579.307    100.000   4581.937   1822.40002
4     90.000   4577.233     95.000   4579.307    100.000   4581.937    105.000   4584.270   2481.00000
4     95.000   4579.307    100.000   4581.937    105.000   4584.270    110.000   4584.895   2989.50000
4    100.000   4581.937    105.000   4584.270    110.000   4584.895    115.000   4585.148   5173.10010
4    105.000   4584.270    110.000   4584.895    115.000   4585.148    120.000   4584.221   2938.00000
4    110.000   4584.895    115.000   4585.148    120.000   4584.221    125.000   4584.671   2126.10010
4    115.000   4585.148    120.000   4584.221    125.000   4584.671    130.000   4585.074   2027.30005
4    120.000   4584.221    125.000   4584.671    130.000   4585.074    135.000   4585.216   2410.80005
4    125.000   4584.671    130.000   4585.074    135.000   4585.216    140.000   4585.035   1705.59998
4    130.000   4585.074    135.000   4585.216    140.000   4585.035    145.000   4584.975   2146.39990
4    135.000   4585.216    140.000   4585.035    145.000   4584.975    150.000   4585.304   1600.59998
4    140.000   4585.035    145.000   4584.975    150.000   4585.304    155.000   4585.695   2221.10010
4    145.000   4584.975    150.000   4585.304    155.000   4585.695    160.000   4585.140   2106.10010
4    150.000   4585.304    155.000   4585.695    160.000   4585.140    165.000   4585.675   2449.89990
4    155.000   4585.695    160.000   4585.140    165.000   4585.675    170.000   4586.492   1515.69995
4    160.000   4585.140    165.000   4585.675    170.000   4586.492    175.000   4585.721   1804.90002
4    165.000   4585.675    170.000   4586.492    175.000   4585.721    180.000   4586.371   3617.39990
4    170.000   4586.492    175.000   4585.721    180.000   4586.371    185.000   4586.004   1133.59998
4    175.000   4585.721    180.000   4586.371    185.000   4586.004    190.000   4588.177   2769.00000
4    180.000   4586.371    185.000   4586.004    190.000   4588.177    195.000   4589.364   2442.89990
4    185.000   4586.004    190.000   4588.177    195.000   4589.364    200.000   4590.050   2548.89990
4    190.000   4588.177    195.000   4589.364    200.000   4590.050    205.000   4589.596   3228.00000
4    195.000   4589.364    200.000   4590.050    205.000   4589.596    210.000   4589.197   3132.10010
4    200.000   4590.050    205.000   4589.596    210.000   4589.197    215.000   4589.914   3851.60010
4    205.000   4589.596    210.000   4589.197    215.000   4589.914    220.000   4591.564   2156.39990
4    210.000   4589.197    215.000   4589.914    220.000   4591.564    225.000   4593.388   4479.39990
4    215.000   4589.914    220.000   4591.564    225.000   4593.388    230.000   4594.501   5051.89990
4    220.000   4591.564    225.000   4593.388    230.000   4594.501    235.000   4594.249  11187.00000
4      0.000   4581.661      5.000   4582.214     15.000   4583.579     20.000   4583.995   7037.39990
4      5.000   4582.214     10.000   4582.838     20.000   4583.995     25.000   4583.477   9151.59961
4     10.000   4582.838     15.000   4583.579     25.000   4583.477     30.000   4581.845   2688.89990
4     15.000   4583.579     20.000   4583.995     30.000   4581.845     35.000   4580.909   7261.70020
4     20.000   4583.995     25.000   4583.477     35.000   4580.909     40.000   4580.283   3482.30005
4     25.000   4583.477     30.000   4581.845     40.000   4580.283     45.000   4580.185   2715.80005
4     30.000   4581.845     35.000   4580.909     45.000   4580.185     50.000   4580.008   4598.89990
4     35.000   4580.909     40.000   4580.283     50.000   4580.008     55.000   4578.216   2714.00000
4     40.000   4580.283     45.000   4580.185     55.000   4578.216     60.000   4577.452   3105.60010
4     45.000   4580.185     50.000   4580.008     60.000   4577.452     65.000   4577.474   3249.39990
4     50.000   4580.008     55.000   4578.216     65.000   4577.474     70.000   4576.536   3494.50000
4     55.000   4578.216     60.000   4577.452     70.000   4576.536     75.000   4576.771   1864.30005
4     60.000   4577.452     65.000   4577.474     75.000   4576.771     80.000   4577.447   1615.50000
4     65.000   4577.474     70.000   4576.536     80.000   4577.447     85.000   4577.018   2388.19995
4     70.000   4576.536     75.000   4576.771     85.000   4577.018     90.000   4577.233   2318.80005
4     75.000   4576.771     80.000   4577.447     90.000   4577.233     95.000   4579.307   1803.59998
4     80.000   4577.447     85.000   4577.018     95.000   4579.307    100.000   4581.937   1702.09998
4     85.000   4577.018     90.000   4577.233    100.000   4581.937    105.000   4584.270   2695.80005
4     90.000   4577.233     95.000   4579.307    105.000   4584.270    110.000   4584.895   4528.29980
4     95.000   4579.307    100.000   4581.937    110.000   4584.895    115.000   4585.148   5378.60010
4    100.000   4581.937    105.000   4584.270    115.000   4585.148    120.000   4584.221   6198.10010
4    105.000   4584.270    110.000   4584.895    120.000   4584.221    125.000   4584.671   3254.30005
4    110.000   4584.895    115.000   4585.148    125.000   4584.671    130.000   4585.074   3485.60010
4    115.000   4585.148    120.000   4584.221    130.000   4585.074    135.000   4585.216   4762.39990
4    120.000   4584.221    125.000   4584.671    135.000   4585.216    140.000   4585.035   3733.00000
4    125.000   4584.671    130.000   4585.074    140.000   4585.035    145.000   4584.975   3362.10010
4    130.000   4585.074    135.000   4585.216    145.000   4584.975    150.000   4585.304   3715.60010
4    135.000   4585.216    140.000   4585.035    150.000   4585.304    155.000   4585.695   3381.00000
4    140.000   4585.035    145.000   4584.975    155.000   4585.695    160.000   4585.140   3616.10010
4    145.000   4584.975    150.000   4585.304    160.000   4585.140    165.000   4585.675   3294.60010
4    150.000   4585.304    155.000   4585.695    165.000   4585.675    170.000   4586.492   2131.19995
4    155.000   4585.695    160.000   4585.140    170.000   4586.492    175.000   4585.721   3018.39990
4    160.000   4585.140    165.000   4585.675    175.000   4585.721    180.000   4586.371   4447.20020
4    165.000   4585.675    170.000   4586.492    180.000   4586.371    185.000   4586.004   2238.10010
4    170.000   4586.492    175.000   4585.721    185.000   4586.004    190.000   4588.177   2411.89990
4    175.000   4585.721    180.000   4586.371    190.000   4588.177    195.000   4589.364   4606.10010
4    180.000   4586.371    185.000   4586.004    195.000   4589.364    200.000   4590.050   3385.30005
4    185.000   4586.004    190.000   4588.177    200.000   4590.050    205.000   4589.596   3146.60010
4    190.000   4588.177    195.000   4589.364    205.000   4589.596    210.000   4589.197   4289.50000
4    195.000   4589.364    200.000   4590.050    210.000   4589.197    215.000   4589.914   7479.00000
4    200.000   4590.050    205.000   4589.596    215.000   4589.914    220.000   4591.564   4845.50000
4    205.000   4589.596    210.000   4589.197    220.000   4591.564    225.000   4593.388   3585.60010
4    210.000   4589.197    215.000   4589.914    225.000   4593.388    230.000   4594.501   5615.70020
4    215.000   4589.914    220.000   4591.564    230.000   4594.501    235.000   4594.249  10800.00000
4      0.000   4581.661      5.000   4582.214     20.000   4583.995     25.000   4583.477   7511.50000
4      5.000   4582.214     10.000   4582.838     25.000   4583.477     30.000   4581.845   4975.60010
4     10.000   4582.838     15.000   4583.579     30.000   4581.845     35.000   4580.909   3502.30005
4     15.000   4583.579     20.000   4583.995     35.000   4580.909     40.000   4580.283   6157.70020
4     20.000   4583.995     25.000   4583.477     40.000   4580.283     45.000   4580.185   4590.00000
4     25.000   4583.477     30.000   4581.845     45.000   4580.185     50.000   4580.008   5697.60010
4     30.000   4581.845     35.000   4580.909     50.000   4580.008     55.000   4578.216   4199.70020
4     35.000   4580.909     40.000   4580.283     55.000   4578.216     60.000   4577.452   2563.50000
4     40.000   4580.283     45.000   4580.185     60.000   4577.452     65.000   4577.474   4685.79980
4     45.000   4580.185     50.000   4580.008     65.000   4577.474     70.000   4576.536   9161.79980
4     50.000   4580.008     55.000   4578.216     70.000   4576.536     75.000   4576.771   3366.30005
4     55.000   4578.216     60.000   4577.452     75.000   4576.771     80.000   4577.447   1713.59998
4     60.000   4577.452     65.000   4577.474     80.000   4577.447     85.000   4577.018   2077.50000
4     65.000   4577.474     70.000   4576.536     85.000   4577.018     90.000   4577.233   3444.80005
4     70.000   4576.536     75.000   4576.771     90.000   4577.233     95.000   4579.307   2801.60010
4     75.000   4576.771     80.000   4577.447     95.000   4579.307    100.000   4581.937   1978.50000
4     80.000   4577.447     85.000   4577.018    100.000   4581.937    105.000   4584.270   2268.69995
4     85.000   4577.018     90.000   4577.233    105.000   4584.270    110.000   4584.895   4848.10010
4     90.000   4577.233     95.000   4579.307    110.000   4584.895    115.000   4585.148   8507.00000
4     95.000   4579.307    100.000   4581.937    115.000   4585.148    120.000   4584.221   5331.89990
4    100.000   4581.937    105.000   4584.270    120.000   4584.221    125.000   4584.671   4960.70020
4    105.000   4584.270    110.000   4584.895    125.000   4584.671    130.000   4585.074   3878.10010
4    110.000   4584.895    115.000   4585.148    130.000   4585.074    135.000   4585.216   6704.20020
4    115.000   4585.148    120.000   4584.221    135.000   4585.216    140.000   4585.035   6561.39990
4    120.000   4584.221    125.000   4584.671    140.000   4585.035    145.000   4584.975   6085.50000
4    125.000   4584.671    130.000   4585.074    145.000   4584.975    150.000   4585.304   4532.89990
4    130.000   4585.074    135.000   4585.216    150.000   4585.304    155.000   4585.695   5871.39990
4    135.000   4585.216    140.000   4585.035    155.000   4585.695    160.000   4585.140   4402.29980
4    140.000   4585.035    145.000   4584.975    160.000   4585.140    165.000   4585.675   4801.00000
4    145.000   4584.975    150.000   4585.304    165.000   4585.675    170.000   4586.492   3172.89990
4    150.000   4585.304    155.000   4585.695    170.000   4586.492    175.000   4585.721   3871.10010
4    155.000   4585.695    160.000   4585.140    175.000   4585.721    180.000   4586.371   5750.00000
4    160.000   4585.140    165.000   4585.675    180.000   4586.371    185.000   4586.004   3594.19995
4    165.000   4585.675    170.000   4586.492    185.000   4586.004    190.000   4588.177   3684.60010
4    170.000   4586.492    175.000   4585.721    190.000   4588.177    195.000   4589.364   4146.60010
4    175.000   4585.721    180.000   4586.371    195.000   4589.364    200.000   4590.050   7006.10010
4    180.000   4586.371    185.000   4586.004    200.000   4590.050    205.000   4589.596   3793.39990
4    185.000   4586.004    190.000   4588.177    205.000   4589.596    210.000   4589.197   4380.50000
4    190.000   4588.177    195.000   4589.364    210.000   4589.197    215.000   4589.914   8875.90039
4    195.000   4589.364    200.000   4590.050    215.000   4589.914    220.000   4591.564   8286.20020
4    200.000   4590.050    205.000   4589.596    220.000   4591.564    225.000   4593.388   5618.10010
4    205.000   4589.596    210.000   4589.197    225.000   4593.388    230.000   4594.501   3666.19995
4    210.000   4589.197    215.000   4589.914    230.000   4594.501    235.000   4594.249  11145.00000
4      0.000   4581.661      5.000   4582.214     25.000   4583.477     30.000   4581.845   5725.39990
4      5.000   4582.214     10.000   4582.838     30.000   4581.845     35.000   4580.909   7269.00000
4     10.000   4582.838     15.000   4583.579     35.000   4580.909     40.000   4580.283   3488.60010
4     15.000   4583.579     20.000   4583.995     40.000   4580.283     45.000   4580.185  10668.00000
4     20.000   4583.995     25.000   4583.477     45.000   4580.185     50.000   4580.008   9248.29980
4     25.000   4583.477     30.000   4581.845     50.000   4580.008     55.000   4578.216   4829.29980
4     30.000   4581.845     35.000   4580.909     55.000   4578.216     60.000   4577.452   3674.80005
4     35.000   4580.909     40.000   4580.283     60.000   4577.452     65.000   4577.474   3471.89990
4     40.000   4580.283     45.000   4580.185     65.000   4577.474     70.000   4576.536  10707.00000
4     45.000   4580.185     50.000   4580.008     70.000   4576.536     75.000   4576.771   8426.00000
4     50.000   4580.008     55.000   4578.216     75.000   4576.771     80.000   4577.447   2485.19995
4     55.000   4578.216     60.000   4577.452     80.000   4577.447     85.000   4577.018   2191.89990
4     60.000   4577.452     65.000   4577.474     85.000   4577.018     90.000   4577.233   2978.89990
4     65.000   4577.474     70.000   4576.536     90.000   4577.233     95.000   4579.307   4407.89990
4     70.000   4576.536     75.000   4576.771     95.000   4579.307    100.000   4581.937   2669.80005
4     75.000   4576.771     80.000   4577.447    100.000   4581.937    105.000   4584.270   2452.69995
4     80.000   4577.447     85.000   4577.018    105.000   4584.270    110.000   4584.895   3605.60010
4     85.000   4577.018     90.000   4577.233    110.000   4584.895    115.000   4585.148   9333.40039
4     90.000   4577.233     95.000   4579.307    115.000   4585.148    120.000   4584.221   9650.70020
4     95.000   4579.307    100.000   4581.937    120.000   4584.221    125.000   4584.671   4869.50000
4    100.000   4581.937    105.000   4584.270    125.000   4584.671    130.000   4585.074   5273.20020
4    105.000   4584.270    110.000   4584.895    130.000   4585.074    135.000   4585.216   6771.79980
4    110.000   4584.895    115.000   4585.148    135.000   4585.216    140.000   4585.035   8516.50000
4    115.000   4585.148    120.000   4584.221    140.000   4585.035    145.000   4584.975   9360.90039
4    120.000   4584.221    125.000   4584.671    145.000   4584.975    150.000   4585.304   7167.60010
4    125.000   4584.671    130.000   4585.074    150.000   4585.304    155.000   4585.695   6123.00000
4    130.000   4585.074    135.000   4585.216    155.000   4585.695    160.000   4585.140   6285.39990
4    135.000   4585.216    140.000   4585.035    160.000   4585.140    165.000   4585.675   5314.50000
4    140.000   4585.035    145.000   4584.975    165.000   4585.675    170.000   4586.492   4598.70020
4    145.000   4584.975    150.000   4585.304    170.000   4586.492    175.000   4585.721   4931.60010
4    150.000   4585.304    155.000   4585.695    175.000   4585.721    180.000   4586.371   7828.70020
4    155.000   4585.695    160.000   4585.140    180.000   4586.371    185.000   4586.004   5438.60010
4    160.000   4585.140    165.000   4585.675    185.000   4586.004    190.000   4588.177   6507.50000
4    165.000   4585.675    170.000   4586.492    190.000   4588.177    195.000   4589.364   6005.10010
4    170.000   4586.492    175.000   4585.721    195.000   4589.364    200.000   4590.050   5886.39990
4    175.000   4585.721    180.000   4586.371    200.000   4590.050    205.000   4589.596   6899.29980
4    180.000   4586.371    185.000   4586.004    205.000   4589.596    210.000   4589.197   4593.70020
4    185.000   4586.004    190.000   4588.177    210.000   4589.197    215.000   4589.914   8681.40039
4    190.000   4588.177    195.000   4589.364    215.000   4589.914    220.000   4591.564   9536.00000
4    195.000   4589.364    200.000   4590.050    220.000   4591.564    225.000   4593.388   8869.09961
4    200.000   4590.050    205.000   4589.596    225.000   4593.388    230.000   4594.501   5661.50000
4    205.000   4589.596    210.000   4589.197    230.000   4594.501    235.000   4594.249   6601.50000
4      0.000   4581.661      5.000   4582.214     30.000   4581.845     35.000   4580.909   8299.40039
4      5.000   4582.214     10.000   4582.838     35.000   4580.909     40.000   4580.283   5844.39990
4     10.000   4582.838     15.000   4583.579     40.000   4580.283     45.000   4580.185   7141.79980
4     15.000   4583.579     20.000   4583.995     45.000   4580.185     50.000   4580.008  17132.00000
4     20.000   4583.995     25.000   4583.477     50.000   4580.008     55.000   4578.216   7390.89990
4     25.000   4583.477     30.000   4581.845     55.000   4578.216     60.000   4577.452   3764.10010
4     30.000   4581.845     35.000   4580.909     60.000   4577.452     65.000   4577.474   4900.10010
4     35.000   4580.909     40.000   4580.283     65.000   4577.474     70.000   4576.536   7406.50000
4     40.000   4580.283     45.000   4580.185     70.000   4576.536     75.000   4576.771   9035.20020
4     45.000   4580.185     50.000   4580.008     75.000   4576.771     80.000   4577.447   7095.60010
4     50.000   4580.008     55.000   4578.216     80.000   4577.447     85.000   4577.018   3755.80005
4     55.000   4578.216     60.000   4577.452     85.000   4577.018     90.000   4577.233   2972.30005
4     60.000   4577.452     65.000   4577.474     90.000   4577.233     95.000   4579.307   3172.19995
4     65.000   4577.474     70.000   4576.536     95.000   4579.307    100.000   4581.937   4623.50000
4     70.000   4576.536     75.000   4576.771    100.000   4581.937    105.000   4584.270   3324.39990
4     75.000   4576.771     80.000   4577.447    105.000   4584.270    110.000   4584.895   4054.89990
4     80.000   4577.447     85.000   4577.018    110.000   4584.895    115.000   4585.148   6550.39990
4     85.000   4577.018     90.000   4577.233    115.000   4585.148    120.000   4584.221  11408.00000
4     90.000   4577.233     95.000   4579.307    120.000   4584.221    125.000   4584.671   7955.00000
4     95.000   4579.307    100.000   4581.937    125.000   4584.671    130.000   4585.074   4897.10010
4    100.000   4581.937    105.000   4584.270    130.000   4585.074    135.000   4585.216   8234.70020
4    105.000   4584.270    110.000   4584.895    135.000   4585.216    140.000   4585.035   7647.60010
4    110.000   4584.895    115.000   4585.148    140.000   4585.035    145.000   4584.975  11426.00000
4    115.000   4585.148    120.000   4584.221    145.000   4584.975    150.000   4585.304  10325.00000
4    120.000   4584.221    125.000   4584.671    150.000   4585.304    155.000   4585.695   8412.50000
4    125.000   4584.671    130.000   4585.074    155.000   4585.695    160.000   4585.140   5946.10010
4    130.000   4585.074    135.000   4585.216    160.000   4585.140    165.000   4585.675   8569.90039
4    135.000   4585.216    140.000   4585.035    165.000   4585.675    170.000   4586.492   4697.00000
4    140.000   4585.035    145.000   4584.975    170.000   4586.492    175.000   4585.721   6258.20020
4    145.000   4584.975    150.000   4585.304    175.000   4585.721    180.000   4586.371  10257.00000
4    150.000   4585.304    155.000   4585.695    180.000   4586.371    185.000   4586.004   7028.29980
4    155.000   4585.695    160.000   4585.140    185.000   4586.004    190.000   4588.177   7944.20020
4    160.000   4585.140    165.000   4585.675    190.000   4588.177    195.000   4589.364   8073.89990
4    165.000   4585.675    170.000   4586.492    195.000   4589.364    200.000   4590.050   9066.90039
4    170.000   4586.492    175.000   4585.721    200.000   4590.050    205.000   4589.596   5424.70020
4    175.000   4585.721    180.000   4586.371    205.000   4589.596    210.000   4589.197   8474.90039
4    180.000   4586.371    185.000   4586.004    210.000   4589.197    215.000   4589.914   8893.50000
4    185.000   4586.004    190.000   4588.177    215.000   4589.914    220.000   4591.564   9012.59961
4    190.000   4588.177    195.000   4589.364    220.000   4591.564    225.000   4593.388   9430.09961
4    195.000   4589.364    200.000   4590.050    225.000   4593.388    230.000   4594.501   7948.29980
4    200.000   4590.050    205.000   4589.596    230.000   4594.501    235.000   4594.249  10244.00000
4      0.000   4581.661      5.000   4582.214     35.000   4580.909     40.000   4580.283   7699.39990
4      5.000   4582.214     10.000   4582.838     40.000   4580.283     45.000   4580.185  13036.00000
4     10.000   4582.838     15.000   4583.579     45.000   4580.185     50.000   4580.008  10941.00000
4     15.000   4583.579     20.000   4583.995     50.000   4580.008     55.000   4578.216  14131.00000
4     20.000   4583.995     25.000   4583.477     55.000   4578.216     60.000   4577.452   5368.89990
4     25.000   4583.477     30.000   4581.845     60.000   4577.452     65.000   4577.474   4743.89990
4     30.000   4581.845     35.000   4580.909     65.000   4577.474     70.000   4576.536  10781.00000
4     35.000   4580.909     40.000   4580.283     70.000   4576.536     75.000   4576.771   6362.10010
4     40.000   4580.283     45.000   4580.185     75.000   4576.771     80.000   4577.447   6622.89990
4     45.000   4580.185     50.000   4580.008     80.000   4577.447     85.000   4577.018   8549.29980
4     50.000   4580.008     55.000   4578.216     85.000   4577.018     90.000   4577.233   4857.79980
4     55.000   4578.216     60.000   4577.452     90.000   4577.233     95.000   4579.307   3220.89990
4     60.000   4577.452     65.000   4577.474     95.000   4579.307    100.000   4581.937   2953.00000
4     65.000   4577.474     70.000   4576.536    100.000   4581.937    105.000   4584.270   4569.20020
4     75.000   4576.771     80.000   4577.447    110.000   4584.895    115.000   4585.148  10077.00000
4     80.000   4577.447     85.000   4577.018    115.000   4585.148    120.000   4584.221   7128.29980
4     85.000   4577.018     90.000   4577.233    120.000   4584.221    125.000   4584.671   8470.79980
4     90.000   4577.233     95.000   4579.307    125.000   4584.671    130.000   4585.074   7762.39990
4     95.000   4579.307    100.000   4581.937    130.000   4585.074    135.000   4585.216   8145.50000
4    100.000   4581.937    105.000   4584.270    135.000   4585.216    140.000   4585.035   8906.79980
4    105.000   4584.270    110.000   4584.895    140.000   4585.035    145.000   4584.975   9775.09961
4    110.000   4584.895    115.000   4585.148    145.000   4584.975    150.000   4585.304  11836.00000
4    115.000   4585.148    120.000   4584.221    150.000   4585.304    155.000   4585.695  12359.00000
4    120.000   4584.221    125.000   4584.671    155.000   4585.695    160.000   4585.140   7799.29980
4    125.000   4584.671    130.000   4585.074    160.000   4585.140    165.000   4585.675   9613.70020
4    130.000   4585.074    135.000   4585.216    165.000   4585.675    170.000   4586.492   5167.20020
4    135.000   4585.216    140.000   4585.035    170.000   4586.492    175.000   4585.721   6340.00000
4    140.000   4585.035    145.000   4584.975    175.000   4585.721    180.000   4586.371  12880.00000
4    145.000   4584.975    150.000   4585.304    180.000   4586.371    185.000   4586.004   8054.29980
4    150.000   4585.304    155.000   4585.695    185.000   4586.004    190.000   4588.177   8810.09961
4    155.000   4585.695    160.000   4585.140    190.000   4588.177    195.000   4589.364  11081.00000
4    160.000   4585.140    165.000   4585.675    195.000   4589.364    200.000   4590.050  10217.00000
4    165.000   4585.675    170.000   4586.492    200.000   4590.050    205.000   4589.596   3840.50000
4    170.000   4586.492    175.000   4585.721    205.000   4589.596    210.000   4589.197   6584.29980
4    175.000   4585.721    180.000   4586.371    210.000   4589.197    215.000   4589.914  14275.00000
4    180.000   4586.371    185.000   4586.004    215.000   4589.914    220.000   4591.564   8730.79980
4    185.000   4586.004    190.000   4588.177    220.000   4591.564    225.000   4593.388   8532.40039
4    190.000   4588.177    195.000   4589.364    225.000   4593.388    230.000   4594.501   8178.79980
4    195.000   4589.364    200.000   4590.050    230.000   4594.501    235.000   4594.249  12852.00000
4      0.000   4581.661      5.000   4582.214     40.000   4580.283     45.000   4580.185  12654.00000
4      5.000   4582.214     10.000   4582.838     45.000   4580.185     50.000   4580.008  18033.00000
4     10.000   4582.838     15.000   4583.579     50.000   4580.008     55.000   4578.216   8148.79980
4     15.000   4583.579     20.000   4583.995     55.000   4578.216     60.000   4577.452   9595.00000
4     20.000   4583.995     25.000   4583.477     60.000   4577.452     65.000   4577.474   9650.70020
4     25.000   4583.477     30.000   4581.845     65.000   4577.474     70.000   4576.536   8398.59961
4     30.000   4581.845     35.000   4580.909     70.000   4576.536     75.000   4576.771   8447.79980
4     35.000   4580.909     40.000   4580.283     75.000   4576.771     80.000   4577.447   5171.50000
4     40.000   4580.283     45.000   4580.185     80.000   4577.447     85.000   4577.018   8396.09961
4     45.000   4580.185     50.000   4580.008     85.000   4577.018     90.000   4577.233  10533.00000
4     50.000   4580.008     55.000   4578.216     90.000   4577.233     95.000   4579.307   5722.50000
4     55.000   4578.216     60.000   4577.452     95.000   4579.307    100.000   4581.937   3065.89990
4     60.000   4577.452     65.000   4577.474    100.000   4581.937    105.000   4584.270   2716.39990
4     80.000   4577.447     85.000   4577.018    120.000   4584.221    125.000   4584.671   5538.79980
4     85.000   4577.018     90.000   4577.233    125.000   4584.671    130.000   4585.074   8268.59961
4     90.000   4577.233     95.000   4579.307    130.000   4585.074    135.000   4585.216  12335.00000
4     95.000   4579.307    100.000   4581.937    135.000   4585.216    140.000   4585.035   8351.59961
4    100.000   4581.937    105.000   4584.270    140.000   4585.035    145.000   4584.975  10565.00000
4    105.000   4584.270    110.000   4584.895    145.000   4584.975    150.000   4585.304   9652.29980
4    110.000   4584.895    115.000   4585.148    150.000   4585.304    155.000   4585.695  13864.00000
4    115.000   4585.148    120.000   4584.221    155.000   4585.695    160.000   4585.140  10957.00000
4    130.000   4585.074    135.000   4585.216    170.000   4586.492    175.000   4585.721   9228.70020
4    135.000   4585.216    140.000   4585.035    175.000   4585.721    180.000   4586.371  12071.00000
4    140.000   4585.035    145.000   4584.975    180.000   4586.371    185.000   4586.004   9487.09961
4    145.000   4584.975    150.000   4585.304    185.000   4586.004    190.000   4588.177  11012.00000
4    150.000   4585.304    155.000   4585.695    190.000   4588.177    195.000   4589.364  13300.00000
4    155.000   4585.695    160.000   4585.140    195.000   4589.364    200.000   4590.050  12600.00000
4    160.000   4585.140    165.000   4585.675    200.000   4590.050    205.000   4589.596   8525.29980
4    165.000   4585.675    170.000   4586.492    205.000   4589.596    210.000   4589.197   9646.09961
4    170.000   4586.492    175.000   4585.721    210.000   4589.197    215.000   4589.914  10824.00000
4    175.000   4585.721    180.000   4586.371    215.000   4589.914    220.000   4591.564  16236.00000
4    180.000   4586.371    185.000   4586.004    220.000   4591.564    225.000   4593.388   8263.90039
4    185.000   4586.004    190.000   4588.177    225.000   4593.388    230.000   4594.501   7443.10010
4    190.000   4588.177    195.000   4589.364    230.000   4594.501    235.000   4594.249  10916.00000
4      0.000   4581.661      5.000   4582.214     45.000   4580.185     50.000   4580.008  20346.00000
4      5.000   4582.214     10.000   4582.838     50.000   4580.008     55.000   4578.216  15361.00000
4     10.000   4582.838     15.000   4583.579     55.000   4578.216     60.000   4577.452   5327.89990
4     15.000   4583.579     20.000   4583.995     60.000   4577.452     65.000   4577.474  11441.00000
4     20.000   4583.995     25.000   4583.477     65.000   4577.474     70.000   4576.536  16780.00000
4     25.000   4583.477     30.000   4581.845     70.000   4576.536     75.000   4576.771   8037.29980
4     30.000   4581.845     35.000   4580.909     75.000   4576.771     80.000   4577.447   4212.60010
4     35.000   4580.909     40.000   4580.283     80.000   4577.447     85.000   4577.018   5787.60010
4     40.000   4580.283     45.000   4580.185     85.000   4577.018     90.000   4577.233  10121.00000
4     45.000   4580.185     50.000   4580.008     90.000   4577.233     95.000   4579.307  11090.00000
4     50.000   4580.008     55.000   4578.216     95.000   4579.307    100.000   4581.937   4391.60010
4     55.000   4578.216     60.000   4577.452    100.000   4581.937    105.000   4584.270   3025.60010
4     60.000   4577.452     65.000   4577.474    105.000   4584.270    110.000   4584.895   4381.29980
4     65.000   4577.474     70.000   4576.536    110.000   4584.895    115.000   4585.148  15329.00000
4     70.000   4576.536     75.000   4576.771    115.000   4585.148    120.000   4584.221   7121.60010
4     75.000   4576.771     80.000   4577.447    120.000   4584.221    125.000   4584.671   4615.29980
4     80.000   4577.447     85.000   4577.018    125.000   4584.671    130.000   4585.074   5119.29980
4     85.000   4577.018     90.000   4577.233    130.000   4585.074    135.000   4585.216  12363.00000
4     90.000   4577.233     95.000   4579.307    135.000   4585.216    140.000   4585.035  12200.00000
4     95.000   4579.307    100.000   4581.937    140.000   4585.035    145.000   4584.975  10388.00000
4    100.000   4581.937    105.000   4584.270    145.000   4584.975    150.000   4585.304  10502.00000
4    105.000   4584.270    110.000   4584.895    150.000   4585.304    155.000   4585.695  11838.00000
4    110.000   4584.895    115.000   4585.148    155.000   4585.695    160.000   4585.140  11851.00000
4    115.000   4585.148    120.000   4584.221    160.000   4585.140    165.000   4585.675  10923.00000
4    125.000   4584.671    130.000   4585.074    170.000   4586.492    175.000   4585.721   7630.00000
4    130.000   4585.074    135.000   4585.216    175.000   4585.721    180.000   4586.371  13984.00000
4    135.000   4585.216    140.000   4585.035    180.000   4586.371    185.000   4586.004   9069.29980
4    140.000   4585.035    145.000   4584.975    185.000   4586.004    190.000   4588.177  12878.00000
4    145.000   4584.975    150.000   4585.304    190.000   4588.177    195.000   4589.364  14211.00000
4    150.000   4585.304    155.000   4585.695    195.000   4589.364    200.000   4590.050  13962.00000
4    155.000   4585.695    160.000   4585.140    200.000   4590.050    205.000   4589.596  11192.00000
4    160.000   4585.140    165.000   4585.675    205.000   4589.596    210.000   4589.197  10965.00000
4    165.000   4585.675    170.000   4586.492    210.000   4589.197    215.000   4589.914   9056.70020
4    170.000   4586.492    175.000   4585.721    215.000   4589.914    220.000   4591.564  11134.00000
4    175.000   4585.721    180.000   4586.371    220.000   4591.564    225.000   4593.388  10378.00000
4    180.000   4586.371    185.000   4586.004    225.000   4593.388    230.000   4594.501   6810.70020
4    185.000   4586.004    190.000   4588.177    230.000   4594.501    235.000   4594.249  11607.00000
4      0.000   4581.661      5.000   4582.214     50.000   4580.008     55.000   4578.216  13571.00000
4      5.000   4582.214     10.000   4582.838     55.000   4578.216     60.000   4577.452   9301.79980
4     10.000   4582.838     15.000   4583.579     60.000   4577.452     65.000   4577.474  16222.00000
4     20.000   4583.995     25.000   4583.477     70.000   4576.536     75.000   4576.771  15796.00000
4     25.000   4583.477     30.000   4581.845     75.000   4576.771     80.000   4577.447   6379.79980
4     30.000   4581.845     35.000   4580.909     80.000   4577.447     85.000   4577.018   7439.00000
4     35.000   4580.909     40.000   4580.283     85.000   4577.018     90.000   4577.233   7040.10010
4     40.000   4580.283     45.000   4580.185     90.000   4577.233     95.000   4579.307  10555.00000
4     45.000   4580.185     50.000   4580.008     95.000   4579.307    100.000   4581.937  11245.00000
4     50.000   4580.008     55.000   4578.216    100.000   4581.937    105.000   4584.270   6228.29980
4     55.000   4578.216     60.000   4577.452    105.000   4584.270    110.000   4584.895   4281.10010
4     60.000   4577.452     65.000   4577.474    110.000   4584.895    115.000   4585.148   6328.39990
4     70.000   4576.536     75.000   4576.771    120.000   4584.221    125.000   4584.671   6103.29980
4     75.000   4576.771     80.000   4577.447    125.000   4584.671    130.000   4585.074   7741.10010
4     80.000   4577.447     85.000   4577.018    130.000   4585.074    135.000   4585.216   8117.79980
4     85.000   4577.018     90.000   4577.233    135.000   4585.216    140.000   4585.035  12448.00000
4     90.000   4577.233     95.000   4579.307    140.000   4585.035    145.000   4584.975  14968.00000
4     95.000   4579.307    100.000   4581.937    145.000   4584.975    150.000   4585.304  10555.00000
4    100.000   4581.937    105.000   4584.270    150.000   4585.304    155.000   4585.695  11769.00000
4    105.000   4584.270    110.000   4584.895    155.000   4585.695    160.000   4585.140  10955.00000
4    110.000   4584.895    115.000   4585.148    160.000   4585.140    165.000   4585.675  15840.00000
4    115.000   4585.148    120.000   4584.221    165.000   4585.675    170.000   4586.492  16217.00000
4    120.000   4584.221    125.000   4584.671    170.000   4586.492    175.000   4585.721   9552.40039
4    125.000   4584.671    130.000   4585.074    175.000   4585.721    180.000   4586.371  14002.00000
4    130.000   4585.074    135.000   4585.216    180.000   4586.371    185.000   4586.004  13295.00000
4    135.000   4585.216    140.000   4585.035    185.000   4586.004    190.000   4588.177  11642.00000
4    140.000   4585.035    145.000   4584.975    190.000   4588.177    195.000   4589.364  15602.00000
4    145.000   4584.975    150.000   4585.304    195.000   4589.364    200.000   4590.050  15293.00000
4    150.000   4585.304    155.000   4585.695    200.000   4590.050    205.000   4589.596  10191.00000
4    155.000   4585.695    160.000   4585.140    205.000   4589.596    210.000   4589.197  10524.00000
4    160.000   4585.140    165.000   4585.675    210.000   4589.197    215.000   4589.914  13410.00000
4    170.000   4586.492    175.000   4585.721    220.000   4591.564    225.000   4593.388   8815.79980
4    180.000   4586.371    185.000   4586.004    230.000   4594.501    235.000   4594.249  11161.00000
4      0.000   4581.661      5.000   4582.214     55.000   4578.216     60.000   4577.452   9879.70020
4     10.000   4582.838     15.000   4583.579     65.000   4577.474     70.000   4576.536  15215.00000
4     15.000   4583.579     20.000   4583.995     70.000   4576.536     75.000   4576.771  28659.00000
4     25.000   4583.477     30.000   4581.845     80.000   4577.447     85.000   4577.018   6593.70020
4     30.000   4581.845     35.000   4580.909     85.000   4577.018     90.000   4577.233   8978.59961
4     35.000   4580.909     40.000   4580.283     90.000   4577.233     95.000   4579.307   7129.00000
4     40.000   4580.283     45.000   4580.185     95.000   4579.307    100.000   4581.937  10030.00000
4     45.000   4580.185     50.000   4580.008    100.000   4581.937    105.000   4584.270   9029.29980
4     50.000   4580.008     55.000   4578.216    105.000   4584.270    110.000   4584.895   5504.50000
4     55.000   4578.216     60.000   4577.452    110.000   4584.895    115.000   4585.148   6318.50000
4     60.000   4577.452     65.000   4577.474    115.000   4585.148    120.000   4584.221   7032.29980
4     65.000   4577.474     70.000   4576.536    120.000   4584.221    125.000   4584.671   8833.50000
4     70.000   4576.536     75.000   4576.771    125.000   4584.671    130.000   4585.074   4278.60010
4     80.000   4577.447     85.000   4577.018    135.000   4585.216    140.000   4585.035   7812.10010
4     85.000   4577.018     90.000   4577.233    140.000   4585.035    145.000   4584.975  14607.00000
4     90.000   4577.233     95.000   4579.307    145.000   4584.975    150.000   4585.304  14125.00000
4     95.000   4579.307    100.000   4581.937    150.000   4585.304    155.000   4585.695  12609.00000
4    100.000   4581.937    105.000   4584.270    155.000   4585.695    160.000   4585.140  10817.00000
4    105.000   4584.270    110.000   4584.895    160.000   4585.140    165.000   4585.675  13146.00000
4    110.000   4584.895    115.000   4585.148    165.000   4585.675    170.000   4586.492  12667.00000
4    115.000   4585.148    120.000   4584.221    170.000   4586.492    175.000   4585.721  13851.00000
4    120.000   4584.221    125.000   4584.671    175.000   4585.721    180.000   4586.371  18340.00000
4    125.000   4584.671    130.000   4585.074    180.000   4586.371    185.000   4586.004   9087.90039
4    130.000   4585.074    135.000   4585.216    185.000   4586.004    190.000   4588.177  12682.00000
4    135.000   4585.216    140.000   4585.035    190.000   4588.177    195.000   4589.364  14396.00000
4    140.000   4585.035    145.000   4584.975    195.000   4589.364    200.000   4590.050  16776.00000
4    145.000   4584.975    150.000   4585.304    200.000   4590.050    205.000   4589.596  10538.00000
4    150.000   4585.304    155.000   4585.695    205.000   4589.596    210.000   4589.197  12114.00000
4    155.000   4585.695    160.000   4585.140    210.000   4589.197    215.000   4589.914  18052.00000
4    160.000   4585.140    165.000   4585.675    215.000   4589.914    220.000   4591.564  14157.00000
4    170.000   4586.492    175.000   4585.721    225.000   4593.388    230.000   4594.501   9209.90039
4      0.000   4581.661      5.000   4582.214     60.000   4577.452     65.000   4577.474  15442.00000
4     10.000   4582.838     15.000   4583.579     70.000   4576.536     75.000   4576.771  20146.00000
4     15.000   4583.579     20.000   4583.995     75.000   4576.771     80.000   4577.447  19629.00000
4     20.000   4583.995     25.000   4583.477     80.000   4577.447     85.000   4577.018  10061.00000
4     25.000   4583.477     30.000   4581.845     85.000   4577.018     90.000   4577.233   7569.39990
4     30.000   4581.845     35.000   4580.909     90.000   4577.233     95.000   4579.307  10367.00000
4     35.000   4580.909     40.000   4580.283     95.000   4579.307    100.000   4581.937   6597.60010
4     40.000   4580.283     45.000   4580.185    100.000   4581.937    105.000   4584.270   9235.00000
4     45.000   4580.185     50.000   4580.008    105.000   4584.270    110.000   4584.895  12872.00000
4     50.000   4580.008     55.000   4578.216    110.000   4584.895    115.000   4585.148  11702.00000
4     55.000   4578.216     60.000   4577.452    115.000   4585.148    120.000   4584.221   6414.70020
4     60.000   4577.452     65.000   4577.474    120.000   4584.221    125.000   4584.671   3859.69995
4     65.000   4577.474     70.000   4576.536    125.000   4584.671    130.000   4585.074   5285.89990
4     70.000   4576.536     75.000   4576.771    130.000   4585.074    135.000   4585.216   8471.50000
4     75.000   4576.771     80.000   4577.447    135.000   4585.216    140.000   4585.035   8490.50000
4     80.000   4577.447     85.000   4577.018    140.000   4585.035    145.000   4584.975   9651.20020
4     85.000   4577.018     90.000   4577.233    145.000   4584.975    150.000   4585.304  14301.00000
4     90.000   4577.233     95.000   4579.307    150.000   4585.304    155.000   4585.695  16890.00000
4     95.000   4579.307    100.000   4581.937    155.000   4585.695    160.000   4585.140  15724.00000
4    100.000   4581.937    105.000   4584.270    160.000   4585.140    165.000   4585.675  11592.00000
4    105.000   4584.270    110.000   4584.895    165.000   4585.675    170.000   4586.492  10969.00000
4    110.000   4584.895    115.000   4585.148    170.000   4586.492    175.000   4585.721  16448.00000
4    115.000   4585.148    120.000   4584.221    175.000   4585.721    180.000   4586.371  24741.00000
4    120.000   4584.221    125.000   4584.671    180.000   4586.371    185.000   4586.004  11586.00000
4    125.000   4584.671    130.000   4585.074    185.000   4586.004    190.000   4588.177  12392.00000
4    130.000   4585.074    135.000   4585.216    190.000   4588.177    195.000   4589.364  20195.00000
4    135.000   4585.216    140.000   4585.035    195.000   4589.364    200.000   4590.050  15033.00000
4    140.000   4585.035    145.000   4584.975    200.000   4590.050    205.000   4589.596  11646.00000
4    145.000   4584.975    150.000   4585.304    205.000   4589.596    210.000   4589.197  14280.00000
4    150.000   4585.304    155.000   4585.695    210.000   4589.197    215.000   4589.914  21515.00000
4    155.000   4585.695    160.000   4585.140    215.000   4589.914    220.000   4591.564  14121.00000
4    160.000   4585.140    165.000   4585.675    220.000   4591.564    225.000   4593.388  17105.00000
4    170.000   4586.492    175.000   4585.721    230.000   4594.501    235.000   4594.249  11817.00000
4      0.000   4581.661      5.000   4582.214     65.000   4577.474     70.000   4576.536  17250.00000
4      5.000   4582.214     10.000   4582.838     70.000   4576.536     75.000   4576.771  35222.00000
4     15.000   4583.579     20.000   4583.995     80.000   4577.447     85.000   4577.018  17704.00000
4     20.000   4583.995     25.000   4583.477     85.000   4577.018     90.000   4577.233   7848.60010
4     25.000   4583.477     30.000   4581.845     90.000   4577.233     95.000   4579.307   7420.20020
4     30.000   4581.845     35.000   4580.909     95.000   4579.307    100.000   4581.937   5878.70020
4     35.000   4580.909     40.000   4580.283    100.000   4581.937    105.000   4584.270   5493.70020
4     40.000   4580.283     45.000   4580.185    105.000   4584.270    110.000   4584.895  11685.00000
4     45.000   4580.185     50.000   4580.008    110.000   4584.895    115.000   4585.148  23287.00000
4     50.000   4580.008     55.000   4578.216    115.000   4585.148    120.000   4584.221   6418.29980
4     55.000   4578.216     60.000   4577.452    120.000   4584.221    125.000   4584.671   4471.89990
4     60.000   4577.452     65.000   4577.474    125.000   4584.671    130.000   4585.074   4529.60010
4     65.000   4577.474     70.000   4576.536    130.000   4585.074    135.000   4585.216  13825.00000
4     70.000   4576.536     75.000   4576.771    135.000   4585.216    140.000   4585.035   6361.20020
4     75.000   4576.771     80.000   4577.447    140.000   4585.035    145.000   4584.975   6039.29980
4     80.000   4577.447     85.000   4577.018    145.000   4584.975    150.000   4585.304   9281.29980
4     85.000   4577.018     90.000   4577.233    150.000   4585.304    155.000   4585.695  16161.00000
4     90.000   4577.233     95.000   4579.307    155.000   4585.695    160.000   4585.140  18203.00000
4     95.000   4579.307    100.000   4581.937    160.000   4585.140    165.000   4585.675  15656.00000
4    100.000   4581.937    105.000   4584.270    165.000   4585.675    170.000   4586.492  12474.00000
4    105.000   4584.270    110.000   4584.895    170.000   4586.492    175.000   4585.721  13840.00000
4    110.000   4584.895    115.000   4585.148    175.000   4585.721    180.000   4586.371  25945.00000
4    115.000   4585.148    120.000   4584.221    180.000   4586.371    185.000   4586.004  17763.00000
4    120.000   4584.221    125.000   4584.671    185.000   4586.004    190.000   4588.177  16445.00000
4    125.000   4584.671    130.000   4585.074    190.000   4588.177    195.000   4589.364  13328.00000
4    130.000   4585.074    135.000   4585.216    195.000   4589.364    200.000   4590.050  18376.00000
4    135.000   4585.216    140.000   4585.035    200.000   4590.050    205.000   4589.596   9878.20020
4    140.000   4585.035    145.000   4584.975    205.000   4589.596    210.000   4589.197  15141.00000
4    145.000   4584.975    150.000   4585.304    210.000   4589.197    215.000   4589.914  20438.00000
4    150.000   4585.304    155.000   4585.695    215.000   4589.914    220.000   4591.564  19002.00000
4    155.000   4585.695    160.000   4585.140    220.000   4591.564    225.000   4593.388  15754.00000
4      0.000   4581.661      5.000   4582.214     70.000   4576.536     75.000   4576.771  16193.00000
4      5.000   4582.214     10.000   4582.838     75.000   4576.771     80.000   4577.447  24079.00000
4     10.000   4582.838     15.000   4583.579     80.000   4577.447     85.000   4577.018  11122.00000
4     15.000   4583.579     20.000   4583.995     85.000   4577.018     90.000   4577.233  14251.00000
4     20.000   4583.995     25.000   4583.477     90.000   4577.233     95.000   4579.307  17992.00000
4     25.000   4583.477     30.000   4581.845     95.000   4579.307    100.000   4581.937   7076.20020
4     30.000   4581.845     35.000   4580.909    100.000   4581.937    105.000   4584.270  10480.00000
4     35.000   4580.909     40.000   4580.283    105.000   4584.270    110.000   4584.895   7328.10010
4     40.000   4580.283     45.000   4580.185    110.000   4584.895    115.000   4585.148  19210.00000
4     45.000   4580.185     50.000   4580.008    115.000   4585.148    120.000   4584.221  19820.00000
4     50.000   4580.008     55.000   4578.216    120.000   4584.221    125.000   4584.671   8788.50000
4     55.000   4578.216     60.000   4577.452    125.000   4584.671    130.000   4585.074   4410.70020
4     60.000   4577.452     65.000   4577.474    130.000   4585.074    135.000   4585.216   5091.00000
4     65.000   4577.474     70.000   4576.536    135.000   4585.216    140.000   4585.035   8985.70020
4     70.000   4576.536     75.000   4576.771    140.000   4585.035    145.000   4584.975  10614.00000
4     75.000   4576.771     80.000   4577.447    145.000   4584.975    150.000   4585.304  13749.00000
4     80.000   4577.447     85.000   4577.018    150.000   4585.304    155.000   4585.695  11016.00000
4     85.000   4577.018     90.000   4577.233    155.000   4585.695    160.000   4585.140  17080.00000
4     90.000   4577.233     95.000   4579.307    160.000   4585.140    165.000   4585.675  21362.00000
4     95.000   4579.307    100.000   4581.937    165.000   4585.675    170.000   4586.492  13348.00000
4    100.000   4581.937    105.000   4584.270    170.000   4586.492    175.000   4585.721  11917.00000
4    105.000   4584.270    110.000   4584.895    175.000   4585.721    180.000   4586.371  22585.00000
4    110.000   4584.895    115.000   4585.148    180.000   4586.371    185.000   4586.004  19831.00000
4    115.000   4585.148    120.000   4584.221    185.000   4586.004    190.000   4588.177  21678.00000
4    120.000   4584.221    125.000   4584.671    190.000   4588.177    195.000   4589.364  16991.00000
4    125.000   4584.671    130.000   4585.074    195.000   4589.364    200.000   4590.050  11595.00000
4    130.000   4585.074    135.000   4585.216    200.000   4590.050    205.000   4589.596  13202.00000
4    135.000   4585.216    140.000   4585.035    205.000   4589.596    210.000   4589.197  13107.00000
4    140.000   4585.035    145.000   4584.975    210.000   4589.197    215.000   4589.914  20918.00000
4    145.000   4584.975    150.000   4585.304    215.000   4589.914    220.000   4591.564  20455.00000
4    150.000   4585.304    155.000   4585.695    220.000   4591.564    225.000   4593.388  11775.00000
4    155.000   4585.695    160.000   4585.140    225.000   4593.388    230.000   4594.501   7015.60010
4      0.000   4581.661      5.000   4582.214     75.000   4576.771     80.000   4577.447  10884.00000
4      5.000   4582.214     10.000   4582.838     80.000   4577.447     85.000   4577.018  18524.00000
4     15.000   4583.579     20.000   4583.995     90.000   4577.233     95.000   4579.307  16011.00000
4     25.000   4583.477     30.000   4581.845    100.000   4581.937    105.000   4584.270   4952.00000
4     30.000   4581.845     35.000   4580.909    105.000   4584.270    110.000   4584.895   6867.39990
4     35.000   4580.909     40.000   4580.283    110.000   4584.895    115.000   4585.148  12974.00000
4     40.000   4580.283     45.000   4580.185    115.000   4585.148    120.000   4584.221  16176.00000
4     45.000   4580.185     50.000   4580.008    120.000   4584.221    125.000   4584.671  14538.00000
4     50.000   4580.008     55.000   4578.216    125.000   4584.671    130.000   4585.074   3979.00000
4     55.000   4578.216     60.000   4577.452    130.000   4585.074    135.000   4585.216   5147.60010
4     60.000   4577.452     65.000   4577.474    135.000   4585.216    140.000   4585.035   6534.39990
4     65.000   4577.474     70.000   4576.536    140.000   4585.035    145.000   4584.975  13511.00000
4     70.000   4576.536     75.000   4576.771    145.000   4584.975    150.000   4585.304   6472.79980
4     80.000   4577.447     85.000   4577.018    155.000   4585.695    160.000   4585.140  12479.00000
4     85.000   4577.018     90.000   4577.233    160.000   4585.140    165.000   4585.675  17806.00000
4     90.000   4577.233     95.000   4579.307    165.000   4585.675    170.000   4586.492  13620.00000
4     95.000   4579.307    100.000   4581.937    170.000   4586.492    175.000   4585.721  15310.00000
4    100.000   4581.937    105.000   4584.270    175.000   4585.721    180.000   4586.371  22028.00000
4    105.000   4584.270    110.000   4584.895    180.000   4586.371    185.000   4586.004  16194.00000
4    110.000   4584.895    115.000   4585.148    185.000   4586.004    190.000   4588.177  22309.00000
4    115.000   4585.148    120.000   4584.221    190.000   4588.177    195.000   4589.364  25258.00000
4    120.000   4584.221    125.000   4584.671    195.000   4589.364    200.000   4590.050  17272.00000
4    125.000   4584.671    130.000   4585.074    200.000   4590.050    205.000   4589.596  13341.00000
4    130.000   4585.074    135.000   4585.216    205.000   4589.596    210.000   4589.197  13023.00000
4    135.000   4585.216    140.000   4585.035    210.000   4589.197    215.000   4589.914  18566.00000
4    140.000   4585.035    145.000   4584.975    215.000   4589.914    220.000   4591.564  21014.00000
4    145.000   4584.975    150.000   4585.304    220.000   4591.564    225.000   4593.388  15042.00000
4    150.000   4585.304    155.000   4585.695    225.000   4593.388    230.000   4594.501  13320.00000
4    155.000   4585.695    160.000   4585.140    230.000   4594.501    235.000   4594.249  11258.00000
4      0.000   4581.661      5.000   4582.214     80.000   4577.447     85.000   4577.018  12981.00000
4      5.000   4582.214     10.000   4582.838     85.000   4577.018     90.000   4577.233  12283.00000
4     10.000   4582.838     15.000   4583.579     90.000   4577.233     95.000   4579.307  24252.00000
4     15.000   4583.579     20.000   4583.995     95.000   4579.307    100.000   4581.937  17570.00000
4     25.000   4583.477     30.000   4581.845    105.000   4584.270    110.000   4584.895   6705.29980
4     30.000   4581.845     35.000   4580.909    110.000   4584.895    115.000   4585.148  16895.00000
4     35.000   4580.909     40.000   4580.283    115.000   4585.148    120.000   4584.221  10659.00000
4     40.000   4580.283     45.000   4580.185    120.000   4584.221    125.000   4584.671  13014.00000
4     45.000   4580.185     50.000   4580.008    125.000   4584.671    130.000   4585.074   8556.70020
4     50.000   4580.008     55.000   4578.216    130.000   4585.074    135.000   4585.216  11140.00000
4     55.000   4578.216     60.000   4577.452    135.000   4585.216    140.000   4585.035   5520.50000
4     60.000   4577.452     65.000   4577.474    140.000   4585.035    145.000   4584.975   4841.60010
4     65.000   4577.474     70.000   4576.536    145.000   4584.975    150.000   4585.304   7719.89990
4     70.000   4576.536     75.000   4576.771    150.000   4585.304    155.000   4585.695  10390.00000
4     75.000   4576.771     80.000   4577.447    155.000   4585.695    160.000   4585.140  14140.00000
4     80.000   4577.447     85.000   4577.018    160.000   4585.140    165.000   4585.675  13322.00000
4     85.000   4577.018     90.000   4577.233    165.000   4585.675    170.000   4586.492  15039.00000
4     90.000   4577.233     95.000   4579.307    170.000   4586.492    175.000   4585.721  19529.00000
4     95.000   4579.307    100.000   4581.937    175.000   4585.721    180.000   4586.371  28005.00000
4    100.000   4581.937    105.000   4584.270    180.000   4586.371    185.000   4586.004  14400.00000
4    105.000   4584.270    110.000   4584.895    185.000   4586.004    190.000   4588.177  18764.00000
4    110.000   4584.895    115.000   4585.148    190.000   4588.177    195.000   4589.364  27998.00000
4    115.000   4585.148    120.000   4584.221    195.000   4589.364    200.000   4590.050  28670.00000
4    120.000   4584.221    125.000   4584.671    200.000   4590.050    205.000   4589.596  13300.00000
4    125.000   4584.671    130.000   4585.074    205.000   4589.596    210.000   4589.197   8996.00000
4    130.000   4585.074    135.000   4585.216    210.000   4589.197    215.000   4589.914  26555.00000
4    135.000   4585.216    140.000   4585.035    215.000   4589.914    220.000   4591.564  18373.00000
4    140.000   4585.035    145.000   4584.975    220.000   4591.564    225.000   4593.388  16637.00000
4    145.000   4584.975    150.000   4585.304    225.000   4593.388    230.000   4594.501  10338.00000
4      0.000   4581.661      5.000   4582.214     85.000   4577.018     90.000   4577.233  15210.00000
4      5.000   4582.214     10.000   4582.838     90.000   4577.233     95.000   4579.307  14742.00000
4     25.000   4583.477     30.000   4581.845    110.000   4584.895    115.000   4585.148  14550.00000
4     35.000   4580.909     40.000   4580.283    120.000   4584.221    125.000   4584.671   7747.70020
4     40.000   4580.283     45.000   4580.185    125.000   4584.671    130.000   4585.074   9104.29980
4     45.000   4580.185     50.000   4580.008    130.000   4585.074    135.000   4585.216  20737.00000
4     50.000   4580.008     55.000   4578.216    135.000   4585.216    140.000   4585.035   4900.00000
4     55.000   4578.216     60.000   4577.452    140.000   4585.035    145.000   4584.975   5869.29980
4     60.000   4577.452     65.000   4577.474    145.000   4584.975    150.000   4585.304   8306.50000
4     65.000   4577.474     70.000   4576.536    150.000   4585.304    155.000   4585.695  17919.00000
4     70.000   4576.536     75.000   4576.771    155.000   4585.695    160.000   4585.140  12118.00000
4     75.000   4576.771     80.000   4577.447    160.000   4585.140    165.000   4585.675   6931.39990
4     80.000   4577.447     85.000   4577.018    165.000   4585.675    170.000   4586.492   9085.09961
4     85.000   4577.018     90.000   4577.233    170.000   4586.492    175.000   4585.721  16666.00000
4     90.000   4577.233     95.000   4579.307    175.000   4585.721    180.000   4586.371  30811.00000
4     95.000   4579.307    100.000   4581.937    180.000   4586.371    185.000   4586.004  18778.00000
4    100.000   4581.937    105.000   4584.270    185.000   4586.004    190.000   4588.177  17667.00000
4    105.000   4584.270    110.000   4584.895    190.000   4588.177    195.000   4589.364  22112.00000
4    110.000   4584.895    115.000   4585.148    195.000   4589.364    200.000   4590.050  26599.00000
4    115.000   4585.148    120.000   4584.221    200.000   4590.050    205.000   4589.596  13376.00000
4    120.000   4584.221    125.000   4584.671    205.000   4589.596    210.000   4589.197  14825.00000
4    125.000   4584.671    130.000   4585.074    210.000   4589.197    215.000   4589.914  19469.00000
4    130.000   4585.074    135.000   4585.216    215.000   4589.914    220.000   4591.564  20355.00000
4    135.000   4585.216    140.000   4585.035    220.000   4591.564    225.000   4593.388  12817.00000
4    140.000   4585.035    145.000   4584.975    225.000   4593.388    230.000   4594.501   8695.40039
4    145.000   4584.975    150.000   4585.304    230.000   4594.501    235.000   4594.249   9775.00000
4      0.000   4581.661      5.000   4582.214     90.000   4577.233     95.000   4579.307  14563.00000
4      5.000   4582.214     10.000   4582.838     95.000   4579.307    100.000   4581.937  17032.00000
4     20.000   4583.995     25.000   4583.477    110.000   4584.895    115.000   4585.148  31703.00000
4     25.000   4583.477     30.000   4581.845    115.000   4585.148    120.000   4584.221   9859.59961
4     30.000   4581.845     35.000   4580.909    120.000   4584.221    125.000   4584.671  11975.00000
4     35.000   4580.909     40.000   4580.283    125.000   4584.671    130.000   4585.074   4678.00000
4     40.000   4580.283     45.000   4580.185    130.000   4585.074    135.000   4585.216  15552.00000
4     45.000   4580.185     50.000   4580.008    135.000   4585.216    140.000   4585.035  13683.00000
4     50.000   4580.008     55.000   4578.216    140.000   4585.035    145.000   4584.975  13116.00000
4     55.000   4578.216     60.000   4577.452    145.000   4584.975    150.000   4585.304   6556.39990
4     60.000   4577.452     65.000   4577.474    150.000   4585.304    155.000   4585.695   6943.89990
4     65.000   4577.474     70.000   4576.536    155.000   4585.695    160.000   4585.140  12873.00000
4     80.000   4577.447     85.000   4577.018    170.000   4586.492    175.000   4585.721  11978.00000
4     85.000   4577.018     90.000   4577.233    175.000   4585.721    180.000   4586.371  28828.00000
4     90.000   4577.233     95.000   4579.307    180.000   4586.371    185.000   4586.004  23056.00000
4     95.000   4579.307    100.000   4581.937    185.000   4586.004    190.000   4588.177  21767.00000
4    100.000   4581.937    105.000   4584.270    190.000   4588.177    195.000   4589.364  19283.00000
4    105.000   4584.270    110.000   4584.895    195.000   4589.364    200.000   4590.050  21014.00000
4    110.000   4584.895    115.000   4585.148    200.000   4590.050    205.000   4589.596  19065.00000
4    115.000   4585.148    120.000   4584.221    205.000   4589.596    210.000   4589.197  23592.00000
4    120.000   4584.221    125.000   4584.671    210.000   4589.197    215.000   4589.914  19983.00000
4    130.000   4585.074    135.000   4585.216    220.000   4591.564    225.000   4593.388  10974.00000
4    135.000   4585.216    140.000   4585.035    225.000   4593.388    230.000   4594.501   9607.50000
4      0.000   4581.661      5.000   4582.214     95.000   4579.307    100.000   4581.937  11531.00000
4     15.000   4583.579     20.000   4583.995    110.000   4584.895    115.000   4585.148  53970.00000
4     25.000   4583.477     30.000   4581.845    120.000   4584.221    125.000   4584.671   7554.20020
4     35.000   4580.909     40.000   4580.283    130.000   4585.074    135.000   4585.216  10642.00000
4     40.000   4580.283     45.000   4580.185    135.000   4585.216    140.000   4585.035  11430.00000
4     45.000   4580.185     50.000   4580.008    140.000   4585.035    145.000   4584.975  19061.00000
4     55.000   4578.216     60.000   4577.452    150.000   4585.304    155.000   4585.695   5781.39990
4     60.000   4577.452     65.000   4577.474    155.000   4585.695    160.000   4585.140   9804.50000
4     65.000   4577.474     70.000   4576.536    160.000   4585.140    165.000   4585.675  16280.00000
4     80.000   4577.447     85.000   4577.018    175.000   4585.721    180.000   4586.371  19890.00000
4     85.000   4577.018     90.000   4577.233    180.000   4586.371    185.000   4586.004  19429.00000
4     90.000   4577.233     95.000   4579.307    185.000   4586.004    190.000   4588.177  23241.00000
4     95.000   4579.307    100.000   4581.937    190.000   4588.177    195.000   4589.364  24809.00000
4    100.000   4581.937    105.000   4584.270    195.000   4589.364    200.000   4590.050  20605.00000
4    105.000   4584.270    110.000   4584.895    200.000   4590.050    205.000   4589.596  14823.00000
4    110.000   4584.895    115.000   4585.148    205.000   4589.596    210.000   4589.197  19768.00000
4    115.000   4585.148    120.000   4584.221    210.000   4589.197    215.000   4589.914  25177.00000
4    120.000   4584.221    125.000   4584.671    215.000   4589.914    220.000   4591.564  17088.00000
4    130.000   4585.074    135.000   4585.216    225.000   4593.388    230.000   4594.501  15291.00000
4    135.000   4585.216    140.000   4585.035    230.000   4594.501    235.000   4594.249   9891.40039
4      0.000   4581.661      5.000   4582.214    100.000   4581.937    105.000   4584.270  11343.00000
4     10.000   4582.838     15.000   4583.579    110.000   4584.895    115.000   4585.148  39784.00000
4     20.000   4583.995     25.000   4583.477    120.000   4584.221    125.000   4584.671  27047.00000
4     30.000   4581.845     35.000   4580.909    130.000   4585.074    135.000   4585.216  14480.00000
4     35.000   4580.909     40.000   4580.283    135.000   4585.216    140.000   4585.035   7095.00000
4     40.000   4580.283     45.000   4580.185    140.000   4585.035    145.000   4584.975  16496.00000
4     45.000   4580.185     50.000   4580.008    145.000   4584.975    150.000   4585.304  11765.00000
4     50.000   4580.008     55.000   4578.216    150.000   4585.304    155.000   4585.695  10587.00000
4     55.000   4578.216     60.000   4577.452    155.000   4585.695    160.000   4585.140   8207.20020
4     65.000   4577.474     70.000   4576.536    165.000   4585.675    170.000   4586.492   6089.50000
4     75.000   4576.771     80.000   4577.447    175.000   4585.721    180.000   4586.371  18992.00000
4     80.000   4577.447     85.000   4577.018    180.000   4586.371    185.000   4586.004  14170.00000
4     85.000   4577.018     90.000   4577.233    185.000   4586.004    190.000   4588.177  22148.00000
4     90.000   4577.233     95.000   4579.307    190.000   4588.177    195.000   4589.364  30118.00000
4     95.000   4579.307    100.000   4581.937    195.000   4589.364    200.000   4590.050  25285.00000
4    100.000   4581.937    105.000   4584.270    200.000   4590.050    205.000   4589.596  11663.00000
4    105.000   4584.270    110.000   4584.895    205.000   4589.596    210.000   4589.197  16156.00000
4    110.000   4584.895    115.000   4585.148    210.000   4589.197    215.000   4589.914  31578.00000
4    115.000   4585.148    120.000   4584.221    215.000   4589.914    220.000   4591.564  34929.00000
4    120.000   4584.221    125.000   4584.671    220.000   4591.564    225.000   4593.388  20376.00000
4      0.000   4581.661      5.000   4582.214    105.000   4584.270    110.000   4584.895  12353.00000
4     15.000   4583.579     20.000   4583.995    120.000   4584.221    125.000   4584.671  20739.00000
4     25.000   4583.477     30.000   4581.845    130.000   4585.074    135.000   4585.216  12139.00000
4     35.000   4580.909     40.000   4580.283    140.000   4585.035    145.000   4584.975   9637.50000
4     40.000   4580.283     45.000   4580.185    145.000   4584.975    150.000   4585.304  11001.00000
4     45.000   4580.185     50.000   4580.008    150.000   4585.304    155.000   4585.695  23250.00000
4     50.000   4580.008     55.000   4578.216    155.000   4585.695    160.000   4585.140   9968.90039
4     55.000   4578.216     60.000   4577.452    160.000   4585.140    165.000   4585.675   6844.29980
4     65.000   4577.474     70.000   4576.536    170.000   4586.492    175.000   4585.721  19441.00000
4     70.000   4576.536     75.000   4576.771    175.000   4585.721    180.000   4586.371   9756.09961
4     75.000   4576.771     80.000   4577.447    180.000   4586.371    185.000   4586.004   8162.70020
4     80.000   4577.447     85.000   4577.018    185.000   4586.004    190.000   4588.177  14519.00000
4     85.000   4577.018     90.000   4577.233    190.000   4588.177    195.000   4589.364  25215.00000
4     90.000   4577.233     95.000   4579.307    195.000   4589.364    200.000   4590.050  25814.00000
4     95.000   4579.307    100.000   4581.937    200.000   4590.050    205.000   4589.596  12751.00000
4    100.000   4581.937    105.000   4584.270    205.000   4589.596    210.000   4589.197  16271.00000
4    105.000   4584.270    110.000   4584.895    210.000   4589.197    215.000   4589.914  24663.00000
4    110.000   4584.895    115.000   4585.148    215.000   4589.914    220.000   4591.564  25739.00000
4      0.000   4581.661      5.000   4582.214    110.000   4584.895    115.000   4585.148  20091.00000
4     20.000   4583.995     25.000   4583.477    130.000   4585.074    135.000   4585.216  32829.00000
4     25.000   4583.477     30.000   4581.845    135.000   4585.216    140.000   4585.035   5304.29980
4     30.000   4581.845     35.000   4580.909    140.000   4585.035    145.000   4584.975  16752.00000
4     35.000   4580.909     40.000   4580.283    145.000   4584.975    150.000   4585.304   6373.20020
4     40.000   4580.283     45.000   4580.185    150.000   4585.304    155.000   4585.695  15450.00000
4     45.000   4580.185     50.000   4580.008    155.000   4585.695    160.000   4585.140  18100.00000
4     55.000   4578.216     60.000   4577.452    165.000   4585.675    170.000   4586.492   6592.20020
4     65.000   4577.474     70.000   4576.536    175.000   4585.721    180.000   4586.371  21438.00000
4     70.000   4576.536     75.000   4576.771    180.000   4586.371    185.000   4586.004  16275.00000
4     75.000   4576.771     80.000   4577.447    185.000   4586.004    190.000   4588.177  16199.00000
4     80.000   4577.447     85.000   4577.018    190.000   4588.177    195.000   4589.364  18084.00000
4     85.000   4577.018     90.000   4577.233    195.000   4589.364    200.000   4590.050  25834.00000
4     90.000   4577.233     95.000   4579.307    200.000   4590.050    205.000   4589.596  19188.00000
4     95.000   4579.307    100.000   4581.937    205.000   4589.596    210.000   4589.197  20394.00000
4    100.000   4581.937    105.000   4584.270    210.000   4589.197    215.000   4589.914  18891.00000
4    105.000   4584.270    110.000   4584.895    215.000   4589.914    220.000   4591.564  20769.00000
4    110.000   4584.895    115.000   4585.148    220.000   4591.564    225.000   4593.388  21461.00000
4    115.000   4585.148    120.000   4584.221    225.000   4593.388    230.000   4594.501  25136.00000
4      0.000   4581.661      5.000   4582.214    115.000   4585.148    120.000   4584.221  14623.00000
4      5.000   4582.214     10.000   4582.838    120.000   4584.221    125.000   4584.671  20264.00000
4     25.000   4583.477     30.000   4581.845    140.000   4585.035    145.000   4584.975   9891.79980
4     35.000   4580.909     40.000   4580.283    150.000   4585.304    155.000   4585.695  11331.00000
4     40.000   4580.283     45.000   4580.185    155.000   4585.695    160.000   4585.140  15981.00000
4     45.000   4580.185     50.000   4580.008    160.000   4585.140    165.000   4585.675  21016.00000
4     55.000   4578.216     60.000   4577.452    170.000   4586.492    175.000   4585.721   5404.70020
4     65.000   4577.474     70.000   4576.536    180.000   4586.371    185.000   4586.004  16502.00000
4     70.000   4576.536     75.000   4576.771    185.000   4586.004    190.000   4588.177   8857.90039
4     75.000   4576.771     80.000   4577.447    190.000   4588.177    195.000   4589.364   9556.29980
4     80.000   4577.447     85.000   4577.018    195.000   4589.364    200.000   4590.050  15702.00000
4     85.000   4577.018     90.000   4577.233    200.000   4590.050    205.000   4589.596  13526.00000
4     90.000   4577.233     95.000   4579.307    205.000   4589.596    210.000   4589.197  18518.00000
4     95.000   4579.307    100.000   4581.937    210.000   4589.197    215.000   4589.914  24311.00000
4    100.000   4581.937    105.000   4584.270    215.000   4589.914    220.000   4591.564  21770.00000
4    105.000   4584.270    110.000   4584.895    220.000   4591.564    225.000   4593.388  17720.00000
4    110.000   4584.895    115.000   4585.148    225.000   4593.388    230.000   4594.501  12725.00000
4      0.000   4581.661      5.000   4582.214    120.000   4584.221    125.000   4584.671  12220.00000
4     30.000   4581.845     35.000   4580.909    150.000   4585.304    155.000   4585.695  12575.00000
4     35.000   4580.909     40.000   4580.283    155.000   4585.695    160.000   4585.140  10087.00000
4     40.000   4580.283     45.000   4580.185    160.000   4585.140    165.000   4585.675  30188.00000
4     45.000   4580.185     50.000   4580.008    165.000   4585.675    170.000   4586.492   9696.20020
4     55.000   4578.216     60.000   4577.452    175.000   4585.721    180.000   4586.371  11559.00000
4     65.000   4577.474     70.000   4576.536    185.000   4586.004    190.000   4588.177  14708.00000
4     70.000   4576.536     75.000   4576.771    190.000   4588.177    195.000   4589.364  21161.00000
4     80.000   4577.447     85.000   4577.018    200.000   4590.050    205.000   4589.596  10883.00000
4     85.000   4577.018     90.000   4577.233    205.000   4589.596    210.000   4589.197  19794.00000
4     90.000   4577.233     95.000   4579.307    210.000   4589.197    215.000   4589.914  32519.00000
4     95.000   4579.307    100.000   4581.937    215.000   4589.914    220.000   4591.564  27759.00000
4    100.000   4581.937    105.000   4584.270    220.000   4591.564    225.000   4593.388  11951.00000
4    110.000   4584.895    115.000   4585.148    230.000   4594.501    235.000   4594.249  34256.00000
4      0.000   4581.661      5.000   4582.214    125.000   4584.671    130.000   4585.074   8230.59961
4     15.000   4583.579     20.000   4583.995    140.000   4585.035    145.000   4584.975  34203.00000
4     25.000   4583.477     30.000   4581.845    150.000   4585.304    155.000   4585.695  13222.00000
4     30.000   4581.845     35.000   4580.909    155.000   4585.695    160.000   4585.140  10977.00000
4     35.000   4580.909     40.000   4580.283    160.000   4585.140    165.000   4585.675  10679.00000
4     45.000   4580.185     50.000   4580.008    170.000   4586.492    175.000   4585.721  22978.00000
4     55.000   4578.216     60.000   4577.452    180.000   4586.371    185.000   4586.004   6983.39990
4     60.000   4577.452     65.000   4577.474    185.000   4586.004    190.000   4588.177  15156.00000
4     65.000   4577.474     70.000   4576.536    190.000   4588.177    195.000   4589.364  19826.00000
4     80.000   4577.447     85.000   4577.018    205.000   4589.596    210.000   4589.197  11507.00000
4     85.000   4577.018     90.000   4577.233    210.000   4589.197    215.000   4589.914  23846.00000
4     90.000   4577.233     95.000   4579.307    215.000   4589.914    220.000   4591.564  23422.00000
4     95.000   4579.307    100.000   4581.937    220.000   4591.564    225.000   4593.388  13068.00000
4    100.000   4581.937    105.000   4584.270    225.000   4593.388    230.000   4594.501  12137.00000
4    105.000   4584.270    110.000   4584.895    230.000   4594.501    235.000   4594.249  17710.00000
4      0.000   4581.661      5.000   4582.214    130.000   4585.074    135.000   4585.216  13885.00000
4     20.000   4583.995     25.000   4583.477    150.000   4585.304    155.000   4585.695  18721.00000
4     25.000   4583.477     30.000   4581.845    155.000   4585.695    160.000   4585.140   7371.50000
4     35.000   4580.909     40.000   4580.283    165.000   4585.675    170.000   4586.492   5466.79980
4     40.000   4580.283     45.000   4580.185    170.000   4586.492    175.000   4585.721  20973.00000
4     45.000   4580.185     50.000   4580.008    175.000   4585.721    180.000   4586.371  27517.00000
4     55.000   4578.216     60.000   4577.452    185.000   4586.004    190.000   4588.177   8550.59961
4     70.000   4576.536     75.000   4576.771    200.000   4590.050    205.000   4589.596  15466.00000
4     80.000   4577.447     85.000   4577.018    210.000   4589.197    215.000   4589.914  18584.00000
4     85.000   4577.018     90.000   4577.233    215.000   4589.914    220.000   4591.564  26820.00000
4     90.000   4577.233     95.000   4579.307    220.000   4591.564    225.000   4593.388  20982.00000
4     95.000   4579.307    100.000   4581.937    225.000   4593.388    230.000   4594.501  15809.00000
4      0.000   4581.661      5.000   4582.214    135.000   4585.216    140.000   4585.035   9627.90039
4      5.000   4582.214     10.000   4582.838    140.000   4585.035    145.000   4584.975  35052.00000
4     25.000   4583.477     30.000   4581.845    160.000   4585.140    165.000   4585.675  10321.00000
4     35.000   4580.909     40.000   4580.283    170.000   4586.492    175.000   4585.721  11074.00000
4     40.000   4580.283     45.000   4580.185    175.000   4585.721    180.000   4586.371  14762.00000
4     45.000   4580.185     50.000   4580.008    180.000   4586.371    185.000   4586.004  19663.00000
4     55.000   4578.216     60.000   4577.452    190.000   4588.177    195.000   4589.364   8547.90039
4     60.000   4577.452     65.000   4577.474    195.000   4589.364    200.000   4590.050  16919.00000
4     65.000   4577.474     70.000   4576.536    200.000   4590.050    205.000   4589.596  25730.00000
4     80.000   4577.447     85.000   4577.018    215.000   4589.914    220.000   4591.564  14500.00000
4     85.000   4577.018     90.000   4577.233    220.000   4591.564    225.000   4593.388  12941.00000
4     90.000   4577.233     95.000   4579.307    225.000   4593.388    230.000   4594.501  10576.00000
4      0.000   4581.661      5.000   4582.214    140.000   4585.035    145.000   4584.975  13428.00000
4     10.000   4582.838     15.000   4583.579    150.000   4585.304    155.000   4585.695  20579.00000
4     35.000   4580.909     40.000   4580.283    175.000   4585.721    180.000   4586.371  14785.00000
4     40.000   4580.283     45.000   4580.185    180.000   4586.371    185.000   4586.004  20006.00000
4     45.000   4580.185     50.000   4580.008    185.000   4586.004    190.000   4588.177  18475.00000
4     50.000   4580.008     55.000   4578.216    190.000   4588.177    195.000   4589.364  26712.00000
4     55.000   4578.216     60.000   4577.452    195.000   4589.364    200.000   4590.050  12291.00000
4     70.000   4576.536     75.000   4576.771    210.000   4589.197    215.000   4589.914  32191.00000
4     80.000   4577.447     85.000   4577.018    220.000   4591.564    225.000   4593.388  11694.00000
4     85.000   4577.018     90.000   4577.233    225.000   4593.388    230.000   4594.501  14778.00000
4      0.000   4581.661      5.000   4582.214    145.000   4584.975    150.000   4585.304   9870.79980
4     15.000   4583.579     20.000   4583.995    160.000   4585.140    165.000   4585.675  35808.00000
4     25.000   4583.477     30.000   4581.845    170.000   4586.492    175.000   4585.721  13419.00000
4     35.000   4580.909     40.000   4580.283    180.000   4586.371    185.000   4586.004  10308.00000
4     45.000   4580.185     50.000   4580.008    190.000   4588.177    195.000   4589.364  24835.00000
4     60.000   4577.452     65.000   4577.474    205.000   4589.596    210.000   4589.197  17082.00000
4     65.000   4577.474     70.000   4576.536    210.000   4589.197    215.000   4589.914  33830.00000
4     80.000   4577.447     85.000   4577.018    225.000   4593.388    230.000   4594.501   6586.39990
4      0.000   4581.661      5.000   4582.214    150.000   4585.304    155.000   4585.695  12451.00000
4     25.000   4583.477     30.000   4581.845    175.000   4585.721    180.000   4586.371  12015.00000
4     35.000   4580.909     40.000   4580.283    185.000   4586.004    190.000   4588.177   9973.90039
4     40.000   4580.283     45.000   4580.185    190.000   4588.177    195.000   4589.364  24638.00000
4     55.000   4578.216     60.000   4577.452    205.000   4589.596    210.000   4589.197   9967.09961
4     70.000   4576.536     75.000   4576.771    220.000   4591.564    225.000   4593.388  24078.00000
4     80.000   4577.447     85.000   4577.018    230.000   4594.501    235.000   4594.249  19294.00000
4      0.000   4581.661      5.000   4582.214    155.000   4585.695    160.000   4585.140  13459.00000
4      5.000   4582.214     10.000   4582.838    160.000   4585.140    165.000   4585.675  35425.00000
4     25.000   4583.477     30.000   4581.845    180.000   4586.371    185.000   4586.004   9749.40039
4     35.000   4580.909     40.000   4580.283    190.000   4588.177    195.000   4589.364  12579.00000
4     45.000   4580.185     50.000   4580.008    200.000   4590.050    205.000   4589.596  30637.00000
4     60.000   4577.452     65.000   4577.474    215.000   4589.914    220.000   4591.564  25644.00000
4     65.000   4577.474     70.000   4576.536    220.000   4591.564    225.000   4593.388  40620.00000
4      0.000   4581.661      5.000   4582.214    160.000   4585.140    165.000   4585.675  20043.00000
4     25.000   4583.477     30.000   4581.845    185.000   4586.004    190.000   4588.177   7301.79980
4     30.000   4581.845     35.000   4580.909    190.000   4588.177    195.000   4589.364  33197.00000
4     40.000   4580.283     45.000   4580.185    200.000   4590.050    205.000   4589.596  17895.00000
4     55.000   4578.216     60.000   4577.452    215.000   4589.914    220.000   4591.564  15617.00000
4     15.000   4583.579     20.000   4583.995    180.000   4586.371    185.000   4586.004  27652.00000
4     25.000   4583.477     30.000   4581.845    190.000   4588.177    195.000   4589.364  11306.00000
4     35.000   4580.909     40.000   4580.283    200.000   4590.050    205.000   4589.596  11757.00000
4     45.000   4580.185     50.000   4580.008    210.000   4589.197    215.000   4589.914  37950.00000
4     60.000   4577.452     65.000   4577.474    225.000   4593.388    230.000   4594.501  16044.00000
4      0.000   4581.661      5.000   4582.214    170.000   4586.492    175.000   4585.721  13318.00000
4     40.000   4580.283     45.000   4580.185    210.000   4589.197    215.000   4589.914  30185.00000
4     50.000   4580.008     55.000   4578.216    220.000   4591.564    225.000   4593.388  27992.00000
4     55.000   4578.216     60.000   4577.452    225.000   4593.388    230.000   4594.501  13289.00000
4      0.000   4581.661      5.000   4582.214    175.000   4585.721    180.000   4586.371  16144.00000
4      5.000   4582.214     10.000   4582.838    180.000   4586.371    185.000   4586.004  29119.00000
4     15.000   4583.579     20.000   4583.995    190.000   4588.177    195.000   4589.364  35955.00000
4     25.000   4583.477     30.000   4581.845    200.000   4590.050    205.000   4589.596  18544.00000
4     35.000   4580.909     40.000   4580.283    210.000   4589.197    215.000   4589.914  16814.00000
4     45.000   4580.185     50.000   4580.008    220.000   4591.564    225.000   4593.388  49883.00000
4      0.000   4581.661      5.000   4582.214    180.000   4586.371    185.000   4586.004  14930.00000
4     30.000   4581.845     35.000   4580.909    210.000   4589.197    215.000   4589.914  49271.00000
4      0.000   4581.661      5.000   4582.214    185.000   4586.004    190.000   4588.177   8582.50000
4      5.000   4582.214     10.000   4582.838    190.000   4588.177    195.000   4589.364  34419.00000
4     25.000   4583.477     30.000   4581.845    210.000   4589.197    215.000   4589.914  21894.00000
4     35.000   4580.909     40.000   4580.283    220.000   4591.564    225.000   4593.388  18518.00000
4     45.000   4580.185     50.000   4580.008    230.000   4594.501    235.000   4594.249  56607.00000
4      0.000   4581.661      5.000   4582.214    190.000   4588.177    195.000   4589.364  17047.00000
4     30.000   4581.845     35.000   4580.909    220.000   4591.564    225.000   4593.388  30904.00000
4     25.000   4583.477     30.000   4581.845    220.000   4591.564    225.000   4593.388  31106.00000
4     35.000   4580.909     40.000   4580.283    230.000   4594.501    235.000   4594.249  19908.00000
4      0.000   4581.661      5.000   4582.214    200.000   4590.050    205.000   4589.596  11450.00000
4     25.000   4583.477     30.000   4581.845    230.000   4594.501    235.000   4594.249  37047.00000
4      0.000   4581.661      5.000   4582.214    210.000   4589.197    215.000   4589.914  17436.00000
4      0.000   4581.661      5.000   4582.214    230.000   4594.501    235.000   4594.249  32068.00000