4  0.00  0.00 5.00  0.00 10.00  0.00 15.00  0.00 536.87 
4  0.00  0.00 5.00  0.00 15.00  0.00 20.00  0.00 1048.92 
4  0.00  0.00 5.00  0.00 20.00  0.00 25.00  0.00 1294.95 
4  0.00  0.00 5.00  0.00 25.00  0.00 30.00  0.00 1373.41 
4  0.00  0.00 5.00  0.00 30.00  0.00 35.00  0.00 1564.97 
4  0.00  0.00 5.00  0.00 35.00  0.00 40.00  0.00 1407.33 
4  0.00  0.00 5.00  0.00 40.00  0.00 45.00  0.00 1565.45 
4  0.00  0.00 5.00  0.00 45.00  0.00 50.00  0.00 1835.23 
4  0.00  0.00 5.00  0.00 50.00  0.00 55.00  0.00 2196.06 
4  0.00  0.00 5.00  0.00 55.00  0.00 60.00  0.00 2377.63 
4  0.00  0.00 5.00  0.00 60.00  0.00 65.00  0.00 2333.62 
4  0.00  0.00 5.00  0.00 65.00  0.00 70.00  0.00 1589.85 
4  0.00  0.00 5.00  0.00 70.00  0.00 75.00  0.00 2376.15 
4  0.00  0.00 5.00  0.00 75.00  0.00 80.00  0.00 3290.45 
4  0.00  0.00 5.00  0.00 80.00  0.00 85.00  0.00 3594.51 
4  0.00  0.00 5.00  0.00 85.00  0.00 90.00  0.00 4237.80 
4  0.00  0.00 5.00  0.00 90.00  0.00 95.00  0.00 4801.92 
4  0.00  0.00 5.00  0.00 95.00  0.00 100.00  0.00 5365.80 
4  0.00  0.00 5.00  0.00 100.00  0.00 105.00  0.00 6707.93 
4  0.00  0.00 5.00  0.00 105.00  0.00 110.00  0.00 5466.66 
4  0.00  0.00 5.00  0.00 110.00  0.00 115.00  0.00 6006.75 
4  0.00  0.00 5.00  0.00 115.00  0.00 120.00  0.00 7558.43 
4  0.00  0.00 5.00  0.00 120.00  0.00 125.00  0.00 5370.15 
4  0.00  0.00 5.00  0.00 125.00  0.00 130.00  0.00 5828.47 
4  0.00  0.00 5.00  0.00 130.00  0.00 135.00  0.00 7422.25 
4  0.00  0.00 5.00  0.00 135.00  0.00 140.00  0.00 5661.59 
4  0.00  0.00 5.00  0.00 140.00  0.00 145.00  0.00 6147.05 
4  0.00  0.00 5.00  0.00 145.00  0.00 150.00  0.00 4300.79 
4  0.00  0.00 5.00  0.00 150.00  0.00 155.00  0.00 3365.84 
4  0.00  0.00 5.00  0.00 155.00  0.00 160.00  0.00 3478.64 
4  0.00  0.00 5.00  0.00 160.00  0.00 165.00  0.00 4083.02 
4  0.00  0.00 5.00  0.00 165.00  0.00 170.00  0.00 3362.84 
4  0.00  0.00 5.00  0.00 170.00  0.00 175.00  0.00 3268.32 
4  0.00  0.00 5.00  0.00 175.00  0.00 180.00  0.00 3012.14 
4  0.00  0.00 5.00  0.00 180.00  0.00 185.00  0.00 2912.64 
4  0.00  0.00 5.00  0.00 185.00  0.00 190.00  0.00 3954.13 
4  0.00  0.00 5.00  0.00 190.00  0.00 195.00  0.00 3710.45 
4  0.00  0.00 5.00  0.00 195.00  0.00 200.00  0.00 2931.70 
4  0.00  0.00 5.00  0.00 200.00  0.00 205.00  0.00 2830.44 
4  0.00  0.00 5.00  0.00 205.00  0.00 210.00  0.00 2510.68 
4  0.00  0.00 5.00  0.00 210.00  0.00 215.00  0.00 2892.37 
4  0.00  0.00 5.00  0.00 215.00  0.00 220.00  0.00 2486.35 
4  0.00  0.00 5.00  0.00 220.00  0.00 225.00  0.00 4215.87 
4  0.00  0.00 5.00  0.00 225.00  0.00 230.00  0.00 949.78 
4  0.00  0.00 5.00  0.00 230.00  0.00 235.00  0.00 6845.96 
4  5.00  0.00 10.00  0.00 15.00  0.00 20.00  0.00 657.28 
4  5.00  0.00 10.00  0.00 20.00  0.00 25.00  0.00 941.99 
4  5.00  0.00 10.00  0.00 25.00  0.00 30.00  0.00 1089.75 
4  5.00  0.00 10.00  0.00 30.00  0.00 35.00  0.00 1324.62 
4  5.00  0.00 10.00  0.00 35.00  0.00 40.00  0.00 1223.14 
4  5.00  0.00 10.00  0.00 40.00  0.00 45.00  0.00 1345.41 
4  5.00  0.00 10.00  0.00 45.00  0.00 50.00  0.00 1663.34 
4  5.00  0.00 10.00  0.00 50.00  0.00 55.00  0.00 1974.87 
4  5.00  0.00 10.00  0.00 55.00  0.00 60.00  0.00 1951.05 
4  5.00  0.00 10.00  0.00 60.00  0.00 65.00  0.00 1998.28 
4  5.00  0.00 10.00  0.00 65.00  0.00 70.00  0.00 1918.41 
4  5.00  0.00 10.00  0.00 70.00  0.00 75.00  0.00 2281.73 
4  5.00  0.00 10.00  0.00 75.00  0.00 80.00  0.00 3091.03 
4  5.00  0.00 10.00  0.00 80.00  0.00 85.00  0.00 3358.09 
4  5.00  0.00 10.00  0.00 85.00  0.00 90.00  0.00 3930.28 
4  5.00  0.00 10.00  0.00 90.00  0.00 95.00  0.00 4515.71 
4  5.00  0.00 10.00  0.00 95.00  0.00 100.00  0.00 5241.97 
4  5.00  0.00 10.00  0.00 100.00  0.00 105.00  0.00 5980.00 
4  5.00  0.00 10.00  0.00 105.00  0.00 110.00  0.00 5768.27 
4  5.00  0.00 10.00  0.00 110.00  0.00 115.00  0.00 6193.98 
4  5.00  0.00 10.00  0.00 115.00  0.00 120.00  0.00 7702.42 
4  5.00  0.00 10.00  0.00 120.00  0.00 125.00  0.00 5370.80 
4  5.00  0.00 10.00  0.00 125.00  0.00 130.00  0.00 5907.69 
4  5.00  0.00 10.00  0.00 130.00  0.00 135.00  0.00 6607.99 
4  5.00  0.00 10.00  0.00 135.00  0.00 140.00  0.00 6631.24 
4  5.00  0.00 10.00  0.00 140.00  0.00 145.00  0.00 6174.94 
4  5.00  0.00 10.00  0.00 145.00  0.00 150.00  0.00 4593.23 
4  5.00  0.00 10.00  0.00 150.00  0.00 155.00  0.00 3499.47 
4  5.00  0.00 10.00  0.00 155.00  0.00 160.00  0.00 3560.65 
4  5.00  0.00 10.00  0.00 160.00  0.00 165.00  0.00 3929.21 
4  5.00  0.00 10.00  0.00 165.00  0.00 170.00  0.00 3592.12 
4  5.00  0.00 10.00  0.00 170.00  0.00 175.00  0.00 3279.95 
4  5.00  0.00 10.00  0.00 175.00  0.00 180.00  0.00 2684.03 
4  5.00  0.00 10.00  0.00 180.00  0.00 185.00  0.00 3221.70 
4  5.00  0.00 10.00  0.00 185.00  0.00 190.00  0.00 4458.60 
4  5.00  0.00 10.00  0.00 190.00  0.00 195.00  0.00 3800.00 
4  5.00  0.00 10.00  0.00 195.00  0.00 200.00  0.00 2870.35 
4  5.00  0.00 10.00  0.00 200.00  0.00 205.00  0.00 2698.67 
4  5.00  0.00 10.00  0.00 205.00  0.00 210.00  0.00 2911.40 
4  5.00  0.00 10.00  0.00 210.00  0.00 215.00  0.00 2822.30 
4  5.00  0.00 10.00  0.00 215.00  0.00 220.00  0.00 2025.18 
4  5.00  0.00 10.00  0.00 220.00  0.00 225.00  0.00 2714.10 
4  5.00  0.00 10.00  0.00 225.00  0.00 230.00  0.00 2131.91 
4  5.00  0.00 10.00  0.00 230.00  0.00 235.00  0.00 2903.59 
4  10.00  0.00 15.00  0.00 20.00  0.00 25.00  0.00 560.68 
4  10.00  0.00 15.00  0.00 25.00  0.00 30.00  0.00 777.40 
4  10.00  0.00 15.00  0.00 30.00  0.00 35.00  0.00 1025.46 
4  10.00  0.00 15.00  0.00 35.00  0.00 40.00  0.00 989.86 
4  10.00  0.00 15.00  0.00 40.00  0.00 45.00  0.00 1123.52 
4  10.00  0.00 15.00  0.00 45.00  0.00 50.00  0.00 1391.55 
4  10.00  0.00 15.00  0.00 50.00  0.00 55.00  0.00 1701.42 
4  10.00  0.00 15.00  0.00 55.00  0.00 60.00  0.00 1704.35 
4  10.00  0.00 15.00  0.00 60.00  0.00 65.00  0.00 1770.26 
4  10.00  0.00 15.00  0.00 65.00  0.00 70.00  0.00 1708.74 
4  10.00  0.00 15.00  0.00 70.00  0.00 75.00  0.00 1948.04 
4  10.00  0.00 15.00  0.00 75.00  0.00 80.00  0.00 2722.94 
4  10.00  0.00 15.00  0.00 80.00  0.00 85.00  0.00 2986.82 
4  10.00  0.00 15.00  0.00 85.00  0.00 90.00  0.00 3563.63 
4  10.00  0.00 15.00  0.00 90.00  0.00 95.00  0.00 4081.04 
4  10.00  0.00 15.00  0.00 95.00  0.00 100.00  0.00 4671.47 
4  10.00  0.00 15.00  0.00 100.00  0.00 105.00  0.00 5756.43 
4  10.00  0.00 15.00  0.00 105.00  0.00 110.00  0.00 5047.54 
4  10.00  0.00 15.00  0.00 110.00  0.00 115.00  0.00 5452.78 
4  10.00  0.00 15.00  0.00 115.00  0.00 120.00  0.00 6975.47 
4  10.00  0.00 15.00  0.00 120.00  0.00 125.00  0.00 4845.57 
4  10.00  0.00 15.00  0.00 125.00  0.00 130.00  0.00 5410.76 
4  10.00  0.00 15.00  0.00 130.00  0.00 135.00  0.00 6704.83 
4  10.00  0.00 15.00  0.00 135.00  0.00 140.00  0.00 5545.74 
4  10.00  0.00 15.00  0.00 140.00  0.00 145.00  0.00 5831.47 
4  10.00  0.00 15.00  0.00 145.00  0.00 150.00  0.00 4175.51 
4  10.00  0.00 15.00  0.00 150.00  0.00 155.00  0.00 3188.75 
4  10.00  0.00 15.00  0.00 155.00  0.00 160.00  0.00 3283.35 
4  10.00  0.00 15.00  0.00 160.00  0.00 165.00  0.00 3978.74 
4  10.00  0.00 15.00  0.00 165.00  0.00 170.00  0.00 3391.19 
4  10.00  0.00 15.00  0.00 170.00  0.00 175.00  0.00 3106.26 
4  10.00  0.00 15.00  0.00 175.00  0.00 180.00  0.00 2728.92 
4  10.00  0.00 15.00  0.00 180.00  0.00 185.00  0.00 2986.83 
4  10.00  0.00 15.00  0.00 185.00  0.00 190.00  0.00 3259.23 
4  10.00  0.00 15.00  0.00 190.00  0.00 195.00  0.00 3743.96 
4  10.00  0.00 15.00  0.00 195.00  0.00 200.00  0.00 2781.45 
4  10.00  0.00 15.00  0.00 200.00  0.00 205.00  0.00 2785.14 
4  10.00  0.00 15.00  0.00 205.00  0.00 210.00  0.00 2760.40 
4  10.00  0.00 15.00  0.00 210.00  0.00 215.00  0.00 2976.12 
4  10.00  0.00 15.00  0.00 215.00  0.00 220.00  0.00 1750.66 
4  10.00  0.00 15.00  0.00 220.00  0.00 225.00  0.00 3766.66 
4  10.00  0.00 15.00  0.00 225.00  0.00 230.00  0.00 1515.90 
4  10.00  0.00 15.00  0.00 230.00  0.00 235.00  0.00 5773.40 
4  15.00  0.00 20.00  0.00 25.00  0.00 30.00  0.00 695.18 
4  15.00  0.00 20.00  0.00 30.00  0.00 35.00  0.00 1057.10 
4  15.00  0.00 20.00  0.00 35.00  0.00 40.00  0.00 1097.66 
4  15.00  0.00 20.00  0.00 40.00  0.00 45.00  0.00 1307.71 
4  15.00  0.00 20.00  0.00 45.00  0.00 50.00  0.00 1692.50 
4  15.00  0.00 20.00  0.00 50.00  0.00 55.00  0.00 2060.92 
4  15.00  0.00 20.00  0.00 55.00  0.00 60.00  0.00 2098.39 
4  15.00  0.00 20.00  0.00 60.00  0.00 65.00  0.00 2216.20 
4  15.00  0.00 20.00  0.00 65.00  0.00 70.00  0.00 2199.01 
4  15.00  0.00 20.00  0.00 70.00  0.00 75.00  0.00 2549.43 
4  15.00  0.00 20.00  0.00 75.00  0.00 80.00  0.00 3492.95 
4  15.00  0.00 20.00  0.00 80.00  0.00 85.00  0.00 3825.74 
4  15.00  0.00 20.00  0.00 85.00  0.00 90.00  0.00 4461.75 
4  15.00  0.00 20.00  0.00 90.00  0.00 95.00  0.00 5120.80 
4  15.00  0.00 20.00  0.00 95.00  0.00 100.00  0.00 5921.74 
4  15.00  0.00 20.00  0.00 100.00  0.00 105.00  0.00 6808.49 
4  15.00  0.00 20.00  0.00 105.00  0.00 110.00  0.00 6660.20 
4  15.00  0.00 20.00  0.00 110.00  0.00 115.00  0.00 7003.46 
4  15.00  0.00 20.00  0.00 115.00  0.00 120.00  0.00 9132.87 
4  15.00  0.00 20.00  0.00 120.00  0.00 125.00  0.00 6201.96 
4  15.00  0.00 20.00  0.00 125.00  0.00 130.00  0.00 6929.12 
4  15.00  0.00 20.00  0.00 130.00  0.00 135.00  0.00 7712.01 
4  15.00  0.00 20.00  0.00 135.00  0.00 140.00  0.00 7920.32 
4  15.00  0.00 20.00  0.00 140.00  0.00 145.00  0.00 7175.44 
4  15.00  0.00 20.00  0.00 145.00  0.00 150.00  0.00 5468.81 
4  15.00  0.00 20.00  0.00 150.00  0.00 155.00  0.00 4263.39 
4  15.00  0.00 20.00  0.00 155.00  0.00 160.00  0.00 4414.26 
4  15.00  0.00 20.00  0.00 160.00  0.00 165.00  0.00 4905.17 
4  15.00  0.00 20.00  0.00 165.00  0.00 170.00  0.00 4768.76 
4  15.00  0.00 20.00  0.00 170.00  0.00 175.00  0.00 3843.93 
4  15.00  0.00 20.00  0.00 175.00  0.00 180.00  0.00 3362.48 
4  15.00  0.00 20.00  0.00 180.00  0.00 185.00  0.00 4303.66 
4  15.00  0.00 20.00  0.00 185.00  0.00 190.00  0.00 4928.72 
4  15.00  0.00 20.00  0.00 190.00  0.00 195.00  0.00 4720.51 
4  15.00  0.00 20.00  0.00 195.00  0.00 200.00  0.00 3895.08 
4  15.00  0.00 20.00  0.00 200.00  0.00 205.00  0.00 3460.33 
4  15.00  0.00 20.00  0.00 205.00  0.00 210.00  0.00 3748.20 
4  15.00  0.00 20.00  0.00 210.00  0.00 215.00  0.00 3602.33 
4  15.00  0.00 20.00  0.00 215.00  0.00 220.00  0.00 2918.12 
4  15.00  0.00 20.00  0.00 220.00  0.00 225.00  0.00 3663.34 
4  15.00  0.00 20.00  0.00 225.00  0.00 230.00  0.00 2953.42 
4  15.00  0.00 20.00  0.00 230.00  0.00 235.00  0.00 3622.44 
4  20.00  0.00 25.00  0.00 30.00  0.00 35.00  0.00 647.67 
4  20.00  0.00 25.00  0.00 35.00  0.00 40.00  0.00 789.43 
4  20.00  0.00 25.00  0.00 40.00  0.00 45.00  0.00 1003.52 
4  20.00  0.00 25.00  0.00 45.00  0.00 50.00  0.00 1350.35 
4  20.00  0.00 25.00  0.00 50.00  0.00 55.00  0.00 1724.10 
4  20.00  0.00 25.00  0.00 55.00  0.00 60.00  0.00 1796.38 
4  20.00  0.00 25.00  0.00 60.00  0.00 65.00  0.00 1876.17 
4  20.00  0.00 25.00  0.00 65.00  0.00 70.00  0.00 1958.82 
4  20.00  0.00 25.00  0.00 70.00  0.00 75.00  0.00 2138.49 
4  20.00  0.00 25.00  0.00 75.00  0.00 80.00  0.00 3148.58 
4  20.00  0.00 25.00  0.00 80.00  0.00 85.00  0.00 3307.93 
4  20.00  0.00 25.00  0.00 85.00  0.00 90.00  0.00 4182.72 
4  20.00  0.00 25.00  0.00 90.00  0.00 95.00  0.00 4519.96 
4  20.00  0.00 25.00  0.00 95.00  0.00 100.00  0.00 5663.45 
4  20.00  0.00 25.00  0.00 100.00  0.00 105.00  0.00 6329.70 
4  20.00  0.00 25.00  0.00 105.00  0.00 110.00  0.00 6423.86 
4  20.00  0.00 25.00  0.00 110.00  0.00 115.00  0.00 6347.37 
4  20.00  0.00 25.00  0.00 115.00  0.00 120.00  0.00 8860.68 
4  20.00  0.00 25.00  0.00 120.00  0.00 125.00  0.00 5427.32 
4  20.00  0.00 25.00  0.00 125.00  0.00 130.00  0.00 7146.89 
4  20.00  0.00 25.00  0.00 130.00  0.00 135.00  0.00 7203.14 
4  20.00  0.00 25.00  0.00 135.00  0.00 140.00  0.00 7950.01 
4  20.00  0.00 25.00  0.00 140.00  0.00 145.00  0.00 6404.97 
4  20.00  0.00 25.00  0.00 145.00  0.00 150.00  0.00 6050.91 
4  20.00  0.00 25.00  0.00 150.00  0.00 155.00  0.00 3016.90 
4  20.00  0.00 25.00  0.00 155.00  0.00 160.00  0.00 4626.31 
4  20.00  0.00 25.00  0.00 160.00  0.00 165.00  0.00 4415.87 
4  20.00  0.00 25.00  0.00 165.00  0.00 170.00  0.00 5740.45 
4  20.00  0.00 25.00  0.00 170.00  0.00 175.00  0.00 3608.11 
4  20.00  0.00 25.00  0.00 175.00  0.00 180.00  0.00 4172.16 
4  20.00  0.00 25.00  0.00 180.00  0.00 185.00  0.00 625.68 
4  20.00  0.00 25.00  0.00 185.00  0.00 190.00  0.00 8236.98 
4  20.00  0.00 25.00  0.00 190.00  0.00 195.00  0.00 3497.94 
4  20.00  0.00 25.00  0.00 195.00  0.00 200.00  0.00 5088.06 
4  20.00  0.00 25.00  0.00 200.00  0.00 205.00  0.00 1185.75 
4  20.00  0.00 25.00  0.00 205.00  0.00 210.00  0.00 5901.01 
4  20.00  0.00 25.00  0.00 210.00  0.00 215.00  0.00 2676.31 
4  20.00  0.00 25.00  0.00 215.00  0.00 220.00  0.00 6802.22 
4  20.00  0.00 25.00  0.00 220.00  0.00 225.00  0.00 1086.50 
4  20.00  0.00 25.00  0.00 225.00  0.00 230.00  0.00 6436.52 
4  20.00  0.00 25.00  0.00 230.00  0.00 235.00  0.00 1572.07 
4  25.00  0.00 30.00  0.00 35.00  0.00 40.00  0.00 413.04 
4  25.00  0.00 30.00  0.00 40.00  0.00 45.00  0.00 623.07 
4  25.00  0.00 30.00  0.00 45.00  0.00 50.00  0.00 910.54 
4  25.00  0.00 30.00  0.00 50.00  0.00 55.00  0.00 1226.66 
4  25.00  0.00 30.00  0.00 55.00  0.00 60.00  0.00 1315.65 
4  25.00  0.00 30.00  0.00 60.00  0.00 65.00  0.00 1419.71 
4  25.00  0.00 30.00  0.00 65.00  0.00 70.00  0.00 1458.51 
4  25.00  0.00 30.00  0.00 70.00  0.00 75.00  0.00 1698.98 
4  25.00  0.00 30.00  0.00 75.00  0.00 80.00  0.00 2400.11 
4  25.00  0.00 30.00  0.00 80.00  0.00 85.00  0.00 2661.58 
4  25.00  0.00 30.00  0.00 85.00  0.00 90.00  0.00 3181.70 
4  25.00  0.00 30.00  0.00 90.00  0.00 95.00  0.00 3692.07 
4  25.00  0.00 30.00  0.00 95.00  0.00 100.00  0.00 4391.76 
4  25.00  0.00 30.00  0.00 100.00  0.00 105.00  0.00 5115.75 
4  25.00  0.00 30.00  0.00 105.00  0.00 110.00  0.00 5084.24 
4  25.00  0.00 30.00  0.00 110.00  0.00 115.00  0.00 5423.84 
4  25.00  0.00 30.00  0.00 115.00  0.00 120.00  0.00 7109.70 
4  25.00  0.00 30.00  0.00 120.00  0.00 125.00  0.00 4842.35 
4  25.00  0.00 30.00  0.00 125.00  0.00 130.00  0.00 5500.37 
4  25.00  0.00 30.00  0.00 130.00  0.00 135.00  0.00 6118.50 
4  25.00  0.00 30.00  0.00 135.00  0.00 140.00  0.00 6410.75 
4  25.00  0.00 30.00  0.00 140.00  0.00 145.00  0.00 5839.83 
4  25.00  0.00 30.00  0.00 145.00  0.00 150.00  0.00 4506.43 
4  25.00  0.00 30.00  0.00 150.00  0.00 155.00  0.00 3400.73 
4  25.00  0.00 30.00  0.00 155.00  0.00 160.00  0.00 3542.47 
4  25.00  0.00 30.00  0.00 160.00  0.00 165.00  0.00 4012.60 
4  25.00  0.00 30.00  0.00 165.00  0.00 170.00  0.00 3733.87 
4  25.00  0.00 30.00  0.00 170.00  0.00 175.00  0.00 3154.08 
4  25.00  0.00 30.00  0.00 175.00  0.00 180.00  0.00 3123.18 
4  25.00  0.00 30.00  0.00 180.00  0.00 185.00  0.00 3650.06 
4  25.00  0.00 30.00  0.00 185.00  0.00 190.00  0.00 4461.57 
4  25.00  0.00 30.00  0.00 190.00  0.00 195.00  0.00 3992.36 
4  25.00  0.00 30.00  0.00 195.00  0.00 200.00  0.00 3208.39 
4  25.00  0.00 30.00  0.00 200.00  0.00 205.00  0.00 3014.04 
4  25.00  0.00 30.00  0.00 205.00  0.00 210.00  0.00 3175.09 
4  25.00  0.00 30.00  0.00 210.00  0.00 215.00  0.00 3217.69 
4  25.00  0.00 30.00  0.00 215.00  0.00 220.00  0.00 2242.73 
4  25.00  0.00 30.00  0.00 220.00  0.00 225.00  0.00 3095.38 
4  25.00  0.00 30.00  0.00 225.00  0.00 230.00  0.00 2614.48 
4  25.00  0.00 30.00  0.00 230.00  0.00 235.00  0.00 3128.97 
4  30.00  0.00 35.00  0.00 40.00  0.00 45.00  0.00 388.76 
4  30.00  0.00 35.00  0.00 45.00  0.00 50.00  0.00 648.70 
4  30.00  0.00 35.00  0.00 50.00  0.00 55.00  0.00 939.35 
4  30.00  0.00 35.00  0.00 55.00  0.00 60.00  0.00 1059.30 
4  30.00  0.00 35.00  0.00 60.00  0.00 65.00  0.00 1188.65 
4  30.00  0.00 35.00  0.00 65.00  0.00 70.00  0.00 1265.91 
4  30.00  0.00 35.00  0.00 70.00  0.00 75.00  0.00 1454.63 
4  30.00  0.00 35.00  0.00 75.00  0.00 80.00  0.00 2082.02 
4  30.00  0.00 35.00  0.00 80.00  0.00 85.00  0.00 2337.40 
4  30.00  0.00 35.00  0.00 85.00  0.00 90.00  0.00 2782.45 
4  30.00  0.00 35.00  0.00 90.00  0.00 95.00  0.00 3233.24 
4  30.00  0.00 35.00  0.00 95.00  0.00 100.00  0.00 3777.50 
4  30.00  0.00 35.00  0.00 100.00  0.00 105.00  0.00 4630.08 
4  30.00  0.00 35.00  0.00 105.00  0.00 110.00  0.00 4264.36 
4  30.00  0.00 35.00  0.00 110.00  0.00 115.00  0.00 4634.46 
4  30.00  0.00 35.00  0.00 115.00  0.00 120.00  0.00 6165.14 
4  30.00  0.00 35.00  0.00 120.00  0.00 125.00  0.00 4249.25 
4  30.00  0.00 35.00  0.00 125.00  0.00 130.00  0.00 4894.66 
4  30.00  0.00 35.00  0.00 130.00  0.00 135.00  0.00 5849.14 
4  30.00  0.00 35.00  0.00 135.00  0.00 140.00  0.00 5135.53 
4  30.00  0.00 35.00  0.00 140.00  0.00 145.00  0.00 5152.54 
4  30.00  0.00 35.00  0.00 145.00  0.00 150.00  0.00 3884.82 
4  30.00  0.00 35.00  0.00 150.00  0.00 155.00  0.00 3098.36 
4  30.00  0.00 35.00  0.00 155.00  0.00 160.00  0.00 3234.33 
4  30.00  0.00 35.00  0.00 160.00  0.00 165.00  0.00 3691.03 
4  30.00  0.00 35.00  0.00 165.00  0.00 170.00  0.00 3605.38 
4  30.00  0.00 35.00  0.00 170.00  0.00 175.00  0.00 2452.87 
4  30.00  0.00 35.00  0.00 175.00  0.00 180.00  0.00 3098.07 
4  30.00  0.00 35.00  0.00 180.00  0.00 185.00  0.00 2192.00 
4  30.00  0.00 35.00  0.00 185.00  0.00 190.00  0.00 4687.72 
4  30.00  0.00 35.00  0.00 190.00  0.00 195.00  0.00 3318.36 
4  30.00  0.00 35.00  0.00 195.00  0.00 200.00  0.00 3275.63 
4  30.00  0.00 35.00  0.00 200.00  0.00 205.00  0.00 2716.30 
4  30.00  0.00 35.00  0.00 205.00  0.00 210.00  0.00 2963.33 
4  30.00  0.00 35.00  0.00 210.00  0.00 215.00  0.00 2907.54 
4  30.00  0.00 35.00  0.00 215.00  0.00 220.00  0.00 2562.90 
4  30.00  0.00 35.00  0.00 220.00  0.00 225.00  0.00 3787.38 
4  30.00  0.00 35.00  0.00 225.00  0.00 230.00  0.00 2097.43 
4  30.00  0.00 35.00  0.00 230.00  0.00 235.00  0.00 5488.66 
4  35.00  0.00 40.00  0.00 45.00  0.00 50.00  0.00 350.04 
4  35.00  0.00 40.00  0.00 50.00  0.00 55.00  0.00 593.85 
4  35.00  0.00 40.00  0.00 55.00  0.00 60.00  0.00 717.48 
4  35.00  0.00 40.00  0.00 60.00  0.00 65.00  0.00 834.62 
4  35.00  0.00 40.00  0.00 65.00  0.00 70.00  0.00 906.99 
4  35.00  0.00 40.00  0.00 70.00  0.00 75.00  0.00 1058.87 
4  35.00  0.00 40.00  0.00 75.00  0.00 80.00  0.00 1543.31 
4  35.00  0.00 40.00  0.00 80.00  0.00 85.00  0.00 1735.32 
4  35.00  0.00 40.00  0.00 85.00  0.00 90.00  0.00 2096.70 
4  35.00  0.00 40.00  0.00 90.00  0.00 95.00  0.00 2423.08 
4  35.00  0.00 40.00  0.00 95.00  0.00 100.00  0.00 2914.07 
4  35.00  0.00 40.00  0.00 100.00  0.00 105.00  0.00 3418.86 
4  35.00  0.00 40.00  0.00 105.00  0.00 110.00  0.00 3454.83 
4  35.00  0.00 40.00  0.00 110.00  0.00 115.00  0.00 3585.39 
4  35.00  0.00 40.00  0.00 115.00  0.00 120.00  0.00 5015.70 
4  35.00  0.00 40.00  0.00 120.00  0.00 125.00  0.00 3333.74 
4  35.00  0.00 40.00  0.00 125.00  0.00 130.00  0.00 3892.56 
4  35.00  0.00 40.00  0.00 130.00  0.00 135.00  0.00 4281.61 
4  35.00  0.00 40.00  0.00 135.00  0.00 140.00  0.00 4537.54 
4  35.00  0.00 40.00  0.00 140.00  0.00 145.00  0.00 4032.22 
4  35.00  0.00 40.00  0.00 145.00  0.00 150.00  0.00 3206.83 
4  35.00  0.00 40.00  0.00 150.00  0.00 155.00  0.00 2516.95 
4  35.00  0.00 40.00  0.00 155.00  0.00 160.00  0.00 2656.40 
4  35.00  0.00 40.00  0.00 160.00  0.00 165.00  0.00 2944.65 
4  35.00  0.00 40.00  0.00 165.00  0.00 170.00  0.00 2920.41 
4  35.00  0.00 40.00  0.00 170.00  0.00 175.00  0.00 2412.41 
4  35.00  0.00 40.00  0.00 175.00  0.00 180.00  0.00 2351.03 
4  35.00  0.00 40.00  0.00 180.00  0.00 185.00  0.00 2681.88 
4  35.00  0.00 40.00  0.00 185.00  0.00 190.00  0.00 3197.79 
4  35.00  0.00 40.00  0.00 190.00  0.00 195.00  0.00 2965.71 
4  35.00  0.00 40.00  0.00 195.00  0.00 200.00  0.00 2555.11 
4  35.00  0.00 40.00  0.00 200.00  0.00 205.00  0.00 2346.63 
4  35.00  0.00 40.00  0.00 205.00  0.00 210.00  0.00 2549.18 
4  35.00  0.00 40.00  0.00 210.00  0.00 215.00  0.00 2377.97 
4  35.00  0.00 40.00  0.00 215.00  0.00 220.00  0.00 2438.00 
4  35.00  0.00 40.00  0.00 220.00  0.00 225.00  0.00 2430.13 
4  35.00  0.00 40.00  0.00 225.00  0.00 230.00  0.00 2685.14 
4  35.00  0.00 40.00  0.00 230.00  0.00 235.00  0.00 2205.33 
4  40.00  0.00 45.00  0.00 50.00  0.00 55.00  0.00 350.69 
4  40.00  0.00 45.00  0.00 55.00  0.00 60.00  0.00 504.13 
4  40.00  0.00 45.00  0.00 60.00  0.00 65.00  0.00 642.12 
4  40.00  0.00 45.00  0.00 65.00  0.00 70.00  0.00 723.76 
4  40.00  0.00 45.00  0.00 70.00  0.00 75.00  0.00 863.07 
4  40.00  0.00 45.00  0.00 75.00  0.00 80.00  0.00 1288.16 
4  40.00  0.00 45.00  0.00 80.00  0.00 85.00  0.00 1475.35 
4  40.00  0.00 45.00  0.00 85.00  0.00 90.00  0.00 1808.43 
4  40.00  0.00 45.00  0.00 90.00  0.00 95.00  0.00 2121.64 
4  40.00  0.00 45.00  0.00 95.00  0.00 100.00  0.00 2598.17 
4  40.00  0.00 45.00  0.00 100.00  0.00 105.00  0.00 3051.89 
4  40.00  0.00 45.00  0.00 105.00  0.00 110.00  0.00 3182.09 
4  40.00  0.00 45.00  0.00 110.00  0.00 115.00  0.00 3318.93 
4  40.00  0.00 45.00  0.00 115.00  0.00 120.00  0.00 4653.12 
4  40.00  0.00 45.00  0.00 120.00  0.00 125.00  0.00 3087.07 
4  40.00  0.00 45.00  0.00 125.00  0.00 130.00  0.00 3651.17 
4  40.00  0.00 45.00  0.00 130.00  0.00 135.00  0.00 3964.72 
4  40.00  0.00 45.00  0.00 135.00  0.00 140.00  0.00 4378.56 
4  40.00  0.00 45.00  0.00 140.00  0.00 145.00  0.00 3833.28 
4  40.00  0.00 45.00  0.00 145.00  0.00 150.00  0.00 3066.99 
4  40.00  0.00 45.00  0.00 150.00  0.00 155.00  0.00 2350.98 
4  40.00  0.00 45.00  0.00 155.00  0.00 160.00  0.00 2539.34 
4  40.00  0.00 45.00  0.00 160.00  0.00 165.00  0.00 2829.85 
4  40.00  0.00 45.00  0.00 165.00  0.00 170.00  0.00 2798.98 
4  40.00  0.00 45.00  0.00 170.00  0.00 175.00  0.00 2255.57 
4  40.00  0.00 45.00  0.00 175.00  0.00 180.00  0.00 2233.28 
4  40.00  0.00 45.00  0.00 180.00  0.00 185.00  0.00 2622.49 
4  40.00  0.00 45.00  0.00 185.00  0.00 190.00  0.00 3060.57 
4  40.00  0.00 45.00  0.00 190.00  0.00 195.00  0.00 2843.77 
4  40.00  0.00 45.00  0.00 195.00  0.00 200.00  0.00 2486.81 
4  40.00  0.00 45.00  0.00 200.00  0.00 205.00  0.00 2214.01 
4  40.00  0.00 45.00  0.00 205.00  0.00 210.00  0.00 2428.33 
4  40.00  0.00 45.00  0.00 210.00  0.00 215.00  0.00 2268.17 
4  40.00  0.00 45.00  0.00 215.00  0.00 220.00  0.00 2306.63 
4  40.00  0.00 45.00  0.00 220.00  0.00 225.00  0.00 2274.27 
4  40.00  0.00 45.00  0.00 225.00  0.00 230.00  0.00 2671.00 
4  40.00  0.00 45.00  0.00 230.00  0.00 235.00  0.00 1747.51 
4  45.00  0.00 50.00  0.00 55.00  0.00 60.00  0.00 340.04 
4  45.00  0.00 50.00  0.00 60.00  0.00 65.00  0.00 526.63 
4  45.00  0.00 50.00  0.00 65.00  0.00 70.00  0.00 640.96 
4  45.00  0.00 50.00  0.00 70.00  0.00 75.00  0.00 785.42 
4  45.00  0.00 50.00  0.00 75.00  0.00 80.00  0.00 1208.95 
4  45.00  0.00 50.00  0.00 80.00  0.00 85.00  0.00 1413.67 
4  45.00  0.00 50.00  0.00 85.00  0.00 90.00  0.00 1758.00 
4  45.00  0.00 50.00  0.00 90.00  0.00 95.00  0.00 2076.64 
4  45.00  0.00 50.00  0.00 95.00  0.00 100.00  0.00 2563.41 
4  45.00  0.00 50.00  0.00 100.00  0.00 105.00  0.00 3067.31 
4  45.00  0.00 50.00  0.00 105.00  0.00 110.00  0.00 3173.27 
4  45.00  0.00 50.00  0.00 110.00  0.00 115.00  0.00 3329.17 
4  45.00  0.00 50.00  0.00 115.00  0.00 120.00  0.00 4757.50 
4  45.00  0.00 50.00  0.00 120.00  0.00 125.00  0.00 3139.36 
4  45.00  0.00 50.00  0.00 125.00  0.00 130.00  0.00 3768.61 
4  45.00  0.00 50.00  0.00 130.00  0.00 135.00  0.00 4144.28 
4  45.00  0.00 50.00  0.00 135.00  0.00 140.00  0.00 4465.48 
4  45.00  0.00 50.00  0.00 140.00  0.00 145.00  0.00 3943.02 
4  45.00  0.00 50.00  0.00 145.00  0.00 150.00  0.00 3210.41 
4  45.00  0.00 50.00  0.00 150.00  0.00 155.00  0.00 2524.18 
4  45.00  0.00 50.00  0.00 155.00  0.00 160.00  0.00 2663.23 
4  45.00  0.00 50.00  0.00 160.00  0.00 165.00  0.00 2960.39 
4  45.00  0.00 50.00  0.00 165.00  0.00 170.00  0.00 2908.96 
4  45.00  0.00 50.00  0.00 170.00  0.00 175.00  0.00 2580.05 
4  45.00  0.00 50.00  0.00 175.00  0.00 180.00  0.00 2464.14 
4  45.00  0.00 50.00  0.00 180.00  0.00 185.00  0.00 2760.80 
4  45.00  0.00 50.00  0.00 185.00  0.00 190.00  0.00 3258.30 
4  45.00  0.00 50.00  0.00 190.00  0.00 195.00  0.00 3081.21 
4  45.00  0.00 50.00  0.00 195.00  0.00 200.00  0.00 2666.44 
4  45.00  0.00 50.00  0.00 200.00  0.00 205.00  0.00 2370.30 
4  45.00  0.00 50.00  0.00 205.00  0.00 210.00  0.00 2649.42 
4  45.00  0.00 50.00  0.00 210.00  0.00 215.00  0.00 2561.12 
4  45.00  0.00 50.00  0.00 215.00  0.00 220.00  0.00 2586.61 
4  45.00  0.00 50.00  0.00 220.00  0.00 225.00  0.00 2525.39 
4  45.00  0.00 50.00  0.00 225.00  0.00 230.00  0.00 3129.92 
4  45.00  0.00 50.00  0.00 230.00  0.00 235.00  0.00 2150.06 
4  50.00  0.00 55.00  0.00 60.00  0.00 65.00  0.00 351.89 
4  50.00  0.00 55.00  0.00 65.00  0.00 70.00  0.00 509.83 
4  50.00  0.00 55.00  0.00 70.00  0.00 75.00  0.00 670.99 
4  50.00  0.00 55.00  0.00 75.00  0.00 80.00  0.00 1065.39 
4  50.00  0.00 55.00  0.00 80.00  0.00 85.00  0.00 1298.98 
4  50.00  0.00 55.00  0.00 85.00  0.00 90.00  0.00 1602.12 
4  50.00  0.00 55.00  0.00 90.00  0.00 95.00  0.00 1945.22 
4  50.00  0.00 55.00  0.00 95.00  0.00 100.00  0.00 2361.41 
4  50.00  0.00 55.00  0.00 100.00  0.00 105.00  0.00 2881.49 
4  50.00  0.00 55.00  0.00 105.00  0.00 110.00  0.00 2949.06 
4  50.00  0.00 55.00  0.00 110.00  0.00 115.00  0.00 3190.06 
4  50.00  0.00 55.00  0.00 115.00  0.00 120.00  0.00 4509.17 
4  50.00  0.00 55.00  0.00 120.00  0.00 125.00  0.00 3119.58 
4  50.00  0.00 55.00  0.00 125.00  0.00 130.00  0.00 3582.35 
4  50.00  0.00 55.00  0.00 130.00  0.00 135.00  0.00 4093.65 
4  50.00  0.00 55.00  0.00 135.00  0.00 140.00  0.00 4212.54 
4  50.00  0.00 55.00  0.00 140.00  0.00 145.00  0.00 3823.97 
4  50.00  0.00 55.00  0.00 145.00  0.00 150.00  0.00 3067.13 
4  50.00  0.00 55.00  0.00 150.00  0.00 155.00  0.00 2446.80 
4  50.00  0.00 55.00  0.00 155.00  0.00 160.00  0.00 2632.66 
4  50.00  0.00 55.00  0.00 160.00  0.00 165.00  0.00 2939.58 
4  50.00  0.00 55.00  0.00 165.00  0.00 170.00  0.00 2941.96 
4  50.00  0.00 55.00  0.00 170.00  0.00 175.00  0.00 2453.10 
4  50.00  0.00 55.00  0.00 175.00  0.00 180.00  0.00 2391.43 
4  50.00  0.00 55.00  0.00 180.00  0.00 185.00  0.00 2473.81 
4  50.00  0.00 55.00  0.00 185.00  0.00 190.00  0.00 3554.93 
4  50.00  0.00 55.00  0.00 190.00  0.00 195.00  0.00 3087.90 
4  50.00  0.00 55.00  0.00 195.00  0.00 200.00  0.00 2685.37 
4  50.00  0.00 55.00  0.00 200.00  0.00 205.00  0.00 2449.87 
4  50.00  0.00 55.00  0.00 205.00  0.00 210.00  0.00 2733.82 
4  50.00  0.00 55.00  0.00 210.00  0.00 215.00  0.00 2539.40 
4  50.00  0.00 55.00  0.00 215.00  0.00 220.00  0.00 2641.88 
4  50.00  0.00 55.00  0.00 220.00  0.00 225.00  0.00 2886.71 
4  50.00  0.00 55.00  0.00 225.00  0.00 230.00  0.00 2580.62 
4  50.00  0.00 55.00  0.00 230.00  0.00 235.00  0.00 3142.12 
4  55.00  0.00 60.00  0.00 65.00  0.00 70.00  0.00 317.39 
4  55.00  0.00 60.00  0.00 70.00  0.00 75.00  0.00 472.02 
4  55.00  0.00 60.00  0.00 75.00  0.00 80.00  0.00 798.51 
4  55.00  0.00 60.00  0.00 80.00  0.00 85.00  0.00 1021.81 
4  55.00  0.00 60.00  0.00 85.00  0.00 90.00  0.00 1282.31 
4  55.00  0.00 60.00  0.00 90.00  0.00 95.00  0.00 1588.23 
4  55.00  0.00 60.00  0.00 95.00  0.00 100.00  0.00 1953.98 
4  55.00  0.00 60.00  0.00 100.00  0.00 105.00  0.00 2391.74 
4  55.00  0.00 60.00  0.00 105.00  0.00 110.00  0.00 2512.53 
4  55.00  0.00 60.00  0.00 110.00  0.00 115.00  0.00 2729.88 
4  55.00  0.00 60.00  0.00 115.00  0.00 120.00  0.00 3922.61 
4  55.00  0.00 60.00  0.00 120.00  0.00 125.00  0.00 2706.61 
4  55.00  0.00 60.00  0.00 125.00  0.00 130.00  0.00 3144.12 
4  55.00  0.00 60.00  0.00 130.00  0.00 135.00  0.00 3546.61 
4  55.00  0.00 60.00  0.00 135.00  0.00 140.00  0.00 3791.42 
4  55.00  0.00 60.00  0.00 140.00  0.00 145.00  0.00 3360.46 
4  55.00  0.00 60.00  0.00 145.00  0.00 150.00  0.00 2749.45 
4  55.00  0.00 60.00  0.00 150.00  0.00 155.00  0.00 2172.08 
4  55.00  0.00 60.00  0.00 155.00  0.00 160.00  0.00 2353.28 
4  55.00  0.00 60.00  0.00 160.00  0.00 165.00  0.00 2622.47 
4  55.00  0.00 60.00  0.00 165.00  0.00 170.00  0.00 2658.98 
4  55.00  0.00 60.00  0.00 170.00  0.00 175.00  0.00 2229.24 
4  55.00  0.00 60.00  0.00 175.00  0.00 180.00  0.00 2151.01 
4  55.00  0.00 60.00  0.00 180.00  0.00 185.00  0.00 2475.88 
4  55.00  0.00 60.00  0.00 185.00  0.00 190.00  0.00 3033.42 
4  55.00  0.00 60.00  0.00 190.00  0.00 195.00  0.00 2846.96 
4  55.00  0.00 60.00  0.00 195.00  0.00 200.00  0.00 2478.71 
4  55.00  0.00 60.00  0.00 200.00  0.00 205.00  0.00 2302.83 
4  55.00  0.00 60.00  0.00 205.00  0.00 210.00  0.00 2551.11 
4  55.00  0.00 60.00  0.00 210.00  0.00 215.00  0.00 2401.18 
4  55.00  0.00 60.00  0.00 215.00  0.00 220.00  0.00 2366.40 
4  55.00  0.00 60.00  0.00 220.00  0.00 225.00  0.00 2526.42 
4  55.00  0.00 60.00  0.00 225.00  0.00 230.00  0.00 2652.91 
4  55.00  0.00 60.00  0.00 230.00  0.00 235.00  0.00 2378.78 
4  60.00  0.00 65.00  0.00 70.00  0.00 75.00  0.00 293.73 
4  60.00  0.00 65.00  0.00 75.00  0.00 80.00  0.00 570.84 
4  60.00  0.00 65.00  0.00 80.00  0.00 85.00  0.00 792.42 
4  60.00  0.00 65.00  0.00 85.00  0.00 90.00  0.00 1031.33 
4  60.00  0.00 65.00  0.00 90.00  0.00 95.00  0.00 1319.19 
4  60.00  0.00 65.00  0.00 95.00  0.00 100.00  0.00 1650.87 
4  60.00  0.00 65.00  0.00 100.00  0.00 105.00  0.00 2058.40 
4  60.00  0.00 65.00  0.00 105.00  0.00 110.00  0.00 2202.42 
4  60.00  0.00 65.00  0.00 110.00  0.00 115.00  0.00 2436.98 
4  60.00  0.00 65.00  0.00 115.00  0.00 120.00  0.00 3517.71 
4  60.00  0.00 65.00  0.00 120.00  0.00 125.00  0.00 2435.33 
4  60.00  0.00 65.00  0.00 125.00  0.00 130.00  0.00 2864.20 
4  60.00  0.00 65.00  0.00 130.00  0.00 135.00  0.00 3249.61 
4  60.00  0.00 65.00  0.00 135.00  0.00 140.00  0.00 3510.60 
4  60.00  0.00 65.00  0.00 140.00  0.00 145.00  0.00 3129.72 
4  60.00  0.00 65.00  0.00 145.00  0.00 150.00  0.00 2556.62 
4  60.00  0.00 65.00  0.00 150.00  0.00 155.00  0.00 2053.80 
4  60.00  0.00 65.00  0.00 155.00  0.00 160.00  0.00 2193.82 
4  60.00  0.00 65.00  0.00 160.00  0.00 165.00  0.00 2468.76 
4  60.00  0.00 65.00  0.00 165.00  0.00 170.00  0.00 2486.94 
4  60.00  0.00 65.00  0.00 170.00  0.00 175.00  0.00 2099.62 
4  60.00  0.00 65.00  0.00 175.00  0.00 180.00  0.00 2145.03 
4  60.00  0.00 65.00  0.00 180.00  0.00 185.00  0.00 2321.33 
4  60.00  0.00 65.00  0.00 185.00  0.00 190.00  0.00 2887.55 
4  60.00  0.00 65.00  0.00 190.00  0.00 195.00  0.00 2703.50 
4  60.00  0.00 65.00  0.00 195.00  0.00 200.00  0.00 2340.02 
4  60.00  0.00 65.00  0.00 200.00  0.00 205.00  0.00 2179.36 
4  60.00  0.00 65.00  0.00 205.00  0.00 210.00  0.00 2387.62 
4  60.00  0.00 65.00  0.00 210.00  0.00 215.00  0.00 2265.69 
4  60.00  0.00 65.00  0.00 215.00  0.00 220.00  0.00 2252.96 
4  60.00  0.00 65.00  0.00 220.00  0.00 225.00  0.00 2432.91 
4  60.00  0.00 65.00  0.00 225.00  0.00 230.00  0.00 2416.68 
4  60.00  0.00 65.00  0.00 230.00  0.00 235.00  0.00 2200.54 
4  65.00  0.00 70.00  0.00 75.00  0.00 80.00  0.00 357.56 
4  65.00  0.00 70.00  0.00 80.00  0.00 85.00  0.00 594.39 
4  65.00  0.00 70.00  0.00 85.00  0.00 90.00  0.00 821.18 
4  65.00  0.00 70.00  0.00 90.00  0.00 95.00  0.00 1099.99 
4  65.00  0.00 70.00  0.00 95.00  0.00 100.00  0.00 1391.97 
4  65.00  0.00 70.00  0.00 100.00  0.00 105.00  0.00 1768.01 
4  65.00  0.00 70.00  0.00 105.00  0.00 110.00  0.00 1771.01 
4  65.00  0.00 70.00  0.00 110.00  0.00 115.00  0.00 2226.03 
4  65.00  0.00 70.00  0.00 115.00  0.00 120.00  0.00 3290.27 
4  65.00  0.00 70.00  0.00 120.00  0.00 125.00  0.00 2205.32 
4  65.00  0.00 70.00  0.00 125.00  0.00 130.00  0.00 2620.01 
4  65.00  0.00 70.00  0.00 130.00  0.00 135.00  0.00 2937.16 
4  65.00  0.00 70.00  0.00 135.00  0.00 140.00  0.00 3200.42 
4  65.00  0.00 70.00  0.00 140.00  0.00 145.00  0.00 2822.30 
4  65.00  0.00 70.00  0.00 145.00  0.00 150.00  0.00 2341.52 
4  65.00  0.00 70.00  0.00 150.00  0.00 155.00  0.00 1904.34 
4  65.00  0.00 70.00  0.00 155.00  0.00 160.00  0.00 2055.08 
4  65.00  0.00 70.00  0.00 160.00  0.00 165.00  0.00 2298.36 
4  65.00  0.00 70.00  0.00 165.00  0.00 170.00  0.00 2348.33 
4  65.00  0.00 70.00  0.00 170.00  0.00 175.00  0.00 1991.60 
4  65.00  0.00 70.00  0.00 175.00  0.00 180.00  0.00 2011.08 
4  65.00  0.00 70.00  0.00 180.00  0.00 185.00  0.00 2235.29 
4  65.00  0.00 70.00  0.00 185.00  0.00 190.00  0.00 2684.39 
4  65.00  0.00 70.00  0.00 190.00  0.00 195.00  0.00 2567.54 
4  65.00  0.00 70.00  0.00 195.00  0.00 200.00  0.00 2273.96 
4  65.00  0.00 70.00  0.00 200.00  0.00 205.00  0.00 2099.65 
4  65.00  0.00 70.00  0.00 205.00  0.00 210.00  0.00 2304.11 
4  65.00  0.00 70.00  0.00 210.00  0.00 215.00  0.00 2218.97 
4  65.00  0.00 70.00  0.00 215.00  0.00 220.00  0.00 2129.32 
4  65.00  0.00 70.00  0.00 220.00  0.00 225.00  0.00 2347.39 
4  65.00  0.00 70.00  0.00 225.00  0.00 230.00  0.00 2583.05 
4  65.00  0.00 70.00  0.00 230.00  0.00 235.00  0.00 2014.65 
4  70.00  0.00 75.00  0.00 80.00  0.00 85.00  0.00 398.51 
4  70.00  0.00 75.00  0.00 85.00  0.00 90.00  0.00 645.94 
4  70.00  0.00 75.00  0.00 90.00  0.00 95.00  0.00 942.07 
4  70.00  0.00 75.00  0.00 95.00  0.00 100.00  0.00 1243.06 
4  70.00  0.00 75.00  0.00 100.00  0.00 105.00  0.00 1643.41 
4  70.00  0.00 75.00  0.00 105.00  0.00 110.00  0.00 1898.04 
4  70.00  0.00 75.00  0.00 110.00  0.00 115.00  0.00 1995.05 
4  70.00  0.00 75.00  0.00 115.00  0.00 120.00  0.00 3019.08 
4  70.00  0.00 75.00  0.00 120.00  0.00 125.00  0.00 2209.43 
4  70.00  0.00 75.00  0.00 125.00  0.00 130.00  0.00 2621.25 
4  70.00  0.00 75.00  0.00 130.00  0.00 135.00  0.00 3099.24 
4  70.00  0.00 75.00  0.00 135.00  0.00 140.00  0.00 3224.44 
4  70.00  0.00 75.00  0.00 140.00  0.00 145.00  0.00 3000.02 
4  70.00  0.00 75.00  0.00 145.00  0.00 150.00  0.00 2428.70 
4  70.00  0.00 75.00  0.00 150.00  0.00 155.00  0.00 1993.93 
4  70.00  0.00 75.00  0.00 155.00  0.00 160.00  0.00 2125.01 
4  70.00  0.00 75.00  0.00 160.00  0.00 165.00  0.00 2422.60 
4  70.00  0.00 75.00  0.00 165.00  0.00 170.00  0.00 2482.49 
4  70.00  0.00 75.00  0.00 170.00  0.00 175.00  0.00 2126.68 
4  70.00  0.00 75.00  0.00 175.00  0.00 180.00  0.00 2052.90 
4  70.00  0.00 75.00  0.00 180.00  0.00 185.00  0.00 2439.11 
4  70.00  0.00 75.00  0.00 185.00  0.00 190.00  0.00 2788.50 
4  70.00  0.00 75.00  0.00 190.00  0.00 195.00  0.00 2738.36 
4  70.00  0.00 75.00  0.00 195.00  0.00 200.00  0.00 2345.96 
4  70.00  0.00 75.00  0.00 200.00  0.00 205.00  0.00 2292.62 
4  70.00  0.00 75.00  0.00 205.00  0.00 210.00  0.00 2422.66 
4  70.00  0.00 75.00  0.00 210.00  0.00 215.00  0.00 2431.94 
4  70.00  0.00 75.00  0.00 215.00  0.00 220.00  0.00 2164.58 
4  70.00  0.00 75.00  0.00 220.00  0.00 225.00  0.00 2759.41 
4  70.00  0.00 75.00  0.00 225.00  0.00 230.00  0.00 2421.35 
4  70.00  0.00 75.00  0.00 230.00  0.00 235.00  0.00 3309.47 
4  75.00  0.00 80.00  0.00 85.00  0.00 90.00  0.00 514.21 
4  75.00  0.00 80.00  0.00 90.00  0.00 95.00  0.00 907.45 
4  75.00  0.00 80.00  0.00 95.00  0.00 100.00  0.00 1279.14 
4  75.00  0.00 80.00  0.00 100.00  0.00 105.00  0.00 1764.12 
4  75.00  0.00 80.00  0.00 105.00  0.00 110.00  0.00 2018.34 
4  75.00  0.00 80.00  0.00 110.00  0.00 115.00  0.00 2390.05 
4  75.00  0.00 80.00  0.00 115.00  0.00 120.00  0.00 3659.96 
4  75.00  0.00 80.00  0.00 120.00  0.00 125.00  0.00 2654.39 
4  75.00  0.00 80.00  0.00 125.00  0.00 130.00  0.00 3196.65 
4  75.00  0.00 80.00  0.00 130.00  0.00 135.00  0.00 3757.45 
4  75.00  0.00 80.00  0.00 135.00  0.00 140.00  0.00 4107.45 
4  75.00  0.00 80.00  0.00 140.00  0.00 145.00  0.00 3722.90 
4  75.00  0.00 80.00  0.00 145.00  0.00 150.00  0.00 3102.73 
4  75.00  0.00 80.00  0.00 150.00  0.00 155.00  0.00 2551.75 
4  75.00  0.00 80.00  0.00 155.00  0.00 160.00  0.00 2757.77 
4  75.00  0.00 80.00  0.00 160.00  0.00 165.00  0.00 3104.22 
4  75.00  0.00 80.00  0.00 165.00  0.00 170.00  0.00 3209.84 
4  75.00  0.00 80.00  0.00 170.00  0.00 175.00  0.00 2750.16 
4  75.00  0.00 80.00  0.00 175.00  0.00 180.00  0.00 2693.54 
4  75.00  0.00 80.00  0.00 180.00  0.00 185.00  0.00 3140.51 
4  75.00  0.00 80.00  0.00 185.00  0.00 190.00  0.00 3746.37 
4  75.00  0.00 80.00  0.00 190.00  0.00 195.00  0.00 3591.53 
4  75.00  0.00 80.00  0.00 195.00  0.00 200.00  0.00 3176.98 
4  75.00  0.00 80.00  0.00 200.00  0.00 205.00  0.00 3019.86 
4  75.00  0.00 80.00  0.00 205.00  0.00 210.00  0.00 3316.57 
4  75.00  0.00 80.00  0.00 210.00  0.00 215.00  0.00 3211.01 
4  75.00  0.00 80.00  0.00 215.00  0.00 220.00  0.00 3277.25 
4  75.00  0.00 80.00  0.00 220.00  0.00 225.00  0.00 3352.76 
4  75.00  0.00 80.00  0.00 225.00  0.00 230.00  0.00 3629.71 
4  75.00  0.00 80.00  0.00 230.00  0.00 235.00  0.00 3330.59 
4  80.00  0.00 85.00  0.00 90.00  0.00 95.00  0.00 570.00 
4  80.00  0.00 85.00  0.00 95.00  0.00 100.00  0.00 920.13 
4  80.00  0.00 85.00  0.00 100.00  0.00 105.00  0.00 1379.69 
4  80.00  0.00 85.00  0.00 105.00  0.00 110.00  0.00 1658.59 
4  80.00  0.00 85.00  0.00 110.00  0.00 115.00  0.00 2042.80 
4  80.00  0.00 85.00  0.00 115.00  0.00 120.00  0.00 3220.13 
4  80.00  0.00 85.00  0.00 120.00  0.00 125.00  0.00 2376.49 
4  80.00  0.00 85.00  0.00 125.00  0.00 130.00  0.00 2961.82 
4  80.00  0.00 85.00  0.00 130.00  0.00 135.00  0.00 3557.24 
4  80.00  0.00 85.00  0.00 135.00  0.00 140.00  0.00 3939.36 
4  80.00  0.00 85.00  0.00 140.00  0.00 145.00  0.00 3679.73 
4  80.00  0.00 85.00  0.00 145.00  0.00 150.00  0.00 3049.04 
4  80.00  0.00 85.00  0.00 150.00  0.00 155.00  0.00 2513.80 
4  80.00  0.00 85.00  0.00 155.00  0.00 160.00  0.00 2707.96 
4  80.00  0.00 85.00  0.00 160.00  0.00 165.00  0.00 3122.61 
4  80.00  0.00 85.00  0.00 165.00  0.00 170.00  0.00 3198.52 
4  80.00  0.00 85.00  0.00 170.00  0.00 175.00  0.00 2816.03 
4  80.00  0.00 85.00  0.00 175.00  0.00 180.00  0.00 2720.33 
4  80.00  0.00 85.00  0.00 180.00  0.00 185.00  0.00 3281.48 
4  80.00  0.00 85.00  0.00 185.00  0.00 190.00  0.00 3749.45 
4  80.00  0.00 85.00  0.00 190.00  0.00 195.00  0.00 3699.24 
4  80.00  0.00 85.00  0.00 195.00  0.00 200.00  0.00 3255.90 
4  80.00  0.00 85.00  0.00 200.00  0.00 205.00  0.00 3136.71 
4  80.00  0.00 85.00  0.00 205.00  0.00 210.00  0.00 3371.86 
4  80.00  0.00 85.00  0.00 210.00  0.00 215.00  0.00 3396.39 
4  80.00  0.00 85.00  0.00 215.00  0.00 220.00  0.00 3296.31 
4  80.00  0.00 85.00  0.00 220.00  0.00 225.00  0.00 3608.22 
4  80.00  0.00 85.00  0.00 225.00  0.00 230.00  0.00 3737.66 
4  80.00  0.00 85.00  0.00 230.00  0.00 235.00  0.00 3658.86 
4  85.00  0.00 90.00  0.00 95.00  0.00 100.00  0.00 630.41 
4  85.00  0.00 90.00  0.00 100.00  0.00 105.00  0.00 1086.50 
4  85.00  0.00 90.00  0.00 105.00  0.00 110.00  0.00 1391.18 
4  85.00  0.00 90.00  0.00 110.00  0.00 115.00  0.00 1805.61 
4  85.00  0.00 90.00  0.00 115.00  0.00 120.00  0.00 2962.78 
4  85.00  0.00 90.00  0.00 120.00  0.00 125.00  0.00 2274.01 
4  85.00  0.00 90.00  0.00 125.00  0.00 130.00  0.00 2884.75 
4  85.00  0.00 90.00  0.00 130.00  0.00 135.00  0.00 3554.90 
4  85.00  0.00 90.00  0.00 135.00  0.00 140.00  0.00 4008.78 
4  85.00  0.00 90.00  0.00 140.00  0.00 145.00  0.00 3768.78 
4  85.00  0.00 90.00  0.00 145.00  0.00 150.00  0.00 3190.92 
4  85.00  0.00 90.00  0.00 150.00  0.00 155.00  0.00 2659.13 
4  85.00  0.00 90.00  0.00 155.00  0.00 160.00  0.00 2921.49 
4  85.00  0.00 90.00  0.00 160.00  0.00 165.00  0.00 3356.67 
4  85.00  0.00 90.00  0.00 165.00  0.00 170.00  0.00 3509.67 
4  85.00  0.00 90.00  0.00 170.00  0.00 175.00  0.00 3031.16 
4  85.00  0.00 90.00  0.00 175.00  0.00 180.00  0.00 3011.23 
4  85.00  0.00 90.00  0.00 180.00  0.00 185.00  0.00 3570.59 
4  85.00  0.00 90.00  0.00 185.00  0.00 190.00  0.00 4290.13 
4  85.00  0.00 90.00  0.00 190.00  0.00 195.00  0.00 4100.23 
4  85.00  0.00 90.00  0.00 195.00  0.00 200.00  0.00 3673.90 
4  85.00  0.00 90.00  0.00 200.00  0.00 205.00  0.00 3504.58 
4  85.00  0.00 90.00  0.00 205.00  0.00 210.00  0.00 3875.04 
4  85.00  0.00 90.00  0.00 210.00  0.00 215.00  0.00 3813.10 
4  85.00  0.00 90.00  0.00 215.00  0.00 220.00  0.00 3831.69 
4  85.00  0.00 90.00  0.00 220.00  0.00 225.00  0.00 4083.54 
4  85.00  0.00 90.00  0.00 225.00  0.00 230.00  0.00 4362.98 
4  85.00  0.00 90.00  0.00 230.00  0.00 235.00  0.00 4119.38 
4  90.00  0.00 95.00  0.00 100.00  0.00 105.00  0.00 691.00 
4  90.00  0.00 95.00  0.00 105.00  0.00 110.00  0.00 993.57 
4  90.00  0.00 95.00  0.00 110.00  0.00 115.00  0.00 1377.74 
4  90.00  0.00 95.00  0.00 115.00  0.00 120.00  0.00 2370.53 
4  90.00  0.00 95.00  0.00 120.00  0.00 125.00  0.00 1883.35 
4  90.00  0.00 95.00  0.00 125.00  0.00 130.00  0.00 2497.14 
4  90.00  0.00 95.00  0.00 130.00  0.00 135.00  0.00 3179.49 
4  90.00  0.00 95.00  0.00 135.00  0.00 140.00  0.00 3686.06 
4  90.00  0.00 95.00  0.00 140.00  0.00 145.00  0.00 3565.91 
4  90.00  0.00 95.00  0.00 145.00  0.00 150.00  0.00 3050.44 
4  90.00  0.00 95.00  0.00 150.00  0.00 155.00  0.00 2556.61 
4  90.00  0.00 95.00  0.00 155.00  0.00 160.00  0.00 2840.22 
4  90.00  0.00 95.00  0.00 160.00  0.00 165.00  0.00 3313.30 
4  90.00  0.00 95.00  0.00 165.00  0.00 170.00  0.00 3485.69 
4  90.00  0.00 95.00  0.00 170.00  0.00 175.00  0.00 3028.80 
4  90.00  0.00 95.00  0.00 175.00  0.00 180.00  0.00 3020.11 
4  90.00  0.00 95.00  0.00 180.00  0.00 185.00  0.00 3519.06 
4  90.00  0.00 95.00  0.00 185.00  0.00 190.00  0.00 4387.64 
4  90.00  0.00 95.00  0.00 190.00  0.00 195.00  0.00 4261.04 
4  90.00  0.00 95.00  0.00 195.00  0.00 200.00  0.00 3793.08 
4  90.00  0.00 95.00  0.00 200.00  0.00 205.00  0.00 3679.25 
4  90.00  0.00 95.00  0.00 205.00  0.00 210.00  0.00 4060.29 
4  90.00  0.00 95.00  0.00 210.00  0.00 215.00  0.00 3897.21 
4  90.00  0.00 95.00  0.00 215.00  0.00 220.00  0.00 3914.42 
4  90.00  0.00 95.00  0.00 220.00  0.00 225.00  0.00 4254.79 
4  90.00  0.00 95.00  0.00 225.00  0.00 230.00  0.00 4531.52 
4  90.00  0.00 95.00  0.00 230.00  0.00 235.00  0.00 4396.49 
4  95.00  0.00 100.00  0.00 105.00  0.00 110.00  0.00 739.36 
4  95.00  0.00 100.00  0.00 110.00  0.00 115.00  0.00 1084.27 
4  95.00  0.00 100.00  0.00 115.00  0.00 120.00  0.00 1946.34 
4  95.00  0.00 100.00  0.00 120.00  0.00 125.00  0.00 1617.57 
4  95.00  0.00 100.00  0.00 125.00  0.00 130.00  0.00 2210.55 
4  95.00  0.00 100.00  0.00 130.00  0.00 135.00  0.00 2915.94 
4  95.00  0.00 100.00  0.00 135.00  0.00 140.00  0.00 3469.49 
4  95.00  0.00 100.00  0.00 140.00  0.00 145.00  0.00 3401.96 
4  95.00  0.00 100.00  0.00 145.00  0.00 150.00  0.00 2983.28 
4  95.00  0.00 100.00  0.00 150.00  0.00 155.00  0.00 2567.14 
4  95.00  0.00 100.00  0.00 155.00  0.00 160.00  0.00 2879.64 
4  95.00  0.00 100.00  0.00 160.00  0.00 165.00  0.00 3406.09 
4  95.00  0.00 100.00  0.00 165.00  0.00 170.00  0.00 3623.95 
4  95.00  0.00 100.00  0.00 170.00  0.00 175.00  0.00 3170.26 
4  95.00  0.00 100.00  0.00 175.00  0.00 180.00  0.00 3221.57 
4  95.00  0.00 100.00  0.00 180.00  0.00 185.00  0.00 3833.04 
4  95.00  0.00 100.00  0.00 185.00  0.00 190.00  0.00 4630.41 
4  95.00  0.00 100.00  0.00 190.00  0.00 195.00  0.00 4567.56 
4  95.00  0.00 100.00  0.00 195.00  0.00 200.00  0.00 4159.22 
4  95.00  0.00 100.00  0.00 200.00  0.00 205.00  0.00 3999.64 
4  95.00  0.00 100.00  0.00 205.00  0.00 210.00  0.00 4478.51 
4  95.00  0.00 100.00  0.00 210.00  0.00 215.00  0.00 4355.25 
4  95.00  0.00 100.00  0.00 215.00  0.00 220.00  0.00 4436.23 
4  95.00  0.00 100.00  0.00 220.00  0.00 225.00  0.00 4647.40 
4  95.00  0.00 100.00  0.00 225.00  0.00 230.00  0.00 5309.74 
4  95.00  0.00 100.00  0.00 230.00  0.00 235.00  0.00 4666.56 
4  100.00  0.00 105.00  0.00 110.00  0.00 115.00  0.00 739.36 
4  100.00  0.00 105.00  0.00 115.00  0.00 120.00  0.00 1462.12 
4  100.00  0.00 105.00  0.00 120.00  0.00 125.00  0.00 1277.66 
4  100.00  0.00 105.00  0.00 125.00  0.00 130.00  0.00 1822.27 
4  100.00  0.00 105.00  0.00 130.00  0.00 135.00  0.00 2525.65 
4  100.00  0.00 105.00  0.00 135.00  0.00 140.00  0.00 3088.80 
4  100.00  0.00 105.00  0.00 140.00  0.00 145.00  0.00 3106.15 
4  100.00  0.00 105.00  0.00 145.00  0.00 150.00  0.00 2780.43 
4  100.00  0.00 105.00  0.00 150.00  0.00 155.00  0.00 2429.47 
4  100.00  0.00 105.00  0.00 155.00  0.00 160.00  0.00 2778.98 
4  100.00  0.00 105.00  0.00 160.00  0.00 165.00  0.00 3334.36 
4  100.00  0.00 105.00  0.00 165.00  0.00 170.00  0.00 3598.67 
4  100.00  0.00 105.00  0.00 170.00  0.00 175.00  0.00 3180.57 
4  100.00  0.00 105.00  0.00 175.00  0.00 180.00  0.00 3263.29 
4  100.00  0.00 105.00  0.00 180.00  0.00 185.00  0.00 3962.02 
4  100.00  0.00 105.00  0.00 185.00  0.00 190.00  0.00 4870.27 
4  100.00  0.00 105.00  0.00 190.00  0.00 195.00  0.00 4751.66 
4  100.00  0.00 105.00  0.00 195.00  0.00 200.00  0.00 4317.06 
4  100.00  0.00 105.00  0.00 200.00  0.00 205.00  0.00 4214.35 
4  100.00  0.00 105.00  0.00 205.00  0.00 210.00  0.00 4641.37 
4  100.00  0.00 105.00  0.00 210.00  0.00 215.00  0.00 4701.22 
4  100.00  0.00 105.00  0.00 215.00  0.00 220.00  0.00 4719.29 
4  100.00  0.00 105.00  0.00 220.00  0.00 225.00  0.00 5177.16 
4  100.00  0.00 105.00  0.00 225.00  0.00 230.00  0.00 5449.47 
4  100.00  0.00 105.00  0.00 230.00  0.00 235.00  0.00 5266.87 
4  105.00  0.00 110.00  0.00 115.00  0.00 120.00  0.00 828.05 
4  105.00  0.00 110.00  0.00 120.00  0.00 125.00  0.00 806.66 
4  105.00  0.00 110.00  0.00 125.00  0.00 130.00  0.00 1230.46 
4  105.00  0.00 110.00  0.00 130.00  0.00 135.00  0.00 1818.58 
4  105.00  0.00 110.00  0.00 135.00  0.00 140.00  0.00 2297.71 
4  105.00  0.00 110.00  0.00 140.00  0.00 145.00  0.00 2351.85 
4  105.00  0.00 110.00  0.00 145.00  0.00 150.00  0.00 2164.92 
4  105.00  0.00 110.00  0.00 150.00  0.00 155.00  0.00 1933.44 
4  105.00  0.00 110.00  0.00 155.00  0.00 160.00  0.00 2246.76 
4  105.00  0.00 110.00  0.00 160.00  0.00 165.00  0.00 2729.83 
4  105.00  0.00 110.00  0.00 165.00  0.00 170.00  0.00 2973.90 
4  105.00  0.00 110.00  0.00 170.00  0.00 175.00  0.00 2697.05 
4  105.00  0.00 110.00  0.00 175.00  0.00 180.00  0.00 2785.99 
4  105.00  0.00 110.00  0.00 180.00  0.00 185.00  0.00 3350.38 
4  105.00  0.00 110.00  0.00 185.00  0.00 190.00  0.00 4212.45 
4  105.00  0.00 110.00  0.00 190.00  0.00 195.00  0.00 4102.34 
4  105.00  0.00 110.00  0.00 195.00  0.00 200.00  0.00 3721.73 
4  105.00  0.00 110.00  0.00 200.00  0.00 205.00  0.00 3676.28 
4  105.00  0.00 110.00  0.00 205.00  0.00 210.00  0.00 4161.05 
4  105.00  0.00 110.00  0.00 210.00  0.00 215.00  0.00 4161.76 
4  105.00  0.00 110.00  0.00 215.00  0.00 220.00  0.00 4159.46 
4  105.00  0.00 110.00  0.00 220.00  0.00 225.00  0.00 4605.52 
4  105.00  0.00 110.00  0.00 225.00  0.00 230.00  0.00 4742.95 
4  105.00  0.00 110.00  0.00 230.00  0.00 235.00  0.00 4930.79 
4  110.00  0.00 115.00  0.00 120.00  0.00 125.00  0.00 431.74 
4  110.00  0.00 115.00  0.00 125.00  0.00 130.00  0.00 788.79 
4  110.00  0.00 115.00  0.00 130.00  0.00 135.00  0.00 1297.29 
4  110.00  0.00 115.00  0.00 135.00  0.00 140.00  0.00 1706.82 
4  110.00  0.00 115.00  0.00 140.00  0.00 145.00  0.00 1763.81 
4  110.00  0.00 115.00  0.00 145.00  0.00 150.00  0.00 1685.26 
4  110.00  0.00 115.00  0.00 150.00  0.00 155.00  0.00 1548.02 
4  110.00  0.00 115.00  0.00 155.00  0.00 160.00  0.00 1837.89 
4  110.00  0.00 115.00  0.00 160.00  0.00 165.00  0.00 2265.40 
4  110.00  0.00 115.00  0.00 165.00  0.00 170.00  0.00 2510.17 
4  110.00  0.00 115.00  0.00 170.00  0.00 175.00  0.00 2272.58 
4  110.00  0.00 115.00  0.00 175.00  0.00 180.00  0.00 2400.87 
4  110.00  0.00 115.00  0.00 180.00  0.00 185.00  0.00 2844.39 
4  110.00  0.00 115.00  0.00 185.00  0.00 190.00  0.00 3549.38 
4  110.00  0.00 115.00  0.00 190.00  0.00 195.00  0.00 3597.91 
4  110.00  0.00 115.00  0.00 195.00  0.00 200.00  0.00 3307.41 
4  110.00  0.00 115.00  0.00 200.00  0.00 205.00  0.00 3272.87 
4  110.00  0.00 115.00  0.00 205.00  0.00 210.00  0.00 3658.41 
4  110.00  0.00 115.00  0.00 210.00  0.00 215.00  0.00 3741.69 
4  110.00  0.00 115.00  0.00 215.00  0.00 220.00  0.00 3644.39 
4  110.00  0.00 115.00  0.00 220.00  0.00 225.00  0.00 4386.72 
4  110.00  0.00 115.00  0.00 225.00  0.00 230.00  0.00 4102.29 
4  110.00  0.00 115.00  0.00 230.00  0.00 235.00  0.00 4855.06 
4  115.00  0.00 120.00  0.00 125.00  0.00 130.00  0.00 744.56 
4  115.00  0.00 120.00  0.00 130.00  0.00 135.00  0.00 1441.09 
4  115.00  0.00 120.00  0.00 135.00  0.00 140.00  0.00 2007.95 
4  115.00  0.00 120.00  0.00 140.00  0.00 145.00  0.00 2057.34 
4  115.00  0.00 120.00  0.00 145.00  0.00 150.00  0.00 2017.51 
4  115.00  0.00 120.00  0.00 150.00  0.00 155.00  0.00 1873.19 
4  115.00  0.00 120.00  0.00 155.00  0.00 160.00  0.00 2230.17 
4  115.00  0.00 120.00  0.00 160.00  0.00 165.00  0.00 2764.94 
4  115.00  0.00 120.00  0.00 165.00  0.00 170.00  0.00 3048.66 
4  115.00  0.00 120.00  0.00 170.00  0.00 175.00  0.00 2805.75 
4  115.00  0.00 120.00  0.00 175.00  0.00 180.00  0.00 2905.43 
4  115.00  0.00 120.00  0.00 180.00  0.00 185.00  0.00 3564.55 
4  115.00  0.00 120.00  0.00 185.00  0.00 190.00  0.00 4451.64 
4  115.00  0.00 120.00  0.00 190.00  0.00 195.00  0.00 4510.17 
4  115.00  0.00 120.00  0.00 195.00  0.00 200.00  0.00 4136.52 
4  115.00  0.00 120.00  0.00 200.00  0.00 205.00  0.00 4111.94 
4  115.00  0.00 120.00  0.00 205.00  0.00 210.00  0.00 4682.50 
4  115.00  0.00 120.00  0.00 210.00  0.00 215.00  0.00 4667.34 
4  115.00  0.00 120.00  0.00 215.00  0.00 220.00  0.00 4667.17 
4  115.00  0.00 120.00  0.00 220.00  0.00 225.00  0.00 5115.47 
4  115.00  0.00 120.00  0.00 225.00  0.00 230.00  0.00 5221.37 
4  115.00  0.00 120.00  0.00 230.00  0.00 235.00  0.00 6838.21 
4  120.00  0.00 125.00  0.00 130.00  0.00 135.00  0.00 654.02 
4  120.00  0.00 125.00  0.00 135.00  0.00 140.00  0.00 1040.76 
4  120.00  0.00 125.00  0.00 140.00  0.00 145.00  0.00 1175.32 
4  120.00  0.00 125.00  0.00 145.00  0.00 150.00  0.00 1174.51 
4  120.00  0.00 125.00  0.00 150.00  0.00 155.00  0.00 1098.72 
4  120.00  0.00 125.00  0.00 155.00  0.00 160.00  0.00 1305.07 
4  120.00  0.00 125.00  0.00 160.00  0.00 165.00  0.00 1664.65 
4  120.00  0.00 125.00  0.00 165.00  0.00 170.00  0.00 1825.43 
4  120.00  0.00 125.00  0.00 170.00  0.00 175.00  0.00 1710.46 
4  120.00  0.00 125.00  0.00 175.00  0.00 180.00  0.00 1789.85 
4  120.00  0.00 125.00  0.00 180.00  0.00 185.00  0.00 2132.77 
4  120.00  0.00 125.00  0.00 185.00  0.00 190.00  0.00 2673.57 
4  120.00  0.00 125.00  0.00 190.00  0.00 195.00  0.00 2767.17 
4  120.00  0.00 125.00  0.00 195.00  0.00 200.00  0.00 2527.85 
4  120.00  0.00 125.00  0.00 200.00  0.00 205.00  0.00 2525.89 
4  120.00  0.00 125.00  0.00 205.00  0.00 210.00  0.00 2797.05 
4  120.00  0.00 125.00  0.00 210.00  0.00 215.00  0.00 2933.71 
4  120.00  0.00 125.00  0.00 215.00  0.00 220.00  0.00 3018.66 
4  120.00  0.00 125.00  0.00 220.00  0.00 225.00  0.00 3699.62 
4  120.00  0.00 125.00  0.00 225.00  0.00 230.00  0.00 3575.34 
4  120.00  0.00 125.00  0.00 230.00  0.00 235.00  0.00 3536.05 
4  125.00  0.00 130.00  0.00 135.00  0.00 140.00  0.00 806.32 
4  125.00  0.00 130.00  0.00 140.00  0.00 145.00  0.00 994.74 
4  125.00  0.00 130.00  0.00 145.00  0.00 150.00  0.00 1095.64 
4  125.00  0.00 130.00  0.00 150.00  0.00 155.00  0.00 1084.49 
4  125.00  0.00 130.00  0.00 155.00  0.00 160.00  0.00 1331.10 
4  125.00  0.00 130.00  0.00 160.00  0.00 165.00  0.00 1692.43 
4  125.00  0.00 130.00  0.00 165.00  0.00 170.00  0.00 1918.55 
4  125.00  0.00 130.00  0.00 170.00  0.00 175.00  0.00 1801.58 
4  125.00  0.00 130.00  0.00 175.00  0.00 180.00  0.00 1882.69 
4  125.00  0.00 130.00  0.00 180.00  0.00 185.00  0.00 2286.46 
4  125.00  0.00 130.00  0.00 185.00  0.00 190.00  0.00 2900.38 
4  125.00  0.00 130.00  0.00 190.00  0.00 195.00  0.00 2938.84 
4  125.00  0.00 130.00  0.00 195.00  0.00 200.00  0.00 2743.78 
4  125.00  0.00 130.00  0.00 200.00  0.00 205.00  0.00 2767.88 
4  125.00  0.00 130.00  0.00 205.00  0.00 210.00  0.00 3149.50 
4  125.00  0.00 130.00  0.00 210.00  0.00 215.00  0.00 3160.74 
4  125.00  0.00 130.00  0.00 215.00  0.00 220.00  0.00 3256.79 
4  125.00  0.00 130.00  0.00 220.00  0.00 225.00  0.00 3566.18 
4  125.00  0.00 130.00  0.00 225.00  0.00 230.00  0.00 3715.96 
4  125.00  0.00 130.00  0.00 230.00  0.00 235.00  0.00 4364.91 
4  130.00  0.00 135.00  0.00 140.00  0.00 145.00  0.00 622.34 
4  130.00  0.00 135.00  0.00 145.00  0.00 150.00  0.00 825.69 
4  130.00  0.00 135.00  0.00 150.00  0.00 155.00  0.00 875.50 
4  130.00  0.00 135.00  0.00 155.00  0.00 160.00  0.00 1121.48 
4  130.00  0.00 135.00  0.00 160.00  0.00 165.00  0.00 1505.05 
4  130.00  0.00 135.00  0.00 165.00  0.00 170.00  0.00 1735.43 
4  130.00  0.00 135.00  0.00 170.00  0.00 175.00  0.00 1660.58 
4  130.00  0.00 135.00  0.00 175.00  0.00 180.00  0.00 1779.83 
4  130.00  0.00 135.00  0.00 180.00  0.00 185.00  0.00 2135.66 
4  130.00  0.00 135.00  0.00 185.00  0.00 190.00  0.00 2765.81 
4  130.00  0.00 135.00  0.00 190.00  0.00 195.00  0.00 2817.21 
4  130.00  0.00 135.00  0.00 195.00  0.00 200.00  0.00 2642.24 
4  130.00  0.00 135.00  0.00 200.00  0.00 205.00  0.00 2658.87 
4  130.00  0.00 135.00  0.00 205.00  0.00 210.00  0.00 3042.65 
4  130.00  0.00 135.00  0.00 210.00  0.00 215.00  0.00 3049.28 
4  130.00  0.00 135.00  0.00 215.00  0.00 220.00  0.00 3153.15 
4  130.00  0.00 135.00  0.00 220.00  0.00 225.00  0.00 3461.70 
4  130.00  0.00 135.00  0.00 225.00  0.00 230.00  0.00 3788.01 
4  130.00  0.00 135.00  0.00 230.00  0.00 235.00  0.00 3942.54 
4  135.00  0.00 140.00  0.00 145.00  0.00 150.00  0.00 526.89 
4  135.00  0.00 140.00  0.00 150.00  0.00 155.00  0.00 661.90 
4  135.00  0.00 140.00  0.00 155.00  0.00 160.00  0.00 913.34 
4  135.00  0.00 140.00  0.00 160.00  0.00 165.00  0.00 1293.93 
4  135.00  0.00 140.00  0.00 165.00  0.00 170.00  0.00 1534.02 
4  135.00  0.00 140.00  0.00 170.00  0.00 175.00  0.00 1518.33 
4  135.00  0.00 140.00  0.00 175.00  0.00 180.00  0.00 1641.25 
4  135.00  0.00 140.00  0.00 180.00  0.00 185.00  0.00 1961.27 
4  135.00  0.00 140.00  0.00 185.00  0.00 190.00  0.00 2598.51 
4  135.00  0.00 140.00  0.00 190.00  0.00 195.00  0.00 2637.83 
4  135.00  0.00 140.00  0.00 195.00  0.00 200.00  0.00 2496.42 
4  135.00  0.00 140.00  0.00 200.00  0.00 205.00  0.00 2509.56 
4  135.00  0.00 140.00  0.00 205.00  0.00 210.00  0.00 2890.27 
4  135.00  0.00 140.00  0.00 210.00  0.00 215.00  0.00 2883.68 
4  135.00  0.00 140.00  0.00 215.00  0.00 220.00  0.00 3091.52 
4  135.00  0.00 140.00  0.00 220.00  0.00 225.00  0.00 3281.24 
4  135.00  0.00 140.00  0.00 225.00  0.00 230.00  0.00 3958.42 
4  135.00  0.00 140.00  0.00 230.00  0.00 235.00  0.00 3156.97 
4  140.00  0.00 145.00  0.00 150.00  0.00 155.00  0.00 349.48 
4  140.00  0.00 145.00  0.00 155.00  0.00 160.00  0.00 566.91 
4  140.00  0.00 145.00  0.00 160.00  0.00 165.00  0.00 851.67 
4  140.00  0.00 145.00  0.00 165.00  0.00 170.00  0.00 1083.20 
4  140.00  0.00 145.00  0.00 170.00  0.00 175.00  0.00 1102.40 
4  140.00  0.00 145.00  0.00 175.00  0.00 180.00  0.00 1209.74 
4  140.00  0.00 145.00  0.00 180.00  0.00 185.00  0.00 1513.48 
4  140.00  0.00 145.00  0.00 185.00  0.00 190.00  0.00 1954.17 
4  140.00  0.00 145.00  0.00 190.00  0.00 195.00  0.00 2000.94 
4  140.00  0.00 145.00  0.00 195.00  0.00 200.00  0.00 1967.14 
4  140.00  0.00 145.00  0.00 200.00  0.00 205.00  0.00 2050.49 
4  140.00  0.00 145.00  0.00 205.00  0.00 210.00  0.00 2374.05 
4  140.00  0.00 145.00  0.00 210.00  0.00 215.00  0.00 2351.34 
4  140.00  0.00 145.00  0.00 215.00  0.00 220.00  0.00 2449.00 
4  140.00  0.00 145.00  0.00 220.00  0.00 225.00  0.00 2758.53 
4  140.00  0.00 145.00  0.00 225.00  0.00 230.00  0.00 3070.68 
4  140.00  0.00 145.00  0.00 230.00  0.00 235.00  0.00 3219.78 
4  145.00  0.00 150.00  0.00 155.00  0.00 160.00  0.00 262.22 
4  145.00  0.00 150.00  0.00 160.00  0.00 165.00  0.00 470.73 
4  145.00  0.00 150.00  0.00 165.00  0.00 170.00  0.00 637.00 
4  145.00  0.00 150.00  0.00 170.00  0.00 175.00  0.00 687.77 
4  145.00  0.00 150.00  0.00 175.00  0.00 180.00  0.00 782.13 
4  145.00  0.00 150.00  0.00 180.00  0.00 185.00  0.00 960.86 
4  145.00  0.00 150.00  0.00 185.00  0.00 190.00  0.00 1293.99 
4  145.00  0.00 150.00  0.00 190.00  0.00 195.00  0.00 1346.35 
4  145.00  0.00 150.00  0.00 195.00  0.00 200.00  0.00 1310.12 
4  145.00  0.00 150.00  0.00 200.00  0.00 205.00  0.00 1353.20 
4  145.00  0.00 150.00  0.00 205.00  0.00 210.00  0.00 1565.52 
4  145.00  0.00 150.00  0.00 210.00  0.00 215.00  0.00 1568.79 
4  145.00  0.00 150.00  0.00 215.00  0.00 220.00  0.00 1641.59 
4  145.00  0.00 150.00  0.00 220.00  0.00 225.00  0.00 1818.48 
4  145.00  0.00 150.00  0.00 225.00  0.00 230.00  0.00 2046.80 
4  145.00  0.00 150.00  0.00 230.00  0.00 235.00  0.00 2053.41 
4  150.00  0.00 155.00  0.00 160.00  0.00 165.00  0.00 244.42 
4  150.00  0.00 155.00  0.00 165.00  0.00 170.00  0.00 378.52 
4  150.00  0.00 155.00  0.00 170.00  0.00 175.00  0.00 436.15 
4  150.00  0.00 155.00  0.00 175.00  0.00 180.00  0.00 514.75 
4  150.00  0.00 155.00  0.00 180.00  0.00 185.00  0.00 625.74 
4  150.00  0.00 155.00  0.00 185.00  0.00 190.00  0.00 865.95 
4  150.00  0.00 155.00  0.00 190.00  0.00 195.00  0.00 914.43 
4  150.00  0.00 155.00  0.00 195.00  0.00 200.00  0.00 888.77 
4  150.00  0.00 155.00  0.00 200.00  0.00 205.00  0.00 915.88 
4  150.00  0.00 155.00  0.00 205.00  0.00 210.00  0.00 1054.89 
4  150.00  0.00 155.00  0.00 210.00  0.00 215.00  0.00 1068.89 
4  150.00  0.00 155.00  0.00 215.00  0.00 220.00  0.00 1115.84 
4  150.00  0.00 155.00  0.00 220.00  0.00 225.00  0.00 1239.41 
4  150.00  0.00 155.00  0.00 225.00  0.00 230.00  0.00 1370.93 
4  150.00  0.00 155.00  0.00 230.00  0.00 235.00  0.00 1398.52 
4  155.00  0.00 160.00  0.00 165.00  0.00 170.00  0.00 266.64 
4  155.00  0.00 160.00  0.00 170.00  0.00 175.00  0.00 357.66 
4  155.00  0.00 160.00  0.00 175.00  0.00 180.00  0.00 451.86 
4  155.00  0.00 160.00  0.00 180.00  0.00 185.00  0.00 551.62 
4  155.00  0.00 160.00  0.00 185.00  0.00 190.00  0.00 780.37 
4  155.00  0.00 160.00  0.00 190.00  0.00 195.00  0.00 836.22 
4  155.00  0.00 160.00  0.00 195.00  0.00 200.00  0.00 822.70 
4  155.00  0.00 160.00  0.00 200.00  0.00 205.00  0.00 852.48 
4  155.00  0.00 160.00  0.00 205.00  0.00 210.00  0.00 980.56 
4  155.00  0.00 160.00  0.00 210.00  0.00 215.00  0.00 994.85 
4  155.00  0.00 160.00  0.00 215.00  0.00 220.00  0.00 1039.22 
4  155.00  0.00 160.00  0.00 220.00  0.00 225.00  0.00 1152.58 
4  155.00  0.00 160.00  0.00 225.00  0.00 230.00  0.00 1283.90 
4  155.00  0.00 160.00  0.00 230.00  0.00 235.00  0.00 1309.05 
4  160.00  0.00 165.00  0.00 170.00  0.00 175.00  0.00 264.38 
4  160.00  0.00 165.00  0.00 175.00  0.00 180.00  0.00 397.26 
4  160.00  0.00 165.00  0.00 180.00  0.00 185.00  0.00 512.70 
4  160.00  0.00 165.00  0.00 185.00  0.00 190.00  0.00 727.98 
4  160.00  0.00 165.00  0.00 190.00  0.00 195.00  0.00 795.37 
4  160.00  0.00 165.00  0.00 195.00  0.00 200.00  0.00 822.37 
4  160.00  0.00 165.00  0.00 200.00  0.00 205.00  0.00 877.14 
4  160.00  0.00 165.00  0.00 205.00  0.00 210.00  0.00 1021.76 
4  160.00  0.00 165.00  0.00 210.00  0.00 215.00  0.00 1019.85 
4  160.00  0.00 165.00  0.00 215.00  0.00 220.00  0.00 1074.04 
4  160.00  0.00 165.00  0.00 220.00  0.00 225.00  0.00 1219.67 
4  160.00  0.00 165.00  0.00 225.00  0.00 230.00  0.00 1394.75 
4  160.00  0.00 165.00  0.00 230.00  0.00 235.00  0.00 1489.15 
4  165.00  0.00 170.00  0.00 175.00  0.00 180.00  0.00 268.11 
4  165.00  0.00 170.00  0.00 180.00  0.00 185.00  0.00 380.20 
4  165.00  0.00 170.00  0.00 185.00  0.00 190.00  0.00 601.34 
4  165.00  0.00 170.00  0.00 190.00  0.00 195.00  0.00 691.80 
4  165.00  0.00 170.00  0.00 195.00  0.00 200.00  0.00 718.16 
4  165.00  0.00 170.00  0.00 200.00  0.00 205.00  0.00 766.03 
4  165.00  0.00 170.00  0.00 205.00  0.00 210.00  0.00 888.88 
4  165.00  0.00 170.00  0.00 210.00  0.00 215.00  0.00 909.20 
4  165.00  0.00 170.00  0.00 215.00  0.00 220.00  0.00 954.27 
4  165.00  0.00 170.00  0.00 220.00  0.00 225.00  0.00 1068.98 
4  165.00  0.00 170.00  0.00 225.00  0.00 230.00  0.00 1203.40 
4  165.00  0.00 170.00  0.00 230.00  0.00 235.00  0.00 1240.25 
4  170.00  0.00 175.00  0.00 180.00  0.00 185.00  0.00 191.07 
4  170.00  0.00 175.00  0.00 185.00  0.00 190.00  0.00 365.27 
4  170.00  0.00 175.00  0.00 190.00  0.00 195.00  0.00 458.77 
4  170.00  0.00 175.00  0.00 195.00  0.00 200.00  0.00 502.11 
4  170.00  0.00 175.00  0.00 200.00  0.00 205.00  0.00 552.66 
4  170.00  0.00 175.00  0.00 205.00  0.00 210.00  0.00 651.11 
4  170.00  0.00 175.00  0.00 210.00  0.00 215.00  0.00 674.77 
4  170.00  0.00 175.00  0.00 215.00  0.00 220.00  0.00 713.18 
4  170.00  0.00 175.00  0.00 220.00  0.00 225.00  0.00 805.30 
4  170.00  0.00 175.00  0.00 225.00  0.00 230.00  0.00 910.60 
4  170.00  0.00 175.00  0.00 230.00  0.00 235.00  0.00 945.17 
4  175.00  0.00 180.00  0.00 185.00  0.00 190.00  0.00 239.22 
4  175.00  0.00 180.00  0.00 190.00  0.00 195.00  0.00 363.16 
4  175.00  0.00 180.00  0.00 195.00  0.00 200.00  0.00 434.42 
4  175.00  0.00 180.00  0.00 200.00  0.00 205.00  0.00 501.14 
4  175.00  0.00 180.00  0.00 205.00  0.00 210.00  0.00 600.77 
4  175.00  0.00 180.00  0.00 210.00  0.00 215.00  0.00 626.21 
4  175.00  0.00 180.00  0.00 215.00  0.00 220.00  0.00 667.73 
4  175.00  0.00 180.00  0.00 220.00  0.00 225.00  0.00 761.51 
4  175.00  0.00 180.00  0.00 225.00  0.00 230.00  0.00 875.84 
4  175.00  0.00 180.00  0.00 230.00  0.00 235.00  0.00 921.66 
4  180.00  0.00 185.00  0.00 190.00  0.00 195.00  0.00 278.48 
4  180.00  0.00 185.00  0.00 195.00  0.00 200.00  0.00 408.59 
4  180.00  0.00 185.00  0.00 200.00  0.00 205.00  0.00 517.55 
4  180.00  0.00 185.00  0.00 205.00  0.00 210.00  0.00 647.74 
4  180.00  0.00 185.00  0.00 210.00  0.00 215.00  0.00 704.38 
4  180.00  0.00 185.00  0.00 215.00  0.00 220.00  0.00 757.54 
4  180.00  0.00 185.00  0.00 220.00  0.00 225.00  0.00 866.52 
4  180.00  0.00 185.00  0.00 225.00  0.00 230.00  0.00 983.68 
4  180.00  0.00 185.00  0.00 230.00  0.00 235.00  0.00 1010.49 
4  185.00  0.00 190.00  0.00 195.00  0.00 200.00  0.00 254.93 
4  185.00  0.00 190.00  0.00 200.00  0.00 205.00  0.00 404.15 
4  185.00  0.00 190.00  0.00 205.00  0.00 210.00  0.00 558.76 
4  185.00  0.00 190.00  0.00 210.00  0.00 215.00  0.00 646.20 
4  185.00  0.00 190.00  0.00 215.00  0.00 220.00  0.00 725.93 
4  185.00  0.00 190.00  0.00 220.00  0.00 225.00  0.00 861.04 
4  185.00  0.00 190.00  0.00 225.00  0.00 230.00  0.00 1004.19 
4  185.00  0.00 190.00  0.00 230.00  0.00 235.00  0.00 1074.01 
4  190.00  0.00 195.00  0.00 200.00  0.00 205.00  0.00 237.86 
4  190.00  0.00 195.00  0.00 205.00  0.00 210.00  0.00 388.91 
4  190.00  0.00 195.00  0.00 210.00  0.00 215.00  0.00 486.63 
4  190.00  0.00 195.00  0.00 215.00  0.00 220.00  0.00 571.64 
4  190.00  0.00 195.00  0.00 220.00  0.00 225.00  0.00 701.78 
4  190.00  0.00 195.00  0.00 225.00  0.00 230.00  0.00 850.39 
4  190.00  0.00 195.00  0.00 230.00  0.00 235.00  0.00 902.40 
4  195.00  0.00 200.00  0.00 205.00  0.00 210.00  0.00 213.67 
4  195.00  0.00 200.00  0.00 210.00  0.00 215.00  0.00 329.45 
4  195.00  0.00 200.00  0.00 215.00  0.00 220.00  0.00 416.34 
4  195.00  0.00 200.00  0.00 220.00  0.00 225.00  0.00 530.88 
4  195.00  0.00 200.00  0.00 225.00  0.00 230.00  0.00 645.15 
4  195.00  0.00 200.00  0.00 230.00  0.00 235.00  0.00 674.50 
4  200.00  0.00 205.00  0.00 210.00  0.00 215.00  0.00 221.87 
4  200.00  0.00 205.00  0.00 215.00  0.00 220.00  0.00 331.29 
4  200.00  0.00 205.00  0.00 220.00  0.00 225.00  0.00 455.41 
4  200.00  0.00 205.00  0.00 225.00  0.00 230.00  0.00 573.26 
4  200.00  0.00 205.00  0.00 230.00  0.00 235.00  0.00 593.85 
4  205.00  0.00 210.00  0.00 215.00  0.00 220.00  0.00 252.00 
4  205.00  0.00 210.00  0.00 220.00  0.00 225.00  0.00 419.37 
4  205.00  0.00 210.00  0.00 225.00  0.00 230.00  0.00 580.04 
4  205.00  0.00 210.00  0.00 230.00  0.00 235.00  0.00 628.91 
4  210.00  0.00 215.00  0.00 220.00  0.00 225.00  0.00 275.15 
4  210.00  0.00 215.00  0.00 225.00  0.00 230.00  0.00 463.96 
4  210.00  0.00 215.00  0.00 230.00  0.00 235.00  0.00 564.56 
4  215.00  0.00 220.00  0.00 225.00  0.00 230.00  0.00 331.54 
4  215.00  0.00 220.00  0.00 230.00  0.00 235.00  0.00 463.15 
4  220.00  0.00 225.00  0.00 230.00  0.00 235.00  0.00 320.12 
4  220.00  0.00 225.00  0.00 230.00  0.00 235.00  0.00 365.14 
4  125.00  0.00 130.00  0.00 210.00  0.00 215.00  0.00 3036.06 
4  130.00  0.00 135.00  0.00 210.00  0.00 215.00  0.00 3275.78 
4  130.00  0.00 135.00  0.00 215.00  0.00 220.00  0.00 3241.32 
4  135.00  0.00 140.00  0.00 210.00  0.00 215.00  0.00 3108.18 
4  135.00  0.00 140.00  0.00 215.00  0.00 220.00  0.00 3060.12 
4  135.00  0.00 140.00  0.00 220.00  0.00 225.00  0.00 3158.35 
4  140.00  0.00 145.00  0.00 210.00  0.00 215.00  0.00 3007.25 
4  140.00  0.00 145.00  0.00 215.00  0.00 220.00  0.00 2944.11 
4  140.00  0.00 145.00  0.00 220.00  0.00 225.00  0.00 3143.61 
4  140.00  0.00 145.00  0.00 225.00  0.00 230.00  0.00 3341.88 
4  145.00  0.00 150.00  0.00 210.00  0.00 215.00  0.00 2476.46 
4  145.00  0.00 150.00  0.00 215.00  0.00 220.00  0.00 2405.72 
4  145.00  0.00 150.00  0.00 220.00  0.00 225.00  0.00 2518.14 
4  145.00  0.00 150.00  0.00 225.00  0.00 230.00  0.00 2774.86 
4  145.00  0.00 150.00  0.00 230.00  0.00 235.00  0.00 3179.05 
4  150.00  0.00 155.00  0.00 210.00  0.00 215.00  0.00 1599.24 
4  150.00  0.00 155.00  0.00 215.00  0.00 220.00  0.00 1579.15 
4  150.00  0.00 155.00  0.00 220.00  0.00 225.00  0.00 1650.31 
4  150.00  0.00 155.00  0.00 225.00  0.00 230.00  0.00 1809.95 
4  150.00  0.00 155.00  0.00 230.00  0.00 235.00  0.00 2024.23 
4  150.00  0.00 155.00  0.00 235.00  0.00 240.00  0.00 2014.47 
4  155.00  0.00 160.00  0.00 210.00  0.00 215.00  0.00 1097.72 
4  155.00  0.00 160.00  0.00 215.00  0.00 220.00  0.00 1093.41 
4  155.00  0.00 160.00  0.00 220.00  0.00 225.00  0.00 1140.99 
4  155.00  0.00 160.00  0.00 225.00  0.00 230.00  0.00 1250.49 
4  155.00  0.00 160.00  0.00 230.00  0.00 235.00  0.00 1390.62 
4  155.00  0.00 160.00  0.00 235.00  0.00 240.00  0.00 1373.47 
4  155.00  0.00 160.00  0.00 240.00  0.00 245.00  0.00 2093.44 
4  160.00  0.00 165.00  0.00 210.00  0.00 215.00  0.00 1028.56 
4  160.00  0.00 165.00  0.00 215.00  0.00 220.00  0.00 1026.42 
4  160.00  0.00 165.00  0.00 220.00  0.00 225.00  0.00 1067.06 
4  160.00  0.00 165.00  0.00 225.00  0.00 230.00  0.00 1176.53 
4  160.00  0.00 165.00  0.00 230.00  0.00 235.00  0.00 1297.47 
4  160.00  0.00 165.00  0.00 235.00  0.00 240.00  0.00 1329.52 
4  160.00  0.00 165.00  0.00 240.00  0.00 245.00  0.00 1960.66 
4  160.00  0.00 165.00  0.00 245.00  0.00 250.00  0.00 1978.47 
4  165.00  0.00 170.00  0.00 210.00  0.00 215.00  0.00 1075.12 
4  165.00  0.00 170.00  0.00 215.00  0.00 220.00  0.00 1057.64 
4  165.00  0.00 170.00  0.00 220.00  0.00 225.00  0.00 1108.90 
4  165.00  0.00 170.00  0.00 225.00  0.00 230.00  0.00 1249.56 
4  165.00  0.00 170.00  0.00 230.00  0.00 235.00  0.00 1415.77 
4  165.00  0.00 170.00  0.00 235.00  0.00 240.00  0.00 1508.38 
4  165.00  0.00 170.00  0.00 240.00  0.00 245.00  0.00 2259.27 
4  165.00  0.00 170.00  0.00 245.00  0.00 250.00  0.00 2211.04 
4  165.00  0.00 170.00  0.00 250.00  0.00 255.00  0.00 3363.77 
4  170.00  0.00 175.00  0.00 210.00  0.00 215.00  0.00 939.59 
4  170.00  0.00 175.00  0.00 215.00  0.00 220.00  0.00 946.17 
4  170.00  0.00 175.00  0.00 220.00  0.00 225.00  0.00 989.08 
4  170.00  0.00 175.00  0.00 225.00  0.00 230.00  0.00 1101.64 
4  170.00  0.00 175.00  0.00 230.00  0.00 235.00  0.00 1226.57 
4  170.00  0.00 175.00  0.00 235.00  0.00 240.00  0.00 1268.24 
4  170.00  0.00 175.00  0.00 240.00  0.00 245.00  0.00 1883.35 
4  170.00  0.00 175.00  0.00 245.00  0.00 250.00  0.00 1861.33 
4  170.00  0.00 175.00  0.00 250.00  0.00 255.00  0.00 2839.00 
4  170.00  0.00 175.00  0.00 255.00  0.00 260.00  0.00 3069.26 
4  175.00  0.00 180.00  0.00 210.00  0.00 215.00  0.00 690.37 
4  175.00  0.00 180.00  0.00 215.00  0.00 220.00  0.00 705.75 
4  175.00  0.00 180.00  0.00 220.00  0.00 225.00  0.00 743.22 
4  175.00  0.00 180.00  0.00 225.00  0.00 230.00  0.00 832.36 
4  175.00  0.00 180.00  0.00 230.00  0.00 235.00  0.00 930.87 
4  175.00  0.00 180.00  0.00 235.00  0.00 240.00  0.00 965.57 
4  175.00  0.00 180.00  0.00 240.00  0.00 245.00  0.00 1429.54 
4  175.00  0.00 180.00  0.00 245.00  0.00 250.00  0.00 1414.37 
4  175.00  0.00 180.00  0.00 250.00  0.00 255.00  0.00 2162.53 
4  175.00  0.00 180.00  0.00 255.00  0.00 260.00  0.00 2341.79 
4  175.00  0.00 180.00  0.00 260.00  0.00 265.00  0.00 3615.41 
4  180.00  0.00 185.00  0.00 210.00  0.00 215.00  0.00 629.33 
4  180.00  0.00 185.00  0.00 215.00  0.00 220.00  0.00 646.76 
4  180.00  0.00 185.00  0.00 220.00  0.00 225.00  0.00 687.58 
4  180.00  0.00 185.00  0.00 225.00  0.00 230.00  0.00 780.73 
4  180.00  0.00 185.00  0.00 230.00  0.00 235.00  0.00 886.76 
4  180.00  0.00 185.00  0.00 235.00  0.00 240.00  0.00 937.40 
4  180.00  0.00 185.00  0.00 240.00  0.00 245.00  0.00 1399.12 
4  180.00  0.00 185.00  0.00 245.00  0.00 250.00  0.00 1360.45 
4  180.00  0.00 185.00  0.00 250.00  0.00 255.00  0.00 2104.53 
4  180.00  0.00 185.00  0.00 255.00  0.00 260.00  0.00 2235.42 
4  180.00  0.00 185.00  0.00 260.00  0.00 265.00  0.00 3374.64 
4  180.00  0.00 185.00  0.00 265.00  0.00 270.00  0.00 5127.32 
4  185.00  0.00 190.00  0.00 210.00  0.00 215.00  0.00 682.95 
4  185.00  0.00 190.00  0.00 215.00  0.00 220.00  0.00 732.11 
4  185.00  0.00 190.00  0.00 220.00  0.00 225.00  0.00 786.31 
4  185.00  0.00 190.00  0.00 225.00  0.00 230.00  0.00 893.06 
4  185.00  0.00 190.00  0.00 230.00  0.00 235.00  0.00 1002.08 
4  185.00  0.00 190.00  0.00 235.00  0.00 240.00  0.00 1034.67 
4  185.00  0.00 190.00  0.00 240.00  0.00 245.00  0.00 1512.56 
4  185.00  0.00 190.00  0.00 245.00  0.00 250.00  0.00 1481.79 
4  185.00  0.00 190.00  0.00 250.00  0.00 255.00  0.00 2278.85 
4  185.00  0.00 190.00  0.00 255.00  0.00 260.00  0.00 2472.72 
4  185.00  0.00 190.00  0.00 260.00  0.00 265.00  0.00 3765.02 
4  185.00  0.00 190.00  0.00 265.00  0.00 270.00  0.00 5829.97 
4  185.00  0.00 190.00  0.00 270.00  0.00 275.00  0.00 5055.56 
4  190.00  0.00 195.00  0.00 210.00  0.00 215.00  0.00 592.27 
4  190.00  0.00 195.00  0.00 215.00  0.00 220.00  0.00 675.93 
4  190.00  0.00 195.00  0.00 220.00  0.00 225.00  0.00 758.98 
4  190.00  0.00 195.00  0.00 225.00  0.00 230.00  0.00 895.82 
4  190.00  0.00 195.00  0.00 230.00  0.00 235.00  0.00 1029.24 
4  190.00  0.00 195.00  0.00 235.00  0.00 240.00  0.00 1114.21 
4  190.00  0.00 195.00  0.00 240.00  0.00 245.00  0.00 1659.04 
4  190.00  0.00 195.00  0.00 245.00  0.00 250.00  0.00 1621.50 
4  190.00  0.00 195.00  0.00 250.00  0.00 255.00  0.00 2531.78 
4  190.00  0.00 195.00  0.00 255.00  0.00 260.00  0.00 2726.31 
4  190.00  0.00 195.00  0.00 260.00  0.00 265.00  0.00 4096.20 
4  190.00  0.00 195.00  0.00 265.00  0.00 270.00  0.00 6189.74 
4  190.00  0.00 195.00  0.00 270.00  0.00 275.00  0.00 5315.07 
4  190.00  0.00 195.00  0.00 275.00  0.00 280.00  0.00 5499.97 
4  195.00  0.00 200.00  0.00 210.00  0.00 215.00  0.00 405.63 
4  195.00  0.00 200.00  0.00 215.00  0.00 220.00  0.00 501.39 
4  195.00  0.00 200.00  0.00 220.00  0.00 225.00  0.00 589.31 
4  195.00  0.00 200.00  0.00 225.00  0.00 230.00  0.00 718.81 
4  195.00  0.00 200.00  0.00 230.00  0.00 235.00  0.00 863.01 
4  195.00  0.00 200.00  0.00 235.00  0.00 240.00  0.00 913.92 
4  195.00  0.00 200.00  0.00 240.00  0.00 245.00  0.00 1384.72 
4  195.00  0.00 200.00  0.00 245.00  0.00 250.00  0.00 1362.15 
4  195.00  0.00 200.00  0.00 250.00  0.00 255.00  0.00 2156.87 
4  195.00  0.00 200.00  0.00 255.00  0.00 260.00  0.00 2329.46 
4  195.00  0.00 200.00  0.00 260.00  0.00 265.00  0.00 3485.45 
4  195.00  0.00 200.00  0.00 265.00  0.00 270.00  0.00 5218.60 
4  195.00  0.00 200.00  0.00 270.00  0.00 275.00  0.00 4477.37 
4  195.00  0.00 200.00  0.00 275.00  0.00 280.00  0.00 4656.17 
4  195.00  0.00 200.00  0.00 280.00  0.00 285.00  0.00 3451.15 
4  200.00  0.00 205.00  0.00 210.00  0.00 215.00  0.00 221.53 
4  200.00  0.00 205.00  0.00 215.00  0.00 220.00  0.00 337.83 
4  200.00  0.00 205.00  0.00 220.00  0.00 225.00  0.00 428.20 
4  200.00  0.00 205.00  0.00 225.00  0.00 230.00  0.00 541.73 
4  200.00  0.00 205.00  0.00 230.00  0.00 235.00  0.00 652.10 
4  200.00  0.00 205.00  0.00 235.00  0.00 240.00  0.00 686.57 
4  200.00  0.00 205.00  0.00 240.00  0.00 245.00  0.00 1009.69 
4  200.00  0.00 205.00  0.00 245.00  0.00 250.00  0.00 997.62 
4  200.00  0.00 205.00  0.00 250.00  0.00 255.00  0.00 1566.99 
4  200.00  0.00 205.00  0.00 255.00  0.00 260.00  0.00 1751.31 
4  200.00  0.00 205.00  0.00 260.00  0.00 265.00  0.00 2672.97 
4  200.00  0.00 205.00  0.00 265.00  0.00 270.00  0.00 4181.48 
4  200.00  0.00 205.00  0.00 270.00  0.00 275.00  0.00 3634.75 
4  200.00  0.00 205.00  0.00 275.00  0.00 280.00  0.00 3775.78 
4  200.00  0.00 205.00  0.00 280.00  0.00 285.00  0.00 2723.70 
4  200.00  0.00 205.00  0.00 285.00  0.00 290.00  0.00 7301.92 
4  205.00  0.00 210.00  0.00 215.00  0.00 220.00  0.00 227.72 
4  205.00  0.00 210.00  0.00 220.00  0.00 225.00  0.00 341.78 
4  205.00  0.00 210.00  0.00 225.00  0.00 230.00  0.00 466.94 
4  205.00  0.00 210.00  0.00 230.00  0.00 235.00  0.00 580.96 
4  205.00  0.00 210.00  0.00 235.00  0.00 240.00  0.00 606.36 
4  205.00  0.00 210.00  0.00 240.00  0.00 245.00  0.00 871.15 
4  205.00  0.00 210.00  0.00 245.00  0.00 250.00  0.00 862.38 
4  205.00  0.00 210.00  0.00 250.00  0.00 255.00  0.00 1332.89 
4  205.00  0.00 210.00  0.00 255.00  0.00 260.00  0.00 1550.87 
4  205.00  0.00 210.00  0.00 260.00  0.00 265.00  0.00 2383.30 
4  205.00  0.00 210.00  0.00 265.00  0.00 270.00  0.00 3914.46 
4  205.00  0.00 210.00  0.00 270.00  0.00 275.00  0.00 3364.91 
4  205.00  0.00 210.00  0.00 275.00  0.00 280.00  0.00 3570.56 
4  205.00  0.00 210.00  0.00 280.00  0.00 285.00  0.00 2422.17 
4  205.00  0.00 210.00  0.00 285.00  0.00 290.00  0.00 6778.58 
4  205.00  0.00 210.00  0.00 290.00  0.00 295.00  0.00 10817.99 
4  210.00  0.00 215.00  0.00 220.00  0.00 225.00  0.00 262.26 
4  210.00  0.00 215.00  0.00 225.00  0.00 230.00  0.00 433.97 
4  210.00  0.00 215.00  0.00 230.00  0.00 235.00  0.00 592.29 
4  210.00  0.00 215.00  0.00 235.00  0.00 240.00  0.00 647.17 
4  210.00  0.00 215.00  0.00 240.00  0.00 245.00  0.00 949.18 
4  210.00  0.00 215.00  0.00 245.00  0.00 250.00  0.00 937.83 
4  210.00  0.00 215.00  0.00 250.00  0.00 255.00  0.00 1464.62 
4  210.00  0.00 215.00  0.00 255.00  0.00 260.00  0.00 1715.64 
4  210.00  0.00 215.00  0.00 260.00  0.00 265.00  0.00 2643.79 
4  210.00  0.00 215.00  0.00 265.00  0.00 270.00  0.00 4315.68 
4  210.00  0.00 215.00  0.00 270.00  0.00 275.00  0.00 3741.23 
4  210.00  0.00 215.00  0.00 275.00  0.00 280.00  0.00 3897.58 
4  210.00  0.00 215.00  0.00 280.00  0.00 285.00  0.00 2755.24 
4  210.00  0.00 215.00  0.00 285.00  0.00 290.00  0.00 7440.36 
4  210.00  0.00 215.00  0.00 290.00  0.00 295.00  0.00 11783.88 
4  210.00  0.00 215.00  0.00 295.00  0.00 300.00  0.00 15724.07 
4  215.00  0.00 220.00  0.00 225.00  0.00 230.00  0.00 282.43 
4  215.00  0.00 220.00  0.00 230.00  0.00 235.00  0.00 467.80 
4  215.00  0.00 220.00  0.00 235.00  0.00 240.00  0.00 572.55 
4  215.00  0.00 220.00  0.00 240.00  0.00 245.00  0.00 892.71 
4  215.00  0.00 220.00  0.00 245.00  0.00 250.00  0.00 899.51 
4  215.00  0.00 220.00  0.00 250.00  0.00 255.00  0.00 1463.65 
4  215.00  0.00 220.00  0.00 255.00  0.00 260.00  0.00 1710.56 
4  215.00  0.00 220.00  0.00 260.00  0.00 265.00  0.00 2571.36 
4  215.00  0.00 220.00  0.00 265.00  0.00 270.00  0.00 4059.17 
4  215.00  0.00 220.00  0.00 270.00  0.00 275.00  0.00 3427.58 
4  215.00  0.00 220.00  0.00 275.00  0.00 280.00  0.00 3671.59 
4  215.00  0.00 220.00  0.00 280.00  0.00 285.00  0.00 2642.72 
4  215.00  0.00 220.00  0.00 285.00  0.00 290.00  0.00 7004.74 
4  215.00  0.00 220.00  0.00 290.00  0.00 295.00  0.00 10605.12 
4  215.00  0.00 220.00  0.00 295.00  0.00 300.00  0.00 14160.33 
4  215.00  0.00 220.00  0.00 300.00  0.00 305.00  0.00 8395.35 
4  220.00  0.00 225.00  0.00 230.00  0.00 235.00  0.00 333.54 
4  220.00  0.00 225.00  0.00 235.00  0.00 240.00  0.00 469.10 
4  220.00  0.00 225.00  0.00 240.00  0.00 245.00  0.00 784.71 
4  220.00  0.00 225.00  0.00 245.00  0.00 250.00  0.00 813.40 
4  220.00  0.00 225.00  0.00 250.00  0.00 255.00  0.00 1369.70 
4  220.00  0.00 225.00  0.00 255.00  0.00 260.00  0.00 1640.65 
4  220.00  0.00 225.00  0.00 260.00  0.00 265.00  0.00 2481.02 
4  220.00  0.00 225.00  0.00 265.00  0.00 270.00  0.00 3920.07 
4  220.00  0.00 225.00  0.00 270.00  0.00 275.00  0.00 3329.92 
4  220.00  0.00 225.00  0.00 275.00  0.00 280.00  0.00 3535.16 
4  220.00  0.00 225.00  0.00 280.00  0.00 285.00  0.00 2648.05 
4  220.00  0.00 225.00  0.00 285.00  0.00 290.00  0.00 6769.77 
4  220.00  0.00 225.00  0.00 290.00  0.00 295.00  0.00 10129.16 
4  220.00  0.00 225.00  0.00 295.00  0.00 300.00  0.00 13511.75 
4  220.00  0.00 225.00  0.00 300.00  0.00 305.00  0.00 8022.08 
4  220.00  0.00 225.00  0.00 305.00  0.00 310.00  0.00 10822.30 
4  225.00  0.00 230.00  0.00 235.00  0.00 240.00  0.00 323.55 
4  225.00  0.00 230.00  0.00 240.00  0.00 245.00  0.00 624.42 
4  225.00  0.00 230.00  0.00 245.00  0.00 250.00  0.00 677.50 
4  225.00  0.00 230.00  0.00 250.00  0.00 255.00  0.00 1201.39 
4  225.00  0.00 230.00  0.00 255.00  0.00 260.00  0.00 1504.07 
4  225.00  0.00 230.00  0.00 260.00  0.00 265.00  0.00 2320.62 
4  225.00  0.00 230.00  0.00 265.00  0.00 270.00  0.00 3779.20 
4  225.00  0.00 230.00  0.00 270.00  0.00 275.00  0.00 3241.97 
4  225.00  0.00 230.00  0.00 275.00  0.00 280.00  0.00 3338.69 
4  225.00  0.00 230.00  0.00 280.00  0.00 285.00  0.00 2685.68 
4  225.00  0.00 230.00  0.00 285.00  0.00 290.00  0.00 6544.44 
4  225.00  0.00 230.00  0.00 290.00  0.00 295.00  0.00 9807.06 
4  225.00  0.00 230.00  0.00 295.00  0.00 300.00  0.00 13058.31 
4  225.00  0.00 230.00  0.00 300.00  0.00 305.00  0.00 7820.68 
4  225.00  0.00 230.00  0.00 305.00  0.00 310.00  0.00 10535.91 
4  225.00  0.00 230.00  0.00 310.00  0.00 315.00  0.00 11341.84 
4  230.00  0.00 235.00  0.00 240.00  0.00 245.00  0.00 487.58 
4  230.00  0.00 235.00  0.00 245.00  0.00 250.00  0.00 557.53 
4  230.00  0.00 235.00  0.00 250.00  0.00 255.00  0.00 1077.77 
4  230.00  0.00 235.00  0.00 255.00  0.00 260.00  0.00 1438.25 
4  230.00  0.00 235.00  0.00 260.00  0.00 265.00  0.00 2218.24 
4  230.00  0.00 235.00  0.00 265.00  0.00 270.00  0.00 3737.47 
4  230.00  0.00 235.00  0.00 270.00  0.00 275.00  0.00 3160.63 
4  230.00  0.00 235.00  0.00 275.00  0.00 280.00  0.00 3432.03 
4  230.00  0.00 235.00  0.00 280.00  0.00 285.00  0.00 2452.39 
4  230.00  0.00 235.00  0.00 285.00  0.00 290.00  0.00 6545.27 
4  230.00  0.00 235.00  0.00 290.00  0.00 295.00  0.00 9551.76 
4  230.00  0.00 235.00  0.00 295.00  0.00 300.00  0.00 12794.68 
4  230.00  0.00 235.00  0.00 300.00  0.00 305.00  0.00 7586.15 
4  230.00  0.00 235.00  0.00 305.00  0.00 310.00  0.00 10458.93 
4  230.00  0.00 235.00  0.00 310.00  0.00 315.00  0.00 11115.35 
4  230.00  0.00 235.00  0.00 315.00  0.00 320.00  0.00 11848.49 
4  235.00  0.00 240.00  0.00 245.00  0.00 250.00  0.00 308.10 
4  235.00  0.00 240.00  0.00 250.00  0.00 255.00  0.00 749.27 
4  235.00  0.00 240.00  0.00 255.00  0.00 260.00  0.00 1135.95 
4  235.00  0.00 240.00  0.00 260.00  0.00 265.00  0.00 1814.65 
4  235.00  0.00 240.00  0.00 265.00  0.00 270.00  0.00 3272.14 
4  235.00  0.00 240.00  0.00 270.00  0.00 275.00  0.00 2825.04 
4  235.00  0.00 240.00  0.00 275.00  0.00 280.00  0.00 3039.53 
4  235.00  0.00 240.00  0.00 280.00  0.00 285.00  0.00 2179.05 
4  235.00  0.00 240.00  0.00 285.00  0.00 290.00  0.00 5626.77 
4  235.00  0.00 240.00  0.00 290.00  0.00 295.00  0.00 8487.95 
4  235.00  0.00 240.00  0.00 295.00  0.00 300.00  0.00 11305.02 
4  235.00  0.00 240.00  0.00 300.00  0.00 305.00  0.00 6789.11 
4  235.00  0.00 240.00  0.00 305.00  0.00 310.00  0.00 9181.59 
4  235.00  0.00 240.00  0.00 310.00  0.00 315.00  0.00 9963.51 
4  235.00  0.00 240.00  0.00 315.00  0.00 320.00  0.00 10534.74 
4  235.00  0.00 240.00  0.00 320.00  0.00 325.00  0.00 11569.64 
4  240.00  0.00 245.00  0.00 250.00  0.00 255.00  0.00 877.64 
4  240.00  0.00 245.00  0.00 255.00  0.00 260.00  0.00 1554.13 
4  240.00  0.00 245.00  0.00 260.00  0.00 265.00  0.00 2842.84 
4  240.00  0.00 245.00  0.00 265.00  0.00 270.00  0.00 4680.58 
4  240.00  0.00 245.00  0.00 270.00  0.00 275.00  0.00 4727.47 
4  240.00  0.00 245.00  0.00 275.00  0.00 280.00  0.00 5.72 
4  240.00  0.00 245.00  0.00 280.00  0.00 285.00  0.00 9376.89 
4  240.00  0.00 245.00  0.00 285.00  0.00 290.00  0.00 11469.43 
4  240.00  0.00 245.00  0.00 290.00  0.00 295.00  0.00 12939.20 
4  240.00  0.00 245.00  0.00 295.00  0.00 300.00  0.00 16600.65 
4  240.00  0.00 245.00  0.00 300.00  0.00 305.00  0.00 9492.15 
4  240.00  0.00 245.00  0.00 305.00  0.00 310.00  0.00 13855.05 
4  240.00  0.00 245.00  0.00 310.00  0.00 315.00  0.00 14059.48 
4  240.00  0.00 245.00  0.00 315.00  0.00 320.00  0.00 15813.63 
4  240.00  0.00 245.00  0.00 320.00  0.00 325.00  0.00 16397.87 
4  240.00  0.00 245.00  0.00 325.00  0.00 330.00  0.00 14430.44 
4  245.00  0.00 250.00  0.00 255.00  0.00 260.00  0.00 1696.06 
4  245.00  0.00 250.00  0.00 260.00  0.00 265.00  0.00 3097.22 
4  245.00  0.00 250.00  0.00 265.00  0.00 270.00  0.00 6639.02 
4  245.00  0.00 250.00  0.00 270.00  0.00 275.00  0.00 5485.33 
4  245.00  0.00 250.00  0.00 275.00  0.00 280.00  0.00 8306.90 
4  245.00  0.00 250.00  0.00 280.00  0.00 285.00  0.00 1548.48 
4  245.00  0.00 250.00  0.00 285.00  0.00 290.00  0.00 7811.31 
4  245.00  0.00 250.00  0.00 290.00  0.00 295.00  0.00 16725.18 
4  245.00  0.00 250.00  0.00 295.00  0.00 300.00  0.00 20013.29 
4  245.00  0.00 250.00  0.00 300.00  0.00 305.00  0.00 11353.11 
4  245.00  0.00 250.00  0.00 305.00  0.00 310.00  0.00 17161.28 
4  245.00  0.00 250.00  0.00 310.00  0.00 315.00  0.00 17792.09 
4  245.00  0.00 250.00  0.00 315.00  0.00 320.00  0.00 18229.61 
4  245.00  0.00 250.00  0.00 320.00  0.00 325.00  0.00 20826.06 
4  245.00  0.00 250.00  0.00 325.00  0.00 330.00  0.00 16635.91 
4  245.00  0.00 250.00  0.00 330.00  0.00 335.00  0.00 18972.41 
4  250.00  0.00 255.00  0.00 260.00  0.00 265.00  0.00 2280.12 
4  250.00  0.00 255.00  0.00 265.00  0.00 270.00  0.00 6529.43 
4  250.00  0.00 255.00  0.00 270.00  0.00 275.00  0.00 6460.26 
4  250.00  0.00 255.00  0.00 275.00  0.00 280.00  0.00 7506.83 
4  250.00  0.00 255.00  0.00 280.00  0.00 285.00  0.00 5713.42 
4  250.00  0.00 255.00  0.00 285.00  0.00 290.00  0.00 14036.49 
4  250.00  0.00 255.00  0.00 290.00  0.00 295.00  0.00 18270.98 
4  250.00  0.00 255.00  0.00 295.00  0.00 300.00  0.00 25289.44 
4  250.00  0.00 255.00  0.00 300.00  0.00 305.00  0.00 15871.05 
4  250.00  0.00 255.00  0.00 305.00  0.00 310.00  0.00 20478.11 
4  250.00  0.00 255.00  0.00 310.00  0.00 315.00  0.00 23671.56 
4  250.00  0.00 255.00  0.00 315.00  0.00 320.00  0.00 23478.11 
4  250.00  0.00 255.00  0.00 320.00  0.00 325.00  0.00 27255.38 
4  250.00  0.00 255.00  0.00 325.00  0.00 330.00  0.00 21771.94 
4  250.00  0.00 255.00  0.00 330.00  0.00 335.00  0.00 25583.68 
4  250.00  0.00 255.00  0.00 335.00  0.00 340.00  0.00 23218.98 
4  255.00  0.00 260.00  0.00 265.00  0.00 270.00  0.00 4239.64 
4  255.00  0.00 260.00  0.00 270.00  0.00 275.00  0.00 5527.77 
4  255.00  0.00 260.00  0.00 275.00  0.00 280.00  0.00 6221.38 
4  255.00  0.00 260.00  0.00 280.00  0.00 285.00  0.00 7330.81 
4  255.00  0.00 260.00  0.00 285.00  0.00 290.00  0.00 14506.44 
4  255.00  0.00 260.00  0.00 290.00  0.00 295.00  0.00 20466.37 
4  255.00  0.00 260.00  0.00 295.00  0.00 300.00  0.00 27050.89 
4  255.00  0.00 260.00  0.00 300.00  0.00 305.00  0.00 16030.19 
4  255.00  0.00 260.00  0.00 305.00  0.00 310.00  0.00 23661.43 
4  255.00  0.00 260.00  0.00 310.00  0.00 315.00  0.00 25754.90 
4  255.00  0.00 260.00  0.00 315.00  0.00 320.00  0.00 25886.81 
4  255.00  0.00 260.00  0.00 320.00  0.00 325.00  0.00 31247.86 
4  255.00  0.00 260.00  0.00 325.00  0.00 330.00  0.00 23752.70 
4  255.00  0.00 260.00  0.00 330.00  0.00 335.00  0.00 29433.78 
4  255.00  0.00 260.00  0.00 335.00  0.00 340.00  0.00 26137.21 
4  255.00  0.00 260.00  0.00 340.00  0.00 345.00  0.00 32131.12 
4  260.00  0.00 265.00  0.00 270.00  0.00 275.00  0.00 7793.74 
4  260.00  0.00 265.00  0.00 275.00  0.00 280.00  0.00 11611.44 
4  260.00  0.00 265.00  0.00 280.00  0.00 285.00  0.00 9403.88 
4  260.00  0.00 265.00  0.00 285.00  0.00 290.00  0.00 23337.76 
4  260.00  0.00 265.00  0.00 290.00  0.00 295.00  0.00 35719.56 
4  260.00  0.00 265.00  0.00 295.00  0.00 300.00  0.00 46602.43 
4  260.00  0.00 265.00  0.00 300.00  0.00 305.00  0.00 29067.13 
4  260.00  0.00 265.00  0.00 305.00  0.00 310.00  0.00 38913.15 
4  260.00  0.00 265.00  0.00 310.00  0.00 315.00  0.00 44972.67 
4  260.00  0.00 265.00  0.00 315.00  0.00 320.00  0.00 46028.11 
4  260.00  0.00 265.00  0.00 320.00  0.00 325.00  0.00 52790.65 
4  260.00  0.00 265.00  0.00 325.00  0.00 330.00  0.00 43974.51 
4  260.00  0.00 265.00  0.00 330.00  0.00 335.00  0.00 50288.66 
4  260.00  0.00 265.00  0.00 335.00  0.00 340.00  0.00 47006.12 
4  260.00  0.00 265.00  0.00 340.00  0.00 345.00  0.00 54643.77 
4  260.00  0.00 265.00  0.00 345.00  0.00 350.00  0.00 52501.86 
4  265.00  0.00 270.00  0.00 275.00  0.00 280.00  0.00 9469.05 
4  265.00  0.00 270.00  0.00 280.00  0.00 285.00  0.00 10038.24 
4  265.00  0.00 270.00  0.00 285.00  0.00 290.00  0.00 27864.66 
4  265.00  0.00 270.00  0.00 290.00  0.00 295.00  0.00 43886.89 
4  265.00  0.00 270.00  0.00 295.00  0.00 300.00  0.00 60975.11 
4  265.00  0.00 270.00  0.00 300.00  0.00 305.00  0.00 37891.46 
4  265.00  0.00 270.00  0.00 305.00  0.00 310.00  0.00 57426.47 
4  265.00  0.00 270.00  0.00 310.00  0.00 315.00  0.00 63697.45 
4  265.00  0.00 270.00  0.00 315.00  0.00 320.00  0.00 69152.65 
4  265.00  0.00 270.00  0.00 320.00  0.00 325.00  0.00 78016.11 
4  265.00  0.00 270.00  0.00 325.00  0.00 330.00  0.00 68705.83 
4  265.00  0.00 270.00  0.00 330.00  0.00 335.00  0.00 75532.90 
4  265.00  0.00 270.00  0.00 335.00  0.00 340.00  0.00 76957.46 
4  265.00  0.00 270.00  0.00 340.00  0.00 345.00  0.00 82485.16 
4  265.00  0.00 270.00  0.00 345.00  0.00 350.00  0.00 87865.66 
4  265.00  0.00 270.00  0.00 350.00  0.00 355.00  0.00 97973.73 
4  270.00  0.00 275.00  0.00 280.00  0.00 285.00  0.00 10642.39 
4  270.00  0.00 275.00  0.00 285.00  0.00 290.00  0.00 21714.70 
4  270.00  0.00 275.00  0.00 290.00  0.00 295.00  0.00 36034.33 
4  270.00  0.00 275.00  0.00 295.00  0.00 300.00  0.00 51792.86 
4  270.00  0.00 275.00  0.00 300.00  0.00 305.00  0.00 31651.58 
4  270.00  0.00 275.00  0.00 305.00  0.00 310.00  0.00 49290.37 
4  270.00  0.00 275.00  0.00 310.00  0.00 315.00  0.00 54292.56 
4  270.00  0.00 275.00  0.00 315.00  0.00 320.00  0.00 62336.36 
4  270.00  0.00 275.00  0.00 320.00  0.00 325.00  0.00 68099.36 
4  270.00  0.00 275.00  0.00 325.00  0.00 330.00  0.00 61402.11 
4  270.00  0.00 275.00  0.00 330.00  0.00 335.00  0.00 65050.54 
4  270.00  0.00 275.00  0.00 335.00  0.00 340.00  0.00 71053.83 
4  270.00  0.00 275.00  0.00 340.00  0.00 345.00  0.00 70553.40 
4  270.00  0.00 275.00  0.00 345.00  0.00 350.00  0.00 82910.98 
4  270.00  0.00 275.00  0.00 350.00  0.00 355.00  0.00 92279.90 
4  270.00  0.00 275.00  0.00 355.00  0.00 360.00  0.00 134556.85 
4  275.00  0.00 280.00  0.00 285.00  0.00 290.00  0.00 11122.36 
4  275.00  0.00 280.00  0.00 290.00  0.00 295.00  0.00 23456.44 
4  275.00  0.00 280.00  0.00 295.00  0.00 300.00  0.00 36326.10 
4  275.00  0.00 280.00  0.00 300.00  0.00 305.00  0.00 24727.53 
4  275.00  0.00 280.00  0.00 305.00  0.00 310.00  0.00 37197.09 
4  275.00  0.00 280.00  0.00 310.00  0.00 315.00  0.00 44096.27 
4  275.00  0.00 280.00  0.00 315.00  0.00 320.00  0.00 51386.33 
4  275.00  0.00 280.00  0.00 320.00  0.00 325.00  0.00 58149.44 
4  275.00  0.00 280.00  0.00 325.00  0.00 330.00  0.00 52462.65 
4  275.00  0.00 280.00  0.00 330.00  0.00 335.00  0.00 56426.37 
4  275.00  0.00 280.00  0.00 335.00  0.00 340.00  0.00 60202.58 
4  275.00  0.00 280.00  0.00 340.00  0.00 345.00  0.00 61920.83 
4  275.00  0.00 280.00  0.00 345.00  0.00 350.00  0.00 72893.35 
4  275.00  0.00 280.00  0.00 350.00  0.00 355.00  0.00 77460.88 
4  275.00  0.00 280.00  0.00 355.00  0.00 360.00  0.00 119962.50 
4  280.00  0.00 285.00  0.00 290.00  0.00 295.00  0.00 9190.04 
4  280.00  0.00 285.00  0.00 295.00  0.00 300.00  0.00 17129.90 
4  280.00  0.00 285.00  0.00 300.00  0.00 305.00  0.00 12322.80 
4  280.00  0.00 285.00  0.00 305.00  0.00 310.00  0.00 19201.69 
4  280.00  0.00 285.00  0.00 310.00  0.00 315.00  0.00 23463.10 
4  280.00  0.00 285.00  0.00 315.00  0.00 320.00  0.00 28417.76 
4  280.00  0.00 285.00  0.00 320.00  0.00 325.00  0.00 34100.14 
4  280.00  0.00 285.00  0.00 325.00  0.00 330.00  0.00 30017.77 
4  280.00  0.00 285.00  0.00 330.00  0.00 335.00  0.00 32583.42 
4  280.00  0.00 285.00  0.00 335.00  0.00 340.00  0.00 34971.71 
4  280.00  0.00 285.00  0.00 340.00  0.00 345.00  0.00 36189.05 
4  280.00  0.00 285.00  0.00 345.00  0.00 350.00  0.00 42210.96 
4  280.00  0.00 285.00  0.00 350.00  0.00 355.00  0.00 47769.73 
4  280.00  0.00 285.00  0.00 355.00  0.00 360.00  0.00 71477.63 
4  285.00  0.00 290.00  0.00 295.00  0.00 300.00  0.00 43518.34 
4  285.00  0.00 290.00  0.00 300.00  0.00 305.00  0.00 34078.15 
4  285.00  0.00 290.00  0.00 305.00  0.00 310.00  0.00 54267.20 
4  285.00  0.00 290.00  0.00 310.00  0.00 315.00  0.00 63928.68 
4  285.00  0.00 290.00  0.00 315.00  0.00 320.00  0.00 72946.63 
4  285.00  0.00 290.00  0.00 320.00  0.00 325.00  0.00 83304.66 
4  285.00  0.00 290.00  0.00 325.00  0.00 330.00  0.00 77919.77 
4  285.00  0.00 290.00  0.00 330.00  0.00 335.00  0.00 82513.98 
4  285.00  0.00 290.00  0.00 335.00  0.00 340.00  0.00 90104.84 
4  285.00  0.00 290.00  0.00 340.00  0.00 345.00  0.00 89737.10 
4  285.00  0.00 290.00  0.00 345.00  0.00 350.00  0.00 111373.65 
4  285.00  0.00 290.00  0.00 350.00  0.00 355.00  0.00 106534.21 
4  285.00  0.00 290.00  0.00 355.00  0.00 360.00  0.00 185547.47 
4  290.00  0.00 295.00  0.00 300.00  0.00 305.00  0.00 37442.26 
4  290.00  0.00 295.00  0.00 305.00  0.00 310.00  0.00 70884.70 
4  290.00  0.00 295.00  0.00 310.00  0.00 315.00  0.00 82378.91 
4  290.00  0.00 295.00  0.00 315.00  0.00 320.00  0.00 97063.03 
4  290.00  0.00 295.00  0.00 320.00  0.00 325.00  0.00 112760.70 
4  290.00  0.00 295.00  0.00 325.00  0.00 330.00  0.00 105048.66 
4  290.00  0.00 295.00  0.00 330.00  0.00 335.00  0.00 117595.95 
4  290.00  0.00 295.00  0.00 335.00  0.00 340.00  0.00 121386.34 
4  290.00  0.00 295.00  0.00 340.00  0.00 345.00  0.00 129889.85 
4  290.00  0.00 295.00  0.00 345.00  0.00 350.00  0.00 143562.19 
4  290.00  0.00 295.00  0.00 350.00  0.00 355.00  0.00 158327.50 
4  290.00  0.00 295.00  0.00 355.00  0.00 360.00  0.00 233369.10 
4  295.00  0.00 300.00  0.00 305.00  0.00 310.00  0.00 66140.55 
4  295.00  0.00 300.00  0.00 310.00  0.00 315.00  0.00 93232.70 
4  295.00  0.00 300.00  0.00 315.00  0.00 320.00  0.00 108778.37 
4  295.00  0.00 300.00  0.00 320.00  0.00 325.00  0.00 132218.63 
4  295.00  0.00 300.00  0.00 325.00  0.00 330.00  0.00 119101.54 
4  295.00  0.00 300.00  0.00 330.00  0.00 335.00  0.00 135226.44 
4  295.00  0.00 300.00  0.00 335.00  0.00 340.00  0.00 138712.52 
4  295.00  0.00 300.00  0.00 340.00  0.00 345.00  0.00 150113.58 
4  295.00  0.00 300.00  0.00 345.00  0.00 350.00  0.00 166844.26 
4  295.00  0.00 300.00  0.00 350.00  0.00 355.00  0.00 187424.89 
4  295.00  0.00 300.00  0.00 355.00  0.00 360.00  0.00 285018.06 
4  300.00  0.00 305.00  0.00 310.00  0.00 315.00  0.00 34175.55 
4  300.00  0.00 305.00  0.00 315.00  0.00 320.00  0.00 47249.68 
4  300.00  0.00 305.00  0.00 320.00  0.00 325.00  0.00 57388.60 
4  300.00  0.00 305.00  0.00 325.00  0.00 330.00  0.00 55087.13 
4  300.00  0.00 305.00  0.00 330.00  0.00 335.00  0.00 62146.72 
4  300.00  0.00 305.00  0.00 335.00  0.00 340.00  0.00 64649.43 
4  300.00  0.00 305.00  0.00 340.00  0.00 345.00  0.00 70179.19 
4  300.00  0.00 305.00  0.00 345.00  0.00 350.00  0.00 78509.49 
4  300.00  0.00 305.00  0.00 350.00  0.00 355.00  0.00 89411.13 
4  300.00  0.00 305.00  0.00 355.00  0.00 360.00  0.00 136417.82 
4  305.00  0.00 310.00  0.00 315.00  0.00 320.00  0.00 51848.78 
4  305.00  0.00 310.00  0.00 320.00  0.00 325.00  0.00 71822.35 
4  305.00  0.00 310.00  0.00 325.00  0.00 330.00  0.00 66319.14 
4  305.00  0.00 310.00  0.00 330.00  0.00 335.00  0.00 77249.46 
4  305.00  0.00 310.00  0.00 335.00  0.00 340.00  0.00 78074.93 
4  305.00  0.00 310.00  0.00 340.00  0.00 345.00  0.00 84886.68 
4  305.00  0.00 310.00  0.00 345.00  0.00 350.00  0.00 95795.80 
4  305.00  0.00 310.00  0.00 350.00  0.00 355.00  0.00 110975.40 
4  305.00  0.00 310.00  0.00 355.00  0.00 360.00  0.00 170400.91 
4  310.00  0.00 315.00  0.00 320.00  0.00 325.00  0.00 54947.00 
4  310.00  0.00 315.00  0.00 325.00  0.00 330.00  0.00 59204.05 
4  310.00  0.00 315.00  0.00 330.00  0.00 335.00  0.00 66443.15 
4  310.00  0.00 315.00  0.00 335.00  0.00 340.00  0.00 68466.63 
4  310.00  0.00 315.00  0.00 340.00  0.00 345.00  0.00 73354.32 
4  310.00  0.00 315.00  0.00 345.00  0.00 350.00  0.00 82301.78 
4  310.00  0.00 315.00  0.00 350.00  0.00 355.00  0.00 95091.79 
4  310.00  0.00 315.00  0.00 355.00  0.00 360.00  0.00 147051.60 
4  315.00  0.00 320.00  0.00 325.00  0.00 330.00  0.00 50059.84 
4  315.00  0.00 320.00  0.00 330.00  0.00 335.00  0.00 67595.29 
4  315.00  0.00 320.00  0.00 335.00  0.00 340.00  0.00 64098.80 
4  315.00  0.00 320.00  0.00 340.00  0.00 345.00  0.00 69075.79 
4  315.00  0.00 320.00  0.00 345.00  0.00 350.00  0.00 75309.61 
4  315.00  0.00 320.00  0.00 350.00  0.00 355.00  0.00 86467.36 
4  315.00  0.00 320.00  0.00 355.00  0.00 360.00  0.00 134673.79 
4  320.00  0.00 325.00  0.00 330.00  0.00 335.00  0.00 57044.88 
4  320.00  0.00 325.00  0.00 335.00  0.00 340.00  0.00 65439.16 
4  320.00  0.00 325.00  0.00 340.00  0.00 345.00  0.00 68195.72 
4  320.00  0.00 325.00  0.00 345.00  0.00 350.00  0.00 75066.19 
4  320.00  0.00 325.00  0.00 350.00  0.00 355.00  0.00 84847.92 
4  320.00  0.00 325.00  0.00 355.00  0.00 360.00  0.00 132724.94 
4  325.00  0.00 330.00  0.00 335.00  0.00 340.00  0.00 44475.42 
4  325.00  0.00 330.00  0.00 340.00  0.00 345.00  0.00 57040.87 
4  325.00  0.00 330.00  0.00 345.00  0.00 350.00  0.00 60447.77 
4  325.00  0.00 330.00  0.00 350.00  0.00 355.00  0.00 69953.43 
4  325.00  0.00 330.00  0.00 355.00  0.00 360.00  0.00 109978.15 
4  330.00  0.00 335.00  0.00 340.00  0.00 345.00  0.00 51691.43 
4  330.00  0.00 335.00  0.00 345.00  0.00 350.00  0.00 65319.26 
4  330.00  0.00 335.00  0.00 350.00  0.00 355.00  0.00 72089.99 
4  330.00  0.00 335.00  0.00 355.00  0.00 360.00  0.00 115216.96 
4  335.00  0.00 340.00  0.00 345.00  0.00 350.00  0.00 56148.05 
4  335.00  0.00 340.00  0.00 350.00  0.00 355.00  0.00 73826.47 
4  335.00  0.00 340.00  0.00 355.00  0.00 360.00  0.00 116346.54 
4  340.00  0.00 345.00  0.00 350.00  0.00 355.00  0.00 58274.89 
4  340.00  0.00 345.00  0.00 355.00  0.00 360.00  0.00 104911.37 
4  345.00  0.00 350.00  0.00 355.00  0.00 360.00  0.00 91153.66
