0 4522.453
5 4522.937
10 4523.366
15 4524.146
20 4524.559
25 4525.216
30 4525.519
35 4526.095
40 4526.602
45 4527.266
50 4527.801
55 4528.426
60 4528.491
65 4529.121
70 4529.574
75 4530.224
80 4530.667
85 4531.666
90 4532.706
95 4533.812
100 4534.834
105 4535.933
110 4536.939
115 4538.088
120 4539.013
125 4539.524
130 4540.154
135 4540.919
140 4541.476
145 4542.266
150 4543.036
155 4543.81
160 4544.532
165 4545.163
170 4545.883
175 4546.257
180 4546.569
185 4546.648
190 4546.624
195 4546.839
200 4547.088
205 4547.467
210 4548.112
215 4549.117
220 4549.682
225 4550.486
230 4551.004
235 4551.168