4  0.00  0.00 225.00  0.00 75.00  0.00 150.00  0.00 81481.48 
4  0.00  0.00 210.00  0.00 70.00  0.00 140.00  0.00 53934.87 
4  0.00  0.00 195.00  0.00 65.00  0.00 130.00  0.00 47601.41 
4  0.00  0.00 180.00  0.00 60.00  0.00 120.00  0.00 44266.69 
4  0.00  0.00 165.00  0.00 55.00  0.00 110.00  0.00 26942.30 
4  0.00  0.00 150.00  0.00 50.00  0.00 100.00  0.00 24539.33 
4  0.00  0.00 135.00  0.00 45.00  0.00 90.00  0.00 22401.97 
4  0.00  0.00 120.00  0.00 40.00  0.00 80.00  0.00 22925.43 
4  0.00  0.00 105.00  0.00 35.00  0.00 70.00  0.00 21602.47 
4  0.00  0.00 90.00  0.00 30.00  0.00 60.00  0.00 20803.96 
4  0.00  0.00 75.00  0.00 25.00  0.00 50.00  0.00 20534.59 
4  0.00  0.00 60.00  0.00 20.00  0.00 40.00  0.00 19352.21 
4  0.00  0.00 45.00  0.00 15.00  0.00 30.00  0.00 20310.39 
4  0.00  0.00 30.00  0.00 10.00  0.00 20.00  0.00 20357.52 
4  0.00  0.00 15.00  0.00 5.00  0.00 10.00  0.00 26218.83 
4  5.00  0.00 230.00  0.00 80.00  0.00 155.00  0.00 96163.13 
4  5.00  0.00 215.00  0.00 75.00  0.00 145.00  0.00 66413.27 
4  5.00  0.00 200.00  0.00 70.00  0.00 135.00  0.00 50885.31 
4  5.00  0.00 185.00  0.00 65.00  0.00 125.00  0.00 47700.46 
4  5.00  0.00 170.00  0.00 60.00  0.00 115.00  0.00 30507.38 
4  5.00  0.00 155.00  0.00 55.00  0.00 105.00  0.00 25237.46 
4  5.00  0.00 140.00  0.00 50.00  0.00 95.00  0.00 21904.61 
4  5.00  0.00 125.00  0.00 45.00  0.00 85.00  0.00 20106.19 
4  5.00  0.00 110.00  0.00 40.00  0.00 75.00  0.00 21358.90 
4  5.00  0.00 95.00  0.00 35.00  0.00 65.00  0.00 19933.40 
4  5.00  0.00 80.00  0.00 30.00  0.00 55.00  0.00 19662.68 
4  5.00  0.00 65.00  0.00 25.00  0.00 45.00  0.00 18395.23 
4  5.00  0.00 50.00  0.00 20.00  0.00 35.00  0.00 17833.03 
4  5.00  0.00 35.00  0.00 15.00  0.00 25.00  0.00 18517.94 
4  5.00  0.00 20.00  0.00 10.00  0.00 15.00  0.00 18225.43 
4  10.00  0.00 235.00  0.00 85.00  0.00 160.00  0.00 116662.36 
4  10.00  0.00 220.00  0.00 80.00  0.00 150.00  0.00 78916.81 
4  10.00  0.00 205.00  0.00 75.00  0.00 140.00  0.00 51612.44 
4  10.00  0.00 190.00  0.00 70.00  0.00 130.00  0.00 47554.73 
4  10.00  0.00 175.00  0.00 65.00  0.00 120.00  0.00 42851.33 
4  10.00  0.00 160.00  0.00 60.00  0.00 110.00  0.00 28670.45 
4  10.00  0.00 145.00  0.00 55.00  0.00 100.00  0.00 22053.98 
4  10.00  0.00 130.00  0.00 50.00  0.00 90.00  0.00 18931.31 
4  10.00  0.00 115.00  0.00 45.00  0.00 80.00  0.00 18389.15 
4  10.00  0.00 100.00  0.00 40.00  0.00 70.00  0.00 18678.20 
4  10.00  0.00 85.00  0.00 35.00  0.00 60.00  0.00 17572.97 
4  10.00  0.00 70.00  0.00 30.00  0.00 50.00  0.00 17072.56 
4  10.00  0.00 55.00  0.00 25.00  0.00 40.00  0.00 12751.38 
4  10.00  0.00 40.00  0.00 20.00  0.00 30.00  0.00 15612.46 
4  10.00  0.00 25.00  0.00 15.00  0.00 20.00  0.00 11364.27 
4  15.00  0.00 225.00  0.00 85.00  0.00 155.00  0.00 94122.12 
4  15.00  0.00 210.00  0.00 80.00  0.00 145.00  0.00 64822.36 
4  15.00  0.00 195.00  0.00 75.00  0.00 135.00  0.00 47780.93 
4  15.00  0.00 180.00  0.00 70.00  0.00 125.00  0.00 47228.61 
4  15.00  0.00 165.00  0.00 65.00  0.00 115.00  0.00 28916.31 
4  15.00  0.00 150.00  0.00 60.00  0.00 105.00  0.00 23550.86 
4  15.00  0.00 135.00  0.00 55.00  0.00 95.00  0.00 18797.56 
4  15.00  0.00 120.00  0.00 50.00  0.00 85.00  0.00 16834.60 
4  15.00  0.00 105.00  0.00 45.00  0.00 75.00  0.00 15603.24 
4  15.00  0.00 90.00  0.00 40.00  0.00 65.00  0.00 16900.16 
4  15.00  0.00 75.00  0.00 35.00  0.00 55.00  0.00 16532.63 
4  15.00  0.00 60.00  0.00 30.00  0.00 45.00  0.00 14130.43 
4  15.00  0.00 45.00  0.00 25.00  0.00 35.00  0.00 10218.97 
4  15.00  0.00 30.00  0.00 20.00  0.00 25.00  0.00 14823.08 
4  20.00  0.00 230.00  0.00 90.00  0.00 160.00  0.00 113019.34 
4  20.00  0.00 215.00  0.00 85.00  0.00 150.00  0.00 74929.08 
4  20.00  0.00 200.00  0.00 80.00  0.00 140.00  0.00 49590.49 
4  20.00  0.00 185.00  0.00 75.00  0.00 130.00  0.00 46794.95 
4  20.00  0.00 170.00  0.00 70.00  0.00 120.00  0.00 44164.71 
4  20.00  0.00 155.00  0.00 65.00  0.00 110.00  0.00 26090.01 
4  20.00  0.00 140.00  0.00 60.00  0.00 100.00  0.00 21101.03 
4  20.00  0.00 125.00  0.00 55.00  0.00 90.00  0.00 15924.38 
4  20.00  0.00 110.00  0.00 50.00  0.00 80.00  0.00 14593.20 
4  20.00  0.00 95.00  0.00 45.00  0.00 70.00  0.00 13104.07 
4  20.00  0.00 80.00  0.00 40.00  0.00 60.00  0.00 14705.45 
4  20.00  0.00 65.00  0.00 35.00  0.00 50.00  0.00 13530.70 
4  20.00  0.00 50.00  0.00 30.00  0.00 40.00  0.00 8844.01 
4  20.00  0.00 35.00  0.00 25.00  0.00 30.00  0.00 9251.51 
4  25.00  0.00 235.00  0.00 95.00  0.00 165.00  0.00 201047.97 
4  25.00  0.00 220.00  0.00 90.00  0.00 155.00  0.00 88834.72 
4  25.00  0.00 205.00  0.00 85.00  0.00 145.00  0.00 59630.15 
4  25.00  0.00 190.00  0.00 80.00  0.00 135.00  0.00 45719.59 
4  25.00  0.00 175.00  0.00 75.00  0.00 125.00  0.00 44736.28 
4  25.00  0.00 160.00  0.00 70.00  0.00 115.00  0.00 30548.85 
4  25.00  0.00 145.00  0.00 65.00  0.00 105.00  0.00 21624.41 
4  25.00  0.00 130.00  0.00 60.00  0.00 95.00  0.00 16606.46 
4  25.00  0.00 115.00  0.00 55.00  0.00 85.00  0.00 14666.40 
4  25.00  0.00 100.00  0.00 50.00  0.00 75.00  0.00 11959.72 
4  25.00  0.00 85.00  0.00 45.00  0.00 65.00  0.00 11008.14 
4  25.00  0.00 70.00  0.00 40.00  0.00 55.00  0.00 13732.36 
4  25.00  0.00 55.00  0.00 35.00  0.00 45.00  0.00 10617.30 
4  25.00  0.00 40.00  0.00 30.00  0.00 35.00  0.00 10005.97 
4  30.00  0.00 225.00  0.00 95.00  0.00 160.00  0.00 105505.16 
4  30.00  0.00 210.00  0.00 90.00  0.00 150.00  0.00 73136.27 
4  30.00  0.00 195.00  0.00 85.00  0.00 140.00  0.00 45534.61 
4  30.00  0.00 180.00  0.00 80.00  0.00 130.00  0.00 45297.84 
4  30.00  0.00 165.00  0.00 75.00  0.00 120.00  0.00 42148.96 
4  30.00  0.00 150.00  0.00 70.00  0.00 110.00  0.00 24161.70 
4  30.00  0.00 135.00  0.00 65.00  0.00 100.00  0.00 18320.32 
4  30.00  0.00 120.00  0.00 60.00  0.00 90.00  0.00 13816.02 
4  30.00  0.00 105.00  0.00 55.00  0.00 80.00  0.00 12095.13 
4  30.00  0.00 90.00  0.00 50.00  0.00 70.00  0.00 9822.37 
4  30.00  0.00 75.00  0.00 45.00  0.00 60.00  0.00 9330.53 
4  30.00  0.00 60.00  0.00 40.00  0.00 50.00  0.00 11031.48 
4  30.00  0.00 45.00  0.00 35.00  0.00 40.00  0.00 6904.25 
4  35.00  0.00 230.00  0.00 100.00  0.00 165.00  0.00 202906.22 
4  35.00  0.00 215.00  0.00 95.00  0.00 155.00  0.00 85070.73 
4  35.00  0.00 200.00  0.00 90.00  0.00 145.00  0.00 80140.53 
4  35.00  0.00 185.00  0.00 85.00  0.00 135.00  0.00 39618.98 
4  35.00  0.00 170.00  0.00 80.00  0.00 125.00  0.00 41638.67 
4  35.00  0.00 155.00  0.00 75.00  0.00 115.00  0.00 25595.18 
4  35.00  0.00 140.00  0.00 70.00  0.00 105.00  0.00 19022.34 
4  35.00  0.00 125.00  0.00 65.00  0.00 95.00  0.00 13489.21 
4  35.00  0.00 110.00  0.00 60.00  0.00 85.00  0.00 12403.87 
4  35.00  0.00 95.00  0.00 55.00  0.00 75.00  0.00 9181.83 
4  35.00  0.00 80.00  0.00 50.00  0.00 65.00  0.00 7704.00 
4  35.00  0.00 65.00  0.00 45.00  0.00 55.00  0.00 7515.89 
4  35.00  0.00 50.00  0.00 40.00  0.00 45.00  0.00 10588.18 
4  40.00  0.00 235.00  0.00 105.00  0.00 170.00  0.00 253037.34 
4  40.00  0.00 220.00  0.00 100.00  0.00 160.00  0.00 101787.59 
4  40.00  0.00 205.00  0.00 95.00  0.00 150.00  0.00 67732.73 
4  40.00  0.00 190.00  0.00 90.00  0.00 140.00  0.00 44610.62 
4  40.00  0.00 175.00  0.00 85.00  0.00 130.00  0.00 43039.82 
4  40.00  0.00 160.00  0.00 80.00  0.00 120.00  0.00 46626.26 
4  40.00  0.00 145.00  0.00 75.00  0.00 110.00  0.00 21725.21 
4  40.00  0.00 130.00  0.00 70.00  0.00 100.00  0.00 15320.92 
4  40.00  0.00 115.00  0.00 65.00  0.00 90.00  0.00 12752.54 
4  40.00  0.00 100.00  0.00 60.00  0.00 80.00  0.00 9845.86 
4  40.00  0.00 85.00  0.00 55.00  0.00 70.00  0.00 6967.60 
4  40.00  0.00 70.00  0.00 50.00  0.00 60.00  0.00 6280.51 
4  40.00  0.00 55.00  0.00 45.00  0.00 50.00  0.00 6749.19 
4  45.00  0.00 225.00  0.00 105.00  0.00 165.00  0.00 199121.97 
4  45.00  0.00 210.00  0.00 100.00  0.00 155.00  0.00 78670.95 
4  45.00  0.00 195.00  0.00 95.00  0.00 145.00  0.00 54542.88 
4  45.00  0.00 180.00  0.00 90.00  0.00 135.00  0.00 44092.25 
4  45.00  0.00 165.00  0.00 85.00  0.00 125.00  0.00 44338.34 
4  45.00  0.00 150.00  0.00 80.00  0.00 115.00  0.00 24630.09 
4  45.00  0.00 135.00  0.00 75.00  0.00 105.00  0.00 17449.30 
4  45.00  0.00 120.00  0.00 70.00  0.00 95.00  0.00 12252.21 
4  45.00  0.00 105.00  0.00 65.00  0.00 85.00  0.00 11237.13 
4  45.00  0.00 90.00  0.00 60.00  0.00 75.00  0.00 8049.46 
4  45.00  0.00 75.00  0.00 55.00  0.00 65.00  0.00 6063.27 
4  45.00  0.00 60.00  0.00 50.00  0.00 55.00  0.00 6579.39 
4  50.00  0.00 230.00  0.00 110.00  0.00 170.00  0.00 244128.67 
4  50.00  0.00 215.00  0.00 105.00  0.00 160.00  0.00 100562.39 
4  50.00  0.00 200.00  0.00 100.00  0.00 150.00  0.00 62469.36 
4  50.00  0.00 185.00  0.00 95.00  0.00 140.00  0.00 42185.31 
4  50.00  0.00 170.00  0.00 90.00  0.00 130.00  0.00 44012.45 
4  50.00  0.00 155.00  0.00 85.00  0.00 120.00  0.00 42907.17 
4  50.00  0.00 140.00  0.00 80.00  0.00 110.00  0.00 20472.26 
4  50.00  0.00 125.00  0.00 75.00  0.00 100.00  0.00 13700.08 
4  50.00  0.00 110.00  0.00 70.00  0.00 90.00  0.00 11136.40 
4  50.00  0.00 95.00  0.00 65.00  0.00 80.00  0.00 9236.28 
4  50.00  0.00 80.00  0.00 60.00  0.00 70.00  0.00 6337.04 
4  50.00  0.00 65.00  0.00 55.00  0.00 60.00  0.00 5788.01 
4  55.00  0.00 235.00  0.00 115.00  0.00 175.00  0.00 287727.97 
4  55.00  0.00 220.00  0.00 110.00  0.00 165.00  0.00 191176.39 
4  55.00  0.00 205.00  0.00 105.00  0.00 155.00  0.00 75162.61 
4  55.00  0.00 190.00  0.00 100.00  0.00 145.00  0.00 51303.29 
4  55.00  0.00 175.00  0.00 95.00  0.00 135.00  0.00 41564.35 
4  55.00  0.00 160.00  0.00 90.00  0.00 125.00  0.00 48980.28 
4  55.00  0.00 145.00  0.00 85.00  0.00 115.00  0.00 22716.41 
4  55.00  0.00 130.00  0.00 80.00  0.00 105.00  0.00 14128.79 
4  55.00  0.00 115.00  0.00 75.00  0.00 95.00  0.00 11686.72 
4  55.00  0.00 100.00  0.00 70.00  0.00 85.00  0.00 9427.87 
4  55.00  0.00 85.00  0.00 65.00  0.00 75.00  0.00 6406.68 
4  55.00  0.00 70.00  0.00 60.00  0.00 65.00  0.00 5034.28 
4  60.00  0.00 225.00  0.00 115.00  0.00 170.00  0.00 233990.16 
4  60.00  0.00 210.00  0.00 110.00  0.00 160.00  0.00 90980.53 
4  60.00  0.00 195.00  0.00 105.00  0.00 150.00  0.00 58755.45 
4  60.00  0.00 180.00  0.00 100.00  0.00 140.00  0.00 41054.86 
4  60.00  0.00 165.00  0.00 95.00  0.00 130.00  0.00 42280.37 
4  60.00  0.00 150.00  0.00 90.00  0.00 120.00  0.00 39256.25 
4  60.00  0.00 135.00  0.00 85.00  0.00 110.00  0.00 16805.99 
4  60.00  0.00 120.00  0.00 80.00  0.00 100.00  0.00 10785.03 
4  60.00  0.00 105.00  0.00 75.00  0.00 90.00  0.00 9140.46 
4  60.00  0.00 90.00  0.00 70.00  0.00 80.00  0.00 7175.72 
4  60.00  0.00 75.00  0.00 65.00  0.00 70.00  0.00 4740.80 
4  65.00  0.00 230.00  0.00 120.00  0.00 175.00  0.00 270380.84 
4  65.00  0.00 215.00  0.00 115.00  0.00 165.00  0.00 177481.50 
4  65.00  0.00 200.00  0.00 110.00  0.00 155.00  0.00 69823.47 
4  65.00  0.00 185.00  0.00 105.00  0.00 145.00  0.00 49260.17 
4  65.00  0.00 170.00  0.00 100.00  0.00 135.00  0.00 41624.85 
4  65.00  0.00 155.00  0.00 95.00  0.00 125.00  0.00 42102.68 
4  65.00  0.00 140.00  0.00 90.00  0.00 115.00  0.00 21230.79 
4  65.00  0.00 125.00  0.00 85.00  0.00 105.00  0.00 11140.99 
4  65.00  0.00 110.00  0.00 80.00  0.00 95.00  0.00 8545.13 
4  65.00  0.00 95.00  0.00 75.00  0.00 85.00  0.00 7675.67 
4  65.00  0.00 80.00  0.00 70.00  0.00 75.00  0.00 4705.66 
4  70.00  0.00 235.00  0.00 125.00  0.00 180.00  0.00 290901.56 
4  70.00  0.00 220.00  0.00 120.00  0.00 170.00  0.00 221085.45 
4  70.00  0.00 205.00  0.00 115.00  0.00 160.00  0.00 88193.30 
4  70.00  0.00 190.00  0.00 110.00  0.00 150.00  0.00 55977.47 
4  70.00  0.00 175.00  0.00 105.00  0.00 140.00  0.00 38721.34 
4  70.00  0.00 160.00  0.00 100.00  0.00 130.00  0.00 45301.77 
4  70.00  0.00 145.00  0.00 95.00  0.00 120.00  0.00 36669.37 
4  70.00  0.00 130.00  0.00 90.00  0.00 110.00  0.00 13896.12 
4  70.00  0.00 115.00  0.00 85.00  0.00 100.00  0.00 9772.15 
4  70.00  0.00 100.00  0.00 80.00  0.00 90.00  0.00 6399.65 
4  70.00  0.00 85.00  0.00 75.00  0.00 80.00  0.00 5129.36 
4  75.00  0.00 225.00  0.00 125.00  0.00 175.00  0.00 256208.95 
4  75.00  0.00 210.00  0.00 120.00  0.00 165.00  0.00 163607.42 
4  75.00  0.00 195.00  0.00 115.00  0.00 155.00  0.00 63453.56 
4  75.00  0.00 180.00  0.00 110.00  0.00 145.00  0.00 49173.64 
4  75.00  0.00 165.00  0.00 105.00  0.00 135.00  0.00 38666.18 
4  75.00  0.00 150.00  0.00 100.00  0.00 125.00  0.00 38090.52 
4  75.00  0.00 135.00  0.00 95.00  0.00 115.00  0.00 17465.78 
4  75.00  0.00 120.00  0.00 90.00  0.00 105.00  0.00 9400.19 
4  75.00  0.00 105.00  0.00 85.00  0.00 95.00  0.00 6338.16 
4  75.00  0.00 90.00  0.00 80.00  0.00 85.00  0.00 5646.43 
4  80.00  0.00 230.00  0.00 130.00  0.00 180.00  0.00 274947.06 
4  80.00  0.00 215.00  0.00 125.00  0.00 170.00  0.00 201845.50 
4  80.00  0.00 200.00  0.00 120.00  0.00 160.00  0.00 71879.63 
4  80.00  0.00 185.00  0.00 115.00  0.00 150.00  0.00 53548.44 
4  80.00  0.00 170.00  0.00 110.00  0.00 140.00  0.00 38015.78 
4  80.00  0.00 155.00  0.00 105.00  0.00 130.00  0.00 38802.01 
4  80.00  0.00 140.00  0.00 100.00  0.00 120.00  0.00 35973.08 
4  80.00  0.00 125.00  0.00 95.00  0.00 110.00  0.00 11587.09 
4  80.00  0.00 110.00  0.00 90.00  0.00 100.00  0.00 8108.50 
4  80.00  0.00 95.00  0.00 85.00  0.00 90.00  0.00 4987.88 
4  85.00  0.00 235.00  0.00 135.00  0.00 185.00  0.00 299707.97 
4  85.00  0.00 220.00  0.00 130.00  0.00 175.00  0.00 248374.33 
4  85.00  0.00 205.00  0.00 125.00  0.00 165.00  0.00 151379.52 
4  85.00  0.00 190.00  0.00 120.00  0.00 155.00  0.00 52765.01 
4  85.00  0.00 175.00  0.00 115.00  0.00 145.00  0.00 46310.38 
4  85.00  0.00 160.00  0.00 110.00  0.00 135.00  0.00 40120.76 
4  85.00  0.00 145.00  0.00 105.00  0.00 125.00  0.00 36207.91 
4  85.00  0.00 130.00  0.00 100.00  0.00 115.00  0.00 13926.13 
4  85.00  0.00 115.00  0.00 95.00  0.00 105.00  0.00 9738.94 
4  85.00  0.00 100.00  0.00 90.00  0.00 95.00  0.00 5405.31 
4  90.00  0.00 225.00  0.00 135.00  0.00 180.00  0.00 262832.97 
4  90.00  0.00 210.00  0.00 130.00  0.00 170.00  0.00 192574.80 
4  90.00  0.00 195.00  0.00 125.00  0.00 160.00  0.00 64680.63 
4  90.00  0.00 180.00  0.00 120.00  0.00 150.00  0.00 44100.26 
4  90.00  0.00 165.00  0.00 115.00  0.00 140.00  0.00 33657.88 
4  90.00  0.00 150.00  0.00 110.00  0.00 130.00  0.00 34012.98 
4  90.00  0.00 135.00  0.00 105.00  0.00 120.00  0.00 29800.25 
4  90.00  0.00 120.00  0.00 100.00  0.00 110.00  0.00 8950.26 
4  90.00  0.00 105.00  0.00 95.00  0.00 100.00  0.00 7024.42 
4  95.00  0.00 230.00  0.00 140.00  0.00 185.00  0.00 292661.09 
4  95.00  0.00 215.00  0.00 135.00  0.00 175.00  0.00 234469.14 
4  95.00  0.00 200.00  0.00 130.00  0.00 165.00  0.00 149503.17 
4  95.00  0.00 185.00  0.00 125.00  0.00 155.00  0.00 48610.91 
4  95.00  0.00 170.00  0.00 120.00  0.00 145.00  0.00 35437.16 
4  95.00  0.00 155.00  0.00 115.00  0.00 135.00  0.00 34224.88 
4  95.00  0.00 140.00  0.00 110.00  0.00 125.00  0.00 33481.52 
4  95.00  0.00 125.00  0.00 105.00  0.00 115.00  0.00 10932.74 
4  95.00  0.00 110.00  0.00 100.00  0.00 105.00  0.00 5775.70 
4  100.00  0.00 235.00  0.00 145.00  0.00 190.00  0.00 300571.06 
4  100.00  0.00 220.00  0.00 140.00  0.00 180.00  0.00 248549.59 
4  100.00  0.00 205.00  0.00 135.00  0.00 170.00  0.00 183476.55 
4  100.00  0.00 190.00  0.00 130.00  0.00 160.00  0.00 61520.23 
4  100.00  0.00 175.00  0.00 125.00  0.00 150.00  0.00 38610.18 
4  100.00  0.00 160.00  0.00 120.00  0.00 140.00  0.00 24671.97 
4  100.00  0.00 145.00  0.00 115.00  0.00 130.00  0.00 29055.24 
4  100.00  0.00 130.00  0.00 110.00  0.00 120.00  0.00 23291.77 
4  100.00  0.00 115.00  0.00 105.00  0.00 110.00  0.00 10074.99 
4  105.00  0.00 225.00  0.00 145.00  0.00 185.00  0.00 260564.88 
4  105.00  0.00 210.00  0.00 140.00  0.00 175.00  0.00 217712.36 
4  105.00  0.00 195.00  0.00 135.00  0.00 165.00  0.00 134010.41 
4  105.00  0.00 180.00  0.00 130.00  0.00 155.00  0.00 48210.98 
4  105.00  0.00 165.00  0.00 125.00  0.00 145.00  0.00 30159.29 
4  105.00  0.00 150.00  0.00 120.00  0.00 135.00  0.00 18074.63 
4  105.00  0.00 135.00  0.00 115.00  0.00 125.00  0.00 24658.33 
4  105.00  0.00 120.00  0.00 110.00  0.00 115.00  0.00 6855.02 
4  110.00  0.00 230.00  0.00 150.00  0.00 190.00  0.00 288192.34 
4  110.00  0.00 215.00  0.00 145.00  0.00 180.00  0.00 220094.75 
4  110.00  0.00 200.00  0.00 140.00  0.00 170.00  0.00 164619.44 
4  110.00  0.00 185.00  0.00 135.00  0.00 160.00  0.00 62329.20 
4  110.00  0.00 170.00  0.00 130.00  0.00 150.00  0.00 38307.59 
4  110.00  0.00 155.00  0.00 125.00  0.00 140.00  0.00 17041.71 
4  110.00  0.00 140.00  0.00 120.00  0.00 130.00  0.00 15515.54 
4  110.00  0.00 125.00  0.00 115.00  0.00 120.00  0.00 18306.92 
4  115.00  0.00 235.00  0.00 155.00  0.00 195.00  0.00 320833.41 
4  115.00  0.00 220.00  0.00 150.00  0.00 185.00  0.00 251352.55 
4  115.00  0.00 205.00  0.00 145.00  0.00 175.00  0.00 198470.11 
4  115.00  0.00 190.00  0.00 140.00  0.00 165.00  0.00 135517.84 
4  115.00  0.00 175.00  0.00 135.00  0.00 155.00  0.00 46654.30 
4  115.00  0.00 160.00  0.00 130.00  0.00 145.00  0.00 32781.83 
4  115.00  0.00 145.00  0.00 125.00  0.00 135.00  0.00 12368.90 
4  115.00  0.00 130.00  0.00 120.00  0.00 125.00  0.00 8547.38 
4  120.00  0.00 225.00  0.00 155.00  0.00 190.00  0.00 200849.73 
4  120.00  0.00 210.00  0.00 150.00  0.00 180.00  0.00 217556.17 
4  120.00  0.00 195.00  0.00 145.00  0.00 170.00  0.00 153020.38 
4  120.00  0.00 180.00  0.00 140.00  0.00 160.00  0.00 68596.43 
4  120.00  0.00 165.00  0.00 135.00  0.00 150.00  0.00 40388.31 
4  120.00  0.00 150.00  0.00 130.00  0.00 140.00  0.00 15207.27 
4  120.00  0.00 135.00  0.00 125.00  0.00 130.00  0.00 9442.04 
4  125.00  0.00 230.00  0.00 160.00  0.00 195.00  0.00 296476.34 
4  125.00  0.00 215.00  0.00 155.00  0.00 185.00  0.00 235599.59 
4  125.00  0.00 200.00  0.00 150.00  0.00 175.00  0.00 187680.70 
4  125.00  0.00 185.00  0.00 145.00  0.00 165.00  0.00 137152.95 
4  125.00  0.00 170.00  0.00 140.00  0.00 155.00  0.00 50632.00 
4  125.00  0.00 155.00  0.00 135.00  0.00 145.00  0.00 28019.52 
4  125.00  0.00 140.00  0.00 130.00  0.00 135.00  0.00 10702.36 
4  130.00  0.00 235.00  0.00 165.00  0.00 200.00  0.00 270282.78 
4  130.00  0.00 220.00  0.00 160.00  0.00 190.00  0.00 250751.69 
4  130.00  0.00 205.00  0.00 155.00  0.00 180.00  0.00 196745.14 
4  130.00  0.00 190.00  0.00 150.00  0.00 170.00  0.00 147636.91 
4  130.00  0.00 175.00  0.00 145.00  0.00 160.00  0.00 48380.52 
4  130.00  0.00 160.00  0.00 140.00  0.00 150.00  0.00 38419.26 
4  130.00  0.00 145.00  0.00 135.00  0.00 140.00  0.00 7068.58 
4  135.00  0.00 225.00  0.00 165.00  0.00 195.00  0.00 222620.78 
4  135.00  0.00 210.00  0.00 160.00  0.00 185.00  0.00 208938.36 
4  135.00  0.00 195.00  0.00 155.00  0.00 175.00  0.00 163342.44 
4  135.00  0.00 180.00  0.00 150.00  0.00 165.00  0.00 126755.27 
4  135.00  0.00 165.00  0.00 145.00  0.00 155.00  0.00 29229.38 
4  135.00  0.00 150.00  0.00 140.00  0.00 145.00  0.00 19507.20 
4  140.00  0.00 230.00  0.00 170.00  0.00 200.00  0.00 205694.48 
4  140.00  0.00 215.00  0.00 165.00  0.00 190.00  0.00 174912.31 
4  140.00  0.00 200.00  0.00 160.00  0.00 180.00  0.00 163103.62 
4  140.00  0.00 185.00  0.00 155.00  0.00 170.00  0.00 130262.99 
4  140.00  0.00 170.00  0.00 150.00  0.00 160.00  0.00 36987.02 
4  140.00  0.00 155.00  0.00 145.00  0.00 150.00  0.00 13114.40 
4  145.00  0.00 235.00  0.00 175.00  0.00 205.00  0.00 213795.84 
4  145.00  0.00 220.00  0.00 170.00  0.00 195.00  0.00 213990.78 
4  145.00  0.00 205.00  0.00 165.00  0.00 185.00  0.00 147313.75 
4  145.00  0.00 190.00  0.00 160.00  0.00 175.00  0.00 157111.02 
4  145.00  0.00 175.00  0.00 155.00  0.00 165.00  0.00 120029.77 
4  145.00  0.00 160.00  0.00 150.00  0.00 155.00  0.00 24336.87 
4  150.00  0.00 225.00  0.00 175.00  0.00 200.00  0.00 170075.11 
4  150.00  0.00 210.00  0.00 170.00  0.00 190.00  0.00 138916.39 
4  150.00  0.00 195.00  0.00 165.00  0.00 180.00  0.00 103696.11 
4  150.00  0.00 180.00  0.00 160.00  0.00 170.00  0.00 122099.66 
4  150.00  0.00 165.00  0.00 155.00  0.00 160.00  0.00 22363.65 
4  155.00  0.00 230.00  0.00 180.00  0.00 205.00  0.00 170326.69 
4  155.00  0.00 215.00  0.00 175.00  0.00 195.00  0.00 139160.00 
4  155.00  0.00 200.00  0.00 170.00  0.00 185.00  0.00 101633.99 
4  155.00  0.00 185.00  0.00 165.00  0.00 175.00  0.00 98820.00 
4  155.00  0.00 170.00  0.00 160.00  0.00 165.00  0.00 77903.64 
4  160.00  0.00 235.00  0.00 185.00  0.00 210.00  0.00 183379.27 
4  160.00  0.00 220.00  0.00 180.00  0.00 200.00  0.00 155994.95 
4  160.00  0.00 205.00  0.00 175.00  0.00 190.00  0.00 104508.99 
4  160.00  0.00 190.00  0.00 170.00  0.00 180.00  0.00 76654.86 
4  160.00  0.00 175.00  0.00 165.00  0.00 170.00  0.00 42649.36 
4  165.00  0.00 225.00  0.00 185.00  0.00 205.00  0.00 167397.92 
4  165.00  0.00 210.00  0.00 180.00  0.00 195.00  0.00 161511.69 
4  165.00  0.00 195.00  0.00 175.00  0.00 185.00  0.00 90190.63 
4  165.00  0.00 180.00  0.00 170.00  0.00 175.00  0.00 66396.52 
4  170.00  0.00 230.00  0.00 190.00  0.00 210.00  0.00 171538.34 
4  170.00  0.00 215.00  0.00 185.00  0.00 200.00  0.00 141316.22 
4  170.00  0.00 200.00  0.00 180.00  0.00 190.00  0.00 108565.59 
4  170.00  0.00 185.00  0.00 175.00  0.00 180.00  0.00 41880.29 
4  175.00  0.00 235.00  0.00 195.00  0.00 215.00  0.00 197640.00 
4  175.00  0.00 220.00  0.00 190.00  0.00 205.00  0.00 134352.97 
4  175.00  0.00 205.00  0.00 185.00  0.00 195.00  0.00 114524.52 
4  175.00  0.00 190.00  0.00 180.00  0.00 185.00  0.00 59811.99 
4  180.00  0.00 225.00  0.00 195.00  0.00 210.00  0.00 127547.22 
4  180.00  0.00 210.00  0.00 190.00  0.00 200.00  0.00 89453.22 
4  180.00  0.00 195.00  0.00 185.00  0.00 190.00  0.00 48319.54 
4  185.00  0.00 230.00  0.00 200.00  0.00 215.00  0.00 143768.25 
4  185.00  0.00 215.00  0.00 195.00  0.00 205.00  0.00 71447.67 
4  185.00  0.00 200.00  0.00 190.00  0.00 195.00  0.00 43452.71 
4  190.00  0.00 235.00  0.00 205.00  0.00 220.00  0.00 149288.47 
4  190.00  0.00 220.00  0.00 200.00  0.00 210.00  0.00 83082.66 
4  190.00  0.00 205.00  0.00 195.00  0.00 200.00  0.00 39712.87 
4  195.00  0.00 225.00  0.00 205.00  0.00 215.00  0.00 106036.60 
4  195.00  0.00 210.00  0.00 200.00  0.00 205.00  0.00 30875.03 
4  200.00  0.00 230.00  0.00 210.00  0.00 220.00  0.00 84240.76 
4  200.00  0.00 215.00  0.00 205.00  0.00 210.00  0.00 42934.42 
4  205.00  0.00 235.00  0.00 215.00  0.00 225.00  0.00 82991.90 
4  205.00  0.00 220.00  0.00 210.00  0.00 215.00  0.00 49617.17 
4  210.00  0.00 225.00  0.00 215.00  0.00 220.00  0.00 30922.94 
4  215.00  0.00 230.00  0.00 220.00  0.00 225.00  0.00 44743.07 
4  220.00  0.00 235.00  0.00 225.00  0.00 230.00  0.00 51781.30 