4  0.00  0.00 90.00  0.00 30.00  0.00 60.00  0.00 134.26 
4  0.00  0.00 84.00  0.00 28.00  0.00 56.00  0.00 153.32 
4  0.00  0.00 78.00  0.00 26.00  0.00 52.00  0.00 159.39 
4  0.00  0.00 72.00  0.00 24.00  0.00 48.00  0.00 199.67 
4  0.00  0.00 66.00  0.00 22.00  0.00 44.00  0.00 252.72 
4  0.00  0.00 60.00  0.00 20.00  0.00 40.00  0.00 268.49 
4  0.00  0.00 54.00  0.00 18.00  0.00 36.00  0.00 339.00 
4  0.00  0.00 48.00  0.00 16.00  0.00 32.00  0.00 338.12 
4  0.00  0.00 42.00  0.00 14.00  0.00 28.00  0.00 408.40 
4  0.00  0.00 36.00  0.00 12.00  0.00 24.00  0.00 536.66 
4  0.00  0.00 30.00  0.00 10.00  0.00 20.00  0.00 631.30 
4  0.00  0.00 24.00  0.00 8.00  0.00 16.00  0.00 910.11 
4  0.00  0.00 18.00  0.00 6.00  0.00 12.00  0.00 929.66 
4  0.00  0.00 12.00  0.00 4.00  0.00 8.00  0.00 1013.30 
4  0.00  0.00 6.00  0.00 2.00  0.00 4.00  0.00 688.31 
4  2.00  0.00 92.00  0.00 32.00  0.00 62.00  0.00 128.91 
4  2.00  0.00 86.00  0.00 30.00  0.00 58.00  0.00 155.23 
4  2.00  0.00 80.00  0.00 28.00  0.00 54.00  0.00 169.63 
4  2.00  0.00 74.00  0.00 26.00  0.00 50.00  0.00 187.94 
4  2.00  0.00 68.00  0.00 24.00  0.00 46.00  0.00 251.97 
4  2.00  0.00 62.00  0.00 22.00  0.00 42.00  0.00 278.31 
4  2.00  0.00 56.00  0.00 20.00  0.00 38.00  0.00 335.31 
4  2.00  0.00 50.00  0.00 18.00  0.00 34.00  0.00 376.81 
4  2.00  0.00 44.00  0.00 16.00  0.00 30.00  0.00 410.64 
4  2.00  0.00 38.00  0.00 14.00  0.00 26.00  0.00 522.80 
4  2.00  0.00 32.00  0.00 12.00  0.00 22.00  0.00 711.82 
4  2.00  0.00 26.00  0.00 10.00  0.00 18.00  0.00 929.05 
4  2.00  0.00 20.00  0.00 8.00  0.00 14.00  0.00 1141.36 
4  2.00  0.00 14.00  0.00 6.00  0.00 10.00  0.00 972.04 
4  2.00  0.00 8.00  0.00 4.00  0.00 6.00  0.00 780.27 
4  4.00  0.00 94.00  0.00 34.00  0.00 64.00  0.00 119.44 
4  4.00  0.00 88.00  0.00 32.00  0.00 60.00  0.00 155.40 
4  4.00  0.00 82.00  0.00 30.00  0.00 56.00  0.00 176.53 
4  4.00  0.00 76.00  0.00 28.00  0.00 52.00  0.00 186.37 
4  4.00  0.00 70.00  0.00 26.00  0.00 48.00  0.00 232.70 
4  4.00  0.00 64.00  0.00 24.00  0.00 44.00  0.00 299.92 
4  4.00  0.00 58.00  0.00 22.00  0.00 40.00  0.00 337.73 
4  4.00  0.00 52.00  0.00 20.00  0.00 36.00  0.00 436.09 
4  4.00  0.00 46.00  0.00 18.00  0.00 32.00  0.00 405.01 
4  4.00  0.00 40.00  0.00 16.00  0.00 28.00  0.00 584.11 
4  4.00  0.00 34.00  0.00 14.00  0.00 24.00  0.00 692.02 
4  4.00  0.00 28.00  0.00 12.00  0.00 20.00  0.00 915.53 
4  4.00  0.00 22.00  0.00 10.00  0.00 16.00  0.00 1091.43 
4  4.00  0.00 16.00  0.00 8.00  0.00 12.00  0.00 1006.36 
4  4.00  0.00 10.00  0.00 6.00  0.00 8.00  0.00 679.94 
4  6.00  0.00 90.00  0.00 34.00  0.00 62.00  0.00 143.24 
4  6.00  0.00 84.00  0.00 32.00  0.00 58.00  0.00 171.00 
4  6.00  0.00 78.00  0.00 30.00  0.00 54.00  0.00 191.18 
4  6.00  0.00 72.00  0.00 28.00  0.00 50.00  0.00 204.24 
4  6.00  0.00 66.00  0.00 26.00  0.00 46.00  0.00 295.60 
4  6.00  0.00 60.00  0.00 24.00  0.00 42.00  0.00 345.02 
4  6.00  0.00 54.00  0.00 22.00  0.00 38.00  0.00 459.75 
4  6.00  0.00 48.00  0.00 20.00  0.00 34.00  0.00 478.86 
4  6.00  0.00 42.00  0.00 18.00  0.00 30.00  0.00 577.51 
4  6.00  0.00 36.00  0.00 16.00  0.00 26.00  0.00 775.53 
4  6.00  0.00 30.00  0.00 14.00  0.00 22.00  0.00 917.69 
4  6.00  0.00 24.00  0.00 12.00  0.00 18.00  0.00 1411.38 
4  6.00  0.00 18.00  0.00 10.00  0.00 14.00  0.00 1160.43 
4  6.00  0.00 12.00  0.00 8.00  0.00 10.00  0.00 879.41 
4  8.00  0.00 92.00  0.00 36.00  0.00 64.00  0.00 136.54 
4  8.00  0.00 86.00  0.00 34.00  0.00 60.00  0.00 187.42 
4  8.00  0.00 80.00  0.00 32.00  0.00 56.00  0.00 212.76 
4  8.00  0.00 74.00  0.00 30.00  0.00 52.00  0.00 217.30 
4  8.00  0.00 68.00  0.00 28.00  0.00 48.00  0.00 279.99 
4  8.00  0.00 62.00  0.00 26.00  0.00 44.00  0.00 351.99 
4  8.00  0.00 56.00  0.00 24.00  0.00 40.00  0.00 438.19 
4  8.00  0.00 50.00  0.00 22.00  0.00 36.00  0.00 538.01 
4  8.00  0.00 44.00  0.00 20.00  0.00 32.00  0.00 601.88 
4  8.00  0.00 38.00  0.00 18.00  0.00 28.00  0.00 803.49 
4  8.00  0.00 32.00  0.00 16.00  0.00 24.00  0.00 1069.85 
4  8.00  0.00 26.00  0.00 14.00  0.00 20.00  0.00 1252.27 
4  8.00  0.00 20.00  0.00 12.00  0.00 16.00  0.00 1382.33 
4  8.00  0.00 14.00  0.00 10.00  0.00 12.00  0.00 655.91 
4  10.00  0.00 94.00  0.00 38.00  0.00 66.00  0.00 132.54 
4  10.00  0.00 88.00  0.00 36.00  0.00 62.00  0.00 168.62 
4  10.00  0.00 82.00  0.00 34.00  0.00 58.00  0.00 201.67 
4  10.00  0.00 76.00  0.00 32.00  0.00 54.00  0.00 243.88 
4  10.00  0.00 70.00  0.00 30.00  0.00 50.00  0.00 249.04 
4  10.00  0.00 64.00  0.00 28.00  0.00 46.00  0.00 355.42 
4  10.00  0.00 58.00  0.00 26.00  0.00 42.00  0.00 452.94 
4  10.00  0.00 52.00  0.00 24.00  0.00 38.00  0.00 617.28 
4  10.00  0.00 46.00  0.00 22.00  0.00 34.00  0.00 634.81 
4  10.00  0.00 40.00  0.00 20.00  0.00 30.00  0.00 885.52 
4  10.00  0.00 34.00  0.00 18.00  0.00 26.00  0.00 1067.49 
4  10.00  0.00 28.00  0.00 16.00  0.00 22.00  0.00 1354.29 
4  10.00  0.00 22.00  0.00 14.00  0.00 18.00  0.00 1495.19 
4  10.00  0.00 16.00  0.00 12.00  0.00 14.00  0.00 1256.31 
4  12.00  0.00 90.00  0.00 38.00  0.00 64.00  0.00 152.37 
4  12.00  0.00 84.00  0.00 36.00  0.00 60.00  0.00 201.50 
4  12.00  0.00 78.00  0.00 34.00  0.00 56.00  0.00 235.27 
4  12.00  0.00 72.00  0.00 32.00  0.00 52.00  0.00 240.92 
4  12.00  0.00 66.00  0.00 30.00  0.00 48.00  0.00 322.79 
4  12.00  0.00 60.00  0.00 28.00  0.00 44.00  0.00 408.11 
4  12.00  0.00 54.00  0.00 26.00  0.00 40.00  0.00 567.23 
4  12.00  0.00 48.00  0.00 24.00  0.00 36.00  0.00 637.08 
4  12.00  0.00 42.00  0.00 22.00  0.00 32.00  0.00 817.37 
4  12.00  0.00 36.00  0.00 20.00  0.00 28.00  0.00 1112.31 
4  12.00  0.00 30.00  0.00 18.00  0.00 24.00  0.00 1258.25 
4  12.00  0.00 24.00  0.00 16.00  0.00 20.00  0.00 1599.05 
4  12.00  0.00 18.00  0.00 14.00  0.00 16.00  0.00 901.92 
4  14.00  0.00 92.00  0.00 40.00  0.00 66.00  0.00 156.72 
4  14.00  0.00 86.00  0.00 38.00  0.00 62.00  0.00 208.92 
4  14.00  0.00 80.00  0.00 36.00  0.00 58.00  0.00 241.92 
4  14.00  0.00 74.00  0.00 34.00  0.00 54.00  0.00 285.77 
4  14.00  0.00 68.00  0.00 32.00  0.00 50.00  0.00 315.59 
4  14.00  0.00 62.00  0.00 30.00  0.00 46.00  0.00 417.89 
4  14.00  0.00 56.00  0.00 28.00  0.00 42.00  0.00 559.62 
4  14.00  0.00 50.00  0.00 26.00  0.00 38.00  0.00 725.19 
4  14.00  0.00 44.00  0.00 24.00  0.00 34.00  0.00 909.64 
4  14.00  0.00 38.00  0.00 22.00  0.00 30.00  0.00 1205.75 
4  14.00  0.00 32.00  0.00 20.00  0.00 26.00  0.00 1539.96 
4  14.00  0.00 26.00  0.00 18.00  0.00 22.00  0.00 1611.81 
4  14.00  0.00 20.00  0.00 16.00  0.00 18.00  0.00 1459.43 
4  16.00  0.00 94.00  0.00 42.00  0.00 68.00  0.00 142.29 
4  16.00  0.00 88.00  0.00 40.00  0.00 64.00  0.00 185.59 
4  16.00  0.00 82.00  0.00 38.00  0.00 60.00  0.00 248.09 
4  16.00  0.00 76.00  0.00 36.00  0.00 56.00  0.00 304.16 
4  16.00  0.00 70.00  0.00 34.00  0.00 52.00  0.00 295.53 
4  16.00  0.00 64.00  0.00 32.00  0.00 48.00  0.00 406.51 
4  16.00  0.00 58.00  0.00 30.00  0.00 44.00  0.00 544.95 
4  16.00  0.00 52.00  0.00 28.00  0.00 40.00  0.00 716.87 
4  16.00  0.00 46.00  0.00 26.00  0.00 36.00  0.00 797.02 
4  16.00  0.00 40.00  0.00 24.00  0.00 32.00  0.00 1188.00 
4  16.00  0.00 34.00  0.00 22.00  0.00 28.00  0.00 1491.45 
4  16.00  0.00 28.00  0.00 20.00  0.00 24.00  0.00 1616.20 
4  16.00  0.00 22.00  0.00 18.00  0.00 20.00  0.00 1111.09 
4  18.00  0.00 90.00  0.00 42.00  0.00 66.00  0.00 181.71 
4  18.00  0.00 84.00  0.00 40.00  0.00 62.00  0.00 233.07 
4  18.00  0.00 78.00  0.00 38.00  0.00 58.00  0.00 278.99 
4  18.00  0.00 72.00  0.00 36.00  0.00 54.00  0.00 320.78 
4  18.00  0.00 66.00  0.00 34.00  0.00 50.00  0.00 368.32 
4  18.00  0.00 60.00  0.00 32.00  0.00 46.00  0.00 529.58 
4  18.00  0.00 54.00  0.00 30.00  0.00 42.00  0.00 765.54 
4  18.00  0.00 48.00  0.00 28.00  0.00 38.00  0.00 819.52 
4  18.00  0.00 42.00  0.00 26.00  0.00 34.00  0.00 1242.08 
4  18.00  0.00 36.00  0.00 24.00  0.00 30.00  0.00 1615.60 
4  18.00  0.00 30.00  0.00 22.00  0.00 26.00  0.00 1709.94 
4  18.00  0.00 24.00  0.00 20.00  0.00 22.00  0.00 1562.09 
4  20.00  0.00 92.00  0.00 44.00  0.00 68.00  0.00 167.96 
4  20.00  0.00 86.00  0.00 42.00  0.00 64.00  0.00 233.69 
4  20.00  0.00 80.00  0.00 40.00  0.00 60.00  0.00 308.15 
4  20.00  0.00 74.00  0.00 38.00  0.00 56.00  0.00 367.25 
4  20.00  0.00 68.00  0.00 36.00  0.00 52.00  0.00 371.71 
4  20.00  0.00 62.00  0.00 34.00  0.00 48.00  0.00 470.74 
4  20.00  0.00 56.00  0.00 32.00  0.00 44.00  0.00 715.47 
4  20.00  0.00 50.00  0.00 30.00  0.00 40.00  0.00 823.97 
4  20.00  0.00 44.00  0.00 28.00  0.00 36.00  0.00 1044.28 
4  20.00  0.00 38.00  0.00 26.00  0.00 32.00  0.00 1471.07 
4  20.00  0.00 32.00  0.00 24.00  0.00 28.00  0.00 1911.52 
4  20.00  0.00 26.00  0.00 22.00  0.00 24.00  0.00 1481.22 
4  22.00  0.00 94.00  0.00 46.00  0.00 70.00  0.00 166.80 
4  22.00  0.00 88.00  0.00 44.00  0.00 66.00  0.00 218.58 
4  22.00  0.00 82.00  0.00 42.00  0.00 62.00  0.00 282.74 
4  22.00  0.00 76.00  0.00 40.00  0.00 58.00  0.00 363.79 
4  22.00  0.00 70.00  0.00 38.00  0.00 54.00  0.00 398.85 
4  22.00  0.00 64.00  0.00 36.00  0.00 50.00  0.00 440.05 
4  22.00  0.00 58.00  0.00 34.00  0.00 46.00  0.00 676.28 
4  22.00  0.00 52.00  0.00 32.00  0.00 42.00  0.00 999.01 
4  22.00  0.00 46.00  0.00 30.00  0.00 38.00  0.00 978.32 
4  22.00  0.00 40.00  0.00 28.00  0.00 34.00  0.00 1561.84 
4  22.00  0.00 34.00  0.00 26.00  0.00 30.00  0.00 1782.89 
4  22.00  0.00 28.00  0.00 24.00  0.00 26.00  0.00 1625.20 
4  24.00  0.00 90.00  0.00 46.00  0.00 68.00  0.00 202.63 
4  24.00  0.00 84.00  0.00 44.00  0.00 64.00  0.00 252.75 
4  24.00  0.00 78.00  0.00 42.00  0.00 60.00  0.00 354.96 
4  24.00  0.00 72.00  0.00 40.00  0.00 56.00  0.00 416.68 
4  24.00  0.00 66.00  0.00 38.00  0.00 52.00  0.00 443.73 
4  24.00  0.00 60.00  0.00 36.00  0.00 48.00  0.00 582.16 
4  24.00  0.00 54.00  0.00 34.00  0.00 44.00  0.00 977.23 
4  24.00  0.00 48.00  0.00 32.00  0.00 40.00  0.00 1002.07 
4  24.00  0.00 42.00  0.00 30.00  0.00 36.00  0.00 1434.89 
4  24.00  0.00 36.00  0.00 28.00  0.00 32.00  0.00 1689.12 
4  24.00  0.00 30.00  0.00 26.00  0.00 28.00  0.00 1692.95 
4  26.00  0.00 92.00  0.00 48.00  0.00 70.00  0.00 211.75 
4  26.00  0.00 86.00  0.00 46.00  0.00 66.00  0.00 286.17 
4  26.00  0.00 80.00  0.00 44.00  0.00 62.00  0.00 341.78 
4  26.00  0.00 74.00  0.00 42.00  0.00 58.00  0.00 431.94 
4  26.00  0.00 68.00  0.00 40.00  0.00 54.00  0.00 515.39 
4  26.00  0.00 62.00  0.00 38.00  0.00 50.00  0.00 515.21 
4  26.00  0.00 56.00  0.00 36.00  0.00 46.00  0.00 864.48 
4  26.00  0.00 50.00  0.00 34.00  0.00 42.00  0.00 1107.52 
4  26.00  0.00 44.00  0.00 32.00  0.00 38.00  0.00 1431.39 
4  26.00  0.00 38.00  0.00 30.00  0.00 34.00  0.00 1877.17 
4  26.00  0.00 32.00  0.00 28.00  0.00 30.00  0.00 1645.36 
4  28.00  0.00 94.00  0.00 50.00  0.00 72.00  0.00 218.48 
4  28.00  0.00 88.00  0.00 48.00  0.00 68.00  0.00 263.66 
4  28.00  0.00 82.00  0.00 46.00  0.00 64.00  0.00 319.46 
4  28.00  0.00 76.00  0.00 44.00  0.00 60.00  0.00 469.10 
4  28.00  0.00 70.00  0.00 42.00  0.00 56.00  0.00 531.91 
4  28.00  0.00 64.00  0.00 40.00  0.00 52.00  0.00 560.77 
4  28.00  0.00 58.00  0.00 38.00  0.00 48.00  0.00 785.01 
4  28.00  0.00 52.00  0.00 36.00  0.00 44.00  0.00 1270.68 
4  28.00  0.00 46.00  0.00 34.00  0.00 40.00  0.00 1213.01 
4  28.00  0.00 40.00  0.00 32.00  0.00 36.00  0.00 2040.11 
4  28.00  0.00 34.00  0.00 30.00  0.00 32.00  0.00 1554.63 
4  30.00  0.00 90.00  0.00 50.00  0.00 70.00  0.00 282.46 
4  30.00  0.00 84.00  0.00 48.00  0.00 66.00  0.00 330.89 
4  30.00  0.00 78.00  0.00 46.00  0.00 62.00  0.00 400.25 
4  30.00  0.00 72.00  0.00 44.00  0.00 58.00  0.00 472.11 
4  30.00  0.00 66.00  0.00 42.00  0.00 54.00  0.00 614.20 
4  30.00  0.00 60.00  0.00 40.00  0.00 50.00  0.00 663.99 
4  30.00  0.00 54.00  0.00 38.00  0.00 46.00  0.00 1223.02 
4  30.00  0.00 48.00  0.00 36.00  0.00 42.00  0.00 1292.22 
4  30.00  0.00 42.00  0.00 34.00  0.00 38.00  0.00 1851.03 
4  30.00  0.00 36.00  0.00 32.00  0.00 34.00  0.00 1961.87 
4  32.00  0.00 92.00  0.00 52.00  0.00 72.00  0.00 296.74 
4  32.00  0.00 86.00  0.00 50.00  0.00 68.00  0.00 379.94 
4  32.00  0.00 80.00  0.00 48.00  0.00 64.00  0.00 415.62 
4  32.00  0.00 74.00  0.00 46.00  0.00 60.00  0.00 572.46 
4  32.00  0.00 68.00  0.00 44.00  0.00 56.00  0.00 667.19 
4  32.00  0.00 62.00  0.00 42.00  0.00 52.00  0.00 646.72 
4  32.00  0.00 56.00  0.00 40.00  0.00 48.00  0.00 1034.05 
4  32.00  0.00 50.00  0.00 38.00  0.00 44.00  0.00 1437.96 
4  32.00  0.00 44.00  0.00 36.00  0.00 40.00  0.00 1577.71 
4  32.00  0.00 38.00  0.00 34.00  0.00 36.00  0.00 1769.75 
4  34.00  0.00 94.00  0.00 54.00  0.00 74.00  0.00 270.99 
4  34.00  0.00 88.00  0.00 52.00  0.00 70.00  0.00 412.30 
4  34.00  0.00 82.00  0.00 50.00  0.00 66.00  0.00 484.91 
4  34.00  0.00 76.00  0.00 48.00  0.00 62.00  0.00 589.91 
4  34.00  0.00 70.00  0.00 46.00  0.00 58.00  0.00 639.49 
4  34.00  0.00 64.00  0.00 44.00  0.00 54.00  0.00 773.88 
4  34.00  0.00 58.00  0.00 42.00  0.00 50.00  0.00 930.77 
4  34.00  0.00 52.00  0.00 40.00  0.00 46.00  0.00 1730.42 
4  34.00  0.00 46.00  0.00 38.00  0.00 42.00  0.00 1677.46 
4  34.00  0.00 40.00  0.00 36.00  0.00 38.00  0.00 2044.86 
4  36.00  0.00 90.00  0.00 54.00  0.00 72.00  0.00 407.41 
4  36.00  0.00 84.00  0.00 52.00  0.00 68.00  0.00 499.39 
4  36.00  0.00 78.00  0.00 50.00  0.00 64.00  0.00 574.92 
4  36.00  0.00 72.00  0.00 48.00  0.00 60.00  0.00 702.98 
4  36.00  0.00 66.00  0.00 46.00  0.00 56.00  0.00 836.01 
4  36.00  0.00 60.00  0.00 44.00  0.00 52.00  0.00 804.85 
4  36.00  0.00 54.00  0.00 42.00  0.00 48.00  0.00 1433.60 
4  36.00  0.00 48.00  0.00 40.00  0.00 44.00  0.00 1740.26 
4  36.00  0.00 42.00  0.00 38.00  0.00 40.00  0.00 1627.39 
4  38.00  0.00 92.00  0.00 56.00  0.00 74.00  0.00 351.04 
4  38.00  0.00 86.00  0.00 54.00  0.00 70.00  0.00 592.70 
4  38.00  0.00 80.00  0.00 52.00  0.00 66.00  0.00 707.06 
4  38.00  0.00 74.00  0.00 50.00  0.00 62.00  0.00 828.76 
4  38.00  0.00 68.00  0.00 48.00  0.00 58.00  0.00 885.05 
4  38.00  0.00 62.00  0.00 46.00  0.00 54.00  0.00 871.79 
4  38.00  0.00 56.00  0.00 44.00  0.00 50.00  0.00 1029.02 
4  38.00  0.00 50.00  0.00 42.00  0.00 46.00  0.00 1678.88 
4  38.00  0.00 44.00  0.00 40.00  0.00 42.00  0.00 1822.21 
4  40.00  0.00 94.00  0.00 58.00  0.00 76.00  0.00 356.05 
4  40.00  0.00 88.00  0.00 56.00  0.00 72.00  0.00 528.96 
4  40.00  0.00 82.00  0.00 54.00  0.00 68.00  0.00 673.67 
4  40.00  0.00 76.00  0.00 52.00  0.00 64.00  0.00 871.77 
4  40.00  0.00 70.00  0.00 50.00  0.00 60.00  0.00 1038.12 
4  40.00  0.00 64.00  0.00 48.00  0.00 56.00  0.00 1052.51 
4  40.00  0.00 58.00  0.00 46.00  0.00 52.00  0.00 892.05 
4  40.00  0.00 52.00  0.00 44.00  0.00 48.00  0.00 1339.89 
4  40.00  0.00 46.00  0.00 42.00  0.00 44.00  0.00 1283.29 
4  42.00  0.00 90.00  0.00 58.00  0.00 74.00  0.00 476.07 
4  42.00  0.00 84.00  0.00 56.00  0.00 70.00  0.00 673.12 
4  42.00  0.00 78.00  0.00 54.00  0.00 66.00  0.00 883.46 
4  42.00  0.00 72.00  0.00 52.00  0.00 62.00  0.00 1078.00 
4  42.00  0.00 66.00  0.00 50.00  0.00 58.00  0.00 1197.27 
4  42.00  0.00 60.00  0.00 48.00  0.00 54.00  0.00 1053.97 
4  42.00  0.00 54.00  0.00 46.00  0.00 50.00  0.00 979.23 
4  42.00  0.00 48.00  0.00 44.00  0.00 46.00  0.00 1183.74 
4  44.00  0.00 92.00  0.00 60.00  0.00 76.00  0.00 485.49 
4  44.00  0.00 86.00  0.00 58.00  0.00 72.00  0.00 782.44 
4  44.00  0.00 80.00  0.00 56.00  0.00 68.00  0.00 858.26 
4  44.00  0.00 74.00  0.00 54.00  0.00 64.00  0.00 1138.17 
4  44.00  0.00 68.00  0.00 52.00  0.00 60.00  0.00 1551.59 
4  44.00  0.00 62.00  0.00 50.00  0.00 56.00  0.00 1355.71 
4  44.00  0.00 56.00  0.00 48.00  0.00 52.00  0.00 946.80 
4  44.00  0.00 50.00  0.00 46.00  0.00 48.00  0.00 756.46 
4  46.00  0.00 94.00  0.00 62.00  0.00 78.00  0.00 481.98 
4  46.00  0.00 88.00  0.00 60.00  0.00 74.00  0.00 603.10 
4  46.00  0.00 82.00  0.00 58.00  0.00 70.00  0.00 903.65 
4  46.00  0.00 76.00  0.00 56.00  0.00 66.00  0.00 1111.10 
4  46.00  0.00 70.00  0.00 54.00  0.00 62.00  0.00 1369.30 
4  46.00  0.00 64.00  0.00 52.00  0.00 58.00  0.00 1554.19 
4  46.00  0.00 58.00  0.00 50.00  0.00 54.00  0.00 1370.99 
4  46.00  0.00 52.00  0.00 48.00  0.00 50.00  0.00 625.04 
4  48.00  0.00 90.00  0.00 62.00  0.00 76.00  0.00 599.74 
4  48.00  0.00 84.00  0.00 60.00  0.00 72.00  0.00 804.64 
4  48.00  0.00 78.00  0.00 58.00  0.00 68.00  0.00 944.92 
4  48.00  0.00 72.00  0.00 56.00  0.00 64.00  0.00 1033.46 
4  48.00  0.00 66.00  0.00 54.00  0.00 60.00  0.00 1586.04 
4  48.00  0.00 60.00  0.00 52.00  0.00 56.00  0.00 1535.92 
4  48.00  0.00 54.00  0.00 50.00  0.00 52.00  0.00 918.69 
4  50.00  0.00 92.00  0.00 64.00  0.00 78.00  0.00 612.41 
4  50.00  0.00 86.00  0.00 62.00  0.00 74.00  0.00 748.94 
4  50.00  0.00 80.00  0.00 60.00  0.00 70.00  0.00 966.14 
4  50.00  0.00 74.00  0.00 58.00  0.00 66.00  0.00 1157.98 
4  50.00  0.00 68.00  0.00 56.00  0.00 62.00  0.00 1228.18 
4  50.00  0.00 62.00  0.00 54.00  0.00 58.00  0.00 1188.86 
4  50.00  0.00 56.00  0.00 52.00  0.00 54.00  0.00 1137.06 
4  52.00  0.00 94.00  0.00 66.00  0.00 80.00  0.00 569.79 
4  52.00  0.00 88.00  0.00 64.00  0.00 76.00  0.00 804.33 
4  52.00  0.00 82.00  0.00 62.00  0.00 72.00  0.00 1020.94 
4  52.00  0.00 76.00  0.00 60.00  0.00 68.00  0.00 1112.15 
4  52.00  0.00 70.00  0.00 58.00  0.00 64.00  0.00 1178.99 
4  52.00  0.00 64.00  0.00 56.00  0.00 60.00  0.00 1434.55 
4  52.00  0.00 58.00  0.00 54.00  0.00 56.00  0.00 1500.32 
4  54.00  0.00 90.00  0.00 66.00  0.00 78.00  0.00 898.87 
4  54.00  0.00 84.00  0.00 64.00  0.00 74.00  0.00 966.95 
4  54.00  0.00 78.00  0.00 62.00  0.00 70.00  0.00 1209.23 
4  54.00  0.00 72.00  0.00 60.00  0.00 66.00  0.00 1180.40 
4  54.00  0.00 66.00  0.00 58.00  0.00 62.00  0.00 1462.44 
4  54.00  0.00 60.00  0.00 56.00  0.00 58.00  0.00 1114.01 
4  56.00  0.00 92.00  0.00 68.00  0.00 80.00  0.00 922.43 
4  56.00  0.00 86.00  0.00 66.00  0.00 76.00  0.00 1273.32 
4  56.00  0.00 80.00  0.00 64.00  0.00 72.00  0.00 1528.14 
4  56.00  0.00 74.00  0.00 62.00  0.00 68.00  0.00 1389.72 
4  56.00  0.00 68.00  0.00 60.00  0.00 64.00  0.00 1240.28 
4  56.00  0.00 62.00  0.00 58.00  0.00 60.00  0.00 1345.06 
4  58.00  0.00 94.00  0.00 70.00  0.00 82.00  0.00 831.06 
4  58.00  0.00 88.00  0.00 68.00  0.00 78.00  0.00 1281.27 
4  58.00  0.00 82.00  0.00 66.00  0.00 74.00  0.00 1276.16 
4  58.00  0.00 76.00  0.00 64.00  0.00 70.00  0.00 1728.19 
4  58.00  0.00 70.00  0.00 62.00  0.00 66.00  0.00 1325.27 
4  58.00  0.00 64.00  0.00 60.00  0.00 62.00  0.00 951.12 
4  60.00  0.00 90.00  0.00 70.00  0.00 80.00  0.00 1239.03 
4  60.00  0.00 84.00  0.00 68.00  0.00 76.00  0.00 1511.33 
4  60.00  0.00 78.00  0.00 66.00  0.00 72.00  0.00 1758.67 
4  60.00  0.00 72.00  0.00 64.00  0.00 68.00  0.00 1428.94 
4  60.00  0.00 66.00  0.00 62.00  0.00 64.00  0.00 851.86 
4  62.00  0.00 92.00  0.00 72.00  0.00 82.00  0.00 1101.21 
4  62.00  0.00 86.00  0.00 70.00  0.00 78.00  0.00 1729.99 
4  62.00  0.00 80.00  0.00 68.00  0.00 74.00  0.00 1566.24 
4  62.00  0.00 74.00  0.00 66.00  0.00 70.00  0.00 1685.77 
4  62.00  0.00 68.00  0.00 64.00  0.00 66.00  0.00 1138.83 
4  64.00  0.00 94.00  0.00 74.00  0.00 84.00  0.00 1174.38 
4  64.00  0.00 88.00  0.00 72.00  0.00 80.00  0.00 1444.91 
4  64.00  0.00 82.00  0.00 70.00  0.00 76.00  0.00 1653.64 
4  64.00  0.00 76.00  0.00 68.00  0.00 72.00  0.00 1976.70 
4  64.00  0.00 70.00  0.00 66.00  0.00 68.00  0.00 1012.14 
4  66.00  0.00 90.00  0.00 74.00  0.00 82.00  0.00 1637.39 
4  66.00  0.00 84.00  0.00 72.00  0.00 78.00  0.00 1721.15 
4  66.00  0.00 78.00  0.00 70.00  0.00 74.00  0.00 1403.11 
4  66.00  0.00 72.00  0.00 68.00  0.00 70.00  0.00 1276.50 
4  68.00  0.00 92.00  0.00 76.00  0.00 84.00  0.00 1682.54 
4  68.00  0.00 86.00  0.00 74.00  0.00 80.00  0.00 2131.31 
4  68.00  0.00 80.00  0.00 72.00  0.00 76.00  0.00 1588.10 
4  68.00  0.00 74.00  0.00 70.00  0.00 72.00  0.00 1418.32 
4  70.00  0.00 94.00  0.00 78.00  0.00 86.00  0.00 1378.83 
4  70.00  0.00 88.00  0.00 76.00  0.00 82.00  0.00 2233.01 
4  70.00  0.00 82.00  0.00 74.00  0.00 78.00  0.00 2384.28 
4  70.00  0.00 76.00  0.00 72.00  0.00 74.00  0.00 926.40 
4  72.00  0.00 90.00  0.00 78.00  0.00 84.00  0.00 2050.54 
4  72.00  0.00 84.00  0.00 76.00  0.00 80.00  0.00 2251.90 
4  72.00  0.00 78.00  0.00 74.00  0.00 76.00  0.00 1437.24 
4  74.00  0.00 92.00  0.00 80.00  0.00 86.00  0.00 1729.16 
4  74.00  0.00 86.00  0.00 78.00  0.00 82.00  0.00 1989.18 
4  74.00  0.00 80.00  0.00 76.00  0.00 78.00  0.00 1798.60 
4  76.00  0.00 94.00  0.00 82.00  0.00 88.00  0.00 2183.05 
4  76.00  0.00 88.00  0.00 80.00  0.00 84.00  0.00 2579.63 
4  76.00  0.00 82.00  0.00 78.00  0.00 80.00  0.00 1543.76 
4  78.00  0.00 90.00  0.00 82.00  0.00 86.00  0.00 2158.46 
4  78.00  0.00 84.00  0.00 80.00  0.00 82.00  0.00 1761.48 
4  80.00  0.00 92.00  0.00 84.00  0.00 88.00  0.00 2573.86 
4  80.00  0.00 86.00  0.00 82.00  0.00 84.00  0.00 2342.34 
4  82.00  0.00 94.00  0.00 86.00  0.00 90.00  0.00 2919.12 
4  82.00  0.00 88.00  0.00 84.00  0.00 86.00  0.00 1476.63 
4  84.00  0.00 90.00  0.00 86.00  0.00 88.00  0.00 2970.03 
4  86.00  0.00 92.00  0.00 88.00  0.00 90.00  0.00 2466.89 
4  88.00  0.00 94.00  0.00 90.00  0.00 92.00  0.00 2662.66 