gl_1-pr_W
         5.00
11
1
Type of measurement (0=app. resistivity,1=resistance)
0
360
 2
0
4  0.00  0.00 225.00  0.00 75.00  0.00 150.00  0.00 4584.07 
4  0.00  0.00 210.00  0.00 70.00  0.00 140.00  0.00 4304.86 
4  0.00  0.00 195.00  0.00 65.00  0.00 130.00  0.00 3959.12 
4  0.00  0.00 180.00  0.00 60.00  0.00 120.00  0.00 3543.72 
4  0.00  0.00 165.00  0.00 55.00  0.00 110.00  0.00 3145.71 
4  0.00  0.00 150.00  0.00 50.00  0.00 100.00  0.00 2990.57 
4  0.00  0.00 135.00  0.00 45.00  0.00 90.00  0.00 2694.80 
4  0.00  0.00 120.00  0.00 40.00  0.00 80.00  0.00 2707.98 
4  0.00  0.00 105.00  0.00 35.00  0.00 70.00  0.00 1729.11 
4  0.00  0.00 90.00  0.00 30.00  0.00 60.00  0.00 2741.33 
4  0.00  0.00 75.00  0.00 25.00  0.00 50.00  0.00 2373.44 
4  0.00  0.00 60.00  0.00 20.00  0.00 40.00  0.00 2218.24 
4  0.00  0.00 45.00  0.00 15.00  0.00 30.00  0.00 1984.32 
4  0.00  0.00 30.00  0.00 10.00  0.00 20.00  0.00 1843.22 
4  0.00  0.00 15.00  0.00 5.00  0.00 10.00  0.00 1833.80 
4  5.00  0.00 230.00  0.00 80.00  0.00 155.00  0.00 4671.97 
4  5.00  0.00 215.00  0.00 75.00  0.00 145.00  0.00 4343.84 
4  5.00  0.00 200.00  0.00 70.00  0.00 135.00  0.00 4026.78 
4  5.00  0.00 185.00  0.00 65.00  0.00 125.00  0.00 3615.25 
4  5.00  0.00 170.00  0.00 60.00  0.00 115.00  0.00 3167.49 
4  5.00  0.00 155.00  0.00 55.00  0.00 105.00  0.00 2862.81 
4  5.00  0.00 140.00  0.00 50.00  0.00 95.00  0.00 2784.74 
4  5.00  0.00 125.00  0.00 45.00  0.00 85.00  0.00 2560.82 
4  5.00  0.00 110.00  0.00 40.00  0.00 75.00  0.00 2614.25 
4  5.00  0.00 95.00  0.00 35.00  0.00 65.00  0.00 1058.56 
4  5.00  0.00 80.00  0.00 30.00  0.00 55.00  0.00 2489.23 
4  5.00  0.00 65.00  0.00 25.00  0.00 45.00  0.00 2218.52 
4  5.00  0.00 50.00  0.00 20.00  0.00 35.00  0.00 402.82 
4  5.00  0.00 35.00  0.00 15.00  0.00 25.00  0.00 0.00 
4  5.00  0.00 20.00  0.00 10.00  0.00 15.00  0.00 1785.60 
4  10.00  0.00 235.00  0.00 85.00  0.00 160.00  0.00 4688.56 
4  10.00  0.00 220.00  0.00 80.00  0.00 150.00  0.00 4435.82 
4  10.00  0.00 205.00  0.00 75.00  0.00 140.00  0.00 4100.37 
4  10.00  0.00 190.00  0.00 70.00  0.00 130.00  0.00 3764.31 
4  10.00  0.00 175.00  0.00 65.00  0.00 120.00  0.00 3271.55 
4  10.00  0.00 160.00  0.00 60.00  0.00 110.00  0.00 2898.27 
4  10.00  0.00 145.00  0.00 55.00  0.00 100.00  0.00 2654.87 
4  10.00  0.00 130.00  0.00 50.00  0.00 90.00  0.00 2580.44 
4  10.00  0.00 115.00  0.00 45.00  0.00 80.00  0.00 2518.11 
4  10.00  0.00 100.00  0.00 40.00  0.00 70.00  0.00 2552.49 
4  10.00  0.00 85.00  0.00 35.00  0.00 60.00  0.00 2114.05 
4  10.00  0.00 70.00  0.00 30.00  0.00 50.00  0.00 2291.37 
4  10.00  0.00 55.00  0.00 25.00  0.00 40.00  0.00 2478.99 
4  10.00  0.00 40.00  0.00 20.00  0.00 30.00  0.00 1982.53 
4  10.00  0.00 25.00  0.00 15.00  0.00 20.00  0.00 1830.90 
4  15.00  0.00 225.00  0.00 85.00  0.00 155.00  0.00 4402.31 
4  15.00  0.00 210.00  0.00 80.00  0.00 145.00  0.00 4155.95 
4  15.00  0.00 195.00  0.00 75.00  0.00 135.00  0.00 3836.14 
4  15.00  0.00 180.00  0.00 70.00  0.00 125.00  0.00 3448.96 
4  15.00  0.00 165.00  0.00 65.00  0.00 115.00  0.00 2969.80 
4  15.00  0.00 150.00  0.00 60.00  0.00 105.00  0.00 2605.28 
4  15.00  0.00 135.00  0.00 55.00  0.00 95.00  0.00 2545.74 
4  15.00  0.00 120.00  0.00 50.00  0.00 85.00  0.00 2470.94 
4  15.00  0.00 105.00  0.00 45.00  0.00 75.00  0.00 2510.26 
4  15.00  0.00 90.00  0.00 40.00  0.00 65.00  0.00 2491.11 
4  15.00  0.00 75.00  0.00 35.00  0.00 55.00  0.00 1163.58 
4  15.00  0.00 60.00  0.00 30.00  0.00 45.00  0.00 2284.15 
4  15.00  0.00 45.00  0.00 25.00  0.00 35.00  0.00 159.47 
4  15.00  0.00 30.00  0.00 20.00  0.00 25.00  0.00 1734.25 
4  20.00  0.00 230.00  0.00 90.00  0.00 160.00  0.00 4574.16 
4  20.00  0.00 215.00  0.00 85.00  0.00 150.00  0.00 4236.20 
4  20.00  0.00 200.00  0.00 80.00  0.00 140.00  0.00 3917.50 
4  20.00  0.00 185.00  0.00 75.00  0.00 130.00  0.00 3547.38 
4  20.00  0.00 170.00  0.00 70.00  0.00 120.00  0.00 3141.59 
4  20.00  0.00 155.00  0.00 65.00  0.00 110.00  0.00 2670.35 
4  20.00  0.00 140.00  0.00 60.00  0.00 100.00  0.00 2416.38 
4  20.00  0.00 125.00  0.00 55.00  0.00 90.00  0.00 2322.62 
4  20.00  0.00 110.00  0.00 50.00  0.00 80.00  0.00 2461.43 
4  20.00  0.00 95.00  0.00 45.00  0.00 70.00  0.00 2301.59 
4  20.00  0.00 80.00  0.00 40.00  0.00 60.00  0.00 2332.10 
4  20.00  0.00 65.00  0.00 35.00  0.00 50.00  0.00 1490.47 
4  20.00  0.00 50.00  0.00 30.00  0.00 40.00  0.00 2578.30 
4  20.00  0.00 35.00  0.00 25.00  0.00 30.00  0.00 0.00 
4  25.00  0.00 235.00  0.00 95.00  0.00 165.00  0.00 4545.47 
4  25.00  0.00 220.00  0.00 90.00  0.00 155.00  0.00 4308.41 
4  25.00  0.00 205.00  0.00 85.00  0.00 145.00  0.00 4001.21 
4  25.00  0.00 190.00  0.00 80.00  0.00 135.00  0.00 3641.76 
4  25.00  0.00 175.00  0.00 75.00  0.00 125.00  0.00 3262.30 
4  25.00  0.00 160.00  0.00 70.00  0.00 115.00  0.00 2823.03 
4  25.00  0.00 145.00  0.00 65.00  0.00 105.00  0.00 2407.59 
4  25.00  0.00 130.00  0.00 60.00  0.00 95.00  0.00 2321.86 
4  25.00  0.00 115.00  0.00 55.00  0.00 85.00  0.00 2276.34 
4  25.00  0.00 100.00  0.00 50.00  0.00 75.00  0.00 2402.29 
4  25.00  0.00 85.00  0.00 45.00  0.00 65.00  0.00 2338.21 
4  25.00  0.00 70.00  0.00 40.00  0.00 55.00  0.00 2104.63 
4  25.00  0.00 55.00  0.00 35.00  0.00 45.00  0.00 20.10 
4  25.00  0.00 40.00  0.00 30.00  0.00 35.00  0.00 488.61 
4  30.00  0.00 225.00  0.00 95.00  0.00 160.00  0.00 4314.62 
4  30.00  0.00 210.00  0.00 90.00  0.00 150.00  0.00 4046.09 
4  30.00  0.00 195.00  0.00 85.00  0.00 140.00  0.00 3754.48 
4  30.00  0.00 180.00  0.00 80.00  0.00 130.00  0.00 3402.37 
4  30.00  0.00 165.00  0.00 75.00  0.00 120.00  0.00 2968.19 
4  30.00  0.00 150.00  0.00 70.00  0.00 110.00  0.00 2511.95 
4  30.00  0.00 135.00  0.00 65.00  0.00 100.00  0.00 2227.07 
4  30.00  0.00 120.00  0.00 60.00  0.00 90.00  0.00 2177.88 
4  30.00  0.00 105.00  0.00 55.00  0.00 80.00  0.00 2307.48 
4  30.00  0.00 90.00  0.00 50.00  0.00 70.00  0.00 2372.77 
4  30.00  0.00 75.00  0.00 45.00  0.00 60.00  0.00 2213.57 
4  30.00  0.00 60.00  0.00 40.00  0.00 50.00  0.00 1979.83 
4  30.00  0.00 45.00  0.00 35.00  0.00 40.00  0.00 313.29 
4  35.00  0.00 230.00  0.00 100.00  0.00 165.00  0.00 816.81 
4  35.00  0.00 215.00  0.00 95.00  0.00 155.00  0.00 4146.90 
4  35.00  0.00 200.00  0.00 90.00  0.00 145.00  0.00 12959.07 
4  35.00  0.00 185.00  0.00 85.00  0.00 135.00  0.00 24190.26 
4  35.00  0.00 170.00  0.00 80.00  0.00 125.00  0.00 3110.18 
4  35.00  0.00 155.00  0.00 75.00  0.00 115.00  0.00 0.00 
4  35.00  0.00 140.00  0.00 70.00  0.00 105.00  0.00 109.96 
4  35.00  0.00 125.00  0.00 65.00  0.00 95.00  0.00 15079.64 
4  35.00  0.00 110.00  0.00 60.00  0.00 85.00  0.00 0.00 
4  35.00  0.00 95.00  0.00 55.00  0.00 75.00  0.00 879.65 
4  35.00  0.00 80.00  0.00 50.00  0.00 65.00  0.00 5969.03 
4  35.00  0.00 65.00  0.00 45.00  0.00 55.00  0.00 534.07 
4  35.00  0.00 50.00  0.00 40.00  0.00 45.00  0.00 1298.52 
4  40.00  0.00 235.00  0.00 105.00  0.00 170.00  0.00 4546.08 
4  40.00  0.00 220.00  0.00 100.00  0.00 160.00  0.00 4280.79 
4  40.00  0.00 205.00  0.00 95.00  0.00 150.00  0.00 3882.39 
4  40.00  0.00 190.00  0.00 90.00  0.00 140.00  0.00 3647.84 
4  40.00  0.00 175.00  0.00 85.00  0.00 130.00  0.00 3345.00 
4  40.00  0.00 160.00  0.00 80.00  0.00 120.00  0.00 2944.92 
4  40.00  0.00 145.00  0.00 75.00  0.00 110.00  0.00 2557.58 
4  40.00  0.00 130.00  0.00 70.00  0.00 100.00  0.00 2239.88 
4  40.00  0.00 115.00  0.00 65.00  0.00 90.00  0.00 2189.15 
4  40.00  0.00 100.00  0.00 60.00  0.00 80.00  0.00 774.81 
4  40.00  0.00 85.00  0.00 55.00  0.00 70.00  0.00 2374.54 
4  40.00  0.00 70.00  0.00 50.00  0.00 60.00  0.00 2547.34 
4  40.00  0.00 55.00  0.00 45.00  0.00 50.00  0.00 1945.11 
4  45.00  0.00 225.00  0.00 105.00  0.00 165.00  0.00 4326.04 
4  45.00  0.00 210.00  0.00 100.00  0.00 155.00  0.00 4056.01 
4  45.00  0.00 195.00  0.00 95.00  0.00 145.00  0.00 3643.09 
4  45.00  0.00 180.00  0.00 90.00  0.00 135.00  0.00 3428.44 
4  45.00  0.00 165.00  0.00 85.00  0.00 125.00  0.00 3128.64 
4  45.00  0.00 150.00  0.00 80.00  0.00 115.00  0.00 2715.08 
4  45.00  0.00 135.00  0.00 75.00  0.00 105.00  0.00 2303.39 
4  45.00  0.00 120.00  0.00 70.00  0.00 95.00  0.00 2363.26 
4  45.00  0.00 105.00  0.00 65.00  0.00 85.00  0.00 2087.09 
4  45.00  0.00 90.00  0.00 60.00  0.00 75.00  0.00 2102.77 
4  45.00  0.00 75.00  0.00 55.00  0.00 65.00  0.00 2406.89 
4  45.00  0.00 60.00  0.00 50.00  0.00 55.00  0.00 2077.11 
4  50.00  0.00 230.00  0.00 110.00  0.00 170.00  0.00 4280.72 
4  50.00  0.00 215.00  0.00 105.00  0.00 160.00  0.00 4135.02 
4  50.00  0.00 200.00  0.00 100.00  0.00 150.00  0.00 3766.57 
4  50.00  0.00 185.00  0.00 95.00  0.00 140.00  0.00 3371.78 
4  50.00  0.00 170.00  0.00 90.00  0.00 130.00  0.00 3198.61 
4  50.00  0.00 155.00  0.00 85.00  0.00 120.00  0.00 2865.94 
4  50.00  0.00 140.00  0.00 80.00  0.00 110.00  0.00 2444.69 
4  50.00  0.00 125.00  0.00 75.00  0.00 100.00  0.00 2214.48 
4  50.00  0.00 110.00  0.00 70.00  0.00 90.00  0.00 2190.93 
4  50.00  0.00 95.00  0.00 65.00  0.00 80.00  0.00 1812.23 
4  50.00  0.00 80.00  0.00 60.00  0.00 70.00  0.00 1894.14 
4  50.00  0.00 65.00  0.00 55.00  0.00 60.00  0.00 2074.57 
4  55.00  0.00 235.00  0.00 115.00  0.00 175.00  0.00 4267.26 
4  55.00  0.00 220.00  0.00 110.00  0.00 165.00  0.00 4106.72 
4  55.00  0.00 205.00  0.00 105.00  0.00 155.00  0.00 3910.84 
4  55.00  0.00 190.00  0.00 100.00  0.00 145.00  0.00 3539.03 
4  55.00  0.00 175.00  0.00 95.00  0.00 135.00  0.00 3164.41 
4  55.00  0.00 160.00  0.00 90.00  0.00 125.00  0.00 3013.56 
4  55.00  0.00 145.00  0.00 85.00  0.00 115.00  0.00 2622.91 
4  55.00  0.00 130.00  0.00 80.00  0.00 105.00  0.00 2252.26 
4  55.00  0.00 115.00  0.00 75.00  0.00 95.00  0.00 2383.46 
4  55.00  0.00 100.00  0.00 70.00  0.00 85.00  0.00 1951.71 
4  55.00  0.00 85.00  0.00 65.00  0.00 75.00  0.00 1753.36 
4  55.00  0.00 70.00  0.00 60.00  0.00 65.00  0.00 1730.62 
4  60.00  0.00 225.00  0.00 115.00  0.00 170.00  0.00 4073.29 
4  60.00  0.00 210.00  0.00 110.00  0.00 160.00  0.00 3909.77 
4  60.00  0.00 195.00  0.00 105.00  0.00 150.00  0.00 3625.50 
4  60.00  0.00 180.00  0.00 100.00  0.00 140.00  0.00 3323.11 
4  60.00  0.00 165.00  0.00 95.00  0.00 130.00  0.00 2980.25 
4  60.00  0.00 150.00  0.00 90.00  0.00 120.00  0.00 2788.66 
4  60.00  0.00 135.00  0.00 85.00  0.00 110.00  0.00 2404.62 
4  60.00  0.00 120.00  0.00 80.00  0.00 100.00  0.00 2232.75 
4  60.00  0.00 105.00  0.00 75.00  0.00 90.00  0.00 2146.21 
4  60.00  0.00 90.00  0.00 70.00  0.00 80.00  0.00 1809.79 
4  60.00  0.00 75.00  0.00 65.00  0.00 70.00  0.00 1422.28 
4  65.00  0.00 230.00  0.00 120.00  0.00 175.00  0.00 3976.27 
4  65.00  0.00 215.00  0.00 115.00  0.00 165.00  0.00 3845.19 
4  65.00  0.00 200.00  0.00 110.00  0.00 155.00  0.00 3602.25 
4  65.00  0.00 185.00  0.00 105.00  0.00 145.00  0.00 3343.08 
4  65.00  0.00 170.00  0.00 100.00  0.00 135.00  0.00 3078.76 
4  65.00  0.00 155.00  0.00 95.00  0.00 125.00  0.00 2768.89 
4  65.00  0.00 140.00  0.00 90.00  0.00 115.00  0.00 2471.16 
4  65.00  0.00 125.00  0.00 85.00  0.00 105.00  0.00 2237.97 
4  65.00  0.00 110.00  0.00 80.00  0.00 95.00  0.00 2406.48 
4  65.00  0.00 95.00  0.00 75.00  0.00 85.00  0.00 1649.82 
4  65.00  0.00 80.00  0.00 70.00  0.00 75.00  0.00 1590.83 
4  70.00  0.00 235.00  0.00 125.00  0.00 180.00  0.00 3813.48 
4  70.00  0.00 220.00  0.00 120.00  0.00 170.00  0.00 3744.44 
4  70.00  0.00 205.00  0.00 115.00  0.00 160.00  0.00 3587.86 
4  70.00  0.00 190.00  0.00 110.00  0.00 150.00  0.00 3269.83 
4  70.00  0.00 175.00  0.00 105.00  0.00 140.00  0.00 3070.01 
4  70.00  0.00 160.00  0.00 100.00  0.00 130.00  0.00 2864.37 
4  70.00  0.00 145.00  0.00 95.00  0.00 120.00  0.00 2417.48 
4  70.00  0.00 130.00  0.00 90.00  0.00 110.00  0.00 2264.33 
4  70.00  0.00 115.00  0.00 85.00  0.00 100.00  0.00 2163.32 
4  70.00  0.00 100.00  0.00 80.00  0.00 90.00  0.00 1898.87 
4  70.00  0.00 85.00  0.00 75.00  0.00 80.00  0.00 1469.66 
4  75.00  0.00 225.00  0.00 125.00  0.00 175.00  0.00 3640.76 
4  75.00  0.00 210.00  0.00 120.00  0.00 165.00  0.00 3504.28 
4  75.00  0.00 195.00  0.00 115.00  0.00 155.00  0.00 3271.72 
4  75.00  0.00 180.00  0.00 110.00  0.00 145.00  0.00 3012.86 
4  75.00  0.00 165.00  0.00 105.00  0.00 135.00  0.00 2875.06 
4  75.00  0.00 150.00  0.00 100.00  0.00 125.00  0.00 2678.57 
4  75.00  0.00 135.00  0.00 95.00  0.00 115.00  0.00 2140.19 
4  75.00  0.00 120.00  0.00 90.00  0.00 105.00  0.00 2143.51 
4  75.00  0.00 105.00  0.00 85.00  0.00 95.00  0.00 2315.53 
4  75.00  0.00 90.00  0.00 80.00  0.00 85.00  0.00 1519.19 
4  80.00  0.00 230.00  0.00 130.00  0.00 180.00  0.00 3522.50 
4  80.00  0.00 215.00  0.00 125.00  0.00 170.00  0.00 3435.29 
4  80.00  0.00 200.00  0.00 120.00  0.00 160.00  0.00 3239.52 
4  80.00  0.00 185.00  0.00 115.00  0.00 150.00  0.00 2946.40 
4  80.00  0.00 170.00  0.00 110.00  0.00 140.00  0.00 2781.16 
4  80.00  0.00 155.00  0.00 105.00  0.00 130.00  0.00 2738.30 
4  80.00  0.00 140.00  0.00 100.00  0.00 120.00  0.00 2356.34 
4  80.00  0.00 125.00  0.00 95.00  0.00 110.00  0.00 2014.89 
4  80.00  0.00 110.00  0.00 90.00  0.00 100.00  0.00 2021.47 
4  80.00  0.00 95.00  0.00 85.00  0.00 90.00  0.00 1570.64 
4  85.00  0.00 235.00  0.00 135.00  0.00 185.00  0.00 3520.60 
4  85.00  0.00 220.00  0.00 130.00  0.00 175.00  0.00 3362.05 
4  85.00  0.00 205.00  0.00 125.00  0.00 165.00  0.00 3185.24 
4  85.00  0.00 190.00  0.00 120.00  0.00 155.00  0.00 2915.86 
4  85.00  0.00 175.00  0.00 115.00  0.00 145.00  0.00 2688.92 
4  85.00  0.00 160.00  0.00 110.00  0.00 135.00  0.00 2600.70 
4  85.00  0.00 145.00  0.00 105.00  0.00 125.00  0.00 2513.27 
4  85.00  0.00 130.00  0.00 100.00  0.00 115.00  0.00 2156.52 
4  85.00  0.00 115.00  0.00 95.00  0.00 105.00  0.00 1719.02 
4  85.00  0.00 100.00  0.00 90.00  0.00 95.00  0.00 1868.65 
4  90.00  0.00 225.00  0.00 135.00  0.00 180.00  0.00 3298.94 
4  90.00  0.00 210.00  0.00 130.00  0.00 170.00  0.00 3168.35 
4  90.00  0.00 195.00  0.00 125.00  0.00 160.00  0.00 2926.38 
4  90.00  0.00 180.00  0.00 120.00  0.00 150.00  0.00 2657.00 
4  90.00  0.00 165.00  0.00 115.00  0.00 140.00  0.00 2554.71 
4  90.00  0.00 150.00  0.00 110.00  0.00 130.00  0.00 2555.74 
4  90.00  0.00 135.00  0.00 105.00  0.00 120.00  0.00 2384.35 
4  90.00  0.00 120.00  0.00 100.00  0.00 110.00  0.00 2188.39 
4  90.00  0.00 105.00  0.00 95.00  0.00 100.00  0.00 1388.54 
4  95.00  0.00 230.00  0.00 140.00  0.00 185.00  0.00 3353.70 
4  95.00  0.00 215.00  0.00 135.00  0.00 175.00  0.00 3215.65 
4  95.00  0.00 200.00  0.00 130.00  0.00 165.00  0.00 2945.56 
4  95.00  0.00 185.00  0.00 125.00  0.00 155.00  0.00 2673.38 
4  95.00  0.00 170.00  0.00 120.00  0.00 145.00  0.00 2522.34 
4  95.00  0.00 155.00  0.00 115.00  0.00 135.00  0.00 2539.47 
4  95.00  0.00 140.00  0.00 110.00  0.00 125.00  0.00 2474.51 
4  95.00  0.00 125.00  0.00 105.00  0.00 115.00  0.00 2419.03 
4  95.00  0.00 110.00  0.00 100.00  0.00 105.00  0.00 1781.03 
4  100.00  0.00 235.00  0.00 145.00  0.00 190.00  0.00 3352.01 
4  100.00  0.00 220.00  0.00 140.00  0.00 180.00  0.00 3111.60 
4  100.00  0.00 205.00  0.00 135.00  0.00 170.00  0.00 2953.67 
4  100.00  0.00 190.00  0.00 130.00  0.00 160.00  0.00 2623.12 
4  100.00  0.00 175.00  0.00 125.00  0.00 150.00  0.00 2337.69 
4  100.00  0.00 160.00  0.00 120.00  0.00 140.00  0.00 2287.25 
4  100.00  0.00 145.00  0.00 115.00  0.00 130.00  0.00 2274.62 
4  100.00  0.00 130.00  0.00 110.00  0.00 120.00  0.00 2234.19 
4  100.00  0.00 115.00  0.00 105.00  0.00 110.00  0.00 1905.03 
4  105.00  0.00 225.00  0.00 145.00  0.00 185.00  0.00 3157.30 
4  105.00  0.00 210.00  0.00 140.00  0.00 175.00  0.00 2963.66 
4  105.00  0.00 195.00  0.00 135.00  0.00 165.00  0.00 2667.84 
4  105.00  0.00 180.00  0.00 130.00  0.00 155.00  0.00 2336.26 
4  105.00  0.00 165.00  0.00 125.00  0.00 145.00  0.00 2164.43 
4  105.00  0.00 150.00  0.00 120.00  0.00 135.00  0.00 2164.67 
4  105.00  0.00 135.00  0.00 115.00  0.00 125.00  0.00 2194.30 
4  105.00  0.00 120.00  0.00 110.00  0.00 115.00  0.00 1849.07 
4  110.00  0.00 230.00  0.00 150.00  0.00 190.00  0.00 3221.88 
4  110.00  0.00 215.00  0.00 145.00  0.00 180.00  0.00 2990.55 
4  110.00  0.00 200.00  0.00 140.00  0.00 170.00  0.00 2755.36 
4  110.00  0.00 185.00  0.00 135.00  0.00 160.00  0.00 2417.30 
4  110.00  0.00 170.00  0.00 130.00  0.00 150.00  0.00 2116.90 
4  110.00  0.00 155.00  0.00 125.00  0.00 140.00  0.00 2108.12 
4  110.00  0.00 140.00  0.00 120.00  0.00 130.00  0.00 2057.77 
4  110.00  0.00 125.00  0.00 115.00  0.00 120.00  0.00 2117.94 
4  115.00  0.00 235.00  0.00 155.00  0.00 195.00  0.00 3233.59 
4  115.00  0.00 220.00  0.00 150.00  0.00 185.00  0.00 3052.00 
4  115.00  0.00 205.00  0.00 145.00  0.00 175.00  0.00 2848.50 
4  115.00  0.00 190.00  0.00 140.00  0.00 165.00  0.00 2460.58 
4  115.00  0.00 175.00  0.00 135.00  0.00 155.00  0.00 2125.63 
4  115.00  0.00 160.00  0.00 130.00  0.00 145.00  0.00 1939.21 
4  115.00  0.00 145.00  0.00 125.00  0.00 135.00  0.00 1875.98 
4  115.00  0.00 130.00  0.00 120.00  0.00 125.00  0.00 1869.39 
4  120.00  0.00 225.00  0.00 155.00  0.00 190.00  0.00 3062.28 
4  120.00  0.00 210.00  0.00 150.00  0.00 180.00  0.00 2865.13 
4  120.00  0.00 195.00  0.00 145.00  0.00 170.00  0.00 2603.92 
4  120.00  0.00 180.00  0.00 140.00  0.00 160.00  0.00 2215.80 
4  120.00  0.00 165.00  0.00 135.00  0.00 150.00  0.00 1913.73 
4  120.00  0.00 150.00  0.00 130.00  0.00 140.00  0.00 1823.38 
4  120.00  0.00 135.00  0.00 125.00  0.00 130.00  0.00 1787.30 
4  125.00  0.00 230.00  0.00 160.00  0.00 195.00  0.00 3058.83 
4  125.00  0.00 215.00  0.00 155.00  0.00 185.00  0.00 2922.33 
4  125.00  0.00 200.00  0.00 150.00  0.00 175.00  0.00 2709.34 
4  125.00  0.00 185.00  0.00 145.00  0.00 165.00  0.00 2281.92 
4  125.00  0.00 170.00  0.00 140.00  0.00 155.00  0.00 1909.49 
4  125.00  0.00 155.00  0.00 135.00  0.00 145.00  0.00 1749.91 
4  125.00  0.00 140.00  0.00 130.00  0.00 135.00  0.00 1441.94 
4  130.00  0.00 235.00  0.00 165.00  0.00 200.00  0.00 3168.90 
4  130.00  0.00 220.00  0.00 160.00  0.00 190.00  0.00 2867.20 
4  130.00  0.00 205.00  0.00 155.00  0.00 180.00  0.00 2650.83 
4  130.00  0.00 190.00  0.00 150.00  0.00 170.00  0.00 2368.62 
4  130.00  0.00 175.00  0.00 145.00  0.00 160.00  0.00 1935.92 
4  130.00  0.00 160.00  0.00 140.00  0.00 150.00  0.00 1527.05 
4  130.00  0.00 145.00  0.00 135.00  0.00 140.00  0.00 1248.97 
4  135.00  0.00 225.00  0.00 165.00  0.00 195.00  0.00 2843.54 
4  135.00  0.00 210.00  0.00 160.00  0.00 185.00  0.00 2616.50 
4  135.00  0.00 195.00  0.00 155.00  0.00 175.00  0.00 2364.37 
4  135.00  0.00 180.00  0.00 150.00  0.00 165.00  0.00 1975.97 
4  135.00  0.00 165.00  0.00 145.00  0.00 155.00  0.00 1488.32 
4  135.00  0.00 150.00  0.00 140.00  0.00 145.00  0.00 1044.91 
4  140.00  0.00 230.00  0.00 170.00  0.00 200.00  0.00 2928.20 
4  140.00  0.00 215.00  0.00 165.00  0.00 190.00  0.00 2615.89 
4  140.00  0.00 200.00  0.00 160.00  0.00 180.00  0.00 2240.89 
4  140.00  0.00 185.00  0.00 155.00  0.00 170.00  0.00 1971.33 
4  140.00  0.00 170.00  0.00 150.00  0.00 160.00  0.00 1561.34 
4  140.00  0.00 155.00  0.00 145.00  0.00 150.00  0.00 1018.65 
4  145.00  0.00 235.00  0.00 175.00  0.00 205.00  0.00 3018.85 
4  145.00  0.00 220.00  0.00 170.00  0.00 195.00  0.00 2594.26 
4  145.00  0.00 205.00  0.00 165.00  0.00 185.00  0.00 2308.83 
4  145.00  0.00 190.00  0.00 160.00  0.00 175.00  0.00 1921.34 
4  145.00  0.00 175.00  0.00 155.00  0.00 165.00  0.00 1560.58 
4  145.00  0.00 160.00  0.00 150.00  0.00 155.00  0.00 1015.95 
4  150.00  0.00 225.00  0.00 175.00  0.00 200.00  0.00 2705.12 
4  150.00  0.00 210.00  0.00 170.00  0.00 190.00  0.00 2301.55 
4  150.00  0.00 195.00  0.00 165.00  0.00 180.00  0.00 1872.75 
4  150.00  0.00 180.00  0.00 160.00  0.00 170.00  0.00 1544.82 
4  150.00  0.00 165.00  0.00 155.00  0.00 160.00  0.00 1080.67 
4  155.00  0.00 230.00  0.00 180.00  0.00 205.00  0.00 2857.66 
4  155.00  0.00 215.00  0.00 175.00  0.00 195.00  0.00 2317.71 
4  155.00  0.00 200.00  0.00 170.00  0.00 185.00  0.00 1911.55 
4  155.00  0.00 185.00  0.00 165.00  0.00 175.00  0.00 1503.36 
4  155.00  0.00 170.00  0.00 160.00  0.00 165.00  0.00 1085.06 
4  160.00  0.00 235.00  0.00 185.00  0.00 210.00  0.00 3109.41 
4  160.00  0.00 220.00  0.00 180.00  0.00 200.00  0.00 2491.84 
4  160.00  0.00 205.00  0.00 175.00  0.00 190.00  0.00 1948.78 
4  160.00  0.00 190.00  0.00 170.00  0.00 180.00  0.00 1420.12 
4  160.00  0.00 175.00  0.00 165.00  0.00 170.00  0.00 1139.14 
4  165.00  0.00 225.00  0.00 185.00  0.00 205.00  0.00 2544.03 
4  165.00  0.00 210.00  0.00 180.00  0.00 195.00  0.00 2019.42 
4  165.00  0.00 195.00  0.00 175.00  0.00 185.00  0.00 1480.58 
4  165.00  0.00 180.00  0.00 170.00  0.00 175.00  0.00 1282.82 
4  170.00  0.00 230.00  0.00 190.00  0.00 210.00  0.00 2796.61 
4  170.00  0.00 215.00  0.00 185.00  0.00 200.00  0.00 2125.88 
4  170.00  0.00 200.00  0.00 180.00  0.00 190.00  0.00 1585.52 
4  170.00  0.00 185.00  0.00 175.00  0.00 180.00  0.00 1122.77 
4  175.00  0.00 235.00  0.00 195.00  0.00 215.00  0.00 3026.47 
4  175.00  0.00 220.00  0.00 190.00  0.00 205.00  0.00 2202.16 
4  175.00  0.00 205.00  0.00 185.00  0.00 195.00  0.00 1569.55 
4  175.00  0.00 190.00  0.00 180.00  0.00 185.00  0.00 1305.22 
4  180.00  0.00 225.00  0.00 195.00  0.00 210.00  0.00 2410.99 
4  180.00  0.00 210.00  0.00 190.00  0.00 200.00  0.00 1662.60 
4  180.00  0.00 195.00  0.00 185.00  0.00 190.00  0.00 1135.99 
4  185.00  0.00 230.00  0.00 200.00  0.00 215.00  0.00 2529.38 
4  185.00  0.00 215.00  0.00 195.00  0.00 205.00  0.00 1765.41 
4  185.00  0.00 200.00  0.00 190.00  0.00 195.00  0.00 1140.44 
4  190.00  0.00 235.00  0.00 205.00  0.00 220.00  0.00 2723.68 
4  190.00  0.00 220.00  0.00 200.00  0.00 210.00  0.00 1916.56 
4  190.00  0.00 205.00  0.00 195.00  0.00 200.00  0.00 1252.46 
4  195.00  0.00 225.00  0.00 205.00  0.00 215.00  0.00 2173.33 
4  195.00  0.00 210.00  0.00 200.00  0.00 205.00  0.00 1218.99 
4  200.00  0.00 230.00  0.00 210.00  0.00 220.00  0.00 2215.42 
4  200.00  0.00 215.00  0.00 205.00  0.00 210.00  0.00 1391.44 
4  205.00  0.00 235.00  0.00 215.00  0.00 225.00  0.00 2279.02 
4  205.00  0.00 220.00  0.00 210.00  0.00 215.00  0.00 1328.08 
4  210.00  0.00 225.00  0.00 215.00  0.00 220.00  0.00 1348.74 
4  215.00  0.00 230.00  0.00 220.00  0.00 225.00  0.00 1296.30 
4  220.00  0.00 235.00  0.00 225.00  0.00 230.00  0.00 1304.01 
Topo	
2	
48	
0	3229.616
5	3228.263
10	3226.311
15	3225.692
20	3224.76
25	3223.519
30	3223.571
35	3220.214
40	3218.947
45	3219.622
50	3220.986
55	3222.614
60	3223.412
65	3223.628
70	3224.135
75	3223.831
80	3222.527
85	3221.386
90	3220.607
95	3220.018
100	3219.132
105	3218.804
110	3218.925
115	3219.813
120	3221.187
125	3221.349
130	3220.06
135	3218.882
140	3217.564
145	3216.986
150	3216.523
155	3214.139
160	3212.168
165	3207.967
170	3205.286
175	3204.369
180	3204.279
185	3203.862
190	3203.224
195	3203.165
200	3202.432
205	3202.705
210	3201.622
215	3200.935
220	3199.922
225	3199.504
230	3199.451
235	3198.745

