4      5.000      0.000      0.000      0.000     10.000      0.000     15.000      0.000  17705.00000
4     10.000      0.000      5.000      0.000     15.000      0.000     20.000      0.000  10922.00000
4     15.000      0.000     10.000      0.000     20.000      0.000     25.000      0.000  10567.00000
4     20.000      0.000     15.000      0.000     25.000      0.000     30.000      0.000  12906.00000
4     25.000      0.000     20.000      0.000     30.000      0.000     35.000      0.000  13558.00000
4     30.000      0.000     25.000      0.000     35.000      0.000     40.000      0.000  13182.00000
4     35.000      0.000     30.000      0.000     40.000      0.000     45.000      0.000  20883.00000
4     40.000      0.000     35.000      0.000     45.000      0.000     50.000      0.000  17618.00000
4     45.000      0.000     40.000      0.000     50.000      0.000     55.000      0.000  18039.00000
4     50.000      0.000     45.000      0.000     55.000      0.000     60.000      0.000  12851.00000
4     55.000      0.000     50.000      0.000     60.000      0.000     65.000      0.000  21445.00000
4     60.000      0.000     55.000      0.000     65.000      0.000     70.000      0.000  15093.00000
4     65.000      0.000     60.000      0.000     70.000      0.000     75.000      0.000  13601.00000
4     70.000      0.000     65.000      0.000     75.000      0.000     80.000      0.000  24209.00000
4     75.000      0.000     70.000      0.000     80.000      0.000     85.000      0.000  12224.00000
4     80.000      0.000     75.000      0.000     85.000      0.000     90.000      0.000  17160.00000
4     85.000      0.000     80.000      0.000     90.000      0.000     95.000      0.000  17717.00000
4     90.000      0.000     85.000      0.000     95.000      0.000    100.000      0.000  22050.00000
4     95.000      0.000     90.000      0.000    100.000      0.000    105.000      0.000  15418.00000
4    100.000      0.000     95.000      0.000    105.000      0.000    110.000      0.000  24237.00000
4    105.000      0.000    100.000      0.000    110.000      0.000    115.000      0.000  15655.00000
4    110.000      0.000    105.000      0.000    115.000      0.000    120.000      0.000  23219.00000
4    115.000      0.000    110.000      0.000    120.000      0.000    125.000      0.000  16435.00000
4    120.000      0.000    115.000      0.000    125.000      0.000    130.000      0.000  18711.00000
4    125.000      0.000    120.000      0.000    130.000      0.000    135.000      0.000  14563.00000
4    130.000      0.000    125.000      0.000    135.000      0.000    140.000      0.000  22569.00000
4    135.000      0.000    130.000      0.000    140.000      0.000    145.000      0.000  18763.00000
4    140.000      0.000    135.000      0.000    145.000      0.000    150.000      0.000  21603.00000
4    145.000      0.000    140.000      0.000    150.000      0.000    155.000      0.000  30667.00000
4    150.000      0.000    145.000      0.000    155.000      0.000    160.000      0.000  16063.00000
4    155.000      0.000    150.000      0.000    160.000      0.000    165.000      0.000  24854.00000
4    160.000      0.000    155.000      0.000    165.000      0.000    170.000      0.000  15039.00000
4    165.000      0.000    160.000      0.000    170.000      0.000    175.000      0.000  20775.00000
4    170.000      0.000    165.000      0.000    175.000      0.000    180.000      0.000  16594.00000
4    175.000      0.000    170.000      0.000    180.000      0.000    185.000      0.000  23323.00000
4    180.000      0.000    175.000      0.000    185.000      0.000    190.000      0.000  14832.00000
4    185.000      0.000    180.000      0.000    190.000      0.000    195.000      0.000  30556.00000
4    190.000      0.000    185.000      0.000    195.000      0.000    200.000      0.000  36413.00000
4    195.000      0.000    190.000      0.000    200.000      0.000    205.000      0.000  54348.00000
4    200.000      0.000    195.000      0.000    205.000      0.000    210.000      0.000  24116.00000
4    205.000      0.000    200.000      0.000    210.000      0.000    215.000      0.000  23916.00000
4    210.000      0.000    205.000      0.000    215.000      0.000    220.000      0.000  17311.00000
4    215.000      0.000    210.000      0.000    220.000      0.000    225.000      0.000  16196.00000
4    220.000      0.000    215.000      0.000    225.000      0.000    230.000      0.000  19176.00000
4    225.000      0.000    220.000      0.000    230.000      0.000    235.000      0.000  17962.00000
4      5.000      0.000      0.000      0.000     15.000      0.000     20.000      0.000  24351.00000
4     10.000      0.000      5.000      0.000     20.000      0.000     25.000      0.000  16751.00000
4     15.000      0.000     10.000      0.000     25.000      0.000     30.000      0.000  22062.00000
4     20.000      0.000     15.000      0.000     30.000      0.000     35.000      0.000  22696.00000
4     25.000      0.000     20.000      0.000     35.000      0.000     40.000      0.000  21356.00000
4     30.000      0.000     25.000      0.000     40.000      0.000     45.000      0.000  26433.00000
4     35.000      0.000     30.000      0.000     45.000      0.000     50.000      0.000  32967.00000
4     40.000      0.000     35.000      0.000     50.000      0.000     55.000      0.000  32773.00000
4     45.000      0.000     40.000      0.000     55.000      0.000     60.000      0.000  22190.00000
4     50.000      0.000     45.000      0.000     60.000      0.000     65.000      0.000  30104.00000
4     55.000      0.000     50.000      0.000     65.000      0.000     70.000      0.000  37517.00000
4     60.000      0.000     55.000      0.000     70.000      0.000     75.000      0.000  17918.00000
4     65.000      0.000     60.000      0.000     75.000      0.000     80.000      0.000  33252.00000
4     70.000      0.000     65.000      0.000     80.000      0.000     85.000      0.000  35314.00000
4     75.000      0.000     70.000      0.000     85.000      0.000     90.000      0.000  22707.00000
4     80.000      0.000     75.000      0.000     90.000      0.000     95.000      0.000  27282.00000
4     85.000      0.000     80.000      0.000     95.000      0.000    100.000      0.000  36794.00000
4     90.000      0.000     85.000      0.000    100.000      0.000    105.000      0.000  28819.00000
4     95.000      0.000     90.000      0.000    105.000      0.000    110.000      0.000  29445.00000
4    100.000      0.000     95.000      0.000    110.000      0.000    115.000      0.000  32060.00000
4    105.000      0.000    100.000      0.000    115.000      0.000    120.000      0.000  35719.00000
4    110.000      0.000    105.000      0.000    120.000      0.000    125.000      0.000  32085.00000
4    115.000      0.000    110.000      0.000    125.000      0.000    130.000      0.000  26512.00000
4    120.000      0.000    115.000      0.000    130.000      0.000    135.000      0.000  26986.00000
4    125.000      0.000    120.000      0.000    135.000      0.000    140.000      0.000  36898.00000
4    130.000      0.000    125.000      0.000    140.000      0.000    145.000      0.000  38571.00000
4    135.000      0.000    130.000      0.000    145.000      0.000    150.000      0.000  30886.00000
4    140.000      0.000    135.000      0.000    150.000      0.000    155.000      0.000  47406.00000
4    145.000      0.000    140.000      0.000    155.000      0.000    160.000      0.000  36987.00000
4    150.000      0.000    145.000      0.000    160.000      0.000    165.000      0.000  39819.00000
4    155.000      0.000    150.000      0.000    165.000      0.000    170.000      0.000  41347.00000
4    160.000      0.000    155.000      0.000    170.000      0.000    175.000      0.000  26733.00000
4    165.000      0.000    160.000      0.000    175.000      0.000    180.000      0.000  33843.00000
4    170.000      0.000    165.000      0.000    180.000      0.000    185.000      0.000  49487.00000
4    175.000      0.000    170.000      0.000    185.000      0.000    190.000      0.000  27163.00000
4    180.000      0.000    175.000      0.000    190.000      0.000    195.000      0.000  31450.00000
4    185.000      0.000    180.000      0.000    195.000      0.000    200.000      0.000  39899.00000
4    190.000      0.000    185.000      0.000    200.000      0.000    205.000      0.000  40334.00000
4    195.000      0.000    190.000      0.000    205.000      0.000    210.000      0.000  57600.00000
4    200.000      0.000    195.000      0.000    210.000      0.000    215.000      0.000  37602.00000
4    205.000      0.000    200.000      0.000    215.000      0.000    220.000      0.000  36213.00000
4    210.000      0.000    205.000      0.000    220.000      0.000    225.000      0.000  27242.00000
4    215.000      0.000    210.000      0.000    225.000      0.000    230.000      0.000  35824.00000
4    220.000      0.000    215.000      0.000    230.000      0.000    235.000      0.000  38185.00000
4      5.000      0.000      0.000      0.000     20.000      0.000     25.000      0.000  31558.00000
4     10.000      0.000      5.000      0.000     25.000      0.000     30.000      0.000  28436.00000
4     15.000      0.000     10.000      0.000     30.000      0.000     35.000      0.000  35573.00000
4     20.000      0.000     15.000      0.000     35.000      0.000     40.000      0.000  29437.00000
4     25.000      0.000     20.000      0.000     40.000      0.000     45.000      0.000  33449.00000
4     30.000      0.000     25.000      0.000     45.000      0.000     50.000      0.000  37412.00000
4     35.000      0.000     30.000      0.000     50.000      0.000     55.000      0.000  52969.00000
4     40.000      0.000     35.000      0.000     55.000      0.000     60.000      0.000  33489.00000
4     45.000      0.000     40.000      0.000     60.000      0.000     65.000      0.000  37831.00000
4     50.000      0.000     45.000      0.000     65.000      0.000     70.000      0.000  49558.00000
4     55.000      0.000     50.000      0.000     70.000      0.000     75.000      0.000  36899.00000
4     60.000      0.000     55.000      0.000     75.000      0.000     80.000      0.000  37500.00000
4     70.000      0.000     65.000      0.000     85.000      0.000     90.000      0.000  53394.00000
4     75.000      0.000     70.000      0.000     90.000      0.000     95.000      0.000  31251.00000
4     80.000      0.000     75.000      0.000     95.000      0.000    100.000      0.000  52277.00000
4     85.000      0.000     80.000      0.000    100.000      0.000    105.000      0.000  42945.00000
4     90.000      0.000     85.000      0.000    105.000      0.000    110.000      0.000  47828.00000
4     95.000      0.000     90.000      0.000    110.000      0.000    115.000      0.000  33348.00000
4    100.000      0.000     95.000      0.000    115.000      0.000    120.000      0.000  59228.00000
4    105.000      0.000    100.000      0.000    120.000      0.000    125.000      0.000  42337.00000
4    110.000      0.000    105.000      0.000    125.000      0.000    130.000      0.000  47184.00000
4    115.000      0.000    110.000      0.000    130.000      0.000    135.000      0.000  33960.00000
4    120.000      0.000    115.000      0.000    135.000      0.000    140.000      0.000  53217.00000
4    125.000      0.000    120.000      0.000    140.000      0.000    145.000      0.000  59028.00000
4    130.000      0.000    125.000      0.000    145.000      0.000    150.000      0.000  51529.00000
4    135.000      0.000    130.000      0.000    150.000      0.000    155.000      0.000  54859.00000
4    140.000      0.000    135.000      0.000    155.000      0.000    160.000      0.000  47814.00000
4    145.000      0.000    140.000      0.000    160.000      0.000    165.000      0.000  70909.00000
4    150.000      0.000    145.000      0.000    165.000      0.000    170.000      0.000  54444.00000
4    155.000      0.000    150.000      0.000    170.000      0.000    175.000      0.000  58302.00000
4    160.000      0.000    155.000      0.000    175.000      0.000    180.000      0.000  36517.00000
4    165.000      0.000    160.000      0.000    180.000      0.000    185.000      0.000  81928.00000
4    170.000      0.000    165.000      0.000    185.000      0.000    190.000      0.000  41062.00000
4    175.000      0.000    170.000      0.000    190.000      0.000    195.000      0.000  49620.00000
4    180.000      0.000    175.000      0.000    195.000      0.000    200.000      0.000  36365.00000
4    185.000      0.000    180.000      0.000    200.000      0.000    205.000      0.000  59397.00000
4    190.000      0.000    185.000      0.000    205.000      0.000    210.000      0.000  44425.00000
4    195.000      0.000    190.000      0.000    210.000      0.000    215.000      0.000  70832.00000
4    200.000      0.000    195.000      0.000    215.000      0.000    220.000      0.000  50942.00000
4    205.000      0.000    200.000      0.000    220.000      0.000    225.000      0.000  46994.00000
4    210.000      0.000    205.000      0.000    225.000      0.000    230.000      0.000  47916.00000
4    215.000      0.000    210.000      0.000    230.000      0.000    235.000      0.000  51959.00000
4      5.000      0.000      0.000      0.000     25.000      0.000     30.000      0.000  46564.00000
4     10.000      0.000      5.000      0.000     30.000      0.000     35.000      0.000  41614.00000
4     15.000      0.000     10.000      0.000     35.000      0.000     40.000      0.000  43996.00000
4     20.000      0.000     15.000      0.000     40.000      0.000     45.000      0.000  42615.00000
4     25.000      0.000     20.000      0.000     45.000      0.000     50.000      0.000  42068.00000
4     30.000      0.000     25.000      0.000     50.000      0.000     55.000      0.000  54411.00000
4     35.000      0.000     30.000      0.000     55.000      0.000     60.000      0.000  48620.00000
4     40.000      0.000     35.000      0.000     60.000      0.000     65.000      0.000  61706.00000
4     45.000      0.000     40.000      0.000     65.000      0.000     70.000      0.000  62867.00000
4     50.000      0.000     45.000      0.000     70.000      0.000     75.000      0.000  43921.00000
4     55.000      0.000     50.000      0.000     75.000      0.000     80.000      0.000  68682.00000
4     60.000      0.000     55.000      0.000     80.000      0.000     85.000      0.000  44897.00000
4     65.000      0.000     60.000      0.000     85.000      0.000     90.000      0.000  63559.00000
4     70.000      0.000     65.000      0.000     90.000      0.000     95.000      0.000  64852.00000
4     75.000      0.000     70.000      0.000     95.000      0.000    100.000      0.000  52394.00000
4     80.000      0.000     75.000      0.000    100.000      0.000    105.000      0.000  57118.00000
4     85.000      0.000     80.000      0.000    105.000      0.000    110.000      0.000  62124.00000
4     90.000      0.000     85.000      0.000    110.000      0.000    115.000      0.000  49659.00000
4     95.000      0.000     90.000      0.000    115.000      0.000    120.000      0.000  58062.00000
4    100.000      0.000     95.000      0.000    120.000      0.000    125.000      0.000  65011.00000
4    105.000      0.000    100.000      0.000    125.000      0.000    130.000      0.000  58552.00000
4    110.000      0.000    105.000      0.000    130.000      0.000    135.000      0.000  56649.00000
4    115.000      0.000    110.000      0.000    135.000      0.000    140.000      0.000  63828.00000
4    120.000      0.000    115.000      0.000    140.000      0.000    145.000      0.000  75237.00000
4    125.000      0.000    120.000      0.000    145.000      0.000    150.000      0.000  72630.00000
4    130.000      0.000    125.000      0.000    150.000      0.000    155.000      0.000  80166.00000
4    135.000      0.000    130.000      0.000    155.000      0.000    160.000      0.000  48762.00000
4    140.000      0.000    135.000      0.000    160.000      0.000    165.000      0.000  84158.00000
4    145.000      0.000    140.000      0.000    165.000      0.000    170.000      0.000  84359.00000
4    150.000      0.000    145.000      0.000    170.000      0.000    175.000      0.000  67828.00000
4    155.000      0.000    150.000      0.000    175.000      0.000    180.000      0.000  72756.00000
4    160.000      0.000    155.000      0.000    180.000      0.000    185.000      0.000  86770.00000
4    165.000      0.000    160.000      0.000    185.000      0.000    190.000      0.000  58130.00000
4    170.000      0.000    165.000      0.000    190.000      0.000    195.000      0.000  70477.00000
4    175.000      0.000    170.000      0.000    195.000      0.000    200.000      0.000  51743.00000
4    180.000      0.000    175.000      0.000    200.000      0.000    205.000      0.000  51789.00000
4    185.000      0.000    180.000      0.000    205.000      0.000    210.000      0.000  69320.00000
4    190.000      0.000    185.000      0.000    210.000      0.000    215.000      0.000  55438.00000
4    195.000      0.000    190.000      0.000    215.000      0.000    220.000      0.000  83808.00000
4    200.000      0.000    195.000      0.000    220.000      0.000    225.000      0.000  59690.00000
4    205.000      0.000    200.000      0.000    225.000      0.000    230.000      0.000  74270.00000
4    210.000      0.000    205.000      0.000    230.000      0.000    235.000      0.000  60502.00000
4      5.000      0.000      0.000      0.000     30.000      0.000     35.000      0.000  74954.00000
4     10.000      0.000      5.000      0.000     35.000      0.000     40.000      0.000  50464.00000
4     15.000      0.000     10.000      0.000     40.000      0.000     45.000      0.000  59875.00000
4     20.000      0.000     15.000      0.000     45.000      0.000     50.000      0.000  52120.00000
4     25.000      0.000     20.000      0.000     50.000      0.000     55.000      0.000  58992.00000
4     30.000      0.000     25.000      0.000     55.000      0.000     60.000      0.000  47296.00000
4     35.000      0.000     30.000      0.000     60.000      0.000     65.000      0.000  85651.00000
4     40.000      0.000     35.000      0.000     65.000      0.000     70.000      0.000  80892.00000
4     45.000      0.000     40.000      0.000     70.000      0.000     75.000      0.000  51251.00000
4     50.000      0.000     45.000      0.000     75.000      0.000     80.000      0.000  76232.00000
4     55.000      0.000     50.000      0.000     80.000      0.000     85.000      0.000  80168.00000
4     60.000      0.000     55.000      0.000     85.000      0.000     90.000      0.000  58079.00000
4     65.000      0.000     60.000      0.000     90.000      0.000     95.000      0.000  74609.00000
4     70.000      0.000     65.000      0.000     95.000      0.000    100.000      0.000 102714.00000
4     75.000      0.000     70.000      0.000    100.000      0.000    105.000      0.000  53940.00000
4     80.000      0.000     75.000      0.000    105.000      0.000    110.000      0.000  78239.00000
4     85.000      0.000     80.000      0.000    110.000      0.000    115.000      0.000  61484.00000
4     90.000      0.000     85.000      0.000    115.000      0.000    120.000      0.000  80680.00000
4     95.000      0.000     90.000      0.000    120.000      0.000    125.000      0.000  60157.00000
4    100.000      0.000     95.000      0.000    125.000      0.000    130.000      0.000  86600.00000
4    105.000      0.000    100.000      0.000    130.000      0.000    135.000      0.000  67502.00000
4    110.000      0.000    105.000      0.000    135.000      0.000    140.000      0.000 100902.00000
4    115.000      0.000    110.000      0.000    140.000      0.000    145.000      0.000  84207.00000
4    120.000      0.000    115.000      0.000    145.000      0.000    150.000      0.000  82675.00000
4    125.000      0.000    120.000      0.000    150.000      0.000    155.000      0.000 108980.00000
4    130.000      0.000    125.000      0.000    155.000      0.000    160.000      0.000  67638.00000
4    135.000      0.000    130.000      0.000    160.000      0.000    165.000      0.000  80986.00000
4    140.000      0.000    135.000      0.000    165.000      0.000    170.000      0.000  97394.00000
4    145.000      0.000    140.000      0.000    170.000      0.000    175.000      0.000  96241.00000
4    150.000      0.000    145.000      0.000    175.000      0.000    180.000      0.000  76841.00000
4    155.000      0.000    150.000      0.000    180.000      0.000    185.000      0.000 168555.00000
4    160.000      0.000    155.000      0.000    185.000      0.000    190.000      0.000  55685.00000
4    165.000      0.000    160.000      0.000    190.000      0.000    195.000      0.000 101475.00000
4    170.000      0.000    165.000      0.000    195.000      0.000    200.000      0.000  69076.00000
4    175.000      0.000    170.000      0.000    200.000      0.000    205.000      0.000  68470.00000
4    180.000      0.000    175.000      0.000    205.000      0.000    210.000      0.000  58200.00000
4    185.000      0.000    180.000      0.000    210.000      0.000    215.000      0.000  90777.00000
4    190.000      0.000    185.000      0.000    215.000      0.000    220.000      0.000  61434.00000
4    195.000      0.000    190.000      0.000    220.000      0.000    225.000      0.000  92816.00000
4    200.000      0.000    195.000      0.000    225.000      0.000    230.000      0.000  88413.00000
4    205.000      0.000    200.000      0.000    230.000      0.000    235.000      0.000  86128.00000
4      5.000      0.000      0.000      0.000     35.000      0.000     40.000      0.000  79804.00000
4     10.000      0.000      5.000      0.000     40.000      0.000     45.000      0.000  69781.00000
4     15.000      0.000     10.000      0.000     45.000      0.000     50.000      0.000  71383.00000
4     20.000      0.000     15.000      0.000     50.000      0.000     55.000      0.000  70607.00000
4     25.000      0.000     20.000      0.000     55.000      0.000     60.000      0.000  48793.00000
4     30.000      0.000     25.000      0.000     60.000      0.000     65.000      0.000  76193.00000
4     35.000      0.000     30.000      0.000     65.000      0.000     70.000      0.000 110517.00000
4     40.000      0.000     35.000      0.000     70.000      0.000     75.000      0.000  63891.00000
4     45.000      0.000     40.000      0.000     75.000      0.000     80.000      0.000  88237.00000
4     50.000      0.000     45.000      0.000     80.000      0.000     85.000      0.000  85289.00000
4     55.000      0.000     50.000      0.000     85.000      0.000     90.000      0.000  98745.00000
4     60.000      0.000     55.000      0.000     90.000      0.000     95.000      0.000  65467.00000
4     65.000      0.000     60.000      0.000     95.000      0.000    100.000      0.000 114446.00000
4     70.000      0.000     65.000      0.000    100.000      0.000    105.000      0.000 103898.00000
4     75.000      0.000     70.000      0.000    105.000      0.000    110.000      0.000  72280.00000
4     80.000      0.000     75.000      0.000    110.000      0.000    115.000      0.000  74721.00000
4     85.000      0.000     80.000      0.000    115.000      0.000    120.000      0.000  96997.00000
4     90.000      0.000     85.000      0.000    120.000      0.000    125.000      0.000  82118.00000
4     95.000      0.000     90.000      0.000    125.000      0.000    130.000      0.000  78733.00000
4    100.000      0.000     95.000      0.000    130.000      0.000    135.000      0.000  96434.00000
4    105.000      0.000    100.000      0.000    135.000      0.000    140.000      0.000 115393.00000
4    110.000      0.000    105.000      0.000    140.000      0.000    145.000      0.000 130297.00000
4    115.000      0.000    110.000      0.000    145.000      0.000    150.000      0.000  91476.00000
4    120.000      0.000    115.000      0.000    150.000      0.000    155.000      0.000 105098.00000
4    125.000      0.000    120.000      0.000    155.000      0.000    160.000      0.000  91567.00000
4    130.000      0.000    125.000      0.000    160.000      0.000    165.000      0.000 110372.00000
4    135.000      0.000    130.000      0.000    165.000      0.000    170.000      0.000  87964.00000
4    140.000      0.000    135.000      0.000    170.000      0.000    175.000      0.000 104773.00000
4    145.000      0.000    140.000      0.000    175.000      0.000    180.000      0.000 105533.00000
4    150.000      0.000    145.000      0.000    180.000      0.000    185.000      0.000 175267.00000
4    155.000      0.000    150.000      0.000    185.000      0.000    190.000      0.000  94749.00000
4    160.000      0.000    155.000      0.000    190.000      0.000    195.000      0.000 103957.00000
4    165.000      0.000    160.000      0.000    195.000      0.000    200.000      0.000  95086.00000
4    170.000      0.000    165.000      0.000    200.000      0.000    205.000      0.000  87739.00000
4    175.000      0.000    170.000      0.000    205.000      0.000    210.000      0.000  74427.00000
4    180.000      0.000    175.000      0.000    210.000      0.000    215.000      0.000  73533.00000
4    185.000      0.000    180.000      0.000    215.000      0.000    220.000      0.000 119109.00000
4    190.000      0.000    185.000      0.000    220.000      0.000    225.000      0.000  85852.00000
4    195.000      0.000    190.000      0.000    225.000      0.000    230.000      0.000 136076.00000
4    200.000      0.000    195.000      0.000    230.000      0.000    235.000      0.000  96959.00000
4      5.000      0.000      0.000      0.000     40.000      0.000     45.000      0.000  96739.00000
4     10.000      0.000      5.000      0.000     45.000      0.000     50.000      0.000  71157.00000
4     15.000      0.000     10.000      0.000     50.000      0.000     55.000      0.000  92948.00000
4     20.000      0.000     15.000      0.000     55.000      0.000     60.000      0.000  57275.00000
4     30.000      0.000     25.000      0.000     65.000      0.000     70.000      0.000  90269.00000
4     35.000      0.000     30.000      0.000     70.000      0.000     75.000      0.000  86689.00000
4     40.000      0.000     35.000      0.000     75.000      0.000     80.000      0.000 101764.00000
4     45.000      0.000     40.000      0.000     80.000      0.000     85.000      0.000 100687.00000
4     50.000      0.000     45.000      0.000     85.000      0.000     90.000      0.000 102676.00000
4     55.000      0.000     50.000      0.000     90.000      0.000     95.000      0.000 108442.00000
4     60.000      0.000     55.000      0.000     95.000      0.000    100.000      0.000  97124.00000
4     65.000      0.000     60.000      0.000    100.000      0.000    105.000      0.000 112177.00000
4     70.000      0.000     65.000      0.000    105.000      0.000    110.000      0.000 135792.00000
4     75.000      0.000     70.000      0.000    110.000      0.000    115.000      0.000  66582.00000
4     80.000      0.000     75.000      0.000    115.000      0.000    120.000      0.000 113146.00000
4     85.000      0.000     80.000      0.000    120.000      0.000    125.000      0.000  93647.00000
4     90.000      0.000     85.000      0.000    125.000      0.000    130.000      0.000 104366.00000
4     95.000      0.000     90.000      0.000    130.000      0.000    135.000      0.000  85473.00000
4    100.000      0.000     95.000      0.000    135.000      0.000    140.000      0.000 152137.00000
4    105.000      0.000    100.000      0.000    140.000      0.000    145.000      0.000 142939.00000
4    110.000      0.000    105.000      0.000    145.000      0.000    150.000      0.000 138361.00000
4    115.000      0.000    110.000      0.000    150.000      0.000    155.000      0.000 121428.00000
4    120.000      0.000    115.000      0.000    155.000      0.000    160.000      0.000  77296.00000
4    125.000      0.000    120.000      0.000    160.000      0.000    165.000      0.000 147607.00000
4    130.000      0.000    125.000      0.000    165.000      0.000    170.000      0.000 111773.00000
4    135.000      0.000    130.000      0.000    170.000      0.000    175.000      0.000  91922.00000
4    140.000      0.000    135.000      0.000    175.000      0.000    180.000      0.000 113479.00000
4    145.000      0.000    140.000      0.000    180.000      0.000    185.000      0.000 224817.00000
4    150.000      0.000    145.000      0.000    185.000      0.000    190.000      0.000  79058.00000
4    155.000      0.000    150.000      0.000    190.000      0.000    195.000      0.000 183758.00000
4    160.000      0.000    155.000      0.000    195.000      0.000    200.000      0.000  93560.00000
4    165.000      0.000    160.000      0.000    200.000      0.000    205.000      0.000 116570.00000
4    170.000      0.000    165.000      0.000    205.000      0.000    210.000      0.000  91509.00000
4    175.000      0.000    170.000      0.000    210.000      0.000    215.000      0.000  90553.00000
4    180.000      0.000    175.000      0.000    215.000      0.000    220.000      0.000  94724.00000
4    185.000      0.000    180.000      0.000    220.000      0.000    225.000      0.000 122703.00000
4    190.000      0.000    185.000      0.000    225.000      0.000    230.000      0.000 117206.00000
4    195.000      0.000    190.000      0.000    230.000      0.000    235.000      0.000 147142.00000
4      5.000      0.000      0.000      0.000     45.000      0.000     50.000      0.000 120136.00000
4     10.000      0.000      5.000      0.000     50.000      0.000     55.000      0.000  99483.00000
4     15.000      0.000     10.000      0.000     55.000      0.000     60.000      0.000  74273.00000
4     20.000      0.000     15.000      0.000     60.000      0.000     65.000      0.000  65258.00000
4     25.000      0.000     20.000      0.000     65.000      0.000     70.000      0.000  96574.00000
4     30.000      0.000     25.000      0.000     70.000      0.000     75.000      0.000  69132.00000
4     35.000      0.000     30.000      0.000     75.000      0.000     80.000      0.000 127334.00000
4     40.000      0.000     35.000      0.000     80.000      0.000     85.000      0.000 107593.00000
4     45.000      0.000     40.000      0.000     85.000      0.000     90.000      0.000 112340.00000
4     50.000      0.000     45.000      0.000     90.000      0.000     95.000      0.000 110356.00000
4     55.000      0.000     50.000      0.000     95.000      0.000    100.000      0.000 158222.00000
4     60.000      0.000     55.000      0.000    100.000      0.000    105.000      0.000  93551.00000
4     65.000      0.000     60.000      0.000    105.000      0.000    110.000      0.000 139928.00000
4     70.000      0.000     65.000      0.000    110.000      0.000    115.000      0.000 121049.00000
4     75.000      0.000     70.000      0.000    115.000      0.000    120.000      0.000  99139.00000
4     80.000      0.000     75.000      0.000    120.000      0.000    125.000      0.000 108844.00000
4     85.000      0.000     80.000      0.000    125.000      0.000    130.000      0.000 116782.00000
4     90.000      0.000     85.000      0.000    130.000      0.000    135.000      0.000 110257.00000
4     95.000      0.000     90.000      0.000    135.000      0.000    140.000      0.000 138151.00000
4    100.000      0.000     95.000      0.000    140.000      0.000    145.000      0.000 193487.00000
4    105.000      0.000    100.000      0.000    145.000      0.000    150.000      0.000 148522.00000
4    110.000      0.000    105.000      0.000    150.000      0.000    155.000      0.000 175341.00000
4    115.000      0.000    110.000      0.000    155.000      0.000    160.000      0.000  92495.00000
4    120.000      0.000    115.000      0.000    160.000      0.000    165.000      0.000 113071.00000
4    130.000      0.000    125.000      0.000    170.000      0.000    175.000      0.000 116159.00000
4    135.000      0.000    130.000      0.000    175.000      0.000    180.000      0.000  97720.00000
4    140.000      0.000    135.000      0.000    180.000      0.000    185.000      0.000 235110.00000
4    145.000      0.000    140.000      0.000    185.000      0.000    190.000      0.000 115659.00000
4    150.000      0.000    145.000      0.000    190.000      0.000    195.000      0.000 163894.00000
4    155.000      0.000    150.000      0.000    195.000      0.000    200.000      0.000 161651.00000
4    160.000      0.000    155.000      0.000    200.000      0.000    205.000      0.000 111274.00000
4    165.000      0.000    160.000      0.000    205.000      0.000    210.000      0.000 119007.00000
4    170.000      0.000    165.000      0.000    210.000      0.000    215.000      0.000 109231.00000
4    175.000      0.000    170.000      0.000    215.000      0.000    220.000      0.000 117306.00000
4    180.000      0.000    175.000      0.000    220.000      0.000    225.000      0.000  95176.00000
4    185.000      0.000    180.000      0.000    225.000      0.000    230.000      0.000 164319.00000
4    190.000      0.000    185.000      0.000    230.000      0.000    235.000      0.000 127786.00000
4      5.000      0.000      0.000      0.000     50.000      0.000     55.000      0.000 146359.00000
4     10.000      0.000      5.000      0.000     55.000      0.000     60.000      0.000  77717.00000
4     15.000      0.000     10.000      0.000     60.000      0.000     65.000      0.000 116334.00000
4     20.000      0.000     15.000      0.000     65.000      0.000     70.000      0.000 110737.00000
4     25.000      0.000     20.000      0.000     70.000      0.000     75.000      0.000  69717.00000
4     30.000      0.000     25.000      0.000     75.000      0.000     80.000      0.000 105259.00000
4     35.000      0.000     30.000      0.000     80.000      0.000     85.000      0.000 140948.00000
4     40.000      0.000     35.000      0.000     85.000      0.000     90.000      0.000 125099.00000
4     45.000      0.000     40.000      0.000     90.000      0.000     95.000      0.000 115988.00000
4     50.000      0.000     45.000      0.000     95.000      0.000    100.000      0.000 156611.00000
4     55.000      0.000     50.000      0.000    100.000      0.000    105.000      0.000 149002.00000
4     60.000      0.000     55.000      0.000    105.000      0.000    110.000      0.000 113462.00000
4     65.000      0.000     60.000      0.000    110.000      0.000    115.000      0.000 123371.00000
4     70.000      0.000     65.000      0.000    115.000      0.000    120.000      0.000 177119.00000
4     75.000      0.000     70.000      0.000    120.000      0.000    125.000      0.000  92723.00000
4     80.000      0.000     75.000      0.000    125.000      0.000    130.000      0.000 134371.00000
4     85.000      0.000     80.000      0.000    130.000      0.000    135.000      0.000 121034.00000
4     90.000      0.000     85.000      0.000    135.000      0.000    140.000      0.000 173126.00000
4     95.000      0.000     90.000      0.000    140.000      0.000    145.000      0.000 163782.00000
4    100.000      0.000     95.000      0.000    145.000      0.000    150.000      0.000 189950.00000
4    105.000      0.000    100.000      0.000    150.000      0.000    155.000      0.000 186029.00000
4    110.000      0.000    105.000      0.000    155.000      0.000    160.000      0.000 132098.00000
4    115.000      0.000    110.000      0.000    160.000      0.000    165.000      0.000 140372.00000
4    120.000      0.000    115.000      0.000    165.000      0.000    170.000      0.000 104882.00000
4    130.000      0.000    125.000      0.000    175.000      0.000    180.000      0.000 123221.00000
4    135.000      0.000    130.000      0.000    180.000      0.000    185.000      0.000 207521.00000
4    140.000      0.000    135.000      0.000    185.000      0.000    190.000      0.000 130744.00000
4    145.000      0.000    140.000      0.000    190.000      0.000    195.000      0.000 210069.00000
4    150.000      0.000    145.000      0.000    195.000      0.000    200.000      0.000 140786.00000
4    155.000      0.000    150.000      0.000    200.000      0.000    205.000      0.000 186523.00000
4    160.000      0.000    155.000      0.000    205.000      0.000    210.000      0.000 113774.00000
4    165.000      0.000    160.000      0.000    210.000      0.000    215.000      0.000 140008.00000
4    170.000      0.000    165.000      0.000    215.000      0.000    220.000      0.000 142633.00000
4    175.000      0.000    170.000      0.000    220.000      0.000    225.000      0.000 111034.00000
4    180.000      0.000    175.000      0.000    225.000      0.000    230.000      0.000 125989.00000
4    185.000      0.000    180.000      0.000    230.000      0.000    235.000      0.000 172160.00000
4      5.000      0.000      0.000      0.000     55.000      0.000     60.000      0.000 111886.00000
4     10.000      0.000      5.000      0.000     60.000      0.000     65.000      0.000 123190.00000
4     15.000      0.000     10.000      0.000     65.000      0.000     70.000      0.000 141666.00000
4     20.000      0.000     15.000      0.000     70.000      0.000     75.000      0.000  77968.00000
4     25.000      0.000     20.000      0.000     75.000      0.000     80.000      0.000 103804.00000
4     35.000      0.000     30.000      0.000     85.000      0.000     90.000      0.000 154185.00000
4     40.000      0.000     35.000      0.000     90.000      0.000     95.000      0.000 127893.00000
4     50.000      0.000     45.000      0.000    100.000      0.000    105.000      0.000 147013.00000
4     55.000      0.000     50.000      0.000    105.000      0.000    110.000      0.000 178461.00000
4     60.000      0.000     55.000      0.000    110.000      0.000    115.000      0.000  98956.00000
4     65.000      0.000     60.000      0.000    115.000      0.000    120.000      0.000 177112.00000
4     70.000      0.000     65.000      0.000    120.000      0.000    125.000      0.000 157053.00000
4     75.000      0.000     70.000      0.000    125.000      0.000    130.000      0.000 112661.00000
4     80.000      0.000     75.000      0.000    130.000      0.000    135.000      0.000 137092.00000
4     85.000      0.000     80.000      0.000    135.000      0.000    140.000      0.000 186808.00000
4     90.000      0.000     85.000      0.000    140.000      0.000    145.000      0.000 204690.00000
4     95.000      0.000     90.000      0.000    145.000      0.000    150.000      0.000 160783.00000
4    100.000      0.000     95.000      0.000    150.000      0.000    155.000      0.000 241525.00000
4    105.000      0.000    100.000      0.000    155.000      0.000    160.000      0.000 137553.00000
4    110.000      0.000    105.000      0.000    160.000      0.000    165.000      0.000 200074.00000
4    115.000      0.000    110.000      0.000    165.000      0.000    170.000      0.000 140422.00000
4    130.000      0.000    125.000      0.000    180.000      0.000    185.000      0.000 286621.00000
4    135.000      0.000    130.000      0.000    185.000      0.000    190.000      0.000  96256.00000
4    140.000      0.000    135.000      0.000    190.000      0.000    195.000      0.000 226922.00000
4    145.000      0.000    140.000      0.000    195.000      0.000    200.000      0.000 175519.00000
4    150.000      0.000    145.000      0.000    200.000      0.000    205.000      0.000 162064.00000
4    155.000      0.000    150.000      0.000    205.000      0.000    210.000      0.000 187756.00000
4    160.000      0.000    155.000      0.000    210.000      0.000    215.000      0.000 130241.00000
4    165.000      0.000    160.000      0.000    215.000      0.000    220.000      0.000 186680.00000
4    170.000      0.000    165.000      0.000    220.000      0.000    225.000      0.000 119851.00000
4    175.000      0.000    170.000      0.000    225.000      0.000    230.000      0.000 147877.00000
4    180.000      0.000    175.000      0.000    230.000      0.000    235.000      0.000 129636.00000
4      5.000      0.000      0.000      0.000     60.000      0.000     65.000      0.000 172707.00000
4     10.000      0.000      5.000      0.000     65.000      0.000     70.000      0.000 151824.00000
4     15.000      0.000     10.000      0.000     70.000      0.000     75.000      0.000  97116.00000
4     20.000      0.000     15.000      0.000     75.000      0.000     80.000      0.000 116183.00000
4     25.000      0.000     20.000      0.000     80.000      0.000     85.000      0.000 108882.00000
4     30.000      0.000     25.000      0.000     85.000      0.000     90.000      0.000 121742.00000
4     35.000      0.000     30.000      0.000     90.000      0.000     95.000      0.000 160840.00000
4     40.000      0.000     35.000      0.000     95.000      0.000    100.000      0.000 178437.00000
4     45.000      0.000     40.000      0.000    100.000      0.000    105.000      0.000 151874.00000
4     50.000      0.000     45.000      0.000    105.000      0.000    110.000      0.000 173480.00000
4     55.000      0.000     50.000      0.000    110.000      0.000    115.000      0.000 153209.00000
4     60.000      0.000     55.000      0.000    115.000      0.000    120.000      0.000 139818.00000
4     65.000      0.000     60.000      0.000    120.000      0.000    125.000      0.000 128049.00000
4     70.000      0.000     65.000      0.000    125.000      0.000    130.000      0.000 189435.00000
4     75.000      0.000     70.000      0.000    130.000      0.000    135.000      0.000 113703.00000
4     80.000      0.000     75.000      0.000    135.000      0.000    140.000      0.000 208443.00000
4     85.000      0.000     80.000      0.000    140.000      0.000    145.000      0.000 216994.00000
4     90.000      0.000     85.000      0.000    145.000      0.000    150.000      0.000 201913.00000
4     95.000      0.000     90.000      0.000    150.000      0.000    155.000      0.000 199799.00000
4    100.000      0.000     95.000      0.000    155.000      0.000    160.000      0.000 170929.00000
4    105.000      0.000    100.000      0.000    160.000      0.000    165.000      0.000 202959.00000
4    110.000      0.000    105.000      0.000    165.000      0.000    170.000      0.000 199057.00000
4    115.000      0.000    110.000      0.000    170.000      0.000    175.000      0.000 133498.00000
4    135.000      0.000    130.000      0.000    190.000      0.000    195.000      0.000 181323.00000
4    140.000      0.000    135.000      0.000    195.000      0.000    200.000      0.000 187229.00000
4    145.000      0.000    140.000      0.000    200.000      0.000    205.000      0.000 204292.00000
4    150.000      0.000    145.000      0.000    205.000      0.000    210.000      0.000 158564.00000
4    155.000      0.000    150.000      0.000    210.000      0.000    215.000      0.000 211517.00000
4    160.000      0.000    155.000      0.000    215.000      0.000    220.000      0.000 138033.00000
4    165.000      0.000    160.000      0.000    220.000      0.000    225.000      0.000 136054.00000
4    170.000      0.000    165.000      0.000    225.000      0.000    230.000      0.000 167787.00000
4    175.000      0.000    170.000      0.000    230.000      0.000    235.000      0.000 148820.00000
4      5.000      0.000      0.000      0.000     65.000      0.000     70.000      0.000 204243.00000
4     10.000      0.000      5.000      0.000     70.000      0.000     75.000      0.000 102177.00000
4     15.000      0.000     10.000      0.000     75.000      0.000     80.000      0.000 145018.00000
4     20.000      0.000     15.000      0.000     80.000      0.000     85.000      0.000 119987.00000
4     25.000      0.000     20.000      0.000     85.000      0.000     90.000      0.000 120106.00000
4     30.000      0.000     25.000      0.000     90.000      0.000     95.000      0.000 110065.00000
4     35.000      0.000     30.000      0.000     95.000      0.000    100.000      0.000 221216.00000
4     40.000      0.000     35.000      0.000    100.000      0.000    105.000      0.000 163464.00000
4     45.000      0.000     40.000      0.000    105.000      0.000    110.000      0.000 179515.00000
4     50.000      0.000     45.000      0.000    110.000      0.000    115.000      0.000 149744.00000
4     55.000      0.000     50.000      0.000    115.000      0.000    120.000      0.000 220220.00000
4     60.000      0.000     55.000      0.000    120.000      0.000    125.000      0.000 108957.00000
4     65.000      0.000     60.000      0.000    125.000      0.000    130.000      0.000 192226.00000
4     70.000      0.000     65.000      0.000    130.000      0.000    135.000      0.000 188738.00000
4     75.000      0.000     70.000      0.000    135.000      0.000    140.000      0.000 171192.00000
4     80.000      0.000     75.000      0.000    140.000      0.000    145.000      0.000 242284.00000
4     85.000      0.000     80.000      0.000    145.000      0.000    150.000      0.000 211500.00000
4     90.000      0.000     85.000      0.000    150.000      0.000    155.000      0.000 238337.00000
4     95.000      0.000     90.000      0.000    155.000      0.000    160.000      0.000 144266.00000
4    100.000      0.000     95.000      0.000    160.000      0.000    165.000      0.000 257040.00000
4    105.000      0.000    100.000      0.000    165.000      0.000    170.000      0.000 198765.00000
4    110.000      0.000    105.000      0.000    170.000      0.000    175.000      0.000 186290.00000
4    115.000      0.000    110.000      0.000    175.000      0.000    180.000      0.000 133371.00000
4    130.000      0.000    125.000      0.000    190.000      0.000    195.000      0.000 214576.00000
4    135.000      0.000    130.000      0.000    195.000      0.000    200.000      0.000 149270.00000
4    140.000      0.000    135.000      0.000    200.000      0.000    205.000      0.000 210807.00000
4    145.000      0.000    140.000      0.000    205.000      0.000    210.000      0.000 195291.00000
4    150.000      0.000    145.000      0.000    210.000      0.000    215.000      0.000 178621.00000
4    155.000      0.000    150.000      0.000    215.000      0.000    220.000      0.000 235187.00000
4    160.000      0.000    155.000      0.000    220.000      0.000    225.000      0.000 174362.00000
4    165.000      0.000    160.000      0.000    225.000      0.000    230.000      0.000 204921.00000
4    170.000      0.000    165.000      0.000    230.000      0.000    235.000      0.000 173094.00000
4      5.000      0.000      0.000      0.000     70.000      0.000     75.000      0.000 139625.00000
4     10.000      0.000      5.000      0.000     75.000      0.000     80.000      0.000 149394.00000
4     20.000      0.000     15.000      0.000     85.000      0.000     90.000      0.000 134096.00000
4     25.000      0.000     20.000      0.000     90.000      0.000     95.000      0.000 122996.00000
4     30.000      0.000     25.000      0.000     95.000      0.000    100.000      0.000 164450.00000
4     35.000      0.000     30.000      0.000    100.000      0.000    105.000      0.000 201308.00000
4     40.000      0.000     35.000      0.000    105.000      0.000    110.000      0.000 190379.00000
4     45.000      0.000     40.000      0.000    110.000      0.000    115.000      0.000 151955.00000
4     50.000      0.000     45.000      0.000    115.000      0.000    120.000      0.000 202868.00000
4     55.000      0.000     50.000      0.000    120.000      0.000    125.000      0.000 193053.00000
4     60.000      0.000     55.000      0.000    125.000      0.000    130.000      0.000 142964.00000
4     65.000      0.000     60.000      0.000    130.000      0.000    135.000      0.000 188347.00000
4     70.000      0.000     65.000      0.000    135.000      0.000    140.000      0.000 281504.00000
4     75.000      0.000     70.000      0.000    140.000      0.000    145.000      0.000 196750.00000
4     80.000      0.000     75.000      0.000    145.000      0.000    150.000      0.000 234214.00000
4     85.000      0.000     80.000      0.000    150.000      0.000    155.000      0.000 248592.00000
4     90.000      0.000     85.000      0.000    155.000      0.000    160.000      0.000 137133.00000
4     95.000      0.000     90.000      0.000    160.000      0.000    165.000      0.000 208266.00000
4    100.000      0.000     95.000      0.000    165.000      0.000    170.000      0.000 249940.00000
4    105.000      0.000    100.000      0.000    170.000      0.000    175.000      0.000 185250.00000
4    110.000      0.000    105.000      0.000    175.000      0.000    180.000      0.000 186909.00000
4    115.000      0.000    110.000      0.000    180.000      0.000    185.000      0.000 162597.00000
4    130.000      0.000    125.000      0.000    195.000      0.000    200.000      0.000 175949.00000
4    135.000      0.000    130.000      0.000    200.000      0.000    205.000      0.000 166273.00000
4    140.000      0.000    135.000      0.000    205.000      0.000    210.000      0.000 201629.00000
4    145.000      0.000    140.000      0.000    210.000      0.000    215.000      0.000 218251.00000
4    150.000      0.000    145.000      0.000    215.000      0.000    220.000      0.000 202478.00000
4    155.000      0.000    150.000      0.000    220.000      0.000    225.000      0.000 273293.00000
4    160.000      0.000    155.000      0.000    225.000      0.000    230.000      0.000 191045.00000
4    165.000      0.000    160.000      0.000    230.000      0.000    235.000      0.000 212132.00000
4      5.000      0.000      0.000      0.000     75.000      0.000     80.000      0.000 201559.00000
4     10.000      0.000      5.000      0.000     80.000      0.000     85.000      0.000 157261.00000
4     15.000      0.000     10.000      0.000     85.000      0.000     90.000      0.000 166257.00000
4     20.000      0.000     15.000      0.000     90.000      0.000     95.000      0.000 133523.00000
4     25.000      0.000     20.000      0.000     95.000      0.000    100.000      0.000 156747.00000
4     30.000      0.000     25.000      0.000    100.000      0.000    105.000      0.000 151099.00000
4     35.000      0.000     30.000      0.000    105.000      0.000    110.000      0.000 229081.00000
4     40.000      0.000     35.000      0.000    110.000      0.000    115.000      0.000 160537.00000
4     45.000      0.000     40.000      0.000    115.000      0.000    120.000      0.000 211264.00000
4     50.000      0.000     45.000      0.000    120.000      0.000    125.000      0.000 182116.00000
4     55.000      0.000     50.000      0.000    125.000      0.000    130.000      0.000 228592.00000
4     60.000      0.000     55.000      0.000    130.000      0.000    135.000      0.000 146670.00000
4     65.000      0.000     60.000      0.000    135.000      0.000    140.000      0.000 278404.00000
4     70.000      0.000     65.000      0.000    140.000      0.000    145.000      0.000 316826.00000
4     75.000      0.000     70.000      0.000    145.000      0.000    150.000      0.000 188827.00000
4     80.000      0.000     75.000      0.000    150.000      0.000    155.000      0.000 268623.00000
4     85.000      0.000     80.000      0.000    155.000      0.000    160.000      0.000 177837.00000
4     90.000      0.000     85.000      0.000    160.000      0.000    165.000      0.000 250840.00000
4     95.000      0.000     90.000      0.000    165.000      0.000    170.000      0.000 200820.00000
4    100.000      0.000     95.000      0.000    170.000      0.000    175.000      0.000 231026.00000
4    105.000      0.000    100.000      0.000    175.000      0.000    180.000      0.000 183640.00000
4    110.000      0.000    105.000      0.000    180.000      0.000    185.000      0.000 266931.00000
4    115.000      0.000    110.000      0.000    185.000      0.000    190.000      0.000 270807.00000
4    130.000      0.000    125.000      0.000    200.000      0.000    205.000      0.000 195073.00000
4    135.000      0.000    130.000      0.000    205.000      0.000    210.000      0.000 157868.00000
4    140.000      0.000    135.000      0.000    210.000      0.000    215.000      0.000 222302.00000
4    145.000      0.000    140.000      0.000    215.000      0.000    220.000      0.000 252481.00000
4    150.000      0.000    145.000      0.000    220.000      0.000    225.000      0.000 211167.00000
4    155.000      0.000    150.000      0.000    225.000      0.000    230.000      0.000 303272.00000
4    160.000      0.000    155.000      0.000    230.000      0.000    235.000      0.000 184583.00000
4      5.000      0.000      0.000      0.000     80.000      0.000     85.000      0.000 209070.00000
4     10.000      0.000      5.000      0.000     85.000      0.000     90.000      0.000 171460.00000
4     15.000      0.000     10.000      0.000     90.000      0.000     95.000      0.000 162615.00000
4     20.000      0.000     15.000      0.000     95.000      0.000    100.000      0.000 179526.00000
4     25.000      0.000     20.000      0.000    100.000      0.000    105.000      0.000 151105.00000
4     30.000      0.000     25.000      0.000    105.000      0.000    110.000      0.000 176425.00000
4     35.000      0.000     30.000      0.000    110.000      0.000    115.000      0.000 194086.00000
4     40.000      0.000     35.000      0.000    115.000      0.000    120.000      0.000 222311.00000
4     45.000      0.000     40.000      0.000    120.000      0.000    125.000      0.000 183440.00000
4     50.000      0.000     45.000      0.000    125.000      0.000    130.000      0.000 215375.00000
4     55.000      0.000     50.000      0.000    130.000      0.000    135.000      0.000 223157.00000
4     60.000      0.000     55.000      0.000    135.000      0.000    140.000      0.000 204174.00000
4     65.000      0.000     60.000      0.000    140.000      0.000    145.000      0.000 315848.00000
4     70.000      0.000     65.000      0.000    145.000      0.000    150.000      0.000 301299.00000
4     75.000      0.000     70.000      0.000    150.000      0.000    155.000      0.000 215119.00000
4     80.000      0.000     75.000      0.000    155.000      0.000    160.000      0.000 191859.00000
4     85.000      0.000     80.000      0.000    160.000      0.000    165.000      0.000 257082.00000
4     90.000      0.000     85.000      0.000    165.000      0.000    170.000      0.000 241321.00000
4     95.000      0.000     90.000      0.000    170.000      0.000    175.000      0.000 184939.00000
4    100.000      0.000     95.000      0.000    175.000      0.000    180.000      0.000 228246.00000
4    105.000      0.000    100.000      0.000    180.000      0.000    185.000      0.000 272006.00000
4    110.000      0.000    105.000      0.000    185.000      0.000    190.000      0.000 323160.00000
4    115.000      0.000    110.000      0.000    190.000      0.000    195.000      0.000 250604.00000
4    130.000      0.000    125.000      0.000    205.000      0.000    210.000      0.000 184138.00000
4    135.000      0.000    130.000      0.000    210.000      0.000    215.000      0.000 173372.00000
4    140.000      0.000    135.000      0.000    215.000      0.000    220.000      0.000 247445.00000
4    145.000      0.000    140.000      0.000    220.000      0.000    225.000      0.000 242105.00000
4    150.000      0.000    145.000      0.000    225.000      0.000    230.000      0.000 246156.00000
4    155.000      0.000    150.000      0.000    230.000      0.000    235.000      0.000 289338.00000
4      5.000      0.000      0.000      0.000     85.000      0.000     90.000      0.000 222689.00000
4     10.000      0.000      5.000      0.000     90.000      0.000     95.000      0.000 173915.00000
4     15.000      0.000     10.000      0.000     95.000      0.000    100.000      0.000 222571.00000
4     20.000      0.000     15.000      0.000    100.000      0.000    105.000      0.000 163937.00000
4     25.000      0.000     20.000      0.000    105.000      0.000    110.000      0.000 171682.00000
4     30.000      0.000     25.000      0.000    110.000      0.000    115.000      0.000 147061.00000
4     35.000      0.000     30.000      0.000    115.000      0.000    120.000      0.000 262094.00000
4     40.000      0.000     35.000      0.000    120.000      0.000    125.000      0.000 194166.00000
4     45.000      0.000     40.000      0.000    125.000      0.000    130.000      0.000 215836.00000
4     50.000      0.000     45.000      0.000    130.000      0.000    135.000      0.000 208661.00000
4     55.000      0.000     50.000      0.000    135.000      0.000    140.000      0.000 327209.00000
4     60.000      0.000     55.000      0.000    140.000      0.000    145.000      0.000 244715.00000
4     65.000      0.000     60.000      0.000    145.000      0.000    150.000      0.000 299728.00000
4     70.000      0.000     65.000      0.000    150.000      0.000    155.000      0.000 353305.00000
4     75.000      0.000     70.000      0.000    155.000      0.000    160.000      0.000 153086.00000
4     80.000      0.000     75.000      0.000    160.000      0.000    165.000      0.000 281540.00000
4     85.000      0.000     80.000      0.000    165.000      0.000    170.000      0.000 245972.00000
4     90.000      0.000     85.000      0.000    170.000      0.000    175.000      0.000 219858.00000
4     95.000      0.000     90.000      0.000    175.000      0.000    180.000      0.000 181767.00000
4    100.000      0.000     95.000      0.000    180.000      0.000    185.000      0.000 350238.00000
4    105.000      0.000    100.000      0.000    185.000      0.000    190.000      0.000 295258.00000
4    110.000      0.000    105.000      0.000    190.000      0.000    195.000      0.000 340492.00000
4    115.000      0.000    110.000      0.000    195.000      0.000    200.000      0.000 194820.00000
4    130.000      0.000    125.000      0.000    210.000      0.000    215.000      0.000 202316.00000
4    135.000      0.000    130.000      0.000    215.000      0.000    220.000      0.000 200514.00000
4    140.000      0.000    135.000      0.000    220.000      0.000    225.000      0.000 247716.00000
4    145.000      0.000    140.000      0.000    225.000      0.000    230.000      0.000 294515.00000
4    150.000      0.000    145.000      0.000    230.000      0.000    235.000      0.000 246653.00000
4      5.000      0.000      0.000      0.000     90.000      0.000     95.000      0.000 228128.00000
4     10.000      0.000      5.000      0.000     95.000      0.000    100.000      0.000 233185.00000
4     15.000      0.000     10.000      0.000    100.000      0.000    105.000      0.000 198753.00000
4     20.000      0.000     15.000      0.000    105.000      0.000    110.000      0.000 186366.00000
4     25.000      0.000     20.000      0.000    110.000      0.000    115.000      0.000 143689.00000
4     30.000      0.000     25.000      0.000    115.000      0.000    120.000      0.000 203399.00000
4     35.000      0.000     30.000      0.000    120.000      0.000    125.000      0.000 236608.00000
4     40.000      0.000     35.000      0.000    125.000      0.000    130.000      0.000 226821.00000
4     45.000      0.000     40.000      0.000    130.000      0.000    135.000      0.000 208922.00000
4     50.000      0.000     45.000      0.000    135.000      0.000    140.000      0.000 302466.00000
4     55.000      0.000     50.000      0.000    140.000      0.000    145.000      0.000 369017.00000
4     60.000      0.000     55.000      0.000    145.000      0.000    150.000      0.000 230878.00000
4     65.000      0.000     60.000      0.000    150.000      0.000    155.000      0.000 339840.00000
4     70.000      0.000     65.000      0.000    155.000      0.000    160.000      0.000 248498.00000
4     75.000      0.000     70.000      0.000    160.000      0.000    165.000      0.000 224168.00000
4     80.000      0.000     75.000      0.000    165.000      0.000    170.000      0.000 269129.00000
4     85.000      0.000     80.000      0.000    170.000      0.000    175.000      0.000 222833.00000
4     90.000      0.000     85.000      0.000    175.000      0.000    180.000      0.000 217110.00000
4     95.000      0.000     90.000      0.000    180.000      0.000    185.000      0.000 281998.00000
4    100.000      0.000     95.000      0.000    185.000      0.000    190.000      0.000 344491.00000
4    105.000      0.000    100.000      0.000    190.000      0.000    195.000      0.000 322032.00000
4    110.000      0.000    105.000      0.000    195.000      0.000    200.000      0.000 264193.00000
4    115.000      0.000    110.000      0.000    200.000      0.000    205.000      0.000 209536.00000
4    120.000      0.000    115.000      0.000    205.000      0.000    210.000      0.000 369638.00000
4    130.000      0.000    125.000      0.000    215.000      0.000    220.000      0.000 276404.00000
4    135.000      0.000    130.000      0.000    220.000      0.000    225.000      0.000 185419.00000
4    140.000      0.000    135.000      0.000    225.000      0.000    230.000      0.000 292828.00000
4    145.000      0.000    140.000      0.000    230.000      0.000    235.000      0.000 291944.00000
4      5.000      0.000      0.000      0.000     95.000      0.000    100.000      0.000 303976.00000
4     10.000      0.000      5.000      0.000    100.000      0.000    105.000      0.000 208199.00000
4     15.000      0.000     10.000      0.000    105.000      0.000    110.000      0.000 224311.00000
4     20.000      0.000     15.000      0.000    110.000      0.000    115.000      0.000 155740.00000
4     25.000      0.000     20.000      0.000    115.000      0.000    120.000      0.000 194742.00000
4     30.000      0.000     25.000      0.000    120.000      0.000    125.000      0.000 174858.00000
4     35.000      0.000     30.000      0.000    125.000      0.000    130.000      0.000 276341.00000
4     40.000      0.000     35.000      0.000    130.000      0.000    135.000      0.000 218663.00000
4     45.000      0.000     40.000      0.000    135.000      0.000    140.000      0.000 303872.00000
4     50.000      0.000     45.000      0.000    140.000      0.000    145.000      0.000 342287.00000
4     55.000      0.000     50.000      0.000    145.000      0.000    150.000      0.000 346963.00000
4     60.000      0.000     55.000      0.000    150.000      0.000    155.000      0.000 248218.00000
4     65.000      0.000     60.000      0.000    155.000      0.000    160.000      0.000 239627.00000
4     70.000      0.000     65.000      0.000    160.000      0.000    165.000      0.000 348637.00000
4     75.000      0.000     70.000      0.000    165.000      0.000    170.000      0.000 213688.00000
4     80.000      0.000     75.000      0.000    170.000      0.000    175.000      0.000 242390.00000
4     85.000      0.000     80.000      0.000    175.000      0.000    180.000      0.000 219006.00000
4     90.000      0.000     85.000      0.000    180.000      0.000    185.000      0.000 342856.00000
4     95.000      0.000     90.000      0.000    185.000      0.000    190.000      0.000 266210.00000
4    100.000      0.000     95.000      0.000    190.000      0.000    195.000      0.000 391225.00000
4    105.000      0.000    100.000      0.000    195.000      0.000    200.000      0.000 249850.00000
4    110.000      0.000    105.000      0.000    200.000      0.000    205.000      0.000 283069.00000
4    115.000      0.000    110.000      0.000    205.000      0.000    210.000      0.000 193858.00000
4    120.000      0.000    115.000      0.000    210.000      0.000    215.000      0.000 370933.00000
4    130.000      0.000    125.000      0.000    220.000      0.000    225.000      0.000 182929.00000
4    135.000      0.000    130.000      0.000    225.000      0.000    230.000      0.000 226583.00000
4    140.000      0.000    135.000      0.000    230.000      0.000    235.000      0.000 292131.00000
4      5.000      0.000      0.000      0.000    100.000      0.000    105.000      0.000 271285.00000
4     10.000      0.000      5.000      0.000    105.000      0.000    110.000      0.000 231545.00000
4     15.000      0.000     10.000      0.000    110.000      0.000    115.000      0.000 187797.00000
4     20.000      0.000     15.000      0.000    115.000      0.000    120.000      0.000 211305.00000
4     25.000      0.000     20.000      0.000    120.000      0.000    125.000      0.000 171300.00000
4     30.000      0.000     25.000      0.000    125.000      0.000    130.000      0.000 216827.00000
4     35.000      0.000     30.000      0.000    130.000      0.000    135.000      0.000 264980.00000
4     40.000      0.000     35.000      0.000    135.000      0.000    140.000      0.000 317298.00000
4     45.000      0.000     40.000      0.000    140.000      0.000    145.000      0.000 339620.00000
4     50.000      0.000     45.000      0.000    145.000      0.000    150.000      0.000 321871.00000
4     55.000      0.000     50.000      0.000    150.000      0.000    155.000      0.000 386360.00000
4     60.000      0.000     55.000      0.000    155.000      0.000    160.000      0.000 181727.00000
4     65.000      0.000     60.000      0.000    160.000      0.000    165.000      0.000 346532.00000
4     70.000      0.000     65.000      0.000    165.000      0.000    170.000      0.000 328690.00000
4     75.000      0.000     70.000      0.000    170.000      0.000    175.000      0.000 190998.00000
4     80.000      0.000     75.000      0.000    175.000      0.000    180.000      0.000 239425.00000
4     85.000      0.000     80.000      0.000    180.000      0.000    185.000      0.000 343953.00000
4     90.000      0.000     85.000      0.000    185.000      0.000    190.000      0.000 312689.00000
4     95.000      0.000     90.000      0.000    190.000      0.000    195.000      0.000 306760.00000
4    100.000      0.000     95.000      0.000    195.000      0.000    200.000      0.000 302698.00000
4    105.000      0.000    100.000      0.000    200.000      0.000    205.000      0.000 266996.00000
4    110.000      0.000    105.000      0.000    205.000      0.000    210.000      0.000 262141.00000
4    115.000      0.000    110.000      0.000    210.000      0.000    215.000      0.000 207865.00000
4    120.000      0.000    115.000      0.000    215.000      0.000    220.000      0.000 380676.00000
4    130.000      0.000    125.000      0.000    225.000      0.000    230.000      0.000 266873.00000
4    135.000      0.000    130.000      0.000    230.000      0.000    235.000      0.000 222780.00000
4      5.000      0.000      0.000      0.000    105.000      0.000    110.000      0.000 302740.00000
4     10.000      0.000      5.000      0.000    110.000      0.000    115.000      0.000 193502.00000
4     15.000      0.000     10.000      0.000    115.000      0.000    120.000      0.000 254990.00000
4     20.000      0.000     15.000      0.000    120.000      0.000    125.000      0.000 178402.00000
4     25.000      0.000     20.000      0.000    125.000      0.000    130.000      0.000 199243.00000
4     35.000      0.000     30.000      0.000    135.000      0.000    140.000      0.000 379632.00000
4     40.000      0.000     35.000      0.000    140.000      0.000    145.000      0.000 354792.00000
4     45.000      0.000     40.000      0.000    145.000      0.000    150.000      0.000 318206.00000
4     50.000      0.000     45.000      0.000    150.000      0.000    155.000      0.000 358015.00000
4     55.000      0.000     50.000      0.000    155.000      0.000    160.000      0.000 273589.00000
4     60.000      0.000     55.000      0.000    160.000      0.000    165.000      0.000 265494.00000
4     65.000      0.000     60.000      0.000    165.000      0.000    170.000      0.000 327832.00000
4     70.000      0.000     65.000      0.000    170.000      0.000    175.000      0.000 298198.00000
4     75.000      0.000     70.000      0.000    175.000      0.000    180.000      0.000 188436.00000
4     80.000      0.000     75.000      0.000    180.000      0.000    185.000      0.000 380055.00000
4     85.000      0.000     80.000      0.000    185.000      0.000    190.000      0.000 311042.00000
4     90.000      0.000     85.000      0.000    190.000      0.000    195.000      0.000 367576.00000
4     95.000      0.000     90.000      0.000    195.000      0.000    200.000      0.000 237174.00000
4    100.000      0.000     95.000      0.000    200.000      0.000    205.000      0.000 322835.00000
4    105.000      0.000    100.000      0.000    205.000      0.000    210.000      0.000 245268.00000
4    110.000      0.000    105.000      0.000    210.000      0.000    215.000      0.000 280247.00000
4    115.000      0.000    110.000      0.000    215.000      0.000    220.000      0.000 228917.00000
4    120.000      0.000    115.000      0.000    220.000      0.000    225.000      0.000 424585.00000
4    130.000      0.000    125.000      0.000    230.000      0.000    235.000      0.000 246378.00000
4      5.000      0.000      0.000      0.000    110.000      0.000    115.000      0.000 251308.00000
4     10.000      0.000      5.000      0.000    115.000      0.000    120.000      0.000 279626.00000
4     15.000      0.000     10.000      0.000    120.000      0.000    125.000      0.000 223132.00000
4     20.000      0.000     15.000      0.000    125.000      0.000    130.000      0.000 214134.00000
4     25.000      0.000     20.000      0.000    130.000      0.000    135.000      0.000 190292.00000
4     35.000      0.000     30.000      0.000    140.000      0.000    145.000      0.000 430868.00000
4     40.000      0.000     35.000      0.000    145.000      0.000    150.000      0.000 331620.00000
4     45.000      0.000     40.000      0.000    150.000      0.000    155.000      0.000 361330.00000
4     50.000      0.000     45.000      0.000    155.000      0.000    160.000      0.000 250753.00000
4     55.000      0.000     50.000      0.000    160.000      0.000    165.000      0.000 399622.00000
4     60.000      0.000     55.000      0.000    165.000      0.000    170.000      0.000 262382.00000
4     65.000      0.000     60.000      0.000    170.000      0.000    175.000      0.000 293073.00000
4     70.000      0.000     65.000      0.000    175.000      0.000    180.000      0.000 289763.00000
4     75.000      0.000     70.000      0.000    180.000      0.000    185.000      0.000 298766.00000
4     80.000      0.000     75.000      0.000    185.000      0.000    190.000      0.000 335539.00000
4     85.000      0.000     80.000      0.000    190.000      0.000    195.000      0.000 365351.00000
4     90.000      0.000     85.000      0.000    195.000      0.000    200.000      0.000 281796.00000
4     95.000      0.000     90.000      0.000    200.000      0.000    205.000      0.000 252516.00000
4    100.000      0.000     95.000      0.000    205.000      0.000    210.000      0.000 295638.00000
4    105.000      0.000    100.000      0.000    210.000      0.000    215.000      0.000 262075.00000
4    110.000      0.000    105.000      0.000    215.000      0.000    220.000      0.000 314069.00000
4    115.000      0.000    110.000      0.000    220.000      0.000    225.000      0.000 221173.00000
4    120.000      0.000    115.000      0.000    225.000      0.000    230.000      0.000 437623.00000
4      5.000      0.000      0.000      0.000    115.000      0.000    120.000      0.000 363634.00000
4     10.000      0.000      5.000      0.000    120.000      0.000    125.000      0.000 212779.00000
4     20.000      0.000     15.000      0.000    130.000      0.000    135.000      0.000 204306.00000
4     25.000      0.000     20.000      0.000    135.000      0.000    140.000      0.000 272317.00000
4     35.000      0.000     30.000      0.000    145.000      0.000    150.000      0.000 401806.00000
4     40.000      0.000     35.000      0.000    150.000      0.000    155.000      0.000 370858.00000
4     45.000      0.000     40.000      0.000    155.000      0.000    160.000      0.000 253105.00000
4     50.000      0.000     45.000      0.000    160.000      0.000    165.000      0.000 362356.00000
4     55.000      0.000     50.000      0.000    165.000      0.000    170.000      0.000 378793.00000
4     60.000      0.000     55.000      0.000    170.000      0.000    175.000      0.000 223146.00000
4     65.000      0.000     60.000      0.000    175.000      0.000    180.000      0.000 287571.00000
4     70.000      0.000     65.000      0.000    180.000      0.000    185.000      0.000 455532.00000
4     75.000      0.000     70.000      0.000    185.000      0.000    190.000      0.000 263055.00000
4     80.000      0.000     75.000      0.000    190.000      0.000    195.000      0.000 401815.00000
4     85.000      0.000     80.000      0.000    195.000      0.000    200.000      0.000 280510.00000
4     90.000      0.000     85.000      0.000    200.000      0.000    205.000      0.000 298847.00000
4     95.000      0.000     90.000      0.000    205.000      0.000    210.000      0.000 230528.00000
4    100.000      0.000     95.000      0.000    210.000      0.000    215.000      0.000 315477.00000
4    105.000      0.000    100.000      0.000    215.000      0.000    220.000      0.000 292396.00000
4    110.000      0.000    105.000      0.000    220.000      0.000    225.000      0.000 296412.00000
4    115.000      0.000    110.000      0.000    225.000      0.000    230.000      0.000 257472.00000
4    120.000      0.000    115.000      0.000    230.000      0.000    235.000      0.000 446329.00000
4      5.000      0.000      0.000      0.000    120.000      0.000    125.000      0.000 259302.00000
4     10.000      0.000      5.000      0.000    125.000      0.000    130.000      0.000 264854.00000
4     15.000      0.000     10.000      0.000    130.000      0.000    135.000      0.000 244058.00000
4     20.000      0.000     15.000      0.000    135.000      0.000    140.000      0.000 292825.00000
4     25.000      0.000     20.000      0.000    140.000      0.000    145.000      0.000 305203.00000
4     35.000      0.000     30.000      0.000    150.000      0.000    155.000      0.000 436772.00000
4     45.000      0.000     40.000      0.000    160.000      0.000    165.000      0.000 360396.00000
4     50.000      0.000     45.000      0.000    165.000      0.000    170.000      0.000 342017.00000
4     55.000      0.000     50.000      0.000    170.000      0.000    175.000      0.000 333247.00000
4     60.000      0.000     55.000      0.000    175.000      0.000    180.000      0.000 219783.00000
4     65.000      0.000     60.000      0.000    180.000      0.000    185.000      0.000 457372.00000
4     70.000      0.000     65.000      0.000    185.000      0.000    190.000      0.000 394734.00000
4     75.000      0.000     70.000      0.000    190.000      0.000    195.000      0.000 314093.00000
4     80.000      0.000     75.000      0.000    195.000      0.000    200.000      0.000 306029.00000
4     85.000      0.000     80.000      0.000    200.000      0.000    205.000      0.000 296856.00000
4     90.000      0.000     85.000      0.000    205.000      0.000    210.000      0.000 272829.00000
4     95.000      0.000     90.000      0.000    210.000      0.000    215.000      0.000 245919.00000
4    100.000      0.000     95.000      0.000    215.000      0.000    220.000      0.000 357337.00000
4    105.000      0.000    100.000      0.000    220.000      0.000    225.000      0.000 273976.00000
4    110.000      0.000    105.000      0.000    225.000      0.000    230.000      0.000 345578.00000
4    115.000      0.000    110.000      0.000    230.000      0.000    235.000      0.000 251469.00000
4      5.000      0.000      0.000      0.000    125.000      0.000    130.000      0.000 336547.00000
4     10.000      0.000      5.000      0.000    130.000      0.000    135.000      0.000 251271.00000
4     15.000      0.000     10.000      0.000    135.000      0.000    140.000      0.000 322536.00000
4     20.000      0.000     15.000      0.000    140.000      0.000    145.000      0.000 326250.00000
4     25.000      0.000     20.000      0.000    145.000      0.000    150.000      0.000 283798.00000
4     35.000      0.000     30.000      0.000    155.000      0.000    160.000      0.000 305517.00000
4     40.000      0.000     35.000      0.000    160.000      0.000    165.000      0.000 374667.00000
4     50.000      0.000     45.000      0.000    170.000      0.000    175.000      0.000 304606.00000
4     55.000      0.000     50.000      0.000    175.000      0.000    180.000      0.000 328208.00000
4     60.000      0.000     55.000      0.000    180.000      0.000    185.000      0.000 351217.00000
4     65.000      0.000     60.000      0.000    185.000      0.000    190.000      0.000 391529.00000
4     70.000      0.000     65.000      0.000    190.000      0.000    195.000      0.000 467400.00000
4     75.000      0.000     70.000      0.000    195.000      0.000    200.000      0.000 239319.00000
4     80.000      0.000     75.000      0.000    200.000      0.000    205.000      0.000 323523.00000
4     85.000      0.000     80.000      0.000    205.000      0.000    210.000      0.000 270597.00000
4     90.000      0.000     85.000      0.000    210.000      0.000    215.000      0.000 288248.00000
4     95.000      0.000     90.000      0.000    215.000      0.000    220.000      0.000 282572.00000
4    100.000      0.000     95.000      0.000    220.000      0.000    225.000      0.000 327716.00000
4    105.000      0.000    100.000      0.000    225.000      0.000    230.000      0.000 319341.00000
4    110.000      0.000    105.000      0.000    230.000      0.000    235.000      0.000 333028.00000
4      5.000      0.000      0.000      0.000    130.000      0.000    135.000      0.000 317799.00000
4     10.000      0.000      5.000      0.000    135.000      0.000    140.000      0.000 359045.00000
4     15.000      0.000     10.000      0.000    140.000      0.000    145.000      0.000 362674.00000
4     20.000      0.000     15.000      0.000    145.000      0.000    150.000      0.000 302563.00000
4     25.000      0.000     20.000      0.000    150.000      0.000    155.000      0.000 314197.00000
4     35.000      0.000     30.000      0.000    160.000      0.000    165.000      0.000 448244.00000
4     40.000      0.000     35.000      0.000    165.000      0.000    170.000      0.000 352282.00000
4     50.000      0.000     45.000      0.000    175.000      0.000    180.000      0.000 298958.00000
4     55.000      0.000     50.000      0.000    180.000      0.000    185.000      0.000 524402.00000
4     60.000      0.000     55.000      0.000    185.000      0.000    190.000      0.000 297866.00000
4     65.000      0.000     60.000      0.000    190.000      0.000    195.000      0.000 471340.00000
4     70.000      0.000     65.000      0.000    195.000      0.000    200.000      0.000 357008.00000
4     75.000      0.000     70.000      0.000    200.000      0.000    205.000      0.000 252086.00000
4     80.000      0.000     75.000      0.000    205.000      0.000    210.000      0.000 294163.00000
4     85.000      0.000     80.000      0.000    210.000      0.000    215.000      0.000 288096.00000
4     90.000      0.000     85.000      0.000    215.000      0.000    220.000      0.000 294187.00000
4     95.000      0.000     90.000      0.000    220.000      0.000    225.000      0.000 253628.00000
4    100.000      0.000     95.000      0.000    225.000      0.000    230.000      0.000 382063.00000
4    105.000      0.000    100.000      0.000    230.000      0.000    235.000      0.000 311397.00000
4      5.000      0.000      0.000      0.000    135.000      0.000    140.000      0.000 460081.00000
4     10.000      0.000      5.000      0.000    140.000      0.000    145.000      0.000 400284.00000
4     15.000      0.000     10.000      0.000    145.000      0.000    150.000      0.000 359517.00000
4     20.000      0.000     15.000      0.000    150.000      0.000    155.000      0.000 335986.00000
4     25.000      0.000     20.000      0.000    155.000      0.000    160.000      0.000 219088.00000
4     35.000      0.000     30.000      0.000    165.000      0.000    170.000      0.000 422378.00000
4     40.000      0.000     35.000      0.000    170.000      0.000    175.000      0.000 311010.00000
4     45.000      0.000     40.000      0.000    175.000      0.000    180.000      0.000 294237.00000
4     50.000      0.000     45.000      0.000    180.000      0.000    185.000      0.000 480373.00000
4     55.000      0.000     50.000      0.000    185.000      0.000    190.000      0.000 445728.00000
4     60.000      0.000     55.000      0.000    190.000      0.000    195.000      0.000 361149.00000
4     65.000      0.000     60.000      0.000    195.000      0.000    200.000      0.000 357959.00000
4     70.000      0.000     65.000      0.000    200.000      0.000    205.000      0.000 377839.00000
4     75.000      0.000     70.000      0.000    205.000      0.000    210.000      0.000 229792.00000
4     80.000      0.000     75.000      0.000    210.000      0.000    215.000      0.000 309377.00000
4     85.000      0.000     80.000      0.000    215.000      0.000    220.000      0.000 349257.00000
4     90.000      0.000     85.000      0.000    220.000      0.000    225.000      0.000 300665.00000
4     95.000      0.000     90.000      0.000    225.000      0.000    230.000      0.000 295547.00000
4    100.000      0.000     95.000      0.000    230.000      0.000    235.000      0.000 373053.00000
4      5.000      0.000      0.000      0.000    140.000      0.000    145.000      0.000 508198.00000
4     10.000      0.000      5.000      0.000    145.000      0.000    150.000      0.000 368669.00000
4     15.000      0.000     10.000      0.000    150.000      0.000    155.000      0.000 397040.00000
4     20.000      0.000     15.000      0.000    155.000      0.000    160.000      0.000 234741.00000
4     25.000      0.000     20.000      0.000    160.000      0.000    165.000      0.000 327428.00000
4     35.000      0.000     30.000      0.000    170.000      0.000    175.000      0.000 371782.00000
4     40.000      0.000     35.000      0.000    175.000      0.000    180.000      0.000 303771.00000
4     50.000      0.000     45.000      0.000    185.000      0.000    190.000      0.000 399750.00000
4     55.000      0.000     50.000      0.000    190.000      0.000    195.000      0.000 536577.00000
4     60.000      0.000     55.000      0.000    195.000      0.000    200.000      0.000 272822.00000
4     65.000      0.000     60.000      0.000    200.000      0.000    205.000      0.000 376718.00000
4     70.000      0.000     65.000      0.000    205.000      0.000    210.000      0.000 339867.00000
4     75.000      0.000     70.000      0.000    210.000      0.000    215.000      0.000 243921.00000
4     80.000      0.000     75.000      0.000    215.000      0.000    220.000      0.000 309664.00000
4     85.000      0.000     80.000      0.000    220.000      0.000    225.000      0.000 294592.00000
4     90.000      0.000     85.000      0.000    225.000      0.000    230.000      0.000 347667.00000
4     95.000      0.000     90.000      0.000    230.000      0.000    235.000      0.000 289931.00000
4      5.000      0.000      0.000      0.000    145.000      0.000    150.000      0.000 462393.00000
4     10.000      0.000      5.000      0.000    150.000      0.000    155.000      0.000 399800.00000
4     15.000      0.000     10.000      0.000    155.000      0.000    160.000      0.000 278747.00000
4     20.000      0.000     15.000      0.000    160.000      0.000    165.000      0.000 322932.00000
4     25.000      0.000     20.000      0.000    165.000      0.000    170.000      0.000 294144.00000
4     35.000      0.000     30.000      0.000    175.000      0.000    180.000      0.000 365681.00000
4     40.000      0.000     35.000      0.000    180.000      0.000    185.000      0.000 490732.00000
4     45.000      0.000     40.000      0.000    185.000      0.000    190.000      0.000 387992.00000
4     50.000      0.000     45.000      0.000    190.000      0.000    195.000      0.000 487470.00000
4     55.000      0.000     50.000      0.000    195.000      0.000    200.000      0.000 407985.00000
4     60.000      0.000     55.000      0.000    200.000      0.000    205.000      0.000 286930.00000
4     65.000      0.000     60.000      0.000    205.000      0.000    210.000      0.000 340836.00000
4     70.000      0.000     65.000      0.000    210.000      0.000    215.000      0.000 358243.00000
4     75.000      0.000     70.000      0.000    215.000      0.000    220.000      0.000 302440.00000
4     80.000      0.000     75.000      0.000    220.000      0.000    225.000      0.000 321445.00000
4     85.000      0.000     80.000      0.000    225.000      0.000    230.000      0.000 342009.00000
4     90.000      0.000     85.000      0.000    230.000      0.000    235.000      0.000 335421.00000
4     15.000      0.000     10.000      0.000    160.000      0.000    165.000      0.000 399322.00000
4     20.000      0.000     15.000      0.000    165.000      0.000    170.000      0.000 312883.00000
4     25.000      0.000     20.000      0.000    170.000      0.000    175.000      0.000 259781.00000
4     35.000      0.000     30.000      0.000    180.000      0.000    185.000      0.000 594639.00000
4     40.000      0.000     35.000      0.000    185.000      0.000    190.000      0.000 401931.00000
4     45.000      0.000     40.000      0.000    190.000      0.000    195.000      0.000 471566.00000
4     50.000      0.000     45.000      0.000    195.000      0.000    200.000      0.000 365639.00000
4     55.000      0.000     50.000      0.000    200.000      0.000    205.000      0.000 424633.00000
4     60.000      0.000     55.000      0.000    205.000      0.000    210.000      0.000 259719.00000
4     65.000      0.000     60.000      0.000    210.000      0.000    215.000      0.000 358979.00000
4     70.000      0.000     65.000      0.000    215.000      0.000    220.000      0.000 359474.00000
4     75.000      0.000     70.000      0.000    220.000      0.000    225.000      0.000 248563.00000
4     80.000      0.000     75.000      0.000    225.000      0.000    230.000      0.000 371350.00000
4     85.000      0.000     80.000      0.000    230.000      0.000    235.000      0.000 331477.00000
4     10.000      0.000      5.000      0.000    160.000      0.000    165.000      0.000 406108.00000
4     15.000      0.000     10.000      0.000    165.000      0.000    170.000      0.000 373181.00000
4     20.000      0.000     15.000      0.000    170.000      0.000    175.000      0.000 275803.00000
4     25.000      0.000     20.000      0.000    175.000      0.000    180.000      0.000 253762.00000
4     35.000      0.000     30.000      0.000    185.000      0.000    190.000      0.000 475657.00000
4     40.000      0.000     35.000      0.000    190.000      0.000    195.000      0.000 489051.00000
4     45.000      0.000     40.000      0.000    195.000      0.000    200.000      0.000 357044.00000
4     50.000      0.000     45.000      0.000    200.000      0.000    205.000      0.000 385261.00000
4     55.000      0.000     50.000      0.000    205.000      0.000    210.000      0.000 387571.00000
4     60.000      0.000     55.000      0.000    210.000      0.000    215.000      0.000 272658.00000
4     65.000      0.000     60.000      0.000    215.000      0.000    220.000      0.000 392688.00000
4     70.000      0.000     65.000      0.000    220.000      0.000    225.000      0.000 364844.00000
4     75.000      0.000     70.000      0.000    225.000      0.000    230.000      0.000 288007.00000
4     80.000      0.000     75.000      0.000    230.000      0.000    235.000      0.000 354843.00000
4      5.000      0.000      0.000      0.000    160.000      0.000    165.000      0.000 498952.00000
4     10.000      0.000      5.000      0.000    165.000      0.000    170.000      0.000 379365.00000
4     15.000      0.000     10.000      0.000    170.000      0.000    175.000      0.000 325401.00000
4     20.000      0.000     15.000      0.000    175.000      0.000    180.000      0.000 269016.00000
4     25.000      0.000     20.000      0.000    180.000      0.000    185.000      0.000 411588.00000
4     35.000      0.000     30.000      0.000    190.000      0.000    195.000      0.000 591815.00000
4     40.000      0.000     35.000      0.000    195.000      0.000    200.000      0.000 369715.00000
4     45.000      0.000     40.000      0.000    200.000      0.000    205.000      0.000 375612.00000
4     50.000      0.000     45.000      0.000    205.000      0.000    210.000      0.000 346276.00000
4     55.000      0.000     50.000      0.000    210.000      0.000    215.000      0.000 413424.00000
4     60.000      0.000     55.000      0.000    215.000      0.000    220.000      0.000 300471.00000
4     65.000      0.000     60.000      0.000    220.000      0.000    225.000      0.000 365723.00000
4     70.000      0.000     65.000      0.000    225.000      0.000    230.000      0.000 422497.00000
4     75.000      0.000     70.000      0.000    230.000      0.000    235.000      0.000 274608.00000
4      5.000      0.000      0.000      0.000    165.000      0.000    170.000      0.000 463209.00000
4     10.000      0.000      5.000      0.000    170.000      0.000    175.000      0.000 328390.00000
4     15.000      0.000     10.000      0.000    175.000      0.000    180.000      0.000 317686.00000
4     20.000      0.000     15.000      0.000    180.000      0.000    185.000      0.000 435423.00000
4     25.000      0.000     20.000      0.000    185.000      0.000    190.000      0.000 323522.00000
4     35.000      0.000     30.000      0.000    195.000      0.000    200.000      0.000 442408.00000
4     40.000      0.000     35.000      0.000    200.000      0.000    205.000      0.000 387206.00000
4     45.000      0.000     40.000      0.000    205.000      0.000    210.000      0.000 337596.00000
4     50.000      0.000     45.000      0.000    210.000      0.000    215.000      0.000 357858.00000
4     55.000      0.000     50.000      0.000    215.000      0.000    220.000      0.000 601666.00000
4     60.000      0.000     55.000      0.000    220.000      0.000    225.000      0.000 277957.00000
4     65.000      0.000     60.000      0.000    225.000      0.000    230.000      0.000 422950.00000
4     70.000      0.000     65.000      0.000    230.000      0.000    235.000      0.000 416241.00000