4      0.000      0.000     15.000      0.000      5.000      0.300     10.000      0.300  64033.00000
4      5.000      0.300     20.000     -0.300     10.000      0.300     15.000      0.000  79598.00000
4     10.000      0.300     25.000     -0.200     15.000      0.000     20.000     -0.300  61570.00000
4     15.000      0.000     30.000     -0.200     20.000     -0.300     25.000     -0.200  73920.00000
4     20.000     -0.300     35.000      0.100     25.000     -0.200     30.000     -0.200  66043.00000
4     25.000     -0.200     40.000      0.100     30.000     -0.200     35.000      0.100  73613.00000
4     30.000     -0.200     45.000      0.100     35.000      0.100     40.000      0.100  63644.00000
4     35.000      0.100     50.000     -0.200     40.000      0.100     45.000      0.100  75134.00000
4     40.000      0.100     55.000     -0.300     45.000      0.100     50.000     -0.200  62215.00000
4     45.000      0.100     60.000     -0.100     50.000     -0.200     55.000     -0.300  41004.00000
4     50.000     -0.200     65.000     -0.300     55.000     -0.300     60.000     -0.100  72932.00000
4     55.000     -0.300     70.000     -0.400     60.000     -0.100     65.000     -0.300  53543.00000
4     60.000     -0.100     75.000      0.400     65.000     -0.300     70.000     -0.400  38846.00000
4     70.000     -0.400     85.000      0.600     75.000      0.400     80.000      0.700 107557.00000
4     75.000      0.400     90.000      0.800     80.000      0.700     85.000      0.600  20245.00000
4     85.000      0.600    100.000      1.590     90.000      0.800     95.000      1.100  37030.00000
4     90.000      0.800    105.000      1.700     95.000      1.100    100.000      1.590  31595.00000
4     95.000      1.100    110.000      2.000    100.000      1.590    105.000      1.700  46237.00000
4    100.000      1.590    115.000      2.400    105.000      1.700    110.000      2.000  29199.00000
4    105.000      1.700    120.000      2.600    110.000      2.000    115.000      2.400  38025.00000
4    110.000      2.000    125.000      2.900    115.000      2.400    120.000      2.600  51289.00000
4    115.000      2.400    130.000      3.200    120.000      2.600    125.000      2.900  34579.00000
4    120.000      2.600    135.000      3.600    125.000      2.900    130.000      3.200  42624.00000
4    125.000      2.900    140.000      4.190    130.000      3.200    135.000      3.600  35972.00000
4    130.000      3.200    145.000      4.400    135.000      3.600    140.000      4.190  47207.00000
4    135.000      3.600    150.000      3.800    140.000      4.190    145.000      4.400  39006.00000
4    140.000      4.190    155.000      3.800    145.000      4.400    150.000      3.800  40231.00000
4    145.000      4.400    160.000      4.700    150.000      3.800    155.000      3.800  34781.00000
4    150.000      3.800    165.000      5.800    155.000      3.800    160.000      4.700  52450.00000
4    155.000      3.800    170.000      5.800    160.000      4.700    165.000      5.800  37470.00000
4    160.000      4.700    175.000      5.400    165.000      5.800    170.000      5.800  48886.00000
4    165.000      5.800    180.000      6.970    170.000      5.800    175.000      5.400  37482.00000
4    170.000      5.800    185.000      8.880    175.000      5.400    180.000      6.970  30982.00000
4    175.000      5.400    190.000     12.670    180.000      6.970    185.000      8.880  86667.00000
4    180.000      6.970    195.000     13.000    185.000      8.880    190.000     12.670  23583.00000
4    185.000      8.880    200.000     13.000    190.000     12.670    195.000     13.000  29987.00000
4    190.000     12.670    205.000     13.100    195.000     13.000    200.000     13.000  73765.00000
4    195.000     13.000    210.000     12.410    200.000     13.000    205.000     13.100   7522.39990
4    200.000     13.000    215.000     12.200    205.000     13.100    210.000     12.410  48066.00000
4    210.000     12.410    225.000     13.980    215.000     12.200    220.000     12.700  10796.00000
4    215.000     12.200    230.000     14.000    220.000     12.700    225.000     13.980  14058.00000
4    220.000     12.700    235.000     14.000    225.000     13.980    230.000     14.000  14340.00000
4      0.000      0.000     30.000     -0.200     10.000      0.300     20.000     -0.300 129910.00000
4      5.000      0.300     35.000      0.100     15.000      0.000     25.000     -0.200 108604.00000
4     10.000      0.300     40.000      0.100     20.000     -0.300     30.000     -0.200 114304.00000
4     15.000      0.000     45.000      0.100     25.000     -0.200     35.000      0.100 120805.00000
4     20.000     -0.300     50.000     -0.200     30.000     -0.200     40.000      0.100 111362.00000
4     25.000     -0.200     55.000     -0.300     35.000      0.100     45.000      0.100 115497.00000
4     30.000     -0.200     60.000     -0.100     40.000      0.100     50.000     -0.200 102806.00000
4     35.000      0.100     65.000     -0.300     45.000      0.100     55.000     -0.300 107996.00000
4     40.000      0.100     70.000     -0.400     50.000     -0.200     60.000     -0.100  76500.00000
4     45.000      0.100     75.000      0.400     55.000     -0.300     65.000     -0.300  96179.00000
4     55.000     -0.300     85.000      0.600     65.000     -0.300     75.000      0.400  83350.00000
4     65.000     -0.300     95.000      1.100     75.000      0.400     85.000      0.600  73493.00000
4     70.000     -0.400    100.000      1.590     80.000      0.700     90.000      0.800  68403.00000
4     75.000      0.400    105.000      1.700     85.000      0.600     95.000      1.100  60960.00000
4     85.000      0.600    115.000      2.400     95.000      1.100    105.000      1.700  71222.00000
4     90.000      0.800    120.000      2.600    100.000      1.590    110.000      2.000  89189.00000
4     95.000      1.100    125.000      2.900    105.000      1.700    115.000      2.400  64063.00000
4    100.000      1.590    130.000      3.200    110.000      2.000    120.000      2.600  87485.00000
4    105.000      1.700    135.000      3.600    115.000      2.400    125.000      2.900  91031.00000
4    110.000      2.000    140.000      4.190    120.000      2.600    130.000      3.200  68994.00000
4    115.000      2.400    145.000      4.400    125.000      2.900    135.000      3.600  78774.00000
4    120.000      2.600    150.000      3.800    130.000      3.200    140.000      4.190  79674.00000
4    125.000      2.900    155.000      3.800    135.000      3.600    145.000      4.400  81081.00000
4    130.000      3.200    160.000      4.700    140.000      4.190    150.000      3.800  52076.00000
4    135.000      3.600    165.000      5.800    145.000      4.400    155.000      3.800  74576.00000
4    140.000      4.190    170.000      5.800    150.000      3.800    160.000      4.700  71040.00000
4    145.000      4.400    175.000      5.400    155.000      3.800    165.000      5.800  81492.00000
4    150.000      3.800    180.000      6.970    160.000      4.700    170.000      5.800  96233.00000
4    155.000      3.800    185.000      8.880    165.000      5.800    175.000      5.400  57008.00000
4    160.000      4.700    190.000     12.670    170.000      5.800    180.000      6.970  51097.00000
4    165.000      5.800    195.000     13.000    175.000      5.400    185.000      8.880 120145.00000
4    170.000      5.800    200.000     13.000    180.000      6.970    190.000     12.670 114562.00000
4    175.000      5.400    205.000     13.100    185.000      8.880    195.000     13.000  43082.00000
4    180.000      6.970    210.000     12.410    190.000     12.670    200.000     13.000  26564.00000
4    185.000      8.880    215.000     12.200    195.000     13.000    205.000     13.100  28732.00000
4    190.000     12.670    220.000     12.700    200.000     13.000    210.000     12.410  49370.00000
4    195.000     13.000    225.000     13.980    205.000     13.100    215.000     12.200  31477.00000
4    200.000     13.000    230.000     14.000    210.000     12.410    220.000     12.700  18772.00000
4      0.000      0.000     45.000      0.100     15.000      0.000     30.000     -0.200 144171.00000
4      5.000      0.300     50.000     -0.200     20.000     -0.300     35.000      0.100 141450.00000
4     10.000      0.300     55.000     -0.300     25.000     -0.200     40.000      0.100 142422.00000
4     15.000      0.000     60.000     -0.100     30.000     -0.200     45.000      0.100 152380.00000
4     20.000     -0.300     65.000     -0.300     35.000      0.100     50.000     -0.200 143110.00000
4     25.000     -0.200     70.000     -0.400     40.000      0.100     55.000     -0.300 149243.00000
4     30.000     -0.200     75.000      0.400     45.000      0.100     60.000     -0.100 141691.00000
4     35.000      0.100     80.000      0.700     50.000     -0.200     65.000     -0.300 102012.00000
4     40.000      0.100     85.000      0.600     55.000     -0.300     70.000     -0.400 125108.00000
4     45.000      0.100     90.000      0.800     60.000     -0.100     75.000      0.400 125354.00000
4     55.000     -0.300    100.000      1.590     70.000     -0.400     85.000      0.600 105563.00000
4     60.000     -0.100    105.000      1.700     75.000      0.400     90.000      0.800 123451.00000
4     65.000     -0.300    110.000      2.000     80.000      0.700     95.000      1.100  71075.00000
4     70.000     -0.400    115.000      2.400     85.000      0.600    100.000      1.590  91999.00000
4     75.000      0.400    120.000      2.600     90.000      0.800    105.000      1.700 103869.00000
4     85.000      0.600    130.000      3.200    100.000      1.590    115.000      2.400 134829.00000
4     90.000      0.800    135.000      3.600    105.000      1.700    120.000      2.600 107943.00000
4     95.000      1.100    140.000      4.190    110.000      2.000    125.000      2.900 118545.00000
4    100.000      1.590    145.000      4.400    115.000      2.400    130.000      3.200 113717.00000
4    105.000      1.700    150.000      3.800    120.000      2.600    135.000      3.600 108964.00000
4    110.000      2.000    155.000      3.800    125.000      2.900    140.000      4.190 117560.00000
4    115.000      2.400    160.000      4.700    130.000      3.200    145.000      4.400  98513.00000
4    120.000      2.600    165.000      5.800    135.000      3.600    150.000      3.800  98600.00000
4    125.000      2.900    170.000      5.800    140.000      4.190    155.000      3.800 100713.00000
4    130.000      3.200    175.000      5.400    145.000      4.400    160.000      4.700 120108.00000
4    135.000      3.600    180.000      6.970    150.000      3.800    165.000      5.800  96571.00000
4    140.000      4.190    185.000      8.880    155.000      3.800    170.000      5.800  96393.00000
4    145.000      4.400    190.000     12.670    160.000      4.700    175.000      5.400  80618.00000
4    150.000      3.800    195.000     13.000    165.000      5.800    180.000      6.970  81785.00000
4    155.000      3.800    200.000     13.000    170.000      5.800    185.000      8.880 135992.00000
4    160.000      4.700    205.000     13.100    175.000      5.400    190.000     12.670 102966.00000
4    165.000      5.800    210.000     12.410    180.000      6.970    195.000     13.000 116688.00000
4    170.000      5.800    215.000     12.200    185.000      8.880    200.000     13.000  49762.00000
4    180.000      6.970    225.000     13.980    195.000     13.000    210.000     12.410  62948.00000
4    185.000      8.880    230.000     14.000    200.000     13.000    215.000     12.200  61743.00000
4      0.000      0.000     60.000     -0.100     20.000     -0.300     40.000      0.100 169910.00000
4      5.000      0.300     65.000     -0.300     25.000     -0.200     45.000      0.100 165301.00000
4     10.000      0.300     70.000     -0.400     30.000     -0.200     50.000     -0.200 168489.00000
4     15.000      0.000     75.000      0.400     35.000      0.100     55.000     -0.300 171377.00000
4     20.000     -0.300     80.000      0.700     40.000      0.100     60.000     -0.100 181658.00000
4     25.000     -0.200     85.000      0.600     45.000      0.100     65.000     -0.300 164571.00000
4     30.000     -0.200     90.000      0.800     50.000     -0.200     70.000     -0.400 123407.00000
4     35.000      0.100     95.000      1.100     55.000     -0.300     75.000      0.400 157029.00000
4     40.000      0.100    100.000      1.590     60.000     -0.100     80.000      0.700  96847.00000
4     45.000      0.100    105.000      1.700     65.000     -0.300     85.000      0.600 130901.00000
4     50.000     -0.200    110.000      2.000     70.000     -0.400     90.000      0.800 177399.00000
4     55.000     -0.300    115.000      2.400     75.000      0.400     95.000      1.100 145394.00000
4     60.000     -0.100    120.000      2.600     80.000      0.700    100.000      1.590  61687.00000
4     65.000     -0.300    125.000      2.900     85.000      0.600    105.000      1.700 111157.00000
4     70.000     -0.400    130.000      3.200     90.000      0.800    110.000      2.000 143838.00000
4     75.000      0.400    135.000      3.600     95.000      1.100    115.000      2.400 144536.00000
4     85.000      0.600    145.000      4.400    105.000      1.700    125.000      2.900 145102.00000
4     90.000      0.800    150.000      3.800    110.000      2.000    130.000      3.200 156213.00000
4     95.000      1.100    155.000      3.800    115.000      2.400    135.000      3.600 152755.00000
4    100.000      1.590    160.000      4.700    120.000      2.600    140.000      4.190 135643.00000
4    105.000      1.700    165.000      5.800    125.000      2.900    145.000      4.400 144624.00000
4    110.000      2.000    170.000      5.800    130.000      3.200    150.000      3.800 113042.00000
4    115.000      2.400    175.000      5.400    135.000      3.600    155.000      3.800 138609.00000
4    120.000      2.600    180.000      6.970    140.000      4.190    160.000      4.700 142967.00000
4    125.000      2.900    185.000      8.880    145.000      4.400    165.000      5.800 110676.00000
4    130.000      3.200    190.000     12.670    150.000      3.800    170.000      5.800 109888.00000
4    135.000      3.600    195.000     13.000    155.000      3.800    175.000      5.400 105740.00000
4    140.000      4.190    200.000     13.000    160.000      4.700    180.000      6.970 108674.00000
4    145.000      4.400    205.000     13.100    165.000      5.800    185.000      8.880 164640.00000
4    150.000      3.800    210.000     12.410    170.000      5.800    190.000     12.670 146574.00000
4    155.000      3.800    215.000     12.200    175.000      5.400    195.000     13.000 133730.00000
4    160.000      4.700    220.000     12.700    180.000      6.970    200.000     13.000 128145.00000
4    170.000      5.800    230.000     14.000    190.000     12.670    210.000     12.410  71880.00000
4    175.000      5.400    235.000     14.000    195.000     13.000    215.000     12.200  61989.00000
4      0.000      0.000     75.000      0.400     25.000     -0.200     50.000     -0.200 189950.00000
4      5.000      0.300     80.000      0.700     30.000     -0.200     55.000     -0.300 191327.00000
4     10.000      0.300     85.000      0.600     35.000      0.100     60.000     -0.100 189368.00000
4     15.000      0.000     90.000      0.800     40.000      0.100     65.000     -0.300 187422.00000
4     20.000     -0.300     95.000      1.100     45.000      0.100     70.000     -0.400 173372.00000
4     25.000     -0.200    100.000      1.590     50.000     -0.200     75.000      0.400 159104.00000
4     30.000     -0.200    105.000      1.700     55.000     -0.300     80.000      0.700 138110.00000
4     35.000      0.100    110.000      2.000     60.000     -0.100     85.000      0.600 146294.00000
4     40.000      0.100    115.000      2.400     65.000     -0.300     90.000      0.800 162944.00000
4     45.000      0.100    120.000      2.600     70.000     -0.400     95.000      1.100 151514.00000
4     50.000     -0.200    125.000      2.900     75.000      0.400    100.000      1.590 178521.00000
4     60.000     -0.100    135.000      3.600     85.000      0.600    110.000      2.000 143086.00000
4     65.000     -0.300    140.000      4.190     90.000      0.800    115.000      2.400 166076.00000
4     70.000     -0.400    145.000      4.400     95.000      1.100    120.000      2.600 181994.00000
4     75.000      0.400    150.000      3.800    100.000      1.590    125.000      2.900 186532.00000
4     85.000      0.600    160.000      4.700    110.000      2.000    135.000      3.600 181006.00000
4     90.000      0.800    165.000      5.800    115.000      2.400    140.000      4.190 179259.00000
4     95.000      1.100    170.000      5.800    120.000      2.600    145.000      4.400 158459.00000
4    100.000      1.590    175.000      5.400    125.000      2.900    150.000      3.800 149967.00000
4    105.000      1.700    180.000      6.970    130.000      3.200    155.000      3.800 157788.00000
4    110.000      2.000    185.000      8.880    135.000      3.600    160.000      4.700 134715.00000
4    115.000      2.400    190.000     12.670    140.000      4.190    165.000      5.800 120042.00000
4    120.000      2.600    195.000     13.000    145.000      4.400    170.000      5.800 136575.00000
4    125.000      2.900    200.000     13.000    150.000      3.800    175.000      5.400 104245.00000
4    135.000      3.600    210.000     12.410    160.000      4.700    185.000      8.880 159808.00000
4    140.000      4.190    215.000     12.200    165.000      5.800    190.000     12.670 161451.00000
4    145.000      4.400    220.000     12.700    170.000      5.800    195.000     13.000 149447.00000
4    150.000      3.800    225.000     13.980    175.000      5.400    200.000     13.000 115799.00000
4    155.000      3.800    230.000     14.000    180.000      6.970    205.000     13.100  94814.00000
4    160.000      4.700    235.000     14.000    185.000      8.880    210.000     12.410  79367.00000
4      0.000      0.000     90.000      0.800     30.000     -0.200     60.000     -0.100 207991.00000
4      5.000      0.300     95.000      1.100     35.000      0.100     65.000     -0.300 197433.00000
4     10.000      0.300    100.000      1.590     40.000      0.100     70.000     -0.400 191555.00000
4     15.000      0.000    105.000      1.700     45.000      0.100     75.000      0.400 194224.00000
4     20.000     -0.300    110.000      2.000     50.000     -0.200     80.000      0.700 135853.00000
4     25.000     -0.200    115.000      2.400     55.000     -0.300     85.000      0.600 162379.00000
4     30.000     -0.200    120.000      2.600     60.000     -0.100     90.000      0.800 178613.00000
4     35.000      0.100    125.000      2.900     65.000     -0.300     95.000      1.100 167275.00000
4     40.000      0.100    130.000      3.200     70.000     -0.400    100.000      1.590 158218.00000
4     45.000      0.100    135.000      3.600     75.000      0.400    105.000      1.700 169249.00000
4     55.000     -0.300    145.000      4.400     85.000      0.600    115.000      2.400 155725.00000
4     60.000     -0.100    150.000      3.800     90.000      0.800    120.000      2.600 193285.00000
4     65.000     -0.300    155.000      3.800     95.000      1.100    125.000      2.900 199328.00000
4     70.000     -0.400    160.000      4.700    100.000      1.590    130.000      3.200 182178.00000
4     75.000      0.400    165.000      5.800    105.000      1.700    135.000      3.600 171784.00000
4     85.000      0.600    175.000      5.400    115.000      2.400    145.000      4.400 200008.00000
4     90.000      0.800    180.000      6.970    120.000      2.600    150.000      3.800 172818.00000
4     95.000      1.100    185.000      8.880    125.000      2.900    155.000      3.800 148726.00000
4    100.000      1.590    190.000     12.670    130.000      3.200    160.000      4.700 134731.00000
4    105.000      1.700    195.000     13.000    135.000      3.600    165.000      5.800 147767.00000
4    110.000      2.000    200.000     13.000    140.000      4.190    170.000      5.800 140000.00000
4    115.000      2.400    205.000     13.100    145.000      4.400    175.000      5.400 166224.00000
4    120.000      2.600    210.000     12.410    150.000      3.800    180.000      6.970 118978.00000
4    125.000      2.900    215.000     12.200    155.000      3.800    185.000      8.880 175277.00000
4    130.000      3.200    220.000     12.700    160.000      4.700    190.000     12.670 181998.00000
4    135.000      3.600    225.000     13.980    165.000      5.800    195.000     13.000 166445.00000
4    140.000      4.190    230.000     14.000    170.000      5.800    200.000     13.000 153235.00000
4      0.000      0.000    105.000      1.700     35.000      0.100     70.000     -0.400 191851.00000
4      5.000      0.300    110.000      2.000     40.000      0.100     75.000      0.400 205768.00000
4     10.000      0.300    115.000      2.400     45.000      0.100     80.000      0.700 164390.00000
4     15.000      0.000    120.000      2.600     50.000     -0.200     85.000      0.600 153863.00000
4     20.000     -0.300    125.000      2.900     55.000     -0.300     90.000      0.800 188945.00000
4     25.000     -0.200    130.000      3.200     60.000     -0.100     95.000      1.100 180791.00000
4     30.000     -0.200    135.000      3.600     65.000     -0.300    100.000      1.590 169644.00000
4     35.000      0.100    140.000      4.190     70.000     -0.400    105.000      1.700 164659.00000
4     40.000      0.100    145.000      4.400     75.000      0.400    110.000      2.000 184573.00000
4     45.000      0.100    150.000      3.800     80.000      0.700    115.000      2.400 109332.00000
4     50.000     -0.200    155.000      3.800     85.000      0.600    120.000      2.600 218990.00000
4     55.000     -0.300    160.000      4.700     90.000      0.800    125.000      2.900 196266.00000
4     60.000     -0.100    165.000      5.800     95.000      1.100    130.000      3.200 195267.00000
4     65.000     -0.300    170.000      5.800    100.000      1.590    135.000      3.600 215343.00000
4     70.000     -0.400    175.000      5.400    105.000      1.700    140.000      4.190 192298.00000
4     75.000      0.400    180.000      6.970    110.000      2.000    145.000      4.400 207119.00000
4     85.000      0.600    190.000     12.670    120.000      2.600    155.000      3.800 156382.00000
4     90.000      0.800    195.000     13.000    125.000      2.900    160.000      4.700 164571.00000
4     95.000      1.100    200.000     13.000    130.000      3.200    165.000      5.800 143553.00000
4    100.000      1.590    205.000     13.100    135.000      3.600    170.000      5.800 171060.00000
4    105.000      1.700    210.000     12.410    140.000      4.190    175.000      5.400 140219.00000
4    110.000      2.000    215.000     12.200    145.000      4.400    180.000      6.970 141277.00000
4    115.000      2.400    220.000     12.700    150.000      3.800    185.000      8.880 163608.00000
4    120.000      2.600    225.000     13.980    155.000      3.800    190.000     12.670 191014.00000
4    125.000      2.900    230.000     14.000    160.000      4.700    195.000     13.000 178573.00000
4    130.000      3.200    235.000     14.000    165.000      5.800    200.000     13.000 157093.00000
4      0.000      0.000    120.000      2.600     40.000      0.100     80.000      0.700 173575.00000
4      5.000      0.300    125.000      2.900     45.000      0.100     85.000      0.600 175641.00000
4     10.000      0.300    130.000      3.200     50.000     -0.200     90.000      0.800 183680.00000
4     15.000      0.000    135.000      3.600     55.000     -0.300     95.000      1.100 185817.00000
4     20.000     -0.300    140.000      4.190     60.000     -0.100    100.000      1.590 176122.00000
4     25.000     -0.200    145.000      4.400     65.000     -0.300    105.000      1.700 170403.00000
4     30.000     -0.200    150.000      3.800     70.000     -0.400    110.000      2.000 174052.00000
4     35.000      0.100    155.000      3.800     75.000      0.400    115.000      2.400 185525.00000
4     40.000      0.100    160.000      4.700     80.000      0.700    120.000      2.600 134616.00000
4     45.000      0.100    165.000      5.800     85.000      0.600    125.000      2.900 169320.00000
4     50.000     -0.200    170.000      5.800     90.000      0.800    130.000      3.200 155937.00000
4     55.000     -0.300    175.000      5.400     95.000      1.100    135.000      3.600 207027.00000
4     60.000     -0.100    180.000      6.970    100.000      1.590    140.000      4.190 218516.00000
4     65.000     -0.300    185.000      8.880    105.000      1.700    145.000      4.400 163447.00000
4     70.000     -0.400    190.000     12.670    110.000      2.000    150.000      3.800 149191.00000
4     75.000      0.400    195.000     13.000    115.000      2.400    155.000      3.800 172966.00000
4     85.000      0.600    205.000     13.100    125.000      2.900    165.000      5.800 181550.00000
4     90.000      0.800    210.000     12.410    130.000      3.200    170.000      5.800 150462.00000
4     95.000      1.100    215.000     12.200    135.000      3.600    175.000      5.400 155094.00000
4    100.000      1.590    220.000     12.700    140.000      4.190    180.000      6.970 146998.00000
4    105.000      1.700    225.000     13.980    145.000      4.400    185.000      8.880 209492.00000
4    110.000      2.000    230.000     14.000    150.000      3.800    190.000     12.670 164438.00000
4    115.000      2.400    235.000     14.000    155.000      3.800    195.000     13.000 176664.00000
4      0.000      0.000    135.000      3.600     45.000      0.100     90.000      0.800 199480.00000
4      5.000      0.300    140.000      4.190     50.000     -0.200     95.000      1.100 174207.00000
4     10.000      0.300    145.000      4.400     55.000     -0.300    100.000      1.590 177900.00000
4     15.000      0.000    150.000      3.800     60.000     -0.100    105.000      1.700 174511.00000
4     20.000     -0.300    155.000      3.800     65.000     -0.300    110.000      2.000 175833.00000
4     25.000     -0.200    160.000      4.700     70.000     -0.400    115.000      2.400 169956.00000
4     30.000     -0.200    165.000      5.800     75.000      0.400    120.000      2.600 187320.00000
4     35.000      0.100    170.000      5.800     80.000      0.700    125.000      2.900 146886.00000
4     40.000      0.100    175.000      5.400     85.000      0.600    130.000      3.200 161340.00000
4     45.000      0.100    180.000      6.970     90.000      0.800    135.000      3.600 194582.00000
4     50.000     -0.200    185.000      8.880     95.000      1.100    140.000      4.190 163426.00000
4     55.000     -0.300    190.000     12.670    100.000      1.590    145.000      4.400 171648.00000
4     60.000     -0.100    195.000     13.000    105.000      1.700    150.000      3.800 148239.00000
4     65.000     -0.300    200.000     13.000    110.000      2.000    155.000      3.800 171697.00000
4     70.000     -0.400    205.000     13.100    115.000      2.400    160.000      4.700 181086.00000
4     75.000      0.400    210.000     12.410    120.000      2.600    165.000      5.800 158290.00000
4     85.000      0.600    220.000     12.700    130.000      3.200    175.000      5.400 166982.00000
4     90.000      0.800    225.000     13.980    135.000      3.600    180.000      6.970 168052.00000
4     95.000      1.100    230.000     14.000    140.000      4.190    185.000      8.880 198048.00000
4    100.000      1.590    235.000     14.000    145.000      4.400    190.000     12.670 189455.00000
4      0.000      0.000    150.000      3.800     50.000     -0.200    100.000      1.590 183319.00000
4      5.000      0.300    155.000      3.800     55.000     -0.300    105.000      1.700 169848.00000
4     10.000      0.300    160.000      4.700     60.000     -0.100    110.000      2.000 171279.00000
4     15.000      0.000    165.000      5.800     65.000     -0.300    115.000      2.400 170868.00000
4     20.000     -0.300    170.000      5.800     70.000     -0.400    120.000      2.600 166771.00000
4     25.000     -0.200    175.000      5.400     75.000      0.400    125.000      2.900 178190.00000
4     30.000     -0.200    180.000      6.970     80.000      0.700    130.000      3.200 143241.00000
4     35.000      0.100    185.000      8.880     85.000      0.600    135.000      3.600 125995.00000
4     40.000      0.100    190.000     12.670     90.000      0.800    140.000      4.190 142463.00000
4     45.000      0.100    195.000     13.000     95.000      1.100    145.000      4.400 153123.00000
4     50.000     -0.200    200.000     13.000    100.000      1.590    150.000      3.800 111612.00000
4     55.000     -0.300    205.000     13.100    105.000      1.700    155.000      3.800 150993.00000
4     60.000     -0.100    210.000     12.410    110.000      2.000    160.000      4.700 164059.00000
4     65.000     -0.300    215.000     12.200    115.000      2.400    165.000      5.800 170099.00000
4     70.000     -0.400    220.000     12.700    120.000      2.600    170.000      5.800 169821.00000
4     75.000      0.400    225.000     13.980    125.000      2.900    175.000      5.400 172907.00000
4     85.000      0.600    235.000     14.000    135.000      3.600    185.000      8.880 208001.00000
4      0.000      0.000    165.000      5.800     55.000     -0.300    110.000      2.000 178537.00000
4      5.000      0.300    170.000      5.800     60.000     -0.100    115.000      2.400 156852.00000
4     10.000      0.300    175.000      5.400     65.000     -0.300    120.000      2.600 164834.00000
4     15.000      0.000    180.000      6.970     70.000     -0.400    125.000      2.900 160361.00000
4     20.000     -0.300    185.000      8.880     75.000      0.400    130.000      3.200 122005.00000
4     25.000     -0.200    190.000     12.670     80.000      0.700    135.000      3.600 109761.00000
4     30.000     -0.200    195.000     13.000     85.000      0.600    140.000      4.190 115807.00000
4     35.000      0.100    200.000     13.000     90.000      0.800    145.000      4.400 133436.00000
4     45.000      0.100    210.000     12.410    100.000      1.590    155.000      3.800 145301.00000
4     50.000     -0.200    215.000     12.200    105.000      1.700    160.000      4.700 183485.00000
4     55.000     -0.300    220.000     12.700    110.000      2.000    165.000      5.800 160574.00000
4     60.000     -0.100    225.000     13.980    115.000      2.400    170.000      5.800 173825.00000
4     65.000     -0.300    230.000     14.000    120.000      2.600    175.000      5.400 174287.00000
4     70.000     -0.400    235.000     14.000    125.000      2.900    180.000      6.970 164051.00000
4      0.000      0.000    180.000      6.970     60.000     -0.100    120.000      2.600 157461.00000
4      5.000      0.300    185.000      8.880     65.000     -0.300    125.000      2.900 108258.00000
4     10.000      0.300    190.000     12.670     70.000     -0.400    130.000      3.200 103719.00000
4     15.000      0.000    195.000     13.000     75.000      0.400    135.000      3.600 113841.00000
4     20.000     -0.300    200.000     13.000     80.000      0.700    140.000      4.190 100031.00000
4     30.000     -0.200    210.000     12.410     90.000      0.800    150.000      3.800 109742.00000
4     35.000      0.100    215.000     12.200     95.000      1.100    155.000      3.800 125635.00000
4     40.000      0.100    220.000     12.700    100.000      1.590    160.000      4.700 140662.00000
4     45.000      0.100    225.000     13.980    105.000      1.700    165.000      5.800 135458.00000
4     50.000     -0.200    230.000     14.000    110.000      2.000    170.000      5.800 173560.00000
4     55.000     -0.300    235.000     14.000    115.000      2.400    175.000      5.400 159899.00000
4      0.000      0.000    195.000     13.000     65.000     -0.300    130.000      3.200 106861.00000
4      5.000      0.300    200.000     13.000     70.000     -0.400    135.000      3.600  92701.00000
4     10.000      0.300    205.000     13.100     75.000      0.400    140.000      4.190 116143.00000
4     15.000      0.000    210.000     12.410     80.000      0.700    145.000      4.400  94146.00000
4     20.000     -0.300    215.000     12.200     85.000      0.600    150.000      3.800  90811.00000
4     25.000     -0.200    220.000     12.700     90.000      0.800    155.000      3.800 110254.00000
4     30.000     -0.200    225.000     13.980     95.000      1.100    160.000      4.700 121044.00000
4     35.000      0.100    230.000     14.000    100.000      1.590    165.000      5.800 134822.00000
4     40.000      0.100    235.000     14.000    105.000      1.700    170.000      5.800 124700.00000
4      0.000      0.000    210.000     12.410     70.000     -0.400    140.000      4.190  84935.00000
4      5.000      0.300    215.000     12.200     75.000      0.400    145.000      4.400  83405.00000
4     10.000      0.300    220.000     12.700     80.000      0.700    150.000      3.800  87815.00000
4     15.000      0.000    225.000     13.980     85.000      0.600    155.000      3.800  94149.00000
4     20.000     -0.300    230.000     14.000     90.000      0.800    160.000      4.700 105275.00000
4     25.000     -0.200    235.000     14.000     95.000      1.100    165.000      5.800 107476.00000
4      0.000      0.000    225.000     13.980     75.000      0.400    150.000      3.800  81681.00000
4      5.000      0.300    230.000     14.000     80.000      0.700    155.000      3.800  77283.00000
4     10.000      0.300    235.000     14.000     85.000      0.600    160.000      4.700  84801.00000