4     235.00    3211.80     220.00    3207.22     230.00    3210.05     225.00    3208.60 183101.15625 
4     230.00    3210.05     215.00    3205.55     225.00    3208.60     220.00    3207.22 206677.60938 
4     225.00    3208.60     210.00    3204.30     220.00    3207.22     215.00    3205.55 208371.03125 
4     220.00    3207.22     205.00    3202.63     215.00    3205.55     210.00    3204.30 181507.96875 
4     215.00    3205.55     200.00    3201.62     210.00    3204.30     205.00    3202.63 150697.21875 
4     210.00    3204.30     195.00    3200.39     205.00    3202.63     200.00    3201.62 123251.00781 
4     205.00    3202.63     190.00    3199.25     200.00    3201.62     195.00    3200.39 175771.28125 
4     200.00    3201.62     185.00    3199.04     195.00    3200.39     190.00    3199.25 119198.11719 
4     195.00    3200.39     180.00    3199.40     190.00    3199.25     185.00    3199.04 135548.45312 
4     190.00    3199.25     175.00    3200.10     185.00    3199.04     180.00    3199.40 159814.87500 
4     185.00    3199.04     170.00    3200.20     180.00    3199.40     175.00    3200.10 117498.95312 
4     180.00    3199.40     165.00    3200.34     175.00    3200.10     170.00    3200.20 191522.67188 
4     175.00    3200.10     160.00    3199.26     170.00    3200.20     165.00    3200.34 106435.97656 
4     170.00    3200.20     155.00    3198.52     165.00    3200.34     160.00    3199.26 156903.39062 
4     165.00    3200.34     150.00    3197.73     160.00    3199.26     155.00    3198.52 132569.92188 
4     160.00    3199.26     145.00    3196.28     155.00    3198.52     150.00    3197.73 106015.43750 
4     155.00    3198.52     140.00    3195.11     150.00    3197.73     145.00    3196.28 136959.28125 
4     150.00    3197.73     135.00    3194.01     145.00    3196.28     140.00    3195.11 102367.21875 
4     145.00    3196.28     130.00    3194.26     140.00    3195.11     135.00    3194.01 111545.13281 
4     140.00    3195.11     125.00    3194.25     135.00    3194.01     130.00    3194.26 105368.00000 
4     135.00    3194.01     120.00    3193.24     130.00    3194.26     125.00    3194.25 124466.93750 
4     130.00    3194.26     115.00    3192.74     125.00    3194.25     120.00    3193.24 120665.45312 
4     125.00    3194.25     110.00    3191.68     120.00    3193.24     115.00    3192.74 117308.00781 
4     120.00    3193.24     105.00    3191.93     115.00    3192.74     110.00    3191.68 107763.67188 
4     115.00    3192.74     100.00    3191.95     110.00    3191.68     105.00    3191.93 112036.68750 
4     110.00    3191.68      95.00    3191.72     105.00    3191.93     100.00    3191.95  61753.78906 
4     105.00    3191.93      90.00    3190.62     100.00    3191.95      95.00    3191.72  89547.46094 
4     100.00    3191.95      85.00    3188.93      95.00    3191.72      90.00    3190.62  97367.85938 
4      95.00    3191.72      80.00    3187.82      90.00    3190.62      85.00    3188.93 126986.42969 
4      90.00    3190.62      75.00    3187.01      85.00    3188.93      80.00    3187.82 127064.00000 
4      85.00    3188.93      70.00    3186.97      80.00    3187.82      75.00    3187.01  99343.35156 
4      80.00    3187.82      65.00    3186.90      75.00    3187.01      70.00    3186.97 144939.57812 
4      75.00    3187.01      60.00    3186.23      70.00    3186.97      65.00    3186.90  62880.80078 
4      70.00    3186.97      55.00    3185.94      65.00    3186.90      60.00    3186.23  59044.05859 
4      65.00    3186.90      50.00    3185.42      60.00    3186.23      55.00    3185.94  36638.62891 
4      60.00    3186.23      45.00    3184.73      55.00    3185.94      50.00    3185.42  29776.66016 
4      55.00    3185.94      40.00    3184.25      50.00    3185.42      45.00    3184.73  52761.57031 
4      50.00    3185.42      35.00    3183.65      45.00    3184.73      40.00    3184.25  46730.69922 
4      45.00    3184.73      30.00    3180.00      40.00    3184.25      35.00    3183.65  25038.25977 
4      40.00    3184.25      25.00    3177.25      35.00    3183.65      30.00    3180.00  46816.73828 
4      35.00    3183.65      20.00    3174.12      30.00    3180.00      25.00    3177.25  23075.59961 
4      30.00    3180.00      15.00    3173.36      25.00    3177.25      20.00    3174.12  22286.97070 
4      25.00    3177.25      10.00    3172.35      20.00    3174.12      15.00    3173.36  14476.15039 
4      20.00    3174.12       5.00    3171.61      15.00    3173.36      10.00    3172.35  10649.58984 
4      15.00    3173.36       0.00    3170.55      10.00    3172.35       5.00    3171.61   5635.79004 
4     235.00    3211.80     205.00    3202.63     225.00    3208.60     215.00    3205.55 202903.71875 
4     230.00    3210.05     200.00    3201.62     220.00    3207.22     210.00    3204.30 217417.75000 
4     225.00    3208.60     195.00    3200.39     215.00    3205.55     205.00    3202.63 220064.03125 
4     220.00    3207.22     190.00    3199.25     210.00    3204.30     200.00    3201.62 203737.51562 
4     215.00    3205.55     185.00    3199.04     205.00    3202.63     195.00    3200.39 209245.53125 
4     210.00    3204.30     180.00    3199.40     200.00    3201.62     190.00    3199.25 206556.59375 
4     205.00    3202.63     175.00    3200.10     195.00    3200.39     185.00    3199.04 184602.31250 
4     200.00    3201.62     170.00    3200.20     190.00    3199.25     180.00    3199.40 192957.21875 
4     195.00    3200.39     165.00    3200.34     185.00    3199.04     175.00    3200.10 211988.65625 
4     190.00    3199.25     160.00    3199.26     180.00    3199.40     170.00    3200.20 210574.81250 
4     185.00    3199.04     155.00    3198.52     175.00    3200.10     165.00    3200.34 183786.48438 
4     180.00    3199.40     150.00    3197.73     170.00    3200.20     160.00    3199.26 174990.29688 
4     175.00    3200.10     145.00    3196.28     165.00    3200.34     155.00    3198.52 210722.45312 
4     170.00    3200.20     140.00    3195.11     160.00    3199.26     150.00    3197.73 201701.54688 
4     165.00    3200.34     135.00    3194.01     155.00    3198.52     145.00    3196.28 187397.65625 
4     160.00    3199.26     130.00    3194.26     150.00    3197.73     140.00    3195.11 176004.12500 
4     155.00    3198.52     125.00    3194.25     145.00    3196.28     135.00    3194.01 149971.15625 
4     150.00    3197.73     120.00    3193.24     140.00    3195.11     130.00    3194.26 153215.42188 
4     145.00    3196.28     115.00    3192.74     135.00    3194.01     125.00    3194.25 191000.70312 
4     140.00    3195.11     110.00    3191.68     130.00    3194.26     120.00    3193.24 179135.32812 
4     135.00    3194.01     105.00    3191.93     125.00    3194.25     115.00    3192.74 158744.42188 
4     130.00    3194.26     100.00    3191.95     120.00    3193.24     110.00    3191.68 165217.35938 
4     125.00    3194.25      95.00    3191.72     115.00    3192.74     105.00    3191.93 175741.67188 
4     120.00    3193.24      90.00    3190.62     110.00    3191.68     100.00    3191.95 150592.84375 
4     115.00    3192.74      85.00    3188.93     105.00    3191.93      95.00    3191.72 115809.45312 
4     110.00    3191.68      80.00    3187.82     100.00    3191.95      90.00    3190.62 143638.93750 
4     105.00    3191.93      75.00    3187.01      95.00    3191.72      85.00    3188.93 178234.56250 
4     100.00    3191.95      70.00    3186.97      90.00    3190.62      80.00    3187.82 142674.35938 
4      95.00    3191.72      65.00    3186.90      85.00    3188.93      75.00    3187.01 119769.49219 
4      90.00    3190.62      60.00    3186.23      80.00    3187.82      70.00    3186.97 160332.57812 
4      85.00    3188.93      55.00    3185.94      75.00    3187.01      65.00    3186.90 167830.04688 
4      80.00    3187.82      50.00    3185.42      70.00    3186.97      60.00    3186.23  95284.09375 
4      75.00    3187.01      45.00    3184.73      65.00    3186.90      55.00    3185.94  68471.39844 
4      70.00    3186.97      40.00    3184.25      60.00    3186.23      50.00    3185.42  57585.50000 
4      65.00    3186.90      35.00    3183.65      55.00    3185.94      45.00    3184.73  84610.74219 
4      60.00    3186.23      30.00    3180.00      50.00    3185.42      40.00    3184.25  90974.79688 
4      55.00    3185.94      25.00    3177.25      45.00    3184.73      35.00    3183.65  49655.64062 
4      50.00    3185.42      20.00    3174.12      40.00    3184.25      30.00    3180.00  30065.08008 
4      45.00    3184.73      15.00    3173.36      35.00    3183.65      25.00    3177.25  47700.28125 
4      40.00    3184.25      10.00    3172.35      30.00    3180.00      20.00    3174.12  33913.55078 
4      35.00    3183.65       5.00    3171.61      25.00    3177.25      15.00    3173.36  19483.32031 
4      30.00    3180.00       0.00    3170.55      20.00    3174.12      10.00    3172.35  15937.07031 
4     235.00    3211.80     190.00    3199.25     220.00    3207.22     205.00    3202.63 273460.12500 
4     230.00    3210.05     185.00    3199.04     215.00    3205.55     200.00    3201.62 270847.96875 
4     225.00    3208.60     180.00    3199.40     210.00    3204.30     195.00    3200.39 268995.53125 
4     220.00    3207.22     175.00    3200.10     205.00    3202.63     190.00    3199.25 260450.73438 
4     215.00    3205.55     170.00    3200.20     200.00    3201.62     185.00    3199.04 245375.62500 
4     210.00    3204.30     165.00    3200.34     195.00    3200.39     180.00    3199.40 246974.17188 
4     205.00    3202.63     160.00    3199.26     190.00    3199.25     175.00    3200.10 252991.39062 
4     200.00    3201.62     155.00    3198.52     185.00    3199.04     170.00    3200.20 262019.60938 
4     195.00    3200.39     150.00    3197.73     180.00    3199.40     165.00    3200.34 238220.07812 
4     190.00    3199.25     145.00    3196.28     175.00    3200.10     160.00    3199.26 246723.39062 
4     185.00    3199.04     140.00    3195.11     170.00    3200.20     155.00    3198.52 245392.84375 
4     180.00    3199.40     135.00    3194.01     165.00    3200.34     150.00    3197.73 272297.37500 
4     175.00    3200.10     130.00    3194.26     160.00    3199.26     145.00    3196.28 274296.34375 
4     170.00    3200.20     125.00    3194.25     155.00    3198.52     140.00    3195.11 231467.92188 
4     165.00    3200.34     120.00    3193.24     150.00    3197.73     135.00    3194.01 210589.15625 
4     160.00    3199.26     115.00    3192.74     145.00    3196.28     130.00    3194.26 200241.29688 
4     155.00    3198.52     110.00    3191.68     140.00    3195.11     125.00    3194.25 222973.67188 
4     150.00    3197.73     105.00    3191.93     135.00    3194.01     120.00    3193.24 233759.76562 
4     145.00    3196.28     100.00    3191.95     130.00    3194.26     115.00    3192.74 254265.71875 
4     140.00    3195.11      95.00    3191.72     125.00    3194.25     110.00    3191.68 236356.81250 
4     135.00    3194.01      90.00    3190.62     120.00    3193.24     105.00    3191.93 232159.90625 
4     130.00    3194.26      85.00    3188.93     115.00    3192.74     100.00    3191.95 194197.82812 
4     125.00    3194.25      80.00    3187.82     110.00    3191.68      95.00    3191.72 183503.37500 
4     120.00    3193.24      75.00    3187.01     105.00    3191.93      90.00    3190.62 168426.15625 
4     115.00    3192.74      70.00    3186.97     100.00    3191.95      85.00    3188.93 187446.04688 
4     110.00    3191.68      65.00    3186.90      95.00    3191.72      80.00    3187.82 182977.87500 
4     105.00    3191.93      60.00    3186.23      90.00    3190.62      75.00    3187.01 191653.45312 
4     100.00    3191.95      55.00    3185.94      85.00    3188.93      70.00    3186.97 198347.65625 
4      95.00    3191.72      50.00    3185.42      80.00    3187.82      65.00    3186.90 204570.09375 
4      90.00    3190.62      45.00    3184.73      75.00    3187.01      60.00    3186.23 167464.85938 
4      85.00    3188.93      40.00    3184.25      70.00    3186.97      55.00    3185.94 100371.82031 
4      80.00    3187.82      35.00    3183.65      65.00    3186.90      50.00    3185.42  77888.02344 
4      75.00    3187.01      30.00    3180.00      60.00    3186.23      45.00    3184.73  90631.20312 
4      70.00    3186.97      25.00    3177.25      55.00    3185.94      40.00    3184.25 110728.10156 
4      65.00    3186.90      20.00    3174.12      50.00    3185.42      35.00    3183.65  73008.46875 
4      60.00    3186.23      15.00    3173.36      45.00    3184.73      30.00    3180.00  74091.65625 
4      55.00    3185.94      10.00    3172.35      40.00    3184.25      25.00    3177.25  41343.14062 
4      50.00    3185.42       5.00    3171.61      35.00    3183.65      20.00    3174.12  41231.92969 
4      45.00    3184.73       0.00    3170.55      30.00    3180.00      15.00    3173.36  33352.41016 
4     235.00    3211.80     175.00    3200.10     215.00    3205.55     195.00    3200.39 333091.71875 
4     230.00    3210.05     170.00    3200.20     210.00    3204.30     190.00    3199.25 297206.90625 
4     225.00    3208.60     165.00    3200.34     205.00    3202.63     185.00    3199.04 293621.75000 
4     220.00    3207.22     160.00    3199.26     200.00    3201.62     180.00    3199.40 301549.03125 
4     215.00    3205.55     155.00    3198.52     195.00    3200.39     175.00    3200.10 271268.93750 
4     210.00    3204.30     150.00    3197.73     190.00    3199.25     170.00    3200.20 300922.21875 
4     205.00    3202.63     145.00    3196.28     185.00    3199.04     165.00    3200.34 286664.59375 
4     200.00    3201.62     140.00    3195.11     180.00    3199.40     160.00    3199.26 287399.68750 
4     195.00    3200.39     135.00    3194.01     175.00    3200.10     155.00    3198.52 321717.84375 
4     190.00    3199.25     130.00    3194.26     170.00    3200.20     150.00    3197.73 301339.21875 
4     185.00    3199.04     125.00    3194.25     165.00    3200.34     145.00    3196.28 313058.12500 
4     180.00    3199.40     120.00    3193.24     160.00    3199.26     140.00    3195.11 301874.96875 
4     175.00    3200.10     115.00    3192.74     155.00    3198.52     135.00    3194.01 266825.21875 
4     170.00    3200.20     110.00    3191.68     150.00    3197.73     130.00    3194.26 258663.67188 
4     165.00    3200.34     105.00    3191.93     145.00    3196.28     125.00    3194.25 244653.39062 
4     160.00    3199.26     100.00    3191.95     140.00    3195.11     120.00    3193.24 264580.43750 
4     155.00    3198.52      95.00    3191.72     135.00    3194.01     115.00    3192.74 298429.31250 
4     150.00    3197.73      90.00    3190.62     130.00    3194.26     110.00    3191.68 294479.31250 
4     145.00    3196.28      85.00    3188.93     125.00    3194.25     105.00    3191.93 276639.50000 
4     140.00    3195.11      80.00    3187.82     120.00    3193.24     100.00    3191.95 252242.54688 
4     135.00    3194.01      75.00    3187.01     115.00    3192.74      95.00    3191.72 216340.35938 
4     130.00    3194.26      70.00    3186.97     110.00    3191.68      90.00    3190.62 184596.84375 
4     125.00    3194.25      65.00    3186.90     105.00    3191.93      85.00    3188.93 174065.70312 
4     120.00    3193.24      60.00    3186.23     100.00    3191.95      80.00    3187.82 195409.57812 
4     115.00    3192.74      55.00    3185.94      95.00    3191.72      75.00    3187.01 219143.17188 
4     110.00    3191.68      50.00    3185.42      90.00    3190.62      70.00    3186.97 266062.18750 
4     105.00    3191.93      45.00    3184.73      85.00    3188.93      65.00    3186.90 233119.09375 
4     100.00    3191.95      40.00    3184.25      80.00    3187.82      60.00    3186.23 190626.92188 
4      95.00    3191.72      35.00    3183.65      75.00    3187.01      55.00    3185.94 169250.57812 
4      90.00    3190.62      30.00    3180.00      70.00    3186.97      50.00    3185.42 104255.04688 
4      85.00    3188.93      25.00    3177.25      65.00    3186.90      45.00    3184.73 102917.29688 
4      80.00    3187.82      20.00    3174.12      60.00    3186.23      40.00    3184.25 108549.60156 
4      75.00    3187.01      15.00    3173.36      55.00    3185.94      35.00    3183.65 104132.59375 
4      70.00    3186.97      10.00    3172.35      50.00    3185.42      30.00    3180.00 124946.46875 
4      65.00    3186.90       5.00    3171.61      45.00    3184.73      25.00    3177.25  91415.64844 
4      60.00    3186.23       0.00    3170.55      40.00    3184.25      20.00    3174.12  48956.17188 
4     235.00    3211.80     160.00    3199.26     210.00    3204.30     185.00    3199.04 326901.40625 
4     230.00    3210.05     155.00    3198.52     205.00    3202.63     180.00    3199.40 315432.78125 
4     225.00    3208.60     150.00    3197.73     200.00    3201.62     175.00    3200.10 319310.81250 
4     220.00    3207.22     145.00    3196.28     195.00    3200.39     170.00    3200.20 315712.21875 
4     215.00    3205.55     140.00    3195.11     190.00    3199.25     165.00    3200.34 308741.84375 
4     210.00    3204.30     135.00    3194.01     185.00    3199.04     160.00    3199.26 331841.59375 
4     205.00    3202.63     130.00    3194.26     180.00    3199.40     155.00    3198.52 343555.71875 
4     200.00    3201.62     125.00    3194.25     175.00    3200.10     150.00    3197.73 340685.68750 
4     195.00    3200.39     120.00    3193.24     170.00    3200.20     145.00    3196.28 339077.96875 
4     190.00    3199.25     115.00    3192.74     165.00    3200.34     140.00    3195.11 339136.53125 
4     185.00    3199.04     110.00    3191.68     160.00    3199.26     135.00    3194.01 314616.68750 
4     180.00    3199.40     105.00    3191.93     155.00    3198.52     130.00    3194.26 268012.87500 
4     175.00    3200.10     100.00    3191.95     150.00    3197.73     125.00    3194.25 307519.90625 
4     170.00    3200.20      95.00    3191.72     145.00    3196.28     120.00    3193.24 313185.78125 
4     165.00    3200.34      90.00    3190.62     140.00    3195.11     115.00    3192.74 304953.65625 
4     160.00    3199.26      85.00    3188.93     135.00    3194.01     110.00    3191.68 308076.09375 
4     155.00    3198.52      80.00    3187.82     130.00    3194.26     105.00    3191.93 310901.21875 
4     150.00    3197.73      75.00    3187.01     125.00    3194.25     100.00    3191.95 268365.34375 
4     145.00    3196.28      70.00    3186.97     120.00    3193.24      95.00    3191.72 225685.95312 
4     140.00    3195.11      65.00    3186.90     115.00    3192.74      90.00    3190.62 212698.76562 
4     135.00    3194.01      60.00    3186.23     110.00    3191.68      85.00    3188.93 202327.93750 
4     130.00    3194.26      55.00    3185.94     105.00    3191.93      80.00    3187.82 183830.87500 
4     125.00    3194.25      50.00    3185.42     100.00    3191.95      75.00    3187.01 225666.34375 
4     120.00    3193.24      45.00    3184.73      95.00    3191.72      70.00    3186.97 256278.84375 
4     115.00    3192.74      40.00    3184.25      90.00    3190.62      65.00    3186.90 248123.54688 
4     110.00    3191.68      35.00    3183.65      85.00    3188.93      60.00    3186.23 222583.60938 
4     105.00    3191.93      30.00    3180.00      80.00    3187.82      55.00    3185.94 211914.17188 
4     100.00    3191.95      25.00    3177.25      75.00    3187.01      50.00    3185.42 175822.12500 
4      95.00    3191.72      20.00    3174.12      70.00    3186.97      45.00    3184.73 125104.92188 
4      90.00    3190.62      15.00    3173.36      65.00    3186.90      40.00    3184.25 117333.85938 
4      85.00    3188.93      10.00    3172.35      60.00    3186.23      35.00    3183.65 111754.20312 
4      80.00    3187.82       5.00    3171.61      55.00    3185.94      30.00    3180.00 118903.35156 
4      75.00    3187.01       0.00    3170.55      50.00    3185.42      25.00    3177.25 119035.32031 
4     235.00    3211.80     145.00    3196.28     205.00    3202.63     175.00    3200.10 330881.59375 
4     230.00    3210.05     140.00    3195.11     200.00    3201.62     170.00    3200.20 348631.15625 
4     225.00    3208.60     135.00    3194.01     195.00    3200.39     165.00    3200.34 327963.00000 
4     220.00    3207.22     130.00    3194.26     190.00    3199.25     160.00    3199.26 345105.65625 
4     215.00    3205.55     125.00    3194.25     185.00    3199.04     155.00    3198.52 352165.21875 
4     210.00    3204.30     120.00    3193.24     180.00    3199.40     150.00    3197.73 356275.40625 
4     205.00    3202.63     115.00    3192.74     175.00    3200.10     145.00    3196.28 369385.56250 
4     200.00    3201.62     110.00    3191.68     170.00    3200.20     140.00    3195.11 330204.56250 
4     195.00    3200.39     105.00    3191.93     165.00    3200.34     135.00    3194.01 342213.68750 
4     190.00    3199.25     100.00    3191.95     160.00    3199.26     130.00    3194.26 338442.78125 
4     185.00    3199.04      95.00    3191.72     155.00    3198.52     125.00    3194.25 333546.75000 
4     180.00    3199.40      90.00    3190.62     150.00    3197.73     120.00    3193.24 340843.78125 
4     175.00    3200.10      85.00    3188.93     145.00    3196.28     115.00    3192.74 324480.06250 
4     170.00    3200.20      80.00    3187.82     140.00    3195.11     110.00    3191.68 315196.40625 
4     165.00    3200.34      75.00    3187.01     135.00    3194.01     105.00    3191.93 309212.28125 
4     160.00    3199.26      70.00    3186.97     130.00    3194.26     100.00    3191.95 255847.70312 
4     155.00    3198.52      65.00    3186.90     125.00    3194.25      95.00    3191.72 228567.15625 
4     150.00    3197.73      60.00    3186.23     120.00    3193.24      90.00    3190.62 219509.92188 
4     145.00    3196.28      55.00    3185.94     115.00    3192.74      85.00    3188.93 228504.21875 
4     140.00    3195.11      50.00    3185.42     110.00    3191.68      80.00    3187.82 210231.71875 
4     135.00    3194.01      45.00    3184.73     105.00    3191.93      75.00    3187.01 193870.89062 
4     130.00    3194.26      40.00    3184.25     100.00    3191.95      70.00    3186.97 225262.09375 
4     125.00    3194.25      35.00    3183.65      95.00    3191.72      65.00    3186.90 242880.46875 
4     120.00    3193.24      30.00    3180.00      90.00    3190.62      60.00    3186.23 233560.85938 
4     115.00    3192.74      25.00    3177.25      85.00    3188.93      55.00    3185.94 215262.23438 
4     110.00    3191.68      20.00    3174.12      80.00    3187.82      50.00    3185.42 214089.04688 
4     105.00    3191.93      15.00    3173.36      75.00    3187.01      45.00    3184.73 206042.71875 
4     100.00    3191.95      10.00    3172.35      70.00    3186.97      40.00    3184.25 146313.59375 
4      95.00    3191.72       5.00    3171.61      65.00    3186.90      35.00    3183.65 120652.67188 
4      90.00    3190.62       0.00    3170.55      60.00    3186.23      30.00    3180.00 117726.39844 
4     235.00    3211.80     130.00    3194.26     200.00    3201.62     165.00    3200.34 350404.59375 
4     230.00    3210.05     125.00    3194.25     195.00    3200.39     160.00    3199.26 338383.21875 
4     225.00    3208.60     120.00    3193.24     190.00    3199.25     155.00    3198.52 359731.93750 
4     220.00    3207.22     115.00    3192.74     185.00    3199.04     150.00    3197.73 365599.84375 
4     215.00    3205.55     110.00    3191.68     180.00    3199.40     145.00    3196.28 361675.09375 
4     210.00    3204.30     105.00    3191.93     175.00    3200.10     140.00    3195.11 359986.81250 
4     205.00    3202.63     100.00    3191.95     170.00    3200.20     135.00    3194.01 350836.25000 
4     200.00    3201.62      95.00    3191.72     165.00    3200.34     130.00    3194.26 359919.31250 
4     195.00    3200.39      90.00    3190.62     160.00    3199.26     125.00    3194.25 368368.37500 
4     190.00    3199.25      85.00    3188.93     155.00    3198.52     120.00    3193.24 342146.53125 
4     185.00    3199.04      80.00    3187.82     150.00    3197.73     115.00    3192.74 339637.43750 
4     180.00    3199.40      75.00    3187.01     145.00    3196.28     110.00    3191.68 320024.90625 
4     175.00    3200.10      70.00    3186.97     140.00    3195.11     105.00    3191.93 277371.03125 
4     170.00    3200.20      65.00    3186.90     135.00    3194.01     100.00    3191.95 261679.70312 
4     165.00    3200.34      60.00    3186.23     130.00    3194.26      95.00    3191.72 234250.48438 
4     160.00    3199.26      55.00    3185.94     125.00    3194.25      90.00    3190.62 224924.57812 
4     155.00    3198.52      50.00    3185.42     120.00    3193.24      85.00    3188.93 239650.06250 
4     150.00    3197.73      45.00    3184.73     115.00    3192.74      80.00    3187.82 209636.35938 
4     145.00    3196.28      40.00    3184.25     110.00    3191.68      75.00    3187.01 201290.89062 
4     140.00    3195.11      35.00    3183.65     105.00    3191.93      70.00    3186.97 217058.65625 
4     135.00    3194.01      30.00    3180.00     100.00    3191.95      65.00    3186.90 223218.73438 
4     130.00    3194.26      25.00    3177.25      95.00    3191.72      60.00    3186.23 217610.40625 
4     125.00    3194.25      20.00    3174.12      90.00    3190.62      55.00    3185.94 225100.14062 
4     120.00    3193.24      15.00    3173.36      85.00    3188.93      50.00    3185.42 213440.18750 
4     115.00    3192.74      10.00    3172.35      80.00    3187.82      45.00    3184.73 226461.81250 
4     110.00    3191.68       5.00    3171.61      75.00    3187.01      40.00    3184.25 219630.81250 
4     105.00    3191.93       0.00    3170.55      70.00    3186.97      35.00    3183.65 153737.25000 
4     235.00    3211.80     115.00    3192.74     195.00    3200.39     155.00    3198.52 352848.53125 
4     230.00    3210.05     110.00    3191.68     190.00    3199.25     150.00    3197.73 359375.87500 
4     225.00    3208.60     105.00    3191.93     185.00    3199.04     145.00    3196.28 361390.68750 
4     220.00    3207.22     100.00    3191.95     180.00    3199.40     140.00    3195.11 365594.37500 
4     215.00    3205.55      95.00    3191.72     175.00    3200.10     135.00    3194.01 363707.43750 
4     210.00    3204.30      90.00    3190.62     170.00    3200.20     130.00    3194.26 353436.06250 
4     205.00    3202.63      85.00    3188.93     165.00    3200.34     125.00    3194.25 361665.25000 
4     200.00    3201.62      80.00    3187.82     160.00    3199.26     120.00    3193.24 353960.15625 
4     195.00    3200.39      75.00    3187.01     155.00    3198.52     115.00    3192.74 334757.68750 
4     190.00    3199.25      70.00    3186.97     150.00    3197.73     110.00    3191.68 287123.40625 
4     185.00    3199.04      65.00    3186.90     145.00    3196.28     105.00    3191.93 260799.31250 
4     180.00    3199.40      60.00    3186.23     140.00    3195.11     100.00    3191.95 249455.14062 
4     175.00    3200.10      55.00    3185.94     135.00    3194.01      95.00    3191.72 242402.95312 
4     170.00    3200.20      50.00    3185.42     130.00    3194.26      90.00    3190.62 245332.76562 
4     165.00    3200.34      45.00    3184.73     125.00    3194.25      85.00    3188.93 210662.34375 
4     160.00    3199.26      40.00    3184.25     120.00    3193.24      80.00    3187.82 194137.84375 
4     155.00    3198.52      35.00    3183.65     115.00    3192.74      75.00    3187.01 195157.43750 
4     150.00    3197.73      30.00    3180.00     110.00    3191.68      70.00    3186.97 206946.79688 
4     145.00    3196.28      25.00    3177.25     105.00    3191.93      65.00    3186.90 205126.43750 
4     140.00    3195.11      20.00    3174.12     100.00    3191.95      60.00    3186.23 216216.18750 
4     135.00    3194.01      15.00    3173.36      95.00    3191.72      55.00    3185.94 211375.54688 
4     130.00    3194.26      10.00    3172.35      90.00    3190.62      50.00    3185.42 219406.04688 
4     125.00    3194.25       5.00    3171.61      85.00    3188.93      45.00    3184.73 216349.15625 
4     120.00    3193.24       0.00    3170.55      80.00    3187.82      40.00    3184.25 230903.89062 
4     235.00    3211.80     100.00    3191.95     190.00    3199.25     145.00    3196.28 366585.78125 
4     230.00    3210.05      95.00    3191.72     185.00    3199.04     140.00    3195.11 367869.31250 
4     225.00    3208.60      90.00    3190.62     180.00    3199.40     135.00    3194.01 355783.43750 
4     220.00    3207.22      85.00    3188.93     175.00    3200.10     130.00    3194.26 347754.56250 
4     215.00    3205.55      80.00    3187.82     170.00    3200.20     125.00    3194.25 337569.56250 
4     210.00    3204.30      75.00    3187.01     165.00    3200.34     120.00    3193.24 343425.50000 
4     205.00    3202.63      70.00    3186.97     160.00    3199.26     115.00    3192.74 296638.15625 
4     200.00    3201.62      65.00    3186.90     155.00    3198.52     110.00    3191.68 262730.62500 
4     195.00    3200.39      60.00    3186.23     150.00    3197.73     105.00    3191.93 265768.40625 
4     190.00    3199.25      55.00    3185.94     145.00    3196.28     100.00    3191.95 244575.57812 
4     185.00    3199.04      50.00    3185.42     140.00    3195.11      95.00    3191.72 232739.65625 
4     180.00    3199.40      45.00    3184.73     135.00    3194.01      90.00    3190.62 221703.78125 
4     175.00    3200.10      40.00    3184.25     130.00    3194.26      85.00    3188.93 198055.62500 
4     170.00    3200.20      35.00    3183.65     125.00    3194.25      80.00    3187.82 196226.23438 
4     165.00    3200.34      30.00    3180.00     120.00    3193.24      75.00    3187.01 183601.92188 
4     160.00    3199.26      25.00    3177.25     115.00    3192.74      70.00    3186.97 192253.09375 
4     155.00    3198.52      20.00    3174.12     110.00    3191.68      65.00    3186.90 200707.35938 
4     150.00    3197.73      15.00    3173.36     105.00    3191.93      60.00    3186.23 191249.10938 
4     145.00    3196.28      10.00    3172.35     100.00    3191.95      55.00    3185.94 213292.46875 
4     140.00    3195.11       5.00    3171.61      95.00    3191.72      50.00    3185.42 207816.35938 
4     135.00    3194.01       0.00    3170.55      90.00    3190.62      45.00    3184.73 220593.06250 
4     235.00    3211.80      85.00    3188.93     185.00    3199.04     135.00    3194.01 342049.46875 
4     230.00    3210.05      80.00    3187.82     180.00    3199.40     130.00    3194.26 330555.37500 
4     225.00    3208.60      75.00    3187.01     175.00    3200.10     125.00    3194.25 326423.56250 
4     220.00    3207.22      70.00    3186.97     170.00    3200.20     120.00    3193.24 278393.87500 
4     215.00    3205.55      65.00    3186.90     165.00    3200.34     115.00    3192.74 266899.15625 
4     210.00    3204.30      60.00    3186.23     160.00    3199.26     110.00    3191.68 263127.53125 
4     205.00    3202.63      55.00    3185.94     155.00    3198.52     105.00    3191.93 250781.90625 
4     200.00    3201.62      50.00    3185.42     150.00    3197.73     100.00    3191.95 241054.35938 
4     195.00    3200.39      45.00    3184.73     145.00    3196.28      95.00    3191.72 213485.56250 
4     190.00    3199.25      40.00    3184.25     140.00    3195.11      90.00    3190.62 189510.01562 
4     185.00    3199.04      35.00    3183.65     135.00    3194.01      85.00    3188.93 192539.31250 
4     180.00    3199.40      30.00    3180.00     130.00    3194.26      80.00    3187.82 183033.28125 
4     175.00    3200.10      25.00    3177.25     125.00    3194.25      75.00    3187.01 171061.28125 
4     170.00    3200.20      20.00    3174.12     120.00    3193.24      70.00    3186.97 192400.39062 
4     165.00    3200.34      15.00    3173.36     115.00    3192.74      65.00    3186.90 184247.37500 
4     160.00    3199.26      10.00    3172.35     110.00    3191.68      60.00    3186.23 181357.92188 
4     155.00    3198.52       5.00    3171.61     105.00    3191.93      55.00    3185.94 185253.82812 
4     150.00    3197.73       0.00    3170.55     100.00    3191.95      50.00    3185.42 203724.06250 
4     235.00    3211.80      70.00    3186.97     180.00    3199.40     125.00    3194.25 271005.25000 
4     230.00    3210.05      65.00    3186.90     175.00    3200.10     120.00    3193.24 256362.37500 
4     225.00    3208.60      60.00    3186.23     170.00    3200.20     115.00    3192.74 246806.18750 
4     220.00    3207.22      55.00    3185.94     165.00    3200.34     110.00    3191.68 249444.29688 
4     215.00    3205.55      50.00    3185.42     160.00    3199.26     105.00    3191.93 240745.23438 
4     210.00    3204.30      45.00    3184.73     155.00    3198.52     100.00    3191.95 211108.71875 
4     205.00    3202.63      40.00    3184.25     150.00    3197.73      95.00    3191.72 186692.75000 
4     200.00    3201.62      35.00    3183.65     145.00    3196.28      90.00    3190.62 179685.60938 
4     195.00    3200.39      30.00    3180.00     140.00    3195.11      85.00    3188.93 162678.67188 
4     190.00    3199.25      25.00    3177.25     135.00    3194.01      80.00    3187.82 170310.12500 
4     185.00    3199.04      20.00    3174.12     130.00    3194.26      75.00    3187.01 166462.67188 
4     180.00    3199.40      15.00    3173.36     125.00    3194.25      70.00    3186.97 173660.26562 
4     175.00    3200.10      10.00    3172.35     120.00    3193.24      65.00    3186.90 179612.29688 
4     170.00    3200.20       5.00    3171.61     115.00    3192.74      60.00    3186.23 181446.06250 
4     165.00    3200.34       0.00    3170.55     110.00    3191.68      55.00    3185.94 170429.39062 
4     235.00    3211.80      55.00    3185.94     175.00    3200.10     115.00    3192.74 239301.29688 
4     230.00    3210.05      50.00    3185.42     170.00    3200.20     110.00    3191.68 226382.26562 
4     225.00    3208.60      45.00    3184.73     165.00    3200.34     105.00    3191.93 212581.01562 
4     220.00    3207.22      40.00    3184.25     160.00    3199.26     100.00    3191.95 183928.51562 
4     215.00    3205.55      35.00    3183.65     155.00    3198.52      95.00    3191.72 168540.25000 
4     210.00    3204.30      30.00    3180.00     150.00    3197.73      90.00    3190.62 165174.29688 
4     205.00    3202.63      25.00    3177.25     145.00    3196.28      85.00    3188.93 156358.93750 
4     200.00    3201.62      20.00    3174.12     140.00    3195.11      80.00    3187.82 154106.15625 
4     195.00    3200.39      15.00    3173.36     135.00    3194.01      75.00    3187.01 161656.56250 
4     190.00    3199.25      10.00    3172.35     130.00    3194.26      70.00    3186.97 167844.34375 
4     185.00    3199.04       5.00    3171.61     125.00    3194.25      65.00    3186.90 165388.75000 
4     180.00    3199.40       0.00    3170.55     120.00    3193.24      60.00    3186.23 168860.98438 
4     235.00    3211.80      40.00    3184.25     170.00    3200.20     105.00    3191.93 173151.68750 
4     230.00    3210.05      35.00    3183.65     165.00    3200.34     100.00    3191.95 172243.67188 
4     225.00    3208.60      30.00    3180.00     160.00    3199.26      95.00    3191.72 156438.39062 
4     220.00    3207.22      25.00    3177.25     155.00    3198.52      90.00    3190.62 145920.75000 
4     215.00    3205.55      20.00    3174.12     150.00    3197.73      85.00    3188.93 142653.62500 
4     210.00    3204.30      15.00    3173.36     145.00    3196.28      80.00    3187.82 142335.87500 
4     205.00    3202.63      10.00    3172.35     140.00    3195.11      75.00    3187.01 145267.15625 
4     200.00    3201.62       5.00    3171.61     135.00    3194.01      70.00    3186.97 156131.96875 
4     195.00    3200.39       0.00    3170.55     130.00    3194.26      65.00    3186.90 161497.00000 
4     235.00    3211.80      25.00    3177.25     165.00    3200.34      95.00    3191.72 143383.54688 
4     230.00    3210.05      20.00    3174.12     160.00    3199.26      90.00    3190.62 137749.82812 
4     225.00    3208.60      15.00    3173.36     155.00    3198.52      85.00    3188.93 131586.51562 
4     220.00    3207.22      10.00    3172.35     150.00    3197.73      80.00    3187.82 133912.29688 
4     215.00    3205.55       5.00    3171.61     145.00    3196.28      75.00    3187.01 129065.31250 
4     210.00    3204.30       0.00    3170.55     140.00    3195.11      70.00    3186.97 139789.46875 
4     235.00    3211.80      10.00    3172.35     160.00    3199.26      85.00    3188.93 126965.77344 
4     230.00    3210.05       5.00    3171.61     155.00    3198.52      80.00    3187.82 120912.74219 
4     225.00    3208.60       0.00    3170.55     150.00    3197.73      75.00    3187.01 123302.11719 