4      0.000   4231.147      5.000   4231.048     10.000   4230.985     15.000   4230.952     62.79000
4      5.000   4231.048     10.000   4230.985     15.000   4230.952     20.000   4231.445     32.63000
4     10.000   4230.985     15.000   4230.952     20.000   4231.445     25.000   4232.081     57.11000
4     15.000   4230.952     20.000   4231.445     25.000   4232.081     30.000   4232.589    125.78000
4     20.000   4231.445     25.000   4232.081     30.000   4232.589     35.000   4232.765    149.50000
4     25.000   4232.081     30.000   4232.589     35.000   4232.765     40.000   4232.727    100.24000
4     30.000   4232.589     35.000   4232.765     40.000   4232.727     45.000   4232.769     77.66000
4     35.000   4232.765     40.000   4232.727     45.000   4232.769     50.000   4232.650     22.28000
4     45.000   4232.769     50.000   4232.650     55.000   4232.725     60.000   4232.898     23.07000
4     50.000   4232.650     55.000   4232.725     60.000   4232.898     65.000   4233.041     16.86000
4     55.000   4232.725     60.000   4232.898     65.000   4233.041     70.000   4233.344     39.38000
4     60.000   4232.898     65.000   4233.041     70.000   4233.344     75.000   4233.934     57.24000
4     65.000   4233.041     70.000   4233.344     75.000   4233.934     80.000   4234.336     73.28000
4     70.000   4233.344     75.000   4233.934     80.000   4234.336     85.000   4234.228    173.27000
4     75.000   4233.934     80.000   4234.336     85.000   4234.228     90.000   4234.278    197.84000
4     80.000   4234.336     85.000   4234.228     90.000   4234.278     95.000   4234.078    438.70999
4     85.000   4234.228     90.000   4234.278     95.000   4234.078    100.000   4233.946    268.09000
4     90.000   4234.278     95.000   4234.078    100.000   4233.946    105.000   4233.566    313.29001
4     95.000   4234.078    100.000   4233.946    105.000   4233.566    110.000   4233.379    226.89999
4    100.000   4233.946    105.000   4233.566    110.000   4233.379    115.000   4233.185    258.64999
4    105.000   4233.566    110.000   4233.379    115.000   4233.185    120.000   4232.996    201.32001
4    110.000   4233.379    115.000   4233.185    120.000   4232.996    125.000   4232.763    177.20000
4    115.000   4233.185    120.000   4232.996    125.000   4232.763    130.000   4232.564    144.39999
4    120.000   4232.996    125.000   4232.763    130.000   4232.564    135.000   4232.332    229.81000
4    125.000   4232.763    130.000   4232.564    135.000   4232.332    140.000   4232.091    180.92000
4    130.000   4232.564    135.000   4232.332    140.000   4232.091    145.000   4231.792    227.44000
4    135.000   4232.332    140.000   4232.091    145.000   4231.792    150.000   4231.506    152.17000
4    140.000   4232.091    145.000   4231.792    150.000   4231.506    155.000   4231.137    185.64999
4    145.000   4231.792    150.000   4231.506    155.000   4231.137    160.000   4230.524    167.25999
4    150.000   4231.506    155.000   4231.137    160.000   4230.524    165.000   4230.090    239.11000
4    155.000   4231.137    160.000   4230.524    165.000   4230.090    170.000   4229.811    258.26999
4    160.000   4230.524    165.000   4230.090    170.000   4229.811    175.000   4229.298     97.96000
4    165.000   4230.090    170.000   4229.811    175.000   4229.298    180.000   4228.592    116.49000
4    170.000   4229.811    175.000   4229.298    180.000   4228.592    185.000   4228.186    110.57000
4    175.000   4229.298    180.000   4228.592    185.000   4228.186    190.000   4228.003    163.07001
4    180.000   4228.592    185.000   4228.186    190.000   4228.003    195.000   4227.767    111.09000
4    185.000   4228.186    190.000   4228.003    195.000   4227.767    200.000   4227.632    188.14999
4    190.000   4228.003    195.000   4227.767    200.000   4227.632    205.000   4227.568    139.60001
4    195.000   4227.767    200.000   4227.632    205.000   4227.568    210.000   4227.421    572.13000
4    200.000   4227.632    205.000   4227.568    210.000   4227.421    215.000   4227.234    318.14999
4    205.000   4227.568    210.000   4227.421    215.000   4227.234    220.000   4226.905    247.39999
4    210.000   4227.421    215.000   4227.234    220.000   4226.905    225.000   4226.470    522.72998
4    215.000   4227.234    220.000   4226.905    225.000   4226.470    230.000   4225.763    283.67001
4    220.000   4226.905    225.000   4226.470    230.000   4225.763    235.000   4225.025    365.14001
4      0.000   4231.147      5.000   4231.048     15.000   4230.952     20.000   4231.445     80.39000
4      5.000   4231.048     10.000   4230.985     20.000   4231.445     25.000   4232.081     37.22000
4     10.000   4230.985     15.000   4230.952     25.000   4232.081     30.000   4232.589     77.44000
4     15.000   4230.952     20.000   4231.445     30.000   4232.589     35.000   4232.765    200.36000
4     20.000   4231.445     25.000   4232.081     35.000   4232.765     40.000   4232.727     76.53000
4     25.000   4232.081     30.000   4232.589     40.000   4232.727     45.000   4232.769     60.95000
4     30.000   4232.589     35.000   4232.765     45.000   4232.769     50.000   4232.650    102.02000
4     35.000   4232.765     40.000   4232.727     50.000   4232.650     55.000   4232.725     17.99000
4     40.000   4232.727     45.000   4232.769     55.000   4232.725     60.000   4232.898     25.44000
4     45.000   4232.769     50.000   4232.650     60.000   4232.898     65.000   4233.041     21.32000
4     50.000   4232.650     55.000   4232.725     65.000   4233.041     70.000   4233.344     29.25000
4     55.000   4232.725     60.000   4232.898     70.000   4233.344     75.000   4233.934     84.84000
4     60.000   4232.898     65.000   4233.041     75.000   4233.934     80.000   4234.336    103.35000
4     65.000   4233.041     70.000   4233.344     80.000   4234.336     85.000   4234.228    237.35001
4     70.000   4233.344     75.000   4233.934     85.000   4234.228     90.000   4234.278    240.34000
4     75.000   4233.934     80.000   4234.336     90.000   4234.278     95.000   4234.078    293.25000
4     80.000   4234.336     85.000   4234.228     95.000   4234.078    100.000   4233.946    340.88000
4     85.000   4234.228     90.000   4234.278    100.000   4233.946    105.000   4233.566    549.23999
4     90.000   4234.278     95.000   4234.078    105.000   4233.566    110.000   4233.379    438.91000
4     95.000   4234.078    100.000   4233.946    110.000   4233.379    115.000   4233.185    282.81000
4    100.000   4233.946    105.000   4233.566    115.000   4233.185    120.000   4232.996    424.85999
4    105.000   4233.566    110.000   4233.379    120.000   4232.996    125.000   4232.763    392.59000
4    110.000   4233.379    115.000   4233.185    125.000   4232.763    130.000   4232.564    284.59000
4    115.000   4233.185    120.000   4232.996    130.000   4232.564    135.000   4232.332    323.25000
4    120.000   4232.996    125.000   4232.763    135.000   4232.332    140.000   4232.091    361.88000
4    125.000   4232.763    130.000   4232.564    140.000   4232.091    145.000   4231.792    298.12000
4    130.000   4232.564    135.000   4232.332    145.000   4231.792    150.000   4231.506    307.57001
4    135.000   4232.332    140.000   4232.091    150.000   4231.506    155.000   4231.137    230.17000
4    140.000   4232.091    145.000   4231.792    155.000   4231.137    160.000   4230.524    269.60999
4    145.000   4231.792    150.000   4231.506    160.000   4230.524    165.000   4230.090    292.75000
4    150.000   4231.506    155.000   4231.137    165.000   4230.090    170.000   4229.811    257.35999
4    155.000   4231.137    160.000   4230.524    170.000   4229.811    175.000   4229.298    109.21000
4    160.000   4230.524    165.000   4230.090    175.000   4229.298    180.000   4228.592    175.89000
4    165.000   4230.090    170.000   4229.811    180.000   4228.592    185.000   4228.186    218.53000
4    170.000   4229.811    175.000   4229.298    185.000   4228.186    190.000   4228.003     96.40000
4    175.000   4229.298    180.000   4228.592    190.000   4228.003    195.000   4227.767     59.57000
4    180.000   4228.592    185.000   4228.186    195.000   4227.767    200.000   4227.632    341.72000
4    185.000   4228.186    190.000   4228.003    200.000   4227.632    205.000   4227.568    222.24001
4    190.000   4228.003    195.000   4227.767    205.000   4227.568    210.000   4227.421    232.59000
4    195.000   4227.767    200.000   4227.632    210.000   4227.421    215.000   4227.234    659.82001
4    200.000   4227.632    205.000   4227.568    215.000   4227.234    220.000   4226.905    590.04999
4    205.000   4227.568    210.000   4227.421    220.000   4226.905    225.000   4226.470    448.47000
4    210.000   4227.421    215.000   4227.234    225.000   4226.470    230.000   4225.763    462.19000
4    215.000   4227.234    220.000   4226.905    230.000   4225.763    235.000   4225.025    355.39001
4      0.000   4231.147      5.000   4231.048     20.000   4231.445     25.000   4232.081     74.47000
4      5.000   4231.048     10.000   4230.985     25.000   4232.081     30.000   4232.589     77.44000
4     10.000   4230.985     15.000   4230.952     30.000   4232.589     35.000   4232.765    117.23000
4     15.000   4230.952     20.000   4231.445     35.000   4232.765     40.000   4232.727     98.56000
4     20.000   4231.445     25.000   4232.081     40.000   4232.727     45.000   4232.769     47.23000
4     25.000   4232.081     30.000   4232.589     45.000   4232.769     50.000   4232.650     64.40000
4     30.000   4232.589     35.000   4232.765     50.000   4232.650     55.000   4232.725     67.89000
4     35.000   4232.765     40.000   4232.727     55.000   4232.725     60.000   4232.898     55.44000
4     40.000   4232.727     45.000   4232.769     60.000   4232.898     65.000   4233.041     25.74000
4     45.000   4232.769     50.000   4232.650     65.000   4233.041     70.000   4233.344     35.83000
4     50.000   4232.650     55.000   4232.725     70.000   4233.344     75.000   4233.934     50.22000
4     55.000   4232.725     60.000   4232.898     75.000   4233.934     80.000   4234.336    124.32000
4     60.000   4232.898     65.000   4233.041     80.000   4234.336     85.000   4234.228    279.20999
4     65.000   4233.041     70.000   4233.344     85.000   4234.228     90.000   4234.278    285.00000
4     70.000   4233.344     75.000   4233.934     90.000   4234.278     95.000   4234.078    307.54999
4     75.000   4233.934     80.000   4234.336     95.000   4234.078    100.000   4233.946    204.73000
4     80.000   4234.336     85.000   4234.228    100.000   4233.946    105.000   4233.566    659.34998
4     85.000   4234.228     90.000   4234.278    105.000   4233.566    110.000   4233.379    614.79999
4     90.000   4234.278     95.000   4234.078    110.000   4233.379    115.000   4233.185    467.79999
4     95.000   4234.078    100.000   4233.946    115.000   4233.185    120.000   4232.996    383.31000
4    100.000   4233.946    105.000   4233.566    120.000   4232.996    125.000   4232.763    737.96997
4    105.000   4233.566    110.000   4233.379    125.000   4232.763    130.000   4232.564    508.64999
4    110.000   4233.379    115.000   4233.185    130.000   4232.564    135.000   4232.332    497.09000
4    115.000   4233.185    120.000   4232.996    135.000   4232.332    140.000   4232.091    401.73001
4    120.000   4232.996    125.000   4232.763    140.000   4232.091    145.000   4231.792    497.56000
4    125.000   4232.763    130.000   4232.564    145.000   4231.792    150.000   4231.506    329.41000
4    130.000   4232.564    135.000   4232.332    150.000   4231.506    155.000   4231.137    399.39001
4    135.000   4232.332    140.000   4232.091    155.000   4231.137    160.000   4230.524    312.17999
4    140.000   4232.091    145.000   4231.792    160.000   4230.524    165.000   4230.090    407.29999
4    145.000   4231.792    150.000   4231.506    165.000   4230.090    170.000   4229.811    268.41000
4    150.000   4231.506    155.000   4231.137    170.000   4229.811    175.000   4229.298    111.01000
4    155.000   4231.137    160.000   4230.524    175.000   4229.298    180.000   4228.592    196.95000
4    160.000   4230.524    165.000   4230.090    180.000   4228.592    185.000   4228.186    392.48001
4    165.000   4230.090    170.000   4229.811    185.000   4228.186    190.000   4228.003    209.64000
4    170.000   4229.811    175.000   4229.298    190.000   4228.003    195.000   4227.767     34.04000
4    175.000   4229.298    180.000   4228.592    195.000   4227.767    200.000   4227.632    189.81000
4    180.000   4228.592    185.000   4228.186    200.000   4227.632    205.000   4227.568    413.70999
4    185.000   4228.186    190.000   4228.003    205.000   4227.568    210.000   4227.421    335.03000
4    190.000   4228.003    195.000   4227.767    210.000   4227.421    215.000   4227.234    220.35001
4    195.000   4227.767    200.000   4227.632    215.000   4227.234    220.000   4226.905    707.62000
4    200.000   4227.632    205.000   4227.568    220.000   4226.905    225.000   4226.470    657.73999
4    205.000   4227.568    210.000   4227.421    225.000   4226.470    230.000   4225.763    415.73001
4    210.000   4227.421    215.000   4227.234    230.000   4225.763    235.000   4225.025    496.73999
4      0.000   4231.147      5.000   4231.048     25.000   4232.081     30.000   4232.589    112.87000
4      5.000   4231.048     10.000   4230.985     30.000   4232.589     35.000   4232.765    130.14000
4     10.000   4230.985     15.000   4230.952     35.000   4232.765     40.000   4232.727     57.22000
4     15.000   4230.952     20.000   4231.445     40.000   4232.727     45.000   4232.769     53.72000
4     20.000   4231.445     25.000   4232.081     45.000   4232.769     50.000   4232.650     46.25000
4     25.000   4232.081     30.000   4232.589     50.000   4232.650     55.000   4232.725     42.56000
4     30.000   4232.589     35.000   4232.765     55.000   4232.725     60.000   4232.898    216.77000
4     35.000   4232.765     40.000   4232.727     60.000   4232.898     65.000   4233.041     61.55000
4     40.000   4232.727     45.000   4232.769     65.000   4233.041     70.000   4233.344     41.29000
4     45.000   4232.769     50.000   4232.650     70.000   4233.344     75.000   4233.934     57.22000
4     50.000   4232.650     55.000   4232.725     75.000   4233.934     80.000   4234.336     68.56000
4     55.000   4232.725     60.000   4232.898     80.000   4234.336     85.000   4234.228    311.69000
4     60.000   4232.898     65.000   4233.041     85.000   4234.228     90.000   4234.278    320.45999
4     65.000   4233.041     70.000   4233.344     90.000   4234.278     95.000   4234.078    336.62000
4     70.000   4233.344     75.000   4233.934     95.000   4234.078    100.000   4233.946    221.35001
4     75.000   4233.934     80.000   4234.336    100.000   4233.946    105.000   4233.566    384.45999
4     80.000   4234.336     85.000   4234.228    105.000   4233.566    110.000   4233.379    708.51001
4     85.000   4234.228     90.000   4234.278    110.000   4233.379    115.000   4233.185    611.65997
4     90.000   4234.278     95.000   4234.078    115.000   4233.185    120.000   4232.996    606.28003
4     95.000   4234.078    100.000   4233.946    120.000   4232.996    125.000   4232.763    602.04999
4    100.000   4233.946    105.000   4233.566    125.000   4232.763    130.000   4232.564    855.91998
4    105.000   4233.566    110.000   4233.379    130.000   4232.564    135.000   4232.332    798.28003
4    110.000   4233.379    115.000   4233.185    135.000   4232.332    140.000   4232.091    535.15997
4    115.000   4233.185    120.000   4232.996    140.000   4232.091    145.000   4231.792    502.51999
4    120.000   4232.996    125.000   4232.763    145.000   4231.792    150.000   4231.506    499.64999
4    125.000   4232.763    130.000   4232.564    150.000   4231.506    155.000   4231.137    397.14001
4    130.000   4232.564    135.000   4232.332    155.000   4231.137    160.000   4230.524    511.09000
4    135.000   4232.332    140.000   4232.091    160.000   4230.524    165.000   4230.090    450.28000
4    140.000   4232.091    145.000   4231.792    165.000   4230.090    170.000   4229.811    351.51999
4    145.000   4231.792    150.000   4231.506    170.000   4229.811    175.000   4229.298    114.55000
4    150.000   4231.506    155.000   4231.137    175.000   4229.298    180.000   4228.592    205.64000
4    155.000   4231.137    160.000   4230.524    180.000   4228.592    185.000   4228.186    439.59000
4    160.000   4230.524    165.000   4230.090    185.000   4228.186    190.000   4228.003    360.48999
4    165.000   4230.090    170.000   4229.811    190.000   4228.003    195.000   4227.767     85.15000
4    170.000   4229.811    175.000   4229.298    195.000   4227.767    200.000   4227.632    103.52000
4    175.000   4229.298    180.000   4228.592    200.000   4227.632    205.000   4227.568    204.06000
4    180.000   4228.592    185.000   4228.186    205.000   4227.568    210.000   4227.421    557.70001
4    185.000   4228.186    190.000   4228.003    210.000   4227.421    215.000   4227.234    481.53000
4    190.000   4228.003    195.000   4227.767    215.000   4227.234    220.000   4226.905    239.45000
4    195.000   4227.767    200.000   4227.632    220.000   4226.905    225.000   4226.470    879.70001
4    200.000   4227.632    205.000   4227.568    225.000   4226.470    230.000   4225.763    423.22000
4    205.000   4227.568    210.000   4227.421    230.000   4225.763    235.000   4225.025    290.01999
4      5.000   4231.048     10.000   4230.985     35.000   4232.765     40.000   4232.727     55.58000
4     10.000   4230.985     15.000   4230.952     40.000   4232.727     45.000   4232.769     30.58000
4     15.000   4230.952     20.000   4231.445     45.000   4232.769     50.000   4232.650     61.62000
4     20.000   4231.445     25.000   4232.081     50.000   4232.650     55.000   4232.725     34.49000
4     25.000   4232.081     30.000   4232.589     55.000   4232.725     60.000   4232.898    127.63000
4     30.000   4232.589     35.000   4232.765     60.000   4232.898     65.000   4233.041    216.48000
4     35.000   4232.765     40.000   4232.727     65.000   4233.041     70.000   4233.344     94.88000
4     40.000   4232.727     45.000   4232.769     70.000   4233.344     75.000   4233.934     68.57000
4     45.000   4232.769     50.000   4232.650     75.000   4233.934     80.000   4234.336     73.72000
4     50.000   4232.650     55.000   4232.725     80.000   4234.336     85.000   4234.228    164.10001
4     55.000   4232.725     60.000   4232.898     85.000   4234.228     90.000   4234.278    346.76001
4     60.000   4232.898     65.000   4233.041     90.000   4234.278     95.000   4234.078    356.95001
4     65.000   4233.041     70.000   4233.344     95.000   4234.078    100.000   4233.946    235.78999
4     70.000   4233.344     75.000   4233.934    100.000   4233.946    105.000   4233.566    422.92001
4     75.000   4233.934     80.000   4234.336    105.000   4233.566    110.000   4233.379    396.04999
4     80.000   4234.336     85.000   4234.228    110.000   4233.379    115.000   4233.185    692.95001
4     85.000   4234.228     90.000   4234.278    115.000   4233.185    120.000   4232.996    763.31000
4     90.000   4234.278     95.000   4234.078    120.000   4232.996    125.000   4232.763    932.94000
4     95.000   4234.078    100.000   4233.946    125.000   4232.763    130.000   4232.564    647.71997
4    100.000   4233.946    105.000   4233.566    130.000   4232.564    135.000   4232.332   1230.59998
4    105.000   4233.566    110.000   4233.379    135.000   4232.332    140.000   4232.091    797.78998
4    110.000   4233.379    115.000   4233.185    140.000   4232.091    145.000   4231.792    630.13000
4    115.000   4233.185    120.000   4232.996    145.000   4231.792    150.000   4231.506    480.95001
4    120.000   4232.996    125.000   4232.763    150.000   4231.506    155.000   4231.137    575.32001
4    125.000   4232.763    130.000   4232.564    155.000   4231.137    160.000   4230.524    476.98999
4    130.000   4232.564    135.000   4232.332    160.000   4230.524    165.000   4230.090    677.03998
4    135.000   4232.332    140.000   4232.091    165.000   4230.090    170.000   4229.811    372.91000
4    140.000   4232.091    145.000   4231.792    170.000   4229.811    175.000   4229.298    157.23000
4    145.000   4231.792    150.000   4231.506    175.000   4229.298    180.000   4228.592    221.92999
4    150.000   4231.506    155.000   4231.137    180.000   4228.592    185.000   4228.186    455.79001
4    155.000   4231.137    160.000   4230.524    185.000   4228.186    190.000   4228.003    374.97000
4    160.000   4230.524    165.000   4230.090    190.000   4228.003    195.000   4227.767    146.28999
4    165.000   4230.090    170.000   4229.811    195.000   4227.767    200.000   4227.632    244.03999
4    170.000   4229.811    175.000   4229.298    200.000   4227.632    205.000   4227.568    124.43000
4    175.000   4229.298    180.000   4228.592    205.000   4227.568    210.000   4227.421    278.45999
4    180.000   4228.592    185.000   4228.186    210.000   4227.421    215.000   4227.234    750.79999
4    185.000   4228.186    190.000   4228.003    215.000   4227.234    220.000   4226.905    448.62000
4    190.000   4228.003    195.000   4227.767    220.000   4226.905    225.000   4226.470    272.59000
4    195.000   4227.767    200.000   4227.632    225.000   4226.470    230.000   4225.763    576.34998
4    200.000   4227.632    205.000   4227.568    230.000   4225.763    235.000   4225.025    359.85001
4     10.000   4230.985     15.000   4230.952     45.000   4232.769     50.000   4232.650     28.12000
4     15.000   4230.952     20.000   4231.445     50.000   4232.650     55.000   4232.725     41.17000
4     20.000   4231.445     25.000   4232.081     55.000   4232.725     60.000   4232.898     94.62000
4     25.000   4232.081     30.000   4232.589     60.000   4232.898     65.000   4233.041    129.20000
4     30.000   4232.589     35.000   4232.765     65.000   4233.041     70.000   4233.344    303.64999
4     35.000   4232.765     40.000   4232.727     70.000   4233.344     75.000   4233.934    153.87000
4     40.000   4232.727     45.000   4232.769     75.000   4233.934     80.000   4234.336     85.09000
4     45.000   4232.769     50.000   4232.650     80.000   4234.336     85.000   4234.228    176.62000
4     50.000   4232.650     55.000   4232.725     85.000   4234.228     90.000   4234.278    175.14999
4     55.000   4232.725     60.000   4232.898     90.000   4234.278     95.000   4234.078    370.63000
4     60.000   4232.898     65.000   4233.041     95.000   4234.078    100.000   4233.946    243.63000
4     65.000   4233.041     70.000   4233.344    100.000   4233.946    105.000   4233.566    427.94000
4     70.000   4233.344     75.000   4233.934    105.000   4233.566    110.000   4233.379    437.06000
4     75.000   4233.934     80.000   4234.336    110.000   4233.379    115.000   4233.185    375.98001
4     80.000   4234.336     85.000   4234.228    115.000   4233.185    120.000   4232.996    848.51001
4     85.000   4234.228     90.000   4234.278    120.000   4232.996    125.000   4232.763   1135.00000
4     90.000   4234.278     95.000   4234.078    125.000   4232.763    130.000   4232.564    986.78998
4     95.000   4234.078    100.000   4233.946    130.000   4232.564    135.000   4232.332    904.40002
4    100.000   4233.946    105.000   4233.566    135.000   4232.332    140.000   4232.091   1163.69995
4    105.000   4233.566    110.000   4233.379    140.000   4232.091    145.000   4231.792    907.32001
4    110.000   4233.379    115.000   4233.185    145.000   4231.792    150.000   4231.506    574.45001
4    115.000   4233.185    120.000   4232.996    150.000   4231.506    155.000   4231.137    534.48999
4    120.000   4232.996    125.000   4232.763    155.000   4231.137    160.000   4230.524    666.15002
4    125.000   4232.763    130.000   4232.564    160.000   4230.524    165.000   4230.090    668.92999
4    130.000   4232.564    135.000   4232.332    165.000   4230.090    170.000   4229.811    536.40997
4    135.000   4232.332    140.000   4232.091    170.000   4229.811    175.000   4229.298    160.81000
4    140.000   4232.091    145.000   4231.792    175.000   4229.298    180.000   4228.592    287.78000
4    145.000   4231.792    150.000   4231.506    180.000   4228.592    185.000   4228.186    468.26999
4    150.000   4231.506    155.000   4231.137    185.000   4228.186    190.000   4228.003    386.53000
4    155.000   4231.137    160.000   4230.524    190.000   4228.003    195.000   4227.767    134.80000
4    160.000   4230.524    165.000   4230.090    195.000   4227.767    200.000   4227.632    392.37000
4    165.000   4230.090    170.000   4229.811    200.000   4227.632    205.000   4227.568    265.89001
4    170.000   4229.811    175.000   4229.298    205.000   4227.568    210.000   4227.421    122.62000
4    175.000   4229.298    180.000   4228.592    210.000   4227.421    215.000   4227.234    336.06000
4    180.000   4228.592    185.000   4228.186    215.000   4227.234    220.000   4226.905    662.79999
4    185.000   4228.186    190.000   4228.003    220.000   4226.905    225.000   4226.470    585.58002
4    190.000   4228.003    195.000   4227.767    225.000   4226.470    230.000   4225.763    184.21001
4    195.000   4227.767    200.000   4227.632    230.000   4225.763    235.000   4225.025    536.92999
4     10.000   4230.985     15.000   4230.952     50.000   4232.650     55.000   4232.725     20.48000
4     15.000   4230.952     20.000   4231.445     55.000   4232.725     60.000   4232.898    152.96001
4     20.000   4231.445     25.000   4232.081     60.000   4232.898     65.000   4233.041    103.30000
4     25.000   4232.081     30.000   4232.589     65.000   4233.041     70.000   4233.344    180.25999
4     30.000   4232.589     35.000   4232.765     70.000   4233.344     75.000   4233.934    437.41000
4     35.000   4232.765     40.000   4232.727     75.000   4233.934     80.000   4234.336    187.57001
4     40.000   4232.727     45.000   4232.769     80.000   4234.336     85.000   4234.228    212.67000
4     45.000   4232.769     50.000   4232.650     85.000   4234.228     90.000   4234.278    192.67000
4     50.000   4232.650     55.000   4232.725     90.000   4234.278     95.000   4234.078    173.75000
4     55.000   4232.725     60.000   4232.898     95.000   4234.078    100.000   4233.946    249.86000
4     60.000   4232.898     65.000   4233.041    100.000   4233.946    105.000   4233.566    427.51001
4     65.000   4233.041     70.000   4233.344    105.000   4233.566    110.000   4233.379    419.26999
4     70.000   4233.344     75.000   4233.934    110.000   4233.379    115.000   4233.185    403.50000
4     75.000   4233.934     80.000   4234.336    115.000   4233.185    120.000   4232.996    446.07999
4     80.000   4234.336     85.000   4234.228    120.000   4232.996    125.000   4232.763   1244.00000
4     85.000   4234.228     90.000   4234.278    125.000   4232.763    130.000   4232.564   1174.19995
4     90.000   4234.278     95.000   4234.078    130.000   4232.564    135.000   4232.332   1372.19995
4     95.000   4234.078    100.000   4233.946    135.000   4232.332    140.000   4232.091    831.06000
4    100.000   4233.946    105.000   4233.566    140.000   4232.091    145.000   4231.792   1279.90002
4    105.000   4233.566    110.000   4233.379    145.000   4231.792    150.000   4231.506    807.53998
4    110.000   4233.379    115.000   4233.185    150.000   4231.506    155.000   4231.137    621.69000
4    115.000   4233.185    120.000   4232.996    155.000   4231.137    160.000   4230.524    617.71002
4    120.000   4232.996    125.000   4232.763    160.000   4230.524    165.000   4230.090    737.84003
4    125.000   4232.763    130.000   4232.564    165.000   4230.090    170.000   4229.811    397.76999
4    130.000   4232.564    135.000   4232.332    170.000   4229.811    175.000   4229.298    240.89000
4    135.000   4232.332    140.000   4232.091    175.000   4229.298    180.000   4228.592    314.09000
4    140.000   4232.091    145.000   4231.792    180.000   4228.592    185.000   4228.186    630.17999
4    145.000   4231.792    150.000   4231.506    185.000   4228.186    190.000   4228.003    409.98999
4    150.000   4231.506    155.000   4231.137    190.000   4228.003    195.000   4227.767    139.45000
4    155.000   4231.137    160.000   4230.524    195.000   4227.767    200.000   4227.632    408.35999
4    160.000   4230.524    165.000   4230.090    200.000   4227.632    205.000   4227.568    443.91000
4    165.000   4230.090    170.000   4229.811    205.000   4227.568    210.000   4227.421    290.89999
4    170.000   4229.811    175.000   4229.298    210.000   4227.421    215.000   4227.234    199.50000
4    175.000   4229.298    180.000   4228.592    215.000   4227.234    220.000   4226.905    296.26999
4    180.000   4228.592    185.000   4228.186    220.000   4226.905    225.000   4226.470    868.25000
4    185.000   4228.186    190.000   4228.003    225.000   4226.470    230.000   4225.763    443.95999
4    190.000   4228.003    195.000   4227.767    230.000   4225.763    235.000   4225.025    165.39000
4      5.000   4231.048     10.000   4230.985     50.000   4232.650     55.000   4232.725     14.43000
4     10.000   4230.985     15.000   4230.952     55.000   4232.725     60.000   4232.898     60.77000
4     15.000   4230.952     20.000   4231.445     60.000   4232.898     65.000   4233.041    102.48000
4     20.000   4231.445     25.000   4232.081     65.000   4233.041     70.000   4233.344    148.34000
4     25.000   4232.081     30.000   4232.589     70.000   4233.344     75.000   4233.934    267.89999
4     30.000   4232.589     35.000   4232.765     75.000   4233.934     80.000   4234.336    512.92999
4     35.000   4232.765     40.000   4232.727     80.000   4234.336     85.000   4234.228    456.73001
4     40.000   4232.727     45.000   4232.769     85.000   4234.228     90.000   4234.278    245.21001
4     45.000   4232.769     50.000   4232.650     90.000   4234.278     95.000   4234.078    201.20000
4     50.000   4232.650     55.000   4232.725     95.000   4234.078    100.000   4233.946    115.48000
4     55.000   4232.725     60.000   4232.898    100.000   4233.946    105.000   4233.566    429.45999
4     60.000   4232.898     65.000   4233.041    105.000   4233.566    110.000   4233.379    405.07999
4     65.000   4233.041     70.000   4233.344    110.000   4233.379    115.000   4233.185    375.00000
4     70.000   4233.344     75.000   4233.934    115.000   4233.185    120.000   4232.996    470.45001
4     75.000   4233.934     80.000   4234.336    120.000   4232.996    125.000   4232.763    642.51001
4     80.000   4234.336     85.000   4234.228    125.000   4232.763    130.000   4232.564   1258.19995
4     85.000   4234.228     90.000   4234.278    130.000   4232.564    135.000   4232.332   1636.00000
4     90.000   4234.278     95.000   4234.078    135.000   4232.332    140.000   4232.091   1267.90002
4     95.000   4234.078    100.000   4233.946    140.000   4232.091    145.000   4231.792    902.59003
4    100.000   4233.946    105.000   4233.566    145.000   4231.792    150.000   4231.506   1117.00000
4    105.000   4233.566    110.000   4233.379    150.000   4231.506    155.000   4231.137    867.08002
4    110.000   4233.379    115.000   4233.185    155.000   4231.137    160.000   4230.524    697.21997
4    115.000   4233.185    120.000   4232.996    160.000   4230.524    165.000   4230.090    723.53003
4    120.000   4232.996    125.000   4232.763    165.000   4230.090    170.000   4229.811    747.33002
4    125.000   4232.763    130.000   4232.564    170.000   4229.811    175.000   4229.298    207.48000
4    130.000   4232.564    135.000   4232.332    175.000   4229.298    180.000   4228.592    424.10999
4    135.000   4232.332    140.000   4232.091    180.000   4228.592    185.000   4228.186    630.17999
4    140.000   4232.091    145.000   4231.792    185.000   4228.186    190.000   4228.003    519.15997
4    145.000   4231.792    150.000   4231.506    190.000   4228.003    195.000   4227.767    150.52000
4    150.000   4231.506    155.000   4231.137    195.000   4227.767    200.000   4227.632    412.14999
4    155.000   4231.137    160.000   4230.524    200.000   4227.632    205.000   4227.568    374.00000
4    160.000   4230.524    165.000   4230.090    205.000   4227.568    210.000   4227.421    429.17001
4    165.000   4230.090    170.000   4229.811    210.000   4227.421    215.000   4227.234    411.34000
4    170.000   4229.811    175.000   4229.298    215.000   4227.234    220.000   4226.905    136.28000
4    175.000   4229.298    180.000   4228.592    220.000   4226.905    225.000   4226.470    397.37000
4    180.000   4228.592    185.000   4228.186    225.000   4226.470    230.000   4225.763    604.13000
4    185.000   4228.186    190.000   4228.003    230.000   4225.763    235.000   4225.025    409.07001
4     10.000   4230.985     15.000   4230.952     60.000   4232.898     65.000   4233.041     56.91000
4     15.000   4230.952     20.000   4231.445     65.000   4233.041     70.000   4233.344    188.17999
4     20.000   4231.445     25.000   4232.081     70.000   4233.344     75.000   4233.934    235.12000
4     25.000   4232.081     30.000   4232.589     75.000   4233.934     80.000   4234.336    310.03000
4     30.000   4232.589     35.000   4232.765     80.000   4234.336     85.000   4234.228   1214.19995
4     35.000   4232.765     40.000   4232.727     85.000   4234.228     90.000   4234.278    529.82001
4     40.000   4232.727     45.000   4232.769     90.000   4234.278     95.000   4234.078    279.39001
4     45.000   4232.769     50.000   4232.650     95.000   4234.078    100.000   4233.946    134.66000
4     50.000   4232.650     55.000   4232.725    100.000   4233.946    105.000   4233.566    199.31000
4     55.000   4232.725     60.000   4232.898    105.000   4233.566    110.000   4233.379    398.42001
4     60.000   4232.898     65.000   4233.041    110.000   4233.379    115.000   4233.185    353.67001
4     65.000   4233.041     70.000   4233.344    115.000   4233.185    120.000   4232.996    425.97000
4     70.000   4233.344     75.000   4233.934    120.000   4232.996    125.000   4232.763    659.71997
4     75.000   4233.934     80.000   4234.336    125.000   4232.763    130.000   4232.564    629.08002
4     80.000   4234.336     85.000   4234.228    130.000   4232.564    135.000   4232.332   1740.19995
4     85.000   4234.228     90.000   4234.278    135.000   4232.332    140.000   4232.091   1495.09998
4     90.000   4234.278     95.000   4234.078    140.000   4232.091    145.000   4231.792   1390.50000
4     95.000   4234.078    100.000   4233.946    145.000   4231.792    150.000   4231.506    791.06000
4    100.000   4233.946    105.000   4233.566    150.000   4231.506    155.000   4231.137   1182.40002
4    105.000   4233.566    110.000   4233.379    155.000   4231.137    160.000   4230.524    947.63000
4    110.000   4233.379    115.000   4233.185    160.000   4230.524    165.000   4230.090    842.75000
4    115.000   4233.185    120.000   4232.996    165.000   4230.090    170.000   4229.811    616.64001
4    120.000   4232.996    125.000   4232.763    170.000   4229.811    175.000   4229.298    274.35001
4    125.000   4232.763    130.000   4232.564    175.000   4229.298    180.000   4228.592    351.82999
4    130.000   4232.564    135.000   4232.332    180.000   4228.592    185.000   4228.186    898.52002
4    135.000   4232.332    140.000   4232.091    185.000   4228.186    190.000   4228.003    547.15997
4    140.000   4232.091    145.000   4231.792    190.000   4228.003    195.000   4227.767    190.13000
4    145.000   4231.792    150.000   4231.506    195.000   4227.767    200.000   4227.632    395.67999
4    150.000   4231.506    155.000   4231.137    200.000   4227.632    205.000   4227.568    364.54999
4    155.000   4231.137    160.000   4230.524    205.000   4227.568    210.000   4227.421    497.97000
4    160.000   4230.524    165.000   4230.090    210.000   4227.421    215.000   4227.234    647.06000
4    165.000   4230.090    170.000   4229.811    215.000   4227.234    220.000   4226.905    323.45999
4    170.000   4229.811    175.000   4229.298    220.000   4226.905    225.000   4226.470    201.03000
4    175.000   4229.298    180.000   4228.592    225.000   4226.470    230.000   4225.763    233.92000
4    180.000   4228.592    185.000   4228.186    230.000   4225.763    235.000   4225.025    616.84998
4      0.000   4231.147      5.000   4231.048     55.000   4232.725     60.000   4232.898     66.47000
4     10.000   4230.985     15.000   4230.952     65.000   4233.041     70.000   4233.344    118.62000
4     15.000   4230.952     20.000   4231.445     70.000   4233.344     75.000   4233.934    369.29999
4     20.000   4231.445     25.000   4232.081     75.000   4233.934     80.000   4234.336    269.45001
4     25.000   4232.081     30.000   4232.589     80.000   4234.336     85.000   4234.228    748.92999
4     30.000   4232.589     35.000   4232.765     85.000   4234.228     90.000   4234.278   1332.90002
4     35.000   4232.765     40.000   4232.727     90.000   4234.278     95.000   4234.078    596.29999
4     40.000   4232.727     45.000   4232.769     95.000   4234.078    100.000   4233.946    189.67999
4     45.000   4232.769     50.000   4232.650    100.000   4233.946    105.000   4233.566    223.97000
4     50.000   4232.650     55.000   4232.725    105.000   4233.566    110.000   4233.379    188.28000
4     55.000   4232.725     60.000   4232.898    110.000   4233.379    115.000   4233.185    342.04999
4     60.000   4232.898     65.000   4233.041    115.000   4233.185    120.000   4232.996    390.89999
4     65.000   4233.041     70.000   4233.344    120.000   4232.996    125.000   4232.763    583.60999
4     70.000   4233.344     75.000   4233.934    125.000   4232.763    130.000   4232.564    636.20001
4     75.000   4233.934     80.000   4234.336    130.000   4232.564    135.000   4232.332    862.63000
4     80.000   4234.336     85.000   4234.228    135.000   4232.332    140.000   4232.091   1571.40002
4     85.000   4234.228     90.000   4234.278    140.000   4232.091    145.000   4231.792   1632.19995
4     90.000   4234.278     95.000   4234.078    145.000   4231.792    150.000   4231.506   1221.00000
4     95.000   4234.078    100.000   4233.946    150.000   4231.506    155.000   4231.137    821.16998
4    100.000   4233.946    105.000   4233.566    155.000   4231.137    160.000   4230.524   1290.80005
4    105.000   4233.566    110.000   4233.379    160.000   4230.524    165.000   4230.090   1142.50000
4    110.000   4233.379    115.000   4233.185    165.000   4230.090    170.000   4229.811    610.08002
4    115.000   4233.185    120.000   4232.996    170.000   4229.811    175.000   4229.298    233.67999
4    120.000   4232.996    125.000   4232.763    175.000   4229.298    180.000   4228.592    453.89999
4    125.000   4232.763    130.000   4232.564    180.000   4228.592    185.000   4228.186    764.87000
4    130.000   4232.564    135.000   4232.332    185.000   4228.186    190.000   4228.003    713.12000
4    135.000   4232.332    140.000   4232.091    190.000   4228.003    195.000   4227.767    193.80000
4    140.000   4232.091    145.000   4231.792    195.000   4227.767    200.000   4227.632    533.58002
4    145.000   4231.792    150.000   4231.506    200.000   4227.632    205.000   4227.568    435.28000
4    150.000   4231.506    155.000   4231.137    205.000   4227.568    210.000   4227.421    487.70999
4    155.000   4231.137    160.000   4230.524    210.000   4227.421    215.000   4227.234    539.40002
4    160.000   4230.524    165.000   4230.090    215.000   4227.234    220.000   4226.905    482.69000
4    165.000   4230.090    170.000   4229.811    220.000   4226.905    225.000   4226.470    431.60999
4    170.000   4229.811    175.000   4229.298    225.000   4226.470    230.000   4225.763    162.60001
4    175.000   4229.298    180.000   4228.592    230.000   4225.763    235.000   4225.025    268.20001
4      5.000   4231.048     10.000   4230.985     65.000   4233.041     70.000   4233.344     99.33000
4     10.000   4230.985     15.000   4230.952     70.000   4233.344     75.000   4233.934    106.31000
4     20.000   4231.445     25.000   4232.081     80.000   4234.336     85.000   4234.228    665.29999
4     25.000   4232.081     30.000   4232.589     85.000   4234.228     90.000   4234.278    835.70001
4     30.000   4232.589     35.000   4232.765     90.000   4234.278     95.000   4234.078   1407.09998
4     35.000   4232.765     40.000   4232.727     95.000   4234.078    100.000   4233.946    395.29001
4     40.000   4232.727     45.000   4232.769    100.000   4233.946    105.000   4233.566    300.45999
4     45.000   4232.769     50.000   4232.650    105.000   4233.566    110.000   4233.379    200.06000
4     50.000   4232.650     55.000   4232.725    110.000   4233.379    115.000   4233.185    157.53999
4     55.000   4232.725     60.000   4232.898    115.000   4233.185    120.000   4232.996    372.16000
4     60.000   4232.898     65.000   4233.041    120.000   4232.996    125.000   4232.763    529.91998
4     65.000   4233.041     70.000   4233.344    125.000   4232.763    130.000   4232.564    552.23999
4     70.000   4233.344     75.000   4233.934    130.000   4232.564    135.000   4232.332    844.77002
4     75.000   4233.934     80.000   4234.336    135.000   4232.332    140.000   4232.091    757.60999
4     80.000   4234.336     85.000   4234.228    140.000   4232.091    145.000   4231.792   1699.30005
4     85.000   4234.228     90.000   4234.278    145.000   4231.792    150.000   4231.506   1432.59998
4     90.000   4234.278     95.000   4234.078    150.000   4231.506    155.000   4231.137   1287.30005
4     95.000   4234.078    100.000   4233.946    155.000   4231.137    160.000   4230.524    913.27002
4    100.000   4233.946    105.000   4233.566    160.000   4230.524    165.000   4230.090   1525.80005
4    105.000   4233.566    110.000   4233.379    165.000   4230.090    170.000   4229.811    822.31000
4    110.000   4233.379    115.000   4233.185    170.000   4229.811    175.000   4229.298    254.67999
4    115.000   4233.185    120.000   4232.996    175.000   4229.298    180.000   4228.592    402.35001
4    120.000   4232.996    125.000   4232.763    180.000   4228.592    185.000   4228.186    987.00000
4    125.000   4232.763    130.000   4232.564    185.000   4228.186    190.000   4228.003    581.70001
4    130.000   4232.564    135.000   4232.332    190.000   4228.003    195.000   4227.767    281.76001
4    135.000   4232.332    140.000   4232.091    195.000   4227.767    200.000   4227.632    505.26999
4    140.000   4232.091    145.000   4231.792    200.000   4227.632    205.000   4227.568    443.41000
4    145.000   4231.792    150.000   4231.506    205.000   4227.568    210.000   4227.421    371.53000
4    150.000   4231.506    155.000   4231.137    210.000   4227.421    215.000   4227.234    516.51001
4    155.000   4231.137    160.000   4230.524    215.000   4227.234    220.000   4226.905    542.38000
4    160.000   4230.524    165.000   4230.090    220.000   4226.905    225.000   4226.470    679.62000
4    165.000   4230.090    170.000   4229.811    225.000   4226.470    230.000   4225.763    289.34000
4    170.000   4229.811    175.000   4229.298    230.000   4225.763    235.000   4225.025    230.95000
4     10.000   4230.985     15.000   4230.952     75.000   4233.934     80.000   4234.336    176.64000
4     15.000   4230.952     20.000   4231.445     80.000   4234.336     85.000   4234.228    611.13000
4     20.000   4231.445     25.000   4232.081     85.000   4234.228     90.000   4234.278    758.25000
4     25.000   4232.081     30.000   4232.589     90.000   4234.278     95.000   4234.078    909.41998
4     30.000   4232.589     35.000   4232.765     95.000   4234.078    100.000   4233.946    944.32001
4     35.000   4232.765     40.000   4232.727    100.000   4233.946    105.000   4233.566    611.75000
4     40.000   4232.727     45.000   4232.769    105.000   4233.566    110.000   4233.379    248.64000
4     45.000   4232.769     50.000   4232.650    110.000   4233.379    115.000   4233.185    167.80000
4     50.000   4232.650     55.000   4232.725    115.000   4233.185    120.000   4232.996    169.80000
4     55.000   4232.725     60.000   4232.898    120.000   4232.996    125.000   4232.763    497.45001
4     60.000   4232.898     65.000   4233.041    125.000   4232.763    130.000   4232.564    488.19000
4     65.000   4233.041     70.000   4233.344    130.000   4232.564    135.000   4232.332    726.07001
4     70.000   4233.344     75.000   4233.934    135.000   4232.332    140.000   4232.091    733.83002
4     75.000   4233.934     80.000   4234.336    140.000   4232.091    145.000   4231.792    819.35999
4     80.000   4234.336     85.000   4234.228    145.000   4231.792    150.000   4231.506   1475.59998
4     85.000   4234.228     90.000   4234.278    150.000   4231.506    155.000   4231.137   1490.40002
4     90.000   4234.278     95.000   4234.078    155.000   4231.137    160.000   4230.524   1424.00000
4     95.000   4234.078    100.000   4233.946    160.000   4230.524    165.000   4230.090   1047.90002
4    100.000   4233.946    105.000   4233.566    165.000   4230.090    170.000   4229.811   1085.40002
4    105.000   4233.566    110.000   4233.379    170.000   4229.811    175.000   4229.298    339.79001
4    110.000   4233.379    115.000   4233.185    175.000   4229.298    180.000   4228.592    439.07001
4    115.000   4233.185    120.000   4232.996    180.000   4228.592    185.000   4228.186    838.84003
4    120.000   4232.996    125.000   4232.763    185.000   4228.186    190.000   4228.003    726.94000
4    125.000   4232.763    130.000   4232.564    190.000   4228.003    195.000   4227.767    191.67999
4    130.000   4232.564    135.000   4232.332    195.000   4227.767    200.000   4227.632    683.37000
4    135.000   4232.332    140.000   4232.091    200.000   4227.632    205.000   4227.568    537.65997
4    140.000   4232.091    145.000   4231.792    205.000   4227.568    210.000   4227.421    616.08002
4    145.000   4231.792    150.000   4231.506    210.000   4227.421    215.000   4227.234    616.65997
4    150.000   4231.506    155.000   4231.137    215.000   4227.234    220.000   4226.905    534.54999
4    155.000   4231.137    160.000   4230.524    220.000   4226.905    225.000   4226.470    675.03998
4    160.000   4230.524    165.000   4230.090    225.000   4226.470    230.000   4225.763    466.73001
4    165.000   4230.090    170.000   4229.811    230.000   4225.763    235.000   4225.025    182.50000
4      0.000   4231.147      5.000   4231.048     70.000   4233.344     75.000   4233.934    182.85001
4     10.000   4230.985     15.000   4230.952     80.000   4234.336     85.000   4234.228    362.03000
4     15.000   4230.952     20.000   4231.445     85.000   4234.228     90.000   4234.278   1376.00000
4     20.000   4231.445     25.000   4232.081     90.000   4234.278     95.000   4234.078    849.58002
4     25.000   4232.081     30.000   4232.589     95.000   4234.078    100.000   4233.946    605.64001
4     30.000   4232.589     35.000   4232.765    100.000   4233.946    105.000   4233.566   1466.30005
4     35.000   4232.765     40.000   4232.727    105.000   4233.566    110.000   4233.379    527.28003
4     40.000   4232.727     45.000   4232.769    110.000   4233.379    115.000   4233.185    212.23000
4     45.000   4232.769     50.000   4232.650    115.000   4233.185    120.000   4232.996    181.87000
4     50.000   4232.650     55.000   4232.725    120.000   4232.996    125.000   4232.763    221.42000
4     55.000   4232.725     60.000   4232.898    125.000   4232.763    130.000   4232.564    454.23999
4     60.000   4232.898     65.000   4233.041    130.000   4232.564    135.000   4232.332    641.42999
4     65.000   4233.041     70.000   4233.344    135.000   4232.332    140.000   4232.091    623.03003
4     70.000   4233.344     75.000   4233.934    140.000   4232.091    145.000   4231.792    780.09003
4     75.000   4233.934     80.000   4234.336    145.000   4231.792    150.000   4231.506    693.51001
4     80.000   4234.336     85.000   4234.228    150.000   4231.506    155.000   4231.137   1534.19995
4     85.000   4234.228     90.000   4234.278    155.000   4231.137    160.000   4230.524   1642.69995
4     90.000   4234.278     95.000   4234.078    160.000   4230.524    165.000   4230.090   1649.40002
4     95.000   4234.078    100.000   4233.946    165.000   4230.090    170.000   4229.811    769.78003
4    100.000   4233.946    105.000   4233.566    170.000   4229.811    175.000   4229.298    452.67999
4    105.000   4233.566    110.000   4233.379    175.000   4229.298    180.000   4228.592    578.22998
4    110.000   4233.379    115.000   4233.185    180.000   4228.592    185.000   4228.186    900.64001
4    115.000   4233.185    120.000   4232.996    185.000   4228.186    190.000   4228.003    623.67999
4    120.000   4232.996    125.000   4232.763    190.000   4228.003    195.000   4227.767    236.52000
4    125.000   4232.763    130.000   4232.564    195.000   4227.767    200.000   4227.632    610.06000
4    130.000   4232.564    135.000   4232.332    200.000   4227.632    205.000   4227.568    718.44000
4    135.000   4232.332    140.000   4232.091    205.000   4227.568    210.000   4227.421    454.22000
4    140.000   4232.091    145.000   4231.792    210.000   4227.421    215.000   4227.234    612.47998
4    145.000   4231.792    150.000   4231.506    215.000   4227.234    220.000   4226.905    432.14999
4    150.000   4231.506    155.000   4231.137    220.000   4226.905    225.000   4226.470    628.26001
4    155.000   4231.137    160.000   4230.524    225.000   4226.470    230.000   4225.763    399.06000
4    160.000   4230.524    165.000   4230.090    230.000   4225.763    235.000   4225.025    503.16000
4     10.000   4230.985     15.000   4230.952     85.000   4234.228     90.000   4234.278    544.12000
4     20.000   4231.445     25.000   4232.081     95.000   4234.078    100.000   4233.946    563.51001
4     25.000   4232.081     30.000   4232.589    100.000   4233.946    105.000   4233.566    926.65002
4     30.000   4232.589     35.000   4232.765    105.000   4233.566    110.000   4233.379   1213.09998
4     35.000   4232.765     40.000   4232.727    110.000   4233.379    115.000   4233.185    414.14999
4     40.000   4232.727     45.000   4232.769    115.000   4233.185    120.000   4232.996    227.16000
4     45.000   4232.769     50.000   4232.650    120.000   4232.996    125.000   4232.763    236.91000
4     50.000   4232.650     55.000   4232.725    125.000   4232.763    130.000   4232.564    201.77000
4     55.000   4232.725     60.000   4232.898    130.000   4232.564    135.000   4232.332    589.54999
4     60.000   4232.898     65.000   4233.041    135.000   4232.332    140.000   4232.091    536.94000
4     65.000   4233.041     70.000   4233.344    140.000   4232.091    145.000   4231.792    655.59003
4     70.000   4233.344     75.000   4233.934    145.000   4231.792    150.000   4231.506    658.73999
4     75.000   4233.934     80.000   4234.336    150.000   4231.506    155.000   4231.137    730.50000
4     80.000   4234.336     85.000   4234.228    155.000   4231.137    160.000   4230.524   1676.00000
4     85.000   4234.228     90.000   4234.278    160.000   4230.524    165.000   4230.090   1904.09998
4     90.000   4234.278     95.000   4234.078    165.000   4230.090    170.000   4229.811   1201.40002
4     95.000   4234.078    100.000   4233.946    170.000   4229.811    175.000   4229.298    295.06000
4    100.000   4233.946    105.000   4233.566    175.000   4229.298    180.000   4228.592    772.34998
4    105.000   4233.566    110.000   4233.379    180.000   4228.592    185.000   4228.186   1200.40002
4    110.000   4233.379    115.000   4233.185    185.000   4228.186    190.000   4228.003    665.08002
4    115.000   4233.185    120.000   4232.996    190.000   4228.003    195.000   4227.767    227.98000
4    120.000   4232.996    125.000   4232.763    195.000   4227.767    200.000   4227.632    790.13000
4    125.000   4232.763    130.000   4232.564    200.000   4227.632    205.000   4227.568    363.87000
4    130.000   4232.564    135.000   4232.332    205.000   4227.568    210.000   4227.421    615.60999
4    135.000   4232.332    140.000   4232.091    210.000   4227.421    215.000   4227.234    743.71002
4    140.000   4232.091    145.000   4231.792    215.000   4227.234    220.000   4226.905    652.28998
4    145.000   4231.792    150.000   4231.506    220.000   4226.905    225.000   4226.470    539.75000
4    150.000   4231.506    155.000   4231.137    225.000   4226.470    230.000   4225.763    402.69000
4    155.000   4231.137    160.000   4230.524    230.000   4225.763    235.000   4225.025    468.92001
4     20.000   4231.445     25.000   4232.081    100.000   4233.946    105.000   4233.566    841.90002
4     25.000   4232.081     30.000   4232.589    105.000   4233.566    110.000   4233.379    743.23999
4     30.000   4232.589     35.000   4232.765    110.000   4233.379    115.000   4233.185   1011.79999
4     35.000   4232.765     40.000   4232.727    115.000   4233.185    120.000   4232.996    473.82001
4     40.000   4232.727     45.000   4232.769    120.000   4232.996    125.000   4232.763    302.09000
4     45.000   4232.769     50.000   4232.650    125.000   4232.763    130.000   4232.564    214.75000
4     50.000   4232.650     55.000   4232.725    130.000   4232.564    135.000   4232.332    250.50999
4     55.000   4232.725     60.000   4232.898    135.000   4232.332    140.000   4232.091    493.29001
4     60.000   4232.898     65.000   4233.041    140.000   4232.091    145.000   4231.792    567.34003
4     65.000   4233.041     70.000   4233.344    145.000   4231.792    150.000   4231.506    550.34003
4     70.000   4233.344     75.000   4233.934    150.000   4231.506    155.000   4231.137    683.00000
4     75.000   4233.934     80.000   4234.336    155.000   4231.137    160.000   4230.524    771.42999
4     80.000   4234.336     85.000   4234.228    160.000   4230.524    165.000   4230.090   1931.50000
4     85.000   4234.228     90.000   4234.278    165.000   4230.090    170.000   4229.811   1385.59998
4     90.000   4234.278     95.000   4234.078    170.000   4229.811    175.000   4229.298    486.53000
4     95.000   4234.078    100.000   4233.946    175.000   4229.298    180.000   4228.592    580.71002
4    100.000   4233.946    105.000   4233.566    180.000   4228.592    185.000   4228.186   1556.30005
4    105.000   4233.566    110.000   4233.379    185.000   4228.186    190.000   4228.003    859.41998
4    110.000   4233.379    115.000   4233.185    190.000   4228.003    195.000   4227.767    253.87000
4    115.000   4233.185    120.000   4232.996    195.000   4227.767    200.000   4227.632    617.26001
4    120.000   4232.996    125.000   4232.763    200.000   4227.632    205.000   4227.568    484.32001
4    125.000   4232.763    130.000   4232.564    205.000   4227.568    210.000   4227.421    795.07001
4    130.000   4232.564    135.000   4232.332    210.000   4227.421    215.000   4227.234    877.16998
4    135.000   4232.332    140.000   4232.091    215.000   4227.234    220.000   4226.905    529.47998
4    140.000   4232.091    145.000   4231.792    220.000   4226.905    225.000   4226.470    759.17999
4    145.000   4231.792    150.000   4231.506    225.000   4226.470    230.000   4225.763    496.75000
4    150.000   4231.506    155.000   4231.137    230.000   4225.763    235.000   4225.025    422.88000
4      0.000   4231.147      5.000   4231.048     85.000   4234.228     90.000   4234.278    636.76001
4     20.000   4231.445     25.000   4232.081    105.000   4233.566    110.000   4233.379    656.37000
4     25.000   4232.081     30.000   4232.589    110.000   4233.379    115.000   4233.185    622.87000
4     30.000   4232.589     35.000   4232.765    115.000   4233.185    120.000   4232.996   1066.59998
4     35.000   4232.765     40.000   4232.727    120.000   4232.996    125.000   4232.763    570.96997
4     40.000   4232.727     45.000   4232.769    125.000   4232.763    130.000   4232.564    271.87000
4     45.000   4232.769     50.000   4232.650    130.000   4232.564    135.000   4232.332    279.39001
4     50.000   4232.650     55.000   4232.725    135.000   4232.332    140.000   4232.091    209.80000
4     55.000   4232.725     60.000   4232.898    140.000   4232.091    145.000   4231.792    514.90002
4     60.000   4232.898     65.000   4233.041    145.000   4231.792    150.000   4231.506    464.81000
4     65.000   4233.041     70.000   4233.344    150.000   4231.506    155.000   4231.137    564.17999
4     70.000   4233.344     75.000   4233.934    155.000   4231.137    160.000   4230.524    725.66998
4     75.000   4233.934     80.000   4234.336    160.000   4230.524    165.000   4230.090    911.94000
4     80.000   4234.336     85.000   4234.228    165.000   4230.090    170.000   4229.811   1407.59998
4     85.000   4234.228     90.000   4234.278    170.000   4229.811    175.000   4229.298    518.59998
4     90.000   4234.278     95.000   4234.078    175.000   4229.298    180.000   4228.592    846.62000
4     95.000   4234.078    100.000   4233.946    180.000   4228.592    185.000   4228.186   1012.09998
4    100.000   4233.946    105.000   4233.566    185.000   4228.186    190.000   4228.003   1152.80005
4    105.000   4233.566    110.000   4233.379    190.000   4228.003    195.000   4227.767    315.98001
4    110.000   4233.379    115.000   4233.185    195.000   4227.767    200.000   4227.632    638.83002
4    115.000   4233.185    120.000   4232.996    200.000   4227.632    205.000   4227.568    571.25000
4    120.000   4232.996    125.000   4232.763    205.000   4227.568    210.000   4227.421    972.56000
4    125.000   4232.763    130.000   4232.564    210.000   4227.421    215.000   4227.234    610.26001
4    130.000   4232.564    135.000   4232.332    215.000   4227.234    220.000   4226.905    714.65002
4    135.000   4232.332    140.000   4232.091    220.000   4226.905    225.000   4226.470    631.03998
4    140.000   4232.091    145.000   4231.792    225.000   4226.470    230.000   4225.763    466.95999
4    145.000   4231.792    150.000   4231.506    230.000   4225.763    235.000   4225.025    359.97000
4      0.000   4231.147      5.000   4231.048     90.000   4234.278     95.000   4234.078    389.89999
4     10.000   4230.985     15.000   4230.952    100.000   4233.946    105.000   4233.566    590.06000
4     20.000   4231.445     25.000   4232.081    110.000   4233.379    115.000   4233.185    547.95001
4     25.000   4232.081     30.000   4232.589    115.000   4233.185    120.000   4232.996    649.88000
4     30.000   4232.589     35.000   4232.765    120.000   4232.996    125.000   4232.763   1369.90002
4     35.000   4232.765     40.000   4232.727    125.000   4232.763    130.000   4232.564    564.63000
4     40.000   4232.727     45.000   4232.769    130.000   4232.564    135.000   4232.332    376.70999
4     45.000   4232.769     50.000   4232.650    135.000   4232.332    140.000   4232.091    232.86000
4     50.000   4232.650     55.000   4232.725    140.000   4232.091    145.000   4231.792    212.88000
4     55.000   4232.725     60.000   4232.898    145.000   4231.792    150.000   4231.506    423.00000
4     60.000   4232.898     65.000   4233.041    150.000   4231.506    155.000   4231.137    487.45999
4     65.000   4233.041     70.000   4233.344    155.000   4231.137    160.000   4230.524    596.88000
4     70.000   4233.344     75.000   4233.934    160.000   4230.524    165.000   4230.090    837.12000
4     75.000   4233.934     80.000   4234.336    165.000   4230.090    170.000   4229.811    628.56000
4     80.000   4234.336     85.000   4234.228    170.000   4229.811    175.000   4229.298    544.03003
4     85.000   4234.228     90.000   4234.278    175.000   4229.298    180.000   4228.592   1016.20001
4     90.000   4234.278     95.000   4234.078    180.000   4228.592    185.000   4228.186   1669.00000
4     95.000   4234.078    100.000   4233.946    185.000   4228.186    190.000   4228.003    865.72998
4    100.000   4233.946    105.000   4233.566    190.000   4228.003    195.000   4227.767    431.59000
4    105.000   4233.566    110.000   4233.379    195.000   4227.767    200.000   4227.632    865.71002
4    110.000   4233.379    115.000   4233.185    200.000   4227.632    205.000   4227.568    611.65997
4    115.000   4233.185    120.000   4232.996    205.000   4227.568    210.000   4227.421    613.07001
4    120.000   4232.996    125.000   4232.763    210.000   4227.421    215.000   4227.234    685.82001
4    125.000   4232.763    130.000   4232.564    215.000   4227.234    220.000   4226.905    697.02002
4    130.000   4232.564    135.000   4232.332    220.000   4226.905    225.000   4226.470    938.54999
4    135.000   4232.332    140.000   4232.091    225.000   4226.470    230.000   4225.763    602.88000
4    140.000   4232.091    145.000   4231.792    230.000   4225.763    235.000   4225.025    507.50000
4     20.000   4231.445     25.000   4232.081    115.000   4233.185    120.000   4232.996    570.81000
4     25.000   4232.081     30.000   4232.589    120.000   4232.996    125.000   4232.763    842.98999
4     30.000   4232.589     35.000   4232.765    125.000   4232.763    130.000   4232.564   1220.40002
4     35.000   4232.765     40.000   4232.727    130.000   4232.564    135.000   4232.332    709.54999
4     40.000   4232.727     45.000   4232.769    135.000   4232.332    140.000   4232.091    313.51001
4     45.000   4232.769     50.000   4232.650    140.000   4232.091    145.000   4231.792    244.25000
4     50.000   4232.650     55.000   4232.725    145.000   4231.792    150.000   4231.506    177.52000
4     55.000   4232.725     60.000   4232.898    150.000   4231.506    155.000   4231.137    435.78000
4     60.000   4232.898     65.000   4233.041    155.000   4231.137    160.000   4230.524    494.64999
4     65.000   4233.041     70.000   4233.344    160.000   4230.524    165.000   4230.090    685.71997
4     70.000   4233.344     75.000   4233.934    165.000   4230.090    170.000   4229.811    580.65997
4     75.000   4233.934     80.000   4234.336    170.000   4229.811    175.000   4229.298    260.98999
4     80.000   4234.336     85.000   4234.228    175.000   4229.298    180.000   4228.592    963.27002
4     85.000   4234.228     90.000   4234.278    180.000   4228.592    185.000   4228.186   1820.09998
4     90.000   4234.278     95.000   4234.078    185.000   4228.186    190.000   4228.003   1266.80005
4     95.000   4234.078    100.000   4233.946    190.000   4228.003    195.000   4227.767    217.39999
4    100.000   4233.946    105.000   4233.566    195.000   4227.767    200.000   4227.632   1093.40002
4    105.000   4233.566    110.000   4233.379    200.000   4227.632    205.000   4227.568    817.09003
4    110.000   4233.379    115.000   4233.185    205.000   4227.568    210.000   4227.421    642.03998
4    115.000   4233.185    120.000   4232.996    210.000   4227.421    215.000   4227.234    753.15002
4    120.000   4232.996    125.000   4232.763    215.000   4227.234    220.000   4226.905    941.46002
4    125.000   4232.763    130.000   4232.564    220.000   4226.905    225.000   4226.470    813.53003
4    130.000   4232.564    135.000   4232.332    225.000   4226.470    230.000   4225.763    588.34003
4    135.000   4232.332    140.000   4232.091    230.000   4225.763    235.000   4225.025    398.23999
4     10.000   4230.985     15.000   4230.952    110.000   4233.379    115.000   4233.185    344.79999
4     20.000   4231.445     25.000   4232.081    120.000   4232.996    125.000   4232.763    740.32001
4     25.000   4232.081     30.000   4232.589    125.000   4232.763    130.000   4232.564    741.09998
4     30.000   4232.589     35.000   4232.765    130.000   4232.564    135.000   4232.332   1605.90002
4     35.000   4232.765     40.000   4232.727    135.000   4232.332    140.000   4232.091    630.44000
4     40.000   4232.727     45.000   4232.769    140.000   4232.091    145.000   4231.792    336.91000
4     45.000   4232.769     50.000   4232.650    145.000   4231.792    150.000   4231.506    201.73000
4     50.000   4232.650     55.000   4232.725    150.000   4231.506    155.000   4231.137    176.09000
4     55.000   4232.725     60.000   4232.898    155.000   4231.137    160.000   4230.524    449.88000
4     60.000   4232.898     65.000   4233.041    160.000   4230.524    165.000   4230.090    593.13000
4     65.000   4233.041     70.000   4233.344    165.000   4230.090    170.000   4229.811    476.47000
4     70.000   4233.344     75.000   4233.934    170.000   4229.811    175.000   4229.298    236.21001
4     75.000   4233.934     80.000   4234.336    175.000   4229.298    180.000   4228.592    417.76001
4     80.000   4234.336     85.000   4234.228    180.000   4228.592    185.000   4228.186   1889.69995
4     85.000   4234.228     90.000   4234.278    185.000   4228.186    190.000   4228.003   1472.40002
4     90.000   4234.278     95.000   4234.078    190.000   4228.003    195.000   4227.767    371.38000
4     95.000   4234.078    100.000   4233.946    195.000   4227.767    200.000   4227.632    803.20001
4    100.000   4233.946    105.000   4233.566    200.000   4227.632    205.000   4227.568   1065.90002
4    105.000   4233.566    110.000   4233.379    205.000   4227.568    210.000   4227.421    842.59998
4    110.000   4233.379    115.000   4233.185    210.000   4227.421    215.000   4227.234    841.90002
4    115.000   4233.185    120.000   4232.996    215.000   4227.234    220.000   4226.905    631.71997
4    120.000   4232.996    125.000   4232.763    220.000   4226.905    225.000   4226.470   1019.59998
4    125.000   4232.763    130.000   4232.564    225.000   4226.470    230.000   4225.763    462.92999
4    130.000   4232.564    135.000   4232.332    230.000   4225.763    235.000   4225.025    668.62000
4     10.000   4230.985     15.000   4230.952    115.000   4233.185    120.000   4232.996    554.59003
4     20.000   4231.445     25.000   4232.081    125.000   4232.763    130.000   4232.564    651.35999
4     25.000   4232.081     30.000   4232.589    130.000   4232.564    135.000   4232.332   1004.29999
4     30.000   4232.589     35.000   4232.765    135.000   4232.332    140.000   4232.091   1330.09998
4     35.000   4232.765     40.000   4232.727    140.000   4232.091    145.000   4231.792    633.03998
4     40.000   4232.727     45.000   4232.769    145.000   4231.792    150.000   4231.506    279.45001
4     45.000   4232.769     50.000   4232.650    150.000   4231.506    155.000   4231.137    205.06000
4     50.000   4232.650     55.000   4232.725    155.000   4231.137    160.000   4230.524    189.77000
4     55.000   4232.725     60.000   4232.898    160.000   4230.524    165.000   4230.090    523.23999
4     60.000   4232.898     65.000   4233.041    165.000   4230.090    170.000   4229.811    381.20999
4     65.000   4233.041     70.000   4233.344    170.000   4229.811    175.000   4229.298    186.92000
4     70.000   4233.344     75.000   4233.934    175.000   4229.298    180.000   4228.592    395.75000
4     75.000   4233.934     80.000   4234.336    180.000   4228.592    185.000   4228.186    887.12000
4     80.000   4234.336     85.000   4234.228    185.000   4228.186    190.000   4228.003   1385.69995
4     85.000   4234.228     90.000   4234.278    190.000   4228.003    195.000   4227.767    368.73001
4     90.000   4234.278     95.000   4234.078    195.000   4227.767    200.000   4227.632   1277.30005
4     95.000   4234.078    100.000   4233.946    200.000   4227.632    205.000   4227.568    633.17999
4    100.000   4233.946    105.000   4233.566    205.000   4227.568    210.000   4227.421   1016.50000
4    105.000   4233.566    110.000   4233.379    210.000   4227.421    215.000   4227.234   1068.19995
4    110.000   4233.379    115.000   4233.185    215.000   4227.234    220.000   4226.905    624.92999
4    115.000   4233.185    120.000   4232.996    220.000   4226.905    225.000   4226.470    804.02002
4    120.000   4232.996    125.000   4232.763    225.000   4226.470    230.000   4225.763    516.48999
4    125.000   4232.763    130.000   4232.564    230.000   4225.763    235.000   4225.025    500.82001
4     20.000   4231.445     25.000   4232.081    130.000   4232.564    135.000   4232.332    897.46997
4     25.000   4232.081     30.000   4232.589    135.000   4232.332    140.000   4232.091    820.72998
4     30.000   4232.589     35.000   4232.765    140.000   4232.091    145.000   4231.792   1384.09998
4     35.000   4232.765     40.000   4232.727    145.000   4231.792    150.000   4231.506    579.14001
4     40.000   4232.727     45.000   4232.769    150.000   4231.506    155.000   4231.137    289.88000
4     45.000   4232.769     50.000   4232.650    155.000   4231.137    160.000   4230.524    212.84000
4     50.000   4232.650     55.000   4232.725    160.000   4230.524    165.000   4230.090    204.92000
4     55.000   4232.725     60.000   4232.898    165.000   4230.090    170.000   4229.811    354.91000
4     60.000   4232.898     65.000   4233.041    170.000   4229.811    175.000   4229.298    160.61000
4     65.000   4233.041     70.000   4233.344    175.000   4229.298    180.000   4228.592    324.67001
4     70.000   4233.344     75.000   4233.934    180.000   4228.592    185.000   4228.186    787.42999
4     75.000   4233.934     80.000   4234.336    185.000   4228.186    190.000   4228.003   1073.80005
4     80.000   4234.336     85.000   4234.228    190.000   4228.003    195.000   4227.767    352.50000
4     85.000   4234.228     90.000   4234.278    195.000   4227.767    200.000   4227.632   1434.00000
4     90.000   4234.278     95.000   4234.078    200.000   4227.632    205.000   4227.568    741.64001
4     95.000   4234.078    100.000   4233.946    205.000   4227.568    210.000   4227.421    737.47998
4    100.000   4233.946    105.000   4233.566    210.000   4227.421    215.000   4227.234   1374.69995
4    105.000   4233.566    110.000   4233.379    215.000   4227.234    220.000   4226.905    854.67999
4    110.000   4233.379    115.000   4233.185    220.000   4226.905    225.000   4226.470    837.46997
4    115.000   4233.185    120.000   4232.996    225.000   4226.470    230.000   4225.763    508.76999
4    120.000   4232.996    125.000   4232.763    230.000   4225.763    235.000   4225.025    633.65002
4     10.000   4230.985     15.000   4230.952    125.000   4232.763    130.000   4232.564    629.32001
4     20.000   4231.445     25.000   4232.081    135.000   4232.332    140.000   4232.091    731.73999
4     25.000   4232.081     30.000   4232.589    140.000   4232.091    145.000   4231.792    866.97998
4     30.000   4232.589     35.000   4232.765    145.000   4231.792    150.000   4231.506   1148.80005
4     35.000   4232.765     40.000   4232.727    150.000   4231.506    155.000   4231.137    517.06000
4     40.000   4232.727     45.000   4232.769    155.000   4231.137    160.000   4230.524    290.66000
4     45.000   4232.769     50.000   4232.650    160.000   4230.524    165.000   4230.090    252.20000
4     50.000   4232.650     55.000   4232.725    165.000   4230.090    170.000   4229.811    148.71001
4     55.000   4232.725     60.000   4232.898    170.000   4229.811    175.000   4229.298    142.71001
4     60.000   4232.898     65.000   4233.041    175.000   4229.298    180.000   4228.592    259.82001
4     65.000   4233.041     70.000   4233.344    180.000   4228.592    185.000   4228.186    631.84998
4     70.000   4233.344     75.000   4233.934    185.000   4228.186    190.000   4228.003    572.53003
4     80.000   4234.336     85.000   4234.228    195.000   4227.767    200.000   4227.632   1492.69995
4     85.000   4234.228     90.000   4234.278    200.000   4227.632    205.000   4227.568   1169.80005
4     90.000   4234.278     95.000   4234.078    205.000   4227.568    210.000   4227.421   1512.40002
4     95.000   4234.078    100.000   4233.946    210.000   4227.421    215.000   4227.234    848.85999
4    100.000   4233.946    105.000   4233.566    215.000   4227.234    220.000   4226.905   1041.30005
4    105.000   4233.566    110.000   4233.379    220.000   4226.905    225.000   4226.470   1123.50000
4    110.000   4233.379    115.000   4233.185    225.000   4226.470    230.000   4225.763    539.60999
4    115.000   4233.185    120.000   4232.996    230.000   4225.763    235.000   4225.025    541.46997
4     20.000   4231.445     25.000   4232.081    140.000   4232.091    145.000   4231.792    779.25000
4     25.000   4232.081     30.000   4232.589    145.000   4231.792    150.000   4231.506    710.35999
4     30.000   4232.589     35.000   4232.765    150.000   4231.506    155.000   4231.137   1158.80005
4     35.000   4232.765     40.000   4232.727    155.000   4231.137    160.000   4230.524    610.23999
4     40.000   4232.727     45.000   4232.769    160.000   4230.524    165.000   4230.090    371.35001
4     45.000   4232.769     50.000   4232.650    165.000   4230.090    170.000   4229.811    176.44000
4     50.000   4232.650     55.000   4232.725    170.000   4229.811    175.000   4229.298     56.20000
4     55.000   4232.725     60.000   4232.898    175.000   4229.298    180.000   4228.592    226.42999
4     60.000   4232.898     65.000   4233.041    180.000   4228.592    185.000   4228.186    538.22998
4     65.000   4233.041     70.000   4233.344    185.000   4228.186    190.000   4228.003    456.29001
4     70.000   4233.344     75.000   4233.934    190.000   4228.003    195.000   4227.767    204.67999
4     80.000   4234.336     85.000   4234.228    200.000   4227.632    205.000   4227.568    867.60999
4     85.000   4234.228     90.000   4234.278    205.000   4227.568    210.000   4227.421   1313.09998
4     90.000   4234.278     95.000   4234.078    210.000   4227.421    215.000   4227.234   1162.69995
4     95.000   4234.078    100.000   4233.946    215.000   4227.234    220.000   4226.905    858.59003
4    100.000   4233.946    105.000   4233.566    220.000   4226.905    225.000   4226.470   1363.40002
4    105.000   4233.566    110.000   4233.379    225.000   4226.470    230.000   4225.763    677.08002
4    110.000   4233.379    115.000   4233.185    230.000   4225.763    235.000   4225.025    570.29999
4     20.000   4231.445     25.000   4232.081    145.000   4231.792    150.000   4231.506    639.75000
4     25.000   4232.081     30.000   4232.589    150.000   4231.506    155.000   4231.137    735.40002
4     30.000   4232.589     35.000   4232.765    155.000   4231.137    160.000   4230.524   1196.59998
4     35.000   4232.765     40.000   4232.727    160.000   4230.524    165.000   4230.090    655.23999
4     40.000   4232.727     45.000   4232.769    165.000   4230.090    170.000   4229.811    256.17001
4     45.000   4232.769     50.000   4232.650    170.000   4229.811    175.000   4229.298     61.91000
4     50.000   4232.650     55.000   4232.725    175.000   4229.298    180.000   4228.592     95.42000
4     55.000   4232.725     60.000   4232.898    180.000   4228.592    185.000   4228.186    487.67001
4     60.000   4232.898     65.000   4233.041    185.000   4228.186    190.000   4228.003    359.17999
4     65.000   4233.041     70.000   4233.344    190.000   4228.003    195.000   4227.767    147.92999
4     70.000   4233.344     75.000   4233.934    195.000   4227.767    200.000   4227.632    536.98999
4     80.000   4234.336     85.000   4234.228    205.000   4227.568    210.000   4227.421   1701.19995
4     85.000   4234.228     90.000   4234.278    210.000   4227.421    215.000   4227.234   1565.50000
4     90.000   4234.278     95.000   4234.078    215.000   4227.234    220.000   4226.905   1399.80005
4     95.000   4234.078    100.000   4233.946    220.000   4226.905    225.000   4226.470    757.79999
4    100.000   4233.946    105.000   4233.566    225.000   4226.470    230.000   4225.763    879.58002
4    105.000   4233.566    110.000   4233.379    230.000   4225.763    235.000   4225.025    765.47998
4     20.000   4231.445     25.000   4232.081    150.000   4231.506    155.000   4231.137    664.65002
4     25.000   4232.081     30.000   4232.589    155.000   4231.137    160.000   4230.524    737.29999
4     30.000   4232.589     35.000   4232.765    160.000   4230.524    165.000   4230.090   1424.80005
4     35.000   4232.765     40.000   4232.727    165.000   4230.090    170.000   4229.811    559.91998
4     40.000   4232.727     45.000   4232.769    170.000   4229.811    175.000   4229.298     83.91000
4     45.000   4232.769     50.000   4232.650    175.000   4229.298    180.000   4228.592    116.07000
4     50.000   4232.650     55.000   4232.725    180.000   4228.592    185.000   4228.186    183.60001
4     55.000   4232.725     60.000   4232.898    185.000   4228.186    190.000   4228.003    312.66000
4     60.000   4232.898     65.000   4233.041    190.000   4228.003    195.000   4227.767    178.88000
4     65.000   4233.041     70.000   4233.344    195.000   4227.767    200.000   4227.632    445.28000
4     70.000   4233.344     75.000   4233.934    200.000   4227.632    205.000   4227.568    479.35001
4     80.000   4234.336     85.000   4234.228    210.000   4227.421    215.000   4227.234   1300.80005
4     85.000   4234.228     90.000   4234.278    215.000   4227.234    220.000   4226.905   1482.50000
4     90.000   4234.278     95.000   4234.078    220.000   4226.905    225.000   4226.470   1406.19995
4     95.000   4234.078    100.000   4233.946    225.000   4226.470    230.000   4225.763    782.98999
4    100.000   4233.946    105.000   4233.566    230.000   4225.763    235.000   4225.025    919.00000
4     20.000   4231.445     25.000   4232.081    155.000   4231.137    160.000   4230.524    652.59998
4     25.000   4232.081     30.000   4232.589    160.000   4230.524    165.000   4230.090    913.22998
4     30.000   4232.589     35.000   4232.765    165.000   4230.090    170.000   4229.811   1020.79999
4     40.000   4232.727     45.000   4232.769    175.000   4229.298    180.000   4228.592    168.05000
4     45.000   4232.769     50.000   4232.650    180.000   4228.592    185.000   4228.186    230.91000
4     50.000   4232.650     55.000   4232.725    185.000   4228.186    190.000   4228.003    139.75999
4     55.000   4232.725     60.000   4232.898    190.000   4228.003    195.000   4227.767    116.74000
4     60.000   4232.898     65.000   4233.041    195.000   4227.767    200.000   4227.632    302.88000
4     65.000   4233.041     70.000   4233.344    200.000   4227.632    205.000   4227.568    394.01999
4     70.000   4233.344     75.000   4233.934    205.000   4227.568    210.000   4227.421    510.76999
4     80.000   4234.336     85.000   4234.228    215.000   4227.234    220.000   4226.905   1636.09998
4     85.000   4234.228     90.000   4234.278    220.000   4226.905    225.000   4226.470   1425.80005
4     90.000   4234.278     95.000   4234.078    225.000   4226.470    230.000   4225.763    933.78003
4     95.000   4234.078    100.000   4233.946    230.000   4225.763    235.000   4225.025    379.51999
4     20.000   4231.445     25.000   4232.081    160.000   4230.524    165.000   4230.090    841.32001
4     25.000   4232.081     30.000   4232.589    165.000   4230.090    170.000   4229.811    627.22998
4     30.000   4232.589     35.000   4232.765    170.000   4229.811    175.000   4229.298    337.50000
4     35.000   4232.765     40.000   4232.727    175.000   4229.298    180.000   4228.592    484.34000
4     40.000   4232.727     45.000   4232.769    180.000   4228.592    185.000   4228.186    346.60001
4     45.000   4232.769     50.000   4232.650    185.000   4228.186    190.000   4228.003    146.34000
4     50.000   4232.650     55.000   4232.725    190.000   4228.003    195.000   4227.767     31.56000
4     55.000   4232.725     60.000   4232.898    195.000   4227.767    200.000   4227.632    325.23001
4     60.000   4232.898     65.000   4233.041    200.000   4227.632    205.000   4227.568    454.75000
4     65.000   4233.041     70.000   4233.344    205.000   4227.568    210.000   4227.421    406.39001
4     70.000   4233.344     75.000   4233.934    210.000   4227.421    215.000   4227.234    623.40997
4     80.000   4234.336     85.000   4234.228    220.000   4226.905    225.000   4226.470   1582.09998
4     85.000   4234.228     90.000   4234.278    225.000   4226.470    230.000   4225.763   1312.19995
4     90.000   4234.278     95.000   4234.078    230.000   4225.763    235.000   4225.025    832.40997
4     20.000   4231.445     25.000   4232.081    165.000   4230.090    170.000   4229.811    566.31000
4     25.000   4232.081     30.000   4232.589    170.000   4229.811    175.000   4229.298    215.97000
4     30.000   4232.589     35.000   4232.765    175.000   4229.298    180.000   4228.592    634.92999
4     35.000   4232.765     40.000   4232.727    180.000   4228.592    185.000   4228.186    459.62000
4     40.000   4232.727     45.000   4232.769    185.000   4228.186    190.000   4228.003    172.21001
4     45.000   4232.769     50.000   4232.650    190.000   4228.003    195.000   4227.767     37.53000
4     50.000   4232.650     55.000   4232.725    195.000   4227.767    200.000   4227.632    141.55000
4     55.000   4232.725     60.000   4232.898    200.000   4227.632    205.000   4227.568    306.70999
4     60.000   4232.898     65.000   4233.041    205.000   4227.568    210.000   4227.421    197.89999
4     65.000   4233.041     70.000   4233.344    210.000   4227.421    215.000   4227.234    503.23001
4     70.000   4233.344     75.000   4233.934    215.000   4227.234    220.000   4226.905    502.54001
4     80.000   4234.336     85.000   4234.228    225.000   4226.470    230.000   4225.763   1071.50000
4     85.000   4234.228     90.000   4234.278    230.000   4225.763    235.000   4225.025    778.84003
4     20.000   4231.445     25.000   4232.081    170.000   4229.811    175.000   4229.298    182.35001
4     25.000   4232.081     30.000   4232.589    175.000   4229.298    180.000   4228.592    401.17999
4     30.000   4232.589     35.000   4232.765    180.000   4228.592    185.000   4228.186   1303.50000
4     35.000   4232.765     40.000   4232.727    185.000   4228.186    190.000   4228.003    522.27002
4     40.000   4232.727     45.000   4232.769    190.000   4228.003    195.000   4227.767     39.92000
4     45.000   4232.769     50.000   4232.650    195.000   4227.767    200.000   4227.632    176.02000
4     55.000   4232.725     60.000   4232.898    205.000   4227.568    210.000   4227.421    303.25000
4     60.000   4232.898     65.000   4233.041    210.000   4227.421    215.000   4227.234    548.07001
4     65.000   4233.041     70.000   4233.344    215.000   4227.234    220.000   4226.905    421.79999
4     70.000   4233.344     75.000   4233.934    220.000   4226.905    225.000   4226.470    619.98999
4     80.000   4234.336     85.000   4234.228    230.000   4225.763    235.000   4225.025    921.52002
4     20.000   4231.445     25.000   4232.081    175.000   4229.298    180.000   4228.592    365.45999
4     25.000   4232.081     30.000   4232.589    180.000   4228.592    185.000   4228.186    853.81000
4     30.000   4232.589     35.000   4232.765    185.000   4228.186    190.000   4228.003    750.47998
4     40.000   4232.727     45.000   4232.769    195.000   4227.767    200.000   4227.632    276.75000
4     45.000   4232.769     50.000   4232.650    200.000   4227.632    205.000   4227.568    159.32001
4     50.000   4232.650     55.000   4232.725    205.000   4227.568    210.000   4227.421    174.66000
4     55.000   4232.725     60.000   4232.898    210.000   4227.421    215.000   4227.234    382.44000
4     60.000   4232.898     65.000   4233.041    215.000   4227.234    220.000   4226.905    196.91000
4     65.000   4233.041     70.000   4233.344    220.000   4226.905    225.000   4226.470    494.32001
4     70.000   4233.344     75.000   4233.934    225.000   4226.470    230.000   4225.763    396.09000
4     20.000   4231.445     25.000   4232.081    180.000   4228.592    185.000   4228.186    766.58002
4     25.000   4232.081     30.000   4232.589    185.000   4228.186    190.000   4228.003    421.79999
4     35.000   4232.765     40.000   4232.727    195.000   4227.767    200.000   4227.632    671.38000
4     40.000   4232.727     45.000   4232.769    200.000   4227.632    205.000   4227.568    291.85001
4     45.000   4232.769     50.000   4232.650    205.000   4227.568    210.000   4227.421    164.34000
4     50.000   4232.650     55.000   4232.725    210.000   4227.421    215.000   4227.234     96.27000
4     55.000   4232.725     60.000   4232.898    215.000   4227.234    220.000   4226.905    286.76001
4     60.000   4232.898     65.000   4233.041    220.000   4226.905    225.000   4226.470    422.32001
4     65.000   4233.041     70.000   4233.344    225.000   4226.470    230.000   4225.763    337.45999
4     70.000   4233.344     75.000   4233.934    230.000   4225.763    235.000   4225.025    405.17999
4     20.000   4231.445     25.000   4232.081    185.000   4228.186    190.000   4228.003    365.56000
4     25.000   4232.081     30.000   4232.589    190.000   4228.003    195.000   4227.767    108.43000
4     30.000   4232.589     35.000   4232.765    195.000   4227.767    200.000   4227.632   1106.00000
4     35.000   4232.765     40.000   4232.727    200.000   4227.632    205.000   4227.568    348.57999
4     40.000   4232.727     45.000   4232.769    205.000   4227.568    210.000   4227.421    232.92999
4     45.000   4232.769     50.000   4232.650    210.000   4227.421    215.000   4227.234    207.88000
4     50.000   4232.650     55.000   4232.725    215.000   4227.234    220.000   4226.905    156.56000
4     55.000   4232.725     60.000   4232.898    220.000   4226.905    225.000   4226.470    401.07999
4     60.000   4232.898     65.000   4233.041    225.000   4226.470    230.000   4225.763    259.85001
4     65.000   4233.041     70.000   4233.344    230.000   4225.763    235.000   4225.025    309.17001
4     25.000   4232.081     30.000   4232.589    195.000   4227.767    200.000   4227.632    657.28003
4     30.000   4232.589     35.000   4232.765    200.000   4227.632    205.000   4227.568    698.10999
4     35.000   4232.765     40.000   4232.727    205.000   4227.568    210.000   4227.421    526.52002
4     40.000   4232.727     45.000   4232.769    210.000   4227.421    215.000   4227.234    378.60001
4     45.000   4232.769     50.000   4232.650    215.000   4227.234    220.000   4226.905    164.02000
4     50.000   4232.650     55.000   4232.725    220.000   4226.905    225.000   4226.470    137.16000
4     55.000   4232.725     60.000   4232.898    225.000   4226.470    230.000   4225.763    220.61000
4     60.000   4232.898     65.000   4233.041    230.000   4225.763    235.000   4225.025    316.12000
4     20.000   4231.445     25.000   4232.081    195.000   4227.767    200.000   4227.632    599.09998
4     25.000   4232.081     30.000   4232.589    200.000   4227.632    205.000   4227.568    627.95001
4     30.000   4232.589     35.000   4232.765    205.000   4227.568    210.000   4227.421   1217.40002
4     35.000   4232.765     40.000   4232.727    210.000   4227.421    215.000   4227.234    558.72998
4     40.000   4232.727     45.000   4232.769    215.000   4227.234    220.000   4226.905    240.66000
4     45.000   4232.769     50.000   4232.650    220.000   4226.905    225.000   4226.470    194.63000
4     50.000   4232.650     55.000   4232.725    225.000   4226.470    230.000   4225.763     91.08000
4     55.000   4232.725     60.000   4232.898    230.000   4225.763    235.000   4225.025    268.17999
4     20.000   4231.445     25.000   4232.081    200.000   4227.632    205.000   4227.568    696.65997
4     25.000   4232.081     30.000   4232.589    205.000   4227.568    210.000   4227.421    607.21997
4     30.000   4232.589     35.000   4232.765    210.000   4227.421    215.000   4227.234   1109.90002
4     40.000   4232.727     45.000   4232.769    220.000   4226.905    225.000   4226.470    326.95999
4     45.000   4232.769     50.000   4232.650    225.000   4226.470    230.000   4225.763    136.62000
4     50.000   4232.650     55.000   4232.725    230.000   4225.763    235.000   4225.025     70.80000
4     20.000   4231.445     25.000   4232.081    205.000   4227.568    210.000   4227.421    441.25000
4     25.000   4232.081     30.000   4232.589    210.000   4227.421    215.000   4227.234    815.34998
4     30.000   4232.589     35.000   4232.765    215.000   4227.234    220.000   4226.905   1105.90002
4     40.000   4232.727     45.000   4232.769    225.000   4226.470    230.000   4225.763    224.52000
4     45.000   4232.769     50.000   4232.650    230.000   4225.763    235.000   4225.025    122.38000
4     20.000   4231.445     25.000   4232.081    210.000   4227.421    215.000   4227.234    830.22998
4     25.000   4232.081     30.000   4232.589    215.000   4227.234    220.000   4226.905    579.32001
4     30.000   4232.589     35.000   4232.765    220.000   4226.905    225.000   4226.470   1152.09998
4     40.000   4232.727     45.000   4232.769    230.000   4225.763    235.000   4225.025    213.98000
4     20.000   4231.445     25.000   4232.081    215.000   4227.234    220.000   4226.905    499.73001
4     25.000   4232.081     30.000   4232.589    220.000   4226.905    225.000   4226.470    785.91998
4     30.000   4232.589     35.000   4232.765    225.000   4226.470    230.000   4225.763    797.26001
4     20.000   4231.445     25.000   4232.081    220.000   4226.905    225.000   4226.470    693.39001
4     25.000   4232.081     30.000   4232.589    225.000   4226.470    230.000   4225.763    473.50000
4     30.000   4232.589     35.000   4232.765    230.000   4225.763    235.000   4225.025    672.14001
4     20.000   4231.445     25.000   4232.081    225.000   4226.470    230.000   4225.763    470.84000
4     25.000   4232.081     30.000   4232.589    230.000   4225.763    235.000   4225.025    510.01001
4     20.000   4231.445     25.000   4232.081    230.000   4225.763    235.000   4225.025    464.10001