4  0.00  0.00 5.00  0.00 10.00  0.00 15.00  0.00 887.81 
4  0.00  0.00 5.00  0.00 15.00  0.00 20.00  0.00 1214.60 
4  0.00  0.00 5.00  0.00 20.00  0.00 25.00  0.00 1756.87 
4  0.00  0.00 5.00  0.00 25.00  0.00 30.00  0.00 1857.02 
4  0.00  0.00 5.00  0.00 30.00  0.00 35.00  0.00 2123.72 
4  0.00  0.00 5.00  0.00 35.00  0.00 40.00  0.00 2363.88 
4  0.00  0.00 5.00  0.00 40.00  0.00 45.00  0.00 2714.56 
4  0.00  0.00 5.00  0.00 45.00  0.00 50.00  0.00 2880.24 
4  0.00  0.00 5.00  0.00 50.00  0.00 55.00  0.00 3405.01 
4  0.00  0.00 5.00  0.00 55.00  0.00 60.00  0.00 3517.47 
4  0.00  0.00 5.00  0.00 60.00  0.00 65.00  0.00 4356.29 
4  0.00  0.00 5.00  0.00 65.00  0.00 70.00  0.00 4621.57 
4  0.00  0.00 5.00  0.00 70.00  0.00 75.00  0.00 5574.38 
4  0.00  0.00 5.00  0.00 75.00  0.00 80.00  0.00 5741.43 
4  0.00  0.00 5.00  0.00 80.00  0.00 85.00  0.00 5729.80 
4  0.00  0.00 5.00  0.00 85.00  0.00 90.00  0.00 5746.63 
4  0.00  0.00 5.00  0.00 90.00  0.00 95.00  0.00 7041.82 
4  0.00  0.00 5.00  0.00 95.00  0.00 100.00  0.00 5829.23 
4  0.00  0.00 5.00  0.00 100.00  0.00 105.00  0.00 7624.87 
4  0.00  0.00 5.00  0.00 105.00  0.00 110.00  0.00 8516.04 
4  0.00  0.00 5.00  0.00 110.00  0.00 115.00  0.00 7235.24 
4  0.00  0.00 5.00  0.00 115.00  0.00 120.00  0.00 8509.41 
4  0.00  0.00 5.00  0.00 120.00  0.00 125.00  0.00 8150.07 
4  0.00  0.00 5.00  0.00 125.00  0.00 130.00  0.00 7350.86 
4  0.00  0.00 5.00  0.00 130.00  0.00 135.00  0.00 8785.51 
4  0.00  0.00 5.00  0.00 135.00  0.00 140.00  0.00 9883.95 
4  0.00  0.00 5.00  0.00 140.00  0.00 145.00  0.00 9600.71 
4  0.00  0.00 5.00  0.00 145.00  0.00 150.00  0.00 9601.58 
4  0.00  0.00 5.00  0.00 150.00  0.00 155.00  0.00 11006.34 
4  0.00  0.00 5.00  0.00 155.00  0.00 160.00  0.00 11266.41 
4  0.00  0.00 5.00  0.00 160.00  0.00 165.00  0.00 12388.92 
4  0.00  0.00 5.00  0.00 165.00  0.00 170.00  0.00 13902.39 
4  0.00  0.00 5.00  0.00 170.00  0.00 175.00  0.00 13436.52 
4  0.00  0.00 5.00  0.00 175.00  0.00 180.00  0.00 13159.84 
4  0.00  0.00 5.00  0.00 180.00  0.00 185.00  0.00 13855.95 
4  0.00  0.00 5.00  0.00 185.00  0.00 190.00  0.00 14712.98 
4  0.00  0.00 5.00  0.00 190.00  0.00 195.00  0.00 14973.83 
4  0.00  0.00 5.00  0.00 195.00  0.00 200.00  0.00 14506.23 
4  0.00  0.00 5.00  0.00 200.00  0.00 205.00  0.00 14310.91 
4  0.00  0.00 5.00  0.00 205.00  0.00 210.00  0.00 13684.96 
4  0.00  0.00 5.00  0.00 210.00  0.00 215.00  0.00 14061.62 
4  0.00  0.00 5.00  0.00 215.00  0.00 220.00  0.00 12836.05 
4  0.00  0.00 5.00  0.00 220.00  0.00 225.00  0.00 12812.48 
4  0.00  0.00 5.00  0.00 225.00  0.00 230.00  0.00 10630.87 
4  0.00  0.00 5.00  0.00 230.00  0.00 235.00  0.00 10820.40 
4  5.00  0.00 10.00  0.00 15.00  0.00 20.00  0.00 938.31 
4  5.00  0.00 10.00  0.00 20.00  0.00 25.00  0.00 1717.18 
4  5.00  0.00 10.00  0.00 25.00  0.00 30.00  0.00 1944.33 
4  5.00  0.00 10.00  0.00 30.00  0.00 35.00  0.00 2280.47 
4  5.00  0.00 10.00  0.00 35.00  0.00 40.00  0.00 2566.03 
4  5.00  0.00 10.00  0.00 40.00  0.00 45.00  0.00 3006.00 
4  5.00  0.00 10.00  0.00 45.00  0.00 50.00  0.00 3133.19 
4  5.00  0.00 10.00  0.00 50.00  0.00 55.00  0.00 3778.92 
4  5.00  0.00 10.00  0.00 55.00  0.00 60.00  0.00 3945.89 
4  5.00  0.00 10.00  0.00 60.00  0.00 65.00  0.00 4903.66 
4  5.00  0.00 10.00  0.00 65.00  0.00 70.00  0.00 5192.73 
4  5.00  0.00 10.00  0.00 70.00  0.00 75.00  0.00 6313.22 
4  5.00  0.00 10.00  0.00 75.00  0.00 80.00  0.00 6496.29 
4  5.00  0.00 10.00  0.00 80.00  0.00 85.00  0.00 6531.24 
4  5.00  0.00 10.00  0.00 85.00  0.00 90.00  0.00 6614.71 
4  5.00  0.00 10.00  0.00 90.00  0.00 95.00  0.00 8114.48 
4  5.00  0.00 10.00  0.00 95.00  0.00 100.00  0.00 6775.75 
4  5.00  0.00 10.00  0.00 100.00  0.00 105.00  0.00 8839.42 
4  5.00  0.00 10.00  0.00 105.00  0.00 110.00  0.00 10049.66 
4  5.00  0.00 10.00  0.00 110.00  0.00 115.00  0.00 8293.44 
4  5.00  0.00 10.00  0.00 115.00  0.00 120.00  0.00 9896.97 
4  5.00  0.00 10.00  0.00 120.00  0.00 125.00  0.00 9519.53 
4  5.00  0.00 10.00  0.00 125.00  0.00 130.00  0.00 8738.69 
4  5.00  0.00 10.00  0.00 130.00  0.00 135.00  0.00 10315.33 
4  5.00  0.00 10.00  0.00 135.00  0.00 140.00  0.00 11792.39 
4  5.00  0.00 10.00  0.00 140.00  0.00 145.00  0.00 11249.19 
4  5.00  0.00 10.00  0.00 145.00  0.00 150.00  0.00 11517.83 
4  5.00  0.00 10.00  0.00 150.00  0.00 155.00  0.00 12920.18 
4  5.00  0.00 10.00  0.00 155.00  0.00 160.00  0.00 13653.71 
4  5.00  0.00 10.00  0.00 160.00  0.00 165.00  0.00 14651.75 
4  5.00  0.00 10.00  0.00 165.00  0.00 170.00  0.00 16927.99 
4  5.00  0.00 10.00  0.00 170.00  0.00 175.00  0.00 15704.75 
4  5.00  0.00 10.00  0.00 175.00  0.00 180.00  0.00 16229.92 
4  5.00  0.00 10.00  0.00 180.00  0.00 185.00  0.00 16084.65 
4  5.00  0.00 10.00  0.00 185.00  0.00 190.00  0.00 18296.07 
4  5.00  0.00 10.00  0.00 190.00  0.00 195.00  0.00 17395.31 
4  5.00  0.00 10.00  0.00 195.00  0.00 200.00  0.00 18021.15 
4  5.00  0.00 10.00  0.00 200.00  0.00 205.00  0.00 16768.74 
4  5.00  0.00 10.00  0.00 205.00  0.00 210.00  0.00 17131.77 
4  5.00  0.00 10.00  0.00 210.00  0.00 215.00  0.00 15983.23 
4  5.00  0.00 10.00  0.00 215.00  0.00 220.00  0.00 16364.64 
4  5.00  0.00 10.00  0.00 220.00  0.00 225.00  0.00 14398.21 
4  5.00  0.00 10.00  0.00 225.00  0.00 230.00  0.00 13560.03 
4  5.00  0.00 10.00  0.00 230.00  0.00 235.00  0.00 11790.03 
4  10.00  0.00 15.00  0.00 20.00  0.00 25.00  0.00 1092.86 
4  10.00  0.00 15.00  0.00 25.00  0.00 30.00  0.00 1533.96 
4  10.00  0.00 15.00  0.00 30.00  0.00 35.00  0.00 1958.66 
4  10.00  0.00 15.00  0.00 35.00  0.00 40.00  0.00 2300.92 
4  10.00  0.00 15.00  0.00 40.00  0.00 45.00  0.00 2757.12 
4  10.00  0.00 15.00  0.00 45.00  0.00 50.00  0.00 2956.02 
4  10.00  0.00 15.00  0.00 50.00  0.00 55.00  0.00 3597.09 
4  10.00  0.00 15.00  0.00 55.00  0.00 60.00  0.00 3792.10 
4  10.00  0.00 15.00  0.00 60.00  0.00 65.00  0.00 4741.86 
4  10.00  0.00 15.00  0.00 65.00  0.00 70.00  0.00 5008.97 
4  10.00  0.00 15.00  0.00 70.00  0.00 75.00  0.00 6090.23 
4  10.00  0.00 15.00  0.00 75.00  0.00 80.00  0.00 6364.01 
4  10.00  0.00 15.00  0.00 80.00  0.00 85.00  0.00 6419.09 
4  10.00  0.00 15.00  0.00 85.00  0.00 90.00  0.00 6505.53 
4  10.00  0.00 15.00  0.00 90.00  0.00 95.00  0.00 7997.45 
4  10.00  0.00 15.00  0.00 95.00  0.00 100.00  0.00 6710.59 
4  10.00  0.00 15.00  0.00 100.00  0.00 105.00  0.00 8808.34 
4  10.00  0.00 15.00  0.00 105.00  0.00 110.00  0.00 9945.83 
4  10.00  0.00 15.00  0.00 110.00  0.00 115.00  0.00 8343.17 
4  10.00  0.00 15.00  0.00 115.00  0.00 120.00  0.00 9865.32 
4  10.00  0.00 15.00  0.00 120.00  0.00 125.00  0.00 9620.35 
4  10.00  0.00 15.00  0.00 125.00  0.00 130.00  0.00 8743.27 
4  10.00  0.00 15.00  0.00 130.00  0.00 135.00  0.00 10517.55 
4  10.00  0.00 15.00  0.00 135.00  0.00 140.00  0.00 11847.97 
4  10.00  0.00 15.00  0.00 140.00  0.00 145.00  0.00 11565.50 
4  10.00  0.00 15.00  0.00 145.00  0.00 150.00  0.00 11618.86 
4  10.00  0.00 15.00  0.00 150.00  0.00 155.00  0.00 13422.63 
4  10.00  0.00 15.00  0.00 155.00  0.00 160.00  0.00 13728.17 
4  10.00  0.00 15.00  0.00 160.00  0.00 165.00  0.00 15249.67 
4  10.00  0.00 15.00  0.00 165.00  0.00 170.00  0.00 17114.06 
4  10.00  0.00 15.00  0.00 170.00  0.00 175.00  0.00 16644.82 
4  10.00  0.00 15.00  0.00 175.00  0.00 180.00  0.00 16260.48 
4  10.00  0.00 15.00  0.00 180.00  0.00 185.00  0.00 17240.99 
4  10.00  0.00 15.00  0.00 185.00  0.00 190.00  0.00 18338.72 
4  10.00  0.00 15.00  0.00 190.00  0.00 195.00  0.00 18741.48 
4  10.00  0.00 15.00  0.00 195.00  0.00 200.00  0.00 18196.55 
4  10.00  0.00 15.00  0.00 200.00  0.00 205.00  0.00 18049.81 
4  10.00  0.00 15.00  0.00 205.00  0.00 210.00  0.00 17157.63 
4  10.00  0.00 15.00  0.00 210.00  0.00 215.00  0.00 17630.24 
4  10.00  0.00 15.00  0.00 215.00  0.00 220.00  0.00 16060.89 
4  10.00  0.00 15.00  0.00 220.00  0.00 225.00  0.00 16043.58 
4  10.00  0.00 15.00  0.00 225.00  0.00 230.00  0.00 13186.01 
4  10.00  0.00 15.00  0.00 230.00  0.00 235.00  0.00 13542.74 
4  15.00  0.00 20.00  0.00 25.00  0.00 30.00  0.00 845.89 
4  15.00  0.00 20.00  0.00 30.00  0.00 35.00  0.00 1312.74 
4  15.00  0.00 20.00  0.00 35.00  0.00 40.00  0.00 1676.63 
4  15.00  0.00 20.00  0.00 40.00  0.00 45.00  0.00 2113.06 
4  15.00  0.00 20.00  0.00 45.00  0.00 50.00  0.00 2312.52 
4  15.00  0.00 20.00  0.00 50.00  0.00 55.00  0.00 2869.17 
4  15.00  0.00 20.00  0.00 55.00  0.00 60.00  0.00 3074.66 
4  15.00  0.00 20.00  0.00 60.00  0.00 65.00  0.00 3891.46 
4  15.00  0.00 20.00  0.00 65.00  0.00 70.00  0.00 4156.18 
4  15.00  0.00 20.00  0.00 70.00  0.00 75.00  0.00 5091.52 
4  15.00  0.00 20.00  0.00 75.00  0.00 80.00  0.00 5303.04 
4  15.00  0.00 20.00  0.00 80.00  0.00 85.00  0.00 5410.79 
4  15.00  0.00 20.00  0.00 85.00  0.00 90.00  0.00 5537.21 
4  15.00  0.00 20.00  0.00 90.00  0.00 95.00  0.00 6910.62 
4  15.00  0.00 20.00  0.00 95.00  0.00 100.00  0.00 5786.05 
4  15.00  0.00 20.00  0.00 100.00  0.00 105.00  0.00 7646.22 
4  15.00  0.00 20.00  0.00 105.00  0.00 110.00  0.00 8740.11 
4  15.00  0.00 20.00  0.00 110.00  0.00 115.00  0.00 7286.01 
4  15.00  0.00 20.00  0.00 115.00  0.00 120.00  0.00 8729.90 
4  15.00  0.00 20.00  0.00 120.00  0.00 125.00  0.00 8452.43 
4  15.00  0.00 20.00  0.00 125.00  0.00 130.00  0.00 7773.64 
4  15.00  0.00 20.00  0.00 130.00  0.00 135.00  0.00 9273.80 
4  15.00  0.00 20.00  0.00 135.00  0.00 140.00  0.00 10576.24 
4  15.00  0.00 20.00  0.00 140.00  0.00 145.00  0.00 10213.90 
4  15.00  0.00 20.00  0.00 145.00  0.00 150.00  0.00 10426.49 
4  15.00  0.00 20.00  0.00 150.00  0.00 155.00  0.00 11908.58 
4  15.00  0.00 20.00  0.00 155.00  0.00 160.00  0.00 12455.28 
4  15.00  0.00 20.00  0.00 160.00  0.00 165.00  0.00 13642.55 
4  15.00  0.00 20.00  0.00 165.00  0.00 170.00  0.00 15608.37 
4  15.00  0.00 20.00  0.00 170.00  0.00 175.00  0.00 14746.13 
4  15.00  0.00 20.00  0.00 175.00  0.00 180.00  0.00 14986.12 
4  15.00  0.00 20.00  0.00 180.00  0.00 185.00  0.00 15252.34 
4  15.00  0.00 20.00  0.00 185.00  0.00 190.00  0.00 16917.96 
4  15.00  0.00 20.00  0.00 190.00  0.00 195.00  0.00 16608.70 
4  15.00  0.00 20.00  0.00 195.00  0.00 200.00  0.00 16746.44 
4  15.00  0.00 20.00  0.00 200.00  0.00 205.00  0.00 16051.69 
4  15.00  0.00 20.00  0.00 205.00  0.00 210.00  0.00 15908.25 
4  15.00  0.00 20.00  0.00 210.00  0.00 215.00  0.00 15516.34 
4  15.00  0.00 20.00  0.00 215.00  0.00 220.00  0.00 15083.31 
4  15.00  0.00 20.00  0.00 220.00  0.00 225.00  0.00 14045.21 
4  15.00  0.00 20.00  0.00 225.00  0.00 230.00  0.00 12464.84 
4  15.00  0.00 20.00  0.00 230.00  0.00 235.00  0.00 11523.87 
4  20.00  0.00 25.00  0.00 30.00  0.00 35.00  0.00 997.80 
4  20.00  0.00 25.00  0.00 35.00  0.00 40.00  0.00 1536.80 
4  20.00  0.00 25.00  0.00 40.00  0.00 45.00  0.00 2127.30 
4  20.00  0.00 25.00  0.00 45.00  0.00 50.00  0.00 2455.57 
4  20.00  0.00 25.00  0.00 50.00  0.00 55.00  0.00 3162.97 
4  20.00  0.00 25.00  0.00 55.00  0.00 60.00  0.00 3462.09 
4  20.00  0.00 25.00  0.00 60.00  0.00 65.00  0.00 4375.83 
4  20.00  0.00 25.00  0.00 65.00  0.00 70.00  0.00 4667.20 
4  20.00  0.00 25.00  0.00 70.00  0.00 75.00  0.00 5763.62 
4  20.00  0.00 25.00  0.00 75.00  0.00 80.00  0.00 6035.88 
4  20.00  0.00 25.00  0.00 80.00  0.00 85.00  0.00 6172.71 
4  20.00  0.00 25.00  0.00 85.00  0.00 90.00  0.00 6304.59 
4  20.00  0.00 25.00  0.00 90.00  0.00 95.00  0.00 7683.61 
4  20.00  0.00 25.00  0.00 95.00  0.00 100.00  0.00 6624.09 
4  20.00  0.00 25.00  0.00 100.00  0.00 105.00  0.00 8631.64 
4  20.00  0.00 25.00  0.00 105.00  0.00 110.00  0.00 9778.30 
4  20.00  0.00 25.00  0.00 110.00  0.00 115.00  0.00 8343.42 
4  20.00  0.00 25.00  0.00 115.00  0.00 120.00  0.00 9922.71 
4  20.00  0.00 25.00  0.00 120.00  0.00 125.00  0.00 9685.89 
4  20.00  0.00 25.00  0.00 125.00  0.00 130.00  0.00 8881.12 
4  20.00  0.00 25.00  0.00 130.00  0.00 135.00  0.00 10669.76 
4  20.00  0.00 25.00  0.00 135.00  0.00 140.00  0.00 12130.10 
4  20.00  0.00 25.00  0.00 140.00  0.00 145.00  0.00 11826.40 
4  20.00  0.00 25.00  0.00 145.00  0.00 150.00  0.00 12016.75 
4  20.00  0.00 25.00  0.00 150.00  0.00 155.00  0.00 13836.35 
4  20.00  0.00 25.00  0.00 155.00  0.00 160.00  0.00 14355.65 
4  20.00  0.00 25.00  0.00 160.00  0.00 165.00  0.00 15918.79 
4  20.00  0.00 25.00  0.00 165.00  0.00 170.00  0.00 18026.79 
4  20.00  0.00 25.00  0.00 170.00  0.00 175.00  0.00 17445.24 
4  20.00  0.00 25.00  0.00 175.00  0.00 180.00  0.00 17375.09 
4  20.00  0.00 25.00  0.00 180.00  0.00 185.00  0.00 18146.01 
4  20.00  0.00 25.00  0.00 185.00  0.00 190.00  0.00 19742.09 
4  20.00  0.00 25.00  0.00 190.00  0.00 195.00  0.00 19885.50 
4  20.00  0.00 25.00  0.00 195.00  0.00 200.00  0.00 19721.78 
4  20.00  0.00 25.00  0.00 200.00  0.00 205.00  0.00 19271.37 
4  20.00  0.00 25.00  0.00 205.00  0.00 210.00  0.00 18730.64 
4  20.00  0.00 25.00  0.00 210.00  0.00 215.00  0.00 18939.76 
4  20.00  0.00 25.00  0.00 215.00  0.00 220.00  0.00 17749.38 
4  20.00  0.00 25.00  0.00 220.00  0.00 225.00  0.00 17139.72 
4  20.00  0.00 25.00  0.00 225.00  0.00 230.00  0.00 14707.50 
4  20.00  0.00 25.00  0.00 230.00  0.00 235.00  0.00 14451.31 
4  25.00  0.00 30.00  0.00 35.00  0.00 40.00  0.00 908.67 
4  25.00  0.00 30.00  0.00 40.00  0.00 45.00  0.00 1564.00 
4  25.00  0.00 30.00  0.00 45.00  0.00 50.00  0.00 1948.85 
4  25.00  0.00 30.00  0.00 50.00  0.00 55.00  0.00 2655.64 
4  25.00  0.00 30.00  0.00 55.00  0.00 60.00  0.00 3021.07 
4  25.00  0.00 30.00  0.00 60.00  0.00 65.00  0.00 3890.67 
4  25.00  0.00 30.00  0.00 65.00  0.00 70.00  0.00 4182.72 
4  25.00  0.00 30.00  0.00 70.00  0.00 75.00  0.00 5198.65 
4  25.00  0.00 30.00  0.00 75.00  0.00 80.00  0.00 5504.13 
4  25.00  0.00 30.00  0.00 80.00  0.00 85.00  0.00 5659.71 
4  25.00  0.00 30.00  0.00 85.00  0.00 90.00  0.00 5818.46 
4  25.00  0.00 30.00  0.00 90.00  0.00 95.00  0.00 7084.54 
4  25.00  0.00 30.00  0.00 95.00  0.00 100.00  0.00 6173.34 
4  25.00  0.00 30.00  0.00 100.00  0.00 105.00  0.00 8029.46 
4  25.00  0.00 30.00  0.00 105.00  0.00 110.00  0.00 9136.18 
4  25.00  0.00 30.00  0.00 110.00  0.00 115.00  0.00 7834.08 
4  25.00  0.00 30.00  0.00 115.00  0.00 120.00  0.00 9370.52 
4  25.00  0.00 30.00  0.00 120.00  0.00 125.00  0.00 9139.34 
4  25.00  0.00 30.00  0.00 125.00  0.00 130.00  0.00 8427.09 
4  25.00  0.00 30.00  0.00 130.00  0.00 135.00  0.00 10120.35 
4  25.00  0.00 30.00  0.00 135.00  0.00 140.00  0.00 11568.88 
4  25.00  0.00 30.00  0.00 140.00  0.00 145.00  0.00 11259.10 
4  25.00  0.00 30.00  0.00 145.00  0.00 150.00  0.00 11517.58 
4  25.00  0.00 30.00  0.00 150.00  0.00 155.00  0.00 13212.80 
4  25.00  0.00 30.00  0.00 155.00  0.00 160.00  0.00 13847.65 
4  25.00  0.00 30.00  0.00 160.00  0.00 165.00  0.00 15278.95 
4  25.00  0.00 30.00  0.00 165.00  0.00 170.00  0.00 17463.21 
4  25.00  0.00 30.00  0.00 170.00  0.00 175.00  0.00 16770.71 
4  25.00  0.00 30.00  0.00 175.00  0.00 180.00  0.00 16981.34 
4  25.00  0.00 30.00  0.00 180.00  0.00 185.00  0.00 17522.22 
4  25.00  0.00 30.00  0.00 185.00  0.00 190.00  0.00 19364.78 
4  25.00  0.00 30.00  0.00 190.00  0.00 195.00  0.00 19281.80 
4  25.00  0.00 30.00  0.00 195.00  0.00 200.00  0.00 19426.16 
4  25.00  0.00 30.00  0.00 200.00  0.00 205.00  0.00 18740.77 
4  25.00  0.00 30.00  0.00 205.00  0.00 210.00  0.00 18468.91 
4  25.00  0.00 30.00  0.00 210.00  0.00 215.00  0.00 18328.82 
4  25.00  0.00 30.00  0.00 215.00  0.00 220.00  0.00 17609.54 
4  25.00  0.00 30.00  0.00 220.00  0.00 225.00  0.00 16696.81 
4  25.00  0.00 30.00  0.00 225.00  0.00 230.00  0.00 14671.19 
4  25.00  0.00 30.00  0.00 230.00  0.00 235.00  0.00 13831.04 
4  30.00  0.00 35.00  0.00 40.00  0.00 45.00  0.00 973.93 
4  30.00  0.00 35.00  0.00 45.00  0.00 50.00  0.00 1466.32 
4  30.00  0.00 35.00  0.00 50.00  0.00 55.00  0.00 2202.32 
4  30.00  0.00 35.00  0.00 55.00  0.00 60.00  0.00 2661.03 
4  30.00  0.00 35.00  0.00 60.00  0.00 65.00  0.00 3549.04 
4  30.00  0.00 35.00  0.00 65.00  0.00 70.00  0.00 3887.08 
4  30.00  0.00 35.00  0.00 70.00  0.00 75.00  0.00 4885.58 
4  30.00  0.00 35.00  0.00 75.00  0.00 80.00  0.00 5236.86 
4  30.00  0.00 35.00  0.00 80.00  0.00 85.00  0.00 5442.37 
4  30.00  0.00 35.00  0.00 85.00  0.00 90.00  0.00 5639.93 
4  30.00  0.00 35.00  0.00 90.00  0.00 95.00  0.00 6893.68 
4  30.00  0.00 35.00  0.00 95.00  0.00 100.00  0.00 6067.16 
4  30.00  0.00 35.00  0.00 100.00  0.00 105.00  0.00 7910.21 
4  30.00  0.00 35.00  0.00 105.00  0.00 110.00  0.00 9028.28 
4  30.00  0.00 35.00  0.00 110.00  0.00 115.00  0.00 7806.33 
4  30.00  0.00 35.00  0.00 115.00  0.00 120.00  0.00 9350.71 
4  30.00  0.00 35.00  0.00 120.00  0.00 125.00  0.00 9174.93 
4  30.00  0.00 35.00  0.00 125.00  0.00 130.00  0.00 8464.25 
4  30.00  0.00 35.00  0.00 130.00  0.00 135.00  0.00 10208.93 
4  30.00  0.00 35.00  0.00 135.00  0.00 140.00  0.00 11691.11 
4  30.00  0.00 35.00  0.00 140.00  0.00 145.00  0.00 11431.64 
4  30.00  0.00 35.00  0.00 145.00  0.00 150.00  0.00 11705.69 
4  30.00  0.00 35.00  0.00 150.00  0.00 155.00  0.00 13524.07 
4  30.00  0.00 35.00  0.00 155.00  0.00 160.00  0.00 14138.18 
4  30.00  0.00 35.00  0.00 160.00  0.00 165.00  0.00 15720.83 
4  30.00  0.00 35.00  0.00 165.00  0.00 170.00  0.00 17949.51 
4  30.00  0.00 35.00  0.00 170.00  0.00 175.00  0.00 17327.57 
4  30.00  0.00 35.00  0.00 175.00  0.00 180.00  0.00 17481.62 
4  30.00  0.00 35.00  0.00 180.00  0.00 185.00  0.00 18211.13 
4  30.00  0.00 35.00  0.00 185.00  0.00 190.00  0.00 19959.84 
4  30.00  0.00 35.00  0.00 190.00  0.00 195.00  0.00 20119.00 
4  30.00  0.00 35.00  0.00 195.00  0.00 200.00  0.00 20057.20 
4  30.00  0.00 35.00  0.00 200.00  0.00 205.00  0.00 19619.62 
4  30.00  0.00 35.00  0.00 205.00  0.00 210.00  0.00 19202.47 
4  30.00  0.00 35.00  0.00 210.00  0.00 215.00  0.00 19326.00 
4  30.00  0.00 35.00  0.00 215.00  0.00 220.00  0.00 18306.51 
4  30.00  0.00 35.00  0.00 220.00  0.00 225.00  0.00 17510.94 
4  30.00  0.00 35.00  0.00 225.00  0.00 230.00  0.00 15255.05 
4  30.00  0.00 35.00  0.00 230.00  0.00 235.00  0.00 14730.89 
4  35.00  0.00 40.00  0.00 45.00  0.00 50.00  0.00 821.11 
4  35.00  0.00 40.00  0.00 50.00  0.00 55.00  0.00 1559.53 
4  35.00  0.00 40.00  0.00 55.00  0.00 60.00  0.00 2106.26 
4  35.00  0.00 40.00  0.00 60.00  0.00 65.00  0.00 2978.57 
4  35.00  0.00 40.00  0.00 65.00  0.00 70.00  0.00 3356.46 
4  35.00  0.00 40.00  0.00 70.00  0.00 75.00  0.00 4307.41 
4  35.00  0.00 40.00  0.00 75.00  0.00 80.00  0.00 4704.40 
4  35.00  0.00 40.00  0.00 80.00  0.00 85.00  0.00 4947.24 
4  35.00  0.00 40.00  0.00 85.00  0.00 90.00  0.00 5175.12 
4  35.00  0.00 40.00  0.00 90.00  0.00 95.00  0.00 6291.52 
4  35.00  0.00 40.00  0.00 95.00  0.00 100.00  0.00 5657.09 
4  35.00  0.00 40.00  0.00 100.00  0.00 105.00  0.00 7329.97 
4  35.00  0.00 40.00  0.00 105.00  0.00 110.00  0.00 8383.51 
4  35.00  0.00 40.00  0.00 110.00  0.00 115.00  0.00 7334.57 
4  35.00  0.00 40.00  0.00 115.00  0.00 120.00  0.00 8819.46 
4  35.00  0.00 40.00  0.00 120.00  0.00 125.00  0.00 8663.90 
4  35.00  0.00 40.00  0.00 125.00  0.00 130.00  0.00 8049.17 
4  35.00  0.00 40.00  0.00 130.00  0.00 135.00  0.00 9704.61 
4  35.00  0.00 40.00  0.00 135.00  0.00 140.00  0.00 11169.61 
4  35.00  0.00 40.00  0.00 140.00  0.00 145.00  0.00 10934.93 
4  35.00  0.00 40.00  0.00 145.00  0.00 150.00  0.00 11267.36 
4  35.00  0.00 40.00  0.00 150.00  0.00 155.00  0.00 12986.76 
4  35.00  0.00 40.00  0.00 155.00  0.00 160.00  0.00 13695.17 
4  35.00  0.00 40.00  0.00 160.00  0.00 165.00  0.00 15163.83 
4  35.00  0.00 40.00  0.00 165.00  0.00 170.00  0.00 17472.25 
4  35.00  0.00 40.00  0.00 170.00  0.00 175.00  0.00 16816.53 
4  35.00  0.00 40.00  0.00 175.00  0.00 180.00  0.00 17166.53 
4  35.00  0.00 40.00  0.00 180.00  0.00 185.00  0.00 17745.97 
4  35.00  0.00 40.00  0.00 185.00  0.00 190.00  0.00 19750.95 
4  35.00  0.00 40.00  0.00 190.00  0.00 195.00  0.00 19703.23 
4  35.00  0.00 40.00  0.00 195.00  0.00 200.00  0.00 19919.17 
4  35.00  0.00 40.00  0.00 200.00  0.00 205.00  0.00 19323.65 
4  35.00  0.00 40.00  0.00 205.00  0.00 210.00  0.00 19171.90 
4  35.00  0.00 40.00  0.00 210.00  0.00 215.00  0.00 18938.48 
4  35.00  0.00 40.00  0.00 215.00  0.00 220.00  0.00 18427.55 
4  35.00  0.00 40.00  0.00 220.00  0.00 225.00  0.00 17355.03 
4  35.00  0.00 40.00  0.00 225.00  0.00 230.00  0.00 15433.77 
4  35.00  0.00 40.00  0.00 230.00  0.00 235.00  0.00 14480.95 
4  40.00  0.00 45.00  0.00 50.00  0.00 55.00  0.00 875.35 
4  40.00  0.00 45.00  0.00 55.00  0.00 60.00  0.00 1511.59 
4  40.00  0.00 45.00  0.00 60.00  0.00 65.00  0.00 2374.56 
4  40.00  0.00 45.00  0.00 65.00  0.00 70.00  0.00 2821.77 
4  40.00  0.00 45.00  0.00 70.00  0.00 75.00  0.00 3725.10 
4  40.00  0.00 45.00  0.00 75.00  0.00 80.00  0.00 4162.15 
4  40.00  0.00 45.00  0.00 80.00  0.00 85.00  0.00 4460.02 
4  40.00  0.00 45.00  0.00 85.00  0.00 90.00  0.00 4728.22 
4  40.00  0.00 45.00  0.00 90.00  0.00 95.00  0.00 5760.65 
4  40.00  0.00 45.00  0.00 95.00  0.00 100.00  0.00 5267.53 
4  40.00  0.00 45.00  0.00 100.00  0.00 105.00  0.00 6824.95 
4  40.00  0.00 45.00  0.00 105.00  0.00 110.00  0.00 7823.46 
4  40.00  0.00 45.00  0.00 110.00  0.00 115.00  0.00 6933.99 
4  40.00  0.00 45.00  0.00 115.00  0.00 120.00  0.00 8352.46 
4  40.00  0.00 45.00  0.00 120.00  0.00 125.00  0.00 8263.31 
4  40.00  0.00 45.00  0.00 125.00  0.00 130.00  0.00 7686.46 
4  40.00  0.00 45.00  0.00 130.00  0.00 135.00  0.00 9329.78 
4  40.00  0.00 45.00  0.00 135.00  0.00 140.00  0.00 10751.15 
4  40.00  0.00 45.00  0.00 140.00  0.00 145.00  0.00 10579.97 
4  40.00  0.00 45.00  0.00 145.00  0.00 150.00  0.00 10908.47 
4  40.00  0.00 45.00  0.00 150.00  0.00 155.00  0.00 12665.37 
4  40.00  0.00 45.00  0.00 155.00  0.00 160.00  0.00 13330.24 
4  40.00  0.00 45.00  0.00 160.00  0.00 165.00  0.00 14888.27 
4  40.00  0.00 45.00  0.00 165.00  0.00 170.00  0.00 17119.94 
4  40.00  0.00 45.00  0.00 170.00  0.00 175.00  0.00 16661.03 
4  40.00  0.00 45.00  0.00 175.00  0.00 180.00  0.00 16893.21 
4  40.00  0.00 45.00  0.00 180.00  0.00 185.00  0.00 17677.49 
4  40.00  0.00 45.00  0.00 185.00  0.00 190.00  0.00 19524.53 
4  40.00  0.00 45.00  0.00 190.00  0.00 195.00  0.00 19753.01 
4  40.00  0.00 45.00  0.00 195.00  0.00 200.00  0.00 19813.08 
4  40.00  0.00 45.00  0.00 200.00  0.00 205.00  0.00 19448.46 
4  40.00  0.00 45.00  0.00 205.00  0.00 210.00  0.00 19151.30 
4  40.00  0.00 45.00  0.00 210.00  0.00 215.00  0.00 19282.83 
4  40.00  0.00 45.00  0.00 215.00  0.00 220.00  0.00 18435.93 
4  40.00  0.00 45.00  0.00 220.00  0.00 225.00  0.00 17632.33 
4  40.00  0.00 45.00  0.00 225.00  0.00 230.00  0.00 15414.95 
4  40.00  0.00 45.00  0.00 230.00  0.00 235.00  0.00 14854.68 
4  45.00  0.00 50.00  0.00 55.00  0.00 60.00  0.00 815.55 
4  45.00  0.00 50.00  0.00 60.00  0.00 65.00  0.00 1612.50 
4  45.00  0.00 50.00  0.00 65.00  0.00 70.00  0.00 2096.58 
4  45.00  0.00 50.00  0.00 70.00  0.00 75.00  0.00 2883.47 
4  45.00  0.00 50.00  0.00 75.00  0.00 80.00  0.00 3306.26 
4  45.00  0.00 50.00  0.00 80.00  0.00 85.00  0.00 3627.23 
4  45.00  0.00 50.00  0.00 85.00  0.00 90.00  0.00 3918.11 
4  45.00  0.00 50.00  0.00 90.00  0.00 95.00  0.00 4839.79 
4  45.00  0.00 50.00  0.00 95.00  0.00 100.00  0.00 4462.67 
4  45.00  0.00 50.00  0.00 100.00  0.00 105.00  0.00 5816.94 
4  45.00  0.00 50.00  0.00 105.00  0.00 110.00  0.00 6720.49 
4  45.00  0.00 50.00  0.00 110.00  0.00 115.00  0.00 5968.58 
4  45.00  0.00 50.00  0.00 115.00  0.00 120.00  0.00 7333.29 
4  45.00  0.00 50.00  0.00 120.00  0.00 125.00  0.00 7222.73 
4  45.00  0.00 50.00  0.00 125.00  0.00 130.00  0.00 6756.49 
4  45.00  0.00 50.00  0.00 130.00  0.00 135.00  0.00 8212.18 
4  45.00  0.00 50.00  0.00 135.00  0.00 140.00  0.00 9518.21 
4  45.00  0.00 50.00  0.00 140.00  0.00 145.00  0.00 9377.44 
4  45.00  0.00 50.00  0.00 145.00  0.00 150.00  0.00 9749.58 
4  45.00  0.00 50.00  0.00 150.00  0.00 155.00  0.00 11331.09 
4  45.00  0.00 50.00  0.00 155.00  0.00 160.00  0.00 12023.15 
4  45.00  0.00 50.00  0.00 160.00  0.00 165.00  0.00 13410.49 
4  45.00  0.00 50.00  0.00 165.00  0.00 170.00  0.00 15560.12 
4  45.00  0.00 50.00  0.00 170.00  0.00 175.00  0.00 15055.16 
4  45.00  0.00 50.00  0.00 175.00  0.00 180.00  0.00 15433.07 
4  45.00  0.00 50.00  0.00 180.00  0.00 185.00  0.00 16067.03 
4  45.00  0.00 50.00  0.00 185.00  0.00 190.00  0.00 17981.85 
4  45.00  0.00 50.00  0.00 190.00  0.00 195.00  0.00 18001.60 
4  45.00  0.00 50.00  0.00 195.00  0.00 200.00  0.00 18272.80 
4  45.00  0.00 50.00  0.00 200.00  0.00 205.00  0.00 17819.09 
4  45.00  0.00 50.00  0.00 205.00  0.00 210.00  0.00 17698.88 
4  45.00  0.00 50.00  0.00 210.00  0.00 215.00  0.00 17631.25 
4  45.00  0.00 50.00  0.00 215.00  0.00 220.00  0.00 17145.13 
4  45.00  0.00 50.00  0.00 220.00  0.00 225.00  0.00 16206.90 
4  45.00  0.00 50.00  0.00 225.00  0.00 230.00  0.00 14452.90 
4  45.00  0.00 50.00  0.00 230.00  0.00 235.00  0.00 13590.15 
4  50.00  0.00 55.00  0.00 60.00  0.00 65.00  0.00 977.54 
4  50.00  0.00 55.00  0.00 65.00  0.00 70.00  0.00 1558.70 
4  50.00  0.00 55.00  0.00 70.00  0.00 75.00  0.00 2334.40 
4  50.00  0.00 55.00  0.00 75.00  0.00 80.00  0.00 2839.51 
4  50.00  0.00 55.00  0.00 80.00  0.00 85.00  0.00 3235.65 
4  50.00  0.00 55.00  0.00 85.00  0.00 90.00  0.00 3586.36 
4  50.00  0.00 55.00  0.00 90.00  0.00 95.00  0.00 4495.36 
4  50.00  0.00 55.00  0.00 95.00  0.00 100.00  0.00 4219.76 
4  50.00  0.00 55.00  0.00 100.00  0.00 105.00  0.00 5530.08 
4  50.00  0.00 55.00  0.00 105.00  0.00 110.00  0.00 6441.76 
4  50.00  0.00 55.00  0.00 110.00  0.00 115.00  0.00 5803.51 
4  50.00  0.00 55.00  0.00 115.00  0.00 120.00  0.00 7023.47 
4  50.00  0.00 55.00  0.00 120.00  0.00 125.00  0.00 7052.00 
4  50.00  0.00 55.00  0.00 125.00  0.00 130.00  0.00 6614.04 
4  50.00  0.00 55.00  0.00 130.00  0.00 135.00  0.00 8090.38 
4  50.00  0.00 55.00  0.00 135.00  0.00 140.00  0.00 9394.50 
4  50.00  0.00 55.00  0.00 140.00  0.00 145.00  0.00 9316.36 
4  50.00  0.00 55.00  0.00 145.00  0.00 150.00  0.00 9688.10 
4  50.00  0.00 55.00  0.00 150.00  0.00 155.00  0.00 11336.16 
4  50.00  0.00 55.00  0.00 155.00  0.00 160.00  0.00 12044.21 
4  50.00  0.00 55.00  0.00 160.00  0.00 165.00  0.00 13524.25 
4  50.00  0.00 55.00  0.00 165.00  0.00 170.00  0.00 15696.84 
4  50.00  0.00 55.00  0.00 170.00  0.00 175.00  0.00 15288.20 
4  50.00  0.00 55.00  0.00 175.00  0.00 180.00  0.00 15655.10 
4  50.00  0.00 55.00  0.00 180.00  0.00 185.00  0.00 16435.76 
4  50.00  0.00 55.00  0.00 185.00  0.00 190.00  0.00 18291.17 
4  50.00  0.00 55.00  0.00 190.00  0.00 195.00  0.00 18509.89 
4  50.00  0.00 55.00  0.00 195.00  0.00 200.00  0.00 18706.92 
4  50.00  0.00 55.00  0.00 200.00  0.00 205.00  0.00 18398.90 
4  50.00  0.00 55.00  0.00 205.00  0.00 210.00  0.00 18255.00 
4  50.00  0.00 55.00  0.00 210.00  0.00 215.00  0.00 18368.28 
4  50.00  0.00 55.00  0.00 215.00  0.00 220.00  0.00 17757.05 
4  50.00  0.00 55.00  0.00 220.00  0.00 225.00  0.00 16896.20 
4  50.00  0.00 55.00  0.00 225.00  0.00 230.00  0.00 14869.33 
4  50.00  0.00 55.00  0.00 230.00  0.00 235.00  0.00 14207.69 
4  55.00  0.00 60.00  0.00 65.00  0.00 70.00  0.00 874.42 
4  55.00  0.00 60.00  0.00 70.00  0.00 75.00  0.00 1556.90 
4  55.00  0.00 60.00  0.00 75.00  0.00 80.00  0.00 2070.91 
4  55.00  0.00 60.00  0.00 80.00  0.00 85.00  0.00 2494.34 
4  55.00  0.00 60.00  0.00 85.00  0.00 90.00  0.00 2875.02 
4  55.00  0.00 60.00  0.00 90.00  0.00 95.00  0.00 3639.49 
4  55.00  0.00 60.00  0.00 95.00  0.00 100.00  0.00 3527.24 
4  55.00  0.00 60.00  0.00 100.00  0.00 105.00  0.00 4608.31 
4  55.00  0.00 60.00  0.00 105.00  0.00 110.00  0.00 5380.82 
4  55.00  0.00 60.00  0.00 110.00  0.00 115.00  0.00 4937.42 
4  55.00  0.00 60.00  0.00 115.00  0.00 120.00  0.00 6027.27 
4  55.00  0.00 60.00  0.00 120.00  0.00 125.00  0.00 6053.48 
4  55.00  0.00 60.00  0.00 125.00  0.00 130.00  0.00 5710.64 
4  55.00  0.00 60.00  0.00 130.00  0.00 135.00  0.00 6990.20 
4  55.00  0.00 60.00  0.00 135.00  0.00 140.00  0.00 8173.04 
4  55.00  0.00 60.00  0.00 140.00  0.00 145.00  0.00 8108.31 
4  55.00  0.00 60.00  0.00 145.00  0.00 150.00  0.00 8483.58 
4  55.00  0.00 60.00  0.00 150.00  0.00 155.00  0.00 9928.97 
4  55.00  0.00 60.00  0.00 155.00  0.00 160.00  0.00 10594.84 
4  55.00  0.00 60.00  0.00 160.00  0.00 165.00  0.00 11920.54 
4  55.00  0.00 60.00  0.00 165.00  0.00 170.00  0.00 13896.54 
4  55.00  0.00 60.00  0.00 170.00  0.00 175.00  0.00 13565.61 
4  55.00  0.00 60.00  0.00 175.00  0.00 180.00  0.00 14020.92 
4  55.00  0.00 60.00  0.00 180.00  0.00 185.00  0.00 14672.95 
4  55.00  0.00 60.00  0.00 185.00  0.00 190.00  0.00 16476.18 
4  55.00  0.00 60.00  0.00 190.00  0.00 195.00  0.00 16705.00 
4  55.00  0.00 60.00  0.00 195.00  0.00 200.00  0.00 16953.21 
4  55.00  0.00 60.00  0.00 200.00  0.00 205.00  0.00 16669.45 
4  55.00  0.00 60.00  0.00 205.00  0.00 210.00  0.00 16564.15 
4  55.00  0.00 60.00  0.00 210.00  0.00 215.00  0.00 16695.49 
4  55.00  0.00 60.00  0.00 215.00  0.00 220.00  0.00 16148.23 
4  55.00  0.00 60.00  0.00 220.00  0.00 225.00  0.00 15454.09 
4  55.00  0.00 60.00  0.00 225.00  0.00 230.00  0.00 13668.91 
4  55.00  0.00 60.00  0.00 230.00  0.00 235.00  0.00 13048.00 
4  60.00  0.00 65.00  0.00 70.00  0.00 75.00  0.00 1208.61 
4  60.00  0.00 65.00  0.00 75.00  0.00 80.00  0.00 1824.39 
4  60.00  0.00 65.00  0.00 80.00  0.00 85.00  0.00 2362.40 
4  60.00  0.00 65.00  0.00 85.00  0.00 90.00  0.00 2866.34 
4  60.00  0.00 65.00  0.00 90.00  0.00 95.00  0.00 3656.52 
4  60.00  0.00 65.00  0.00 95.00  0.00 100.00  0.00 3717.35 
4  60.00  0.00 65.00  0.00 100.00  0.00 105.00  0.00 4786.97 
4  60.00  0.00 65.00  0.00 105.00  0.00 110.00  0.00 5556.20 
4  60.00  0.00 65.00  0.00 110.00  0.00 115.00  0.00 5251.00 
4  60.00  0.00 65.00  0.00 115.00  0.00 120.00  0.00 6375.41 
4  60.00  0.00 65.00  0.00 120.00  0.00 125.00  0.00 6425.31 
4  60.00  0.00 65.00  0.00 125.00  0.00 130.00  0.00 6072.52 
4  60.00  0.00 65.00  0.00 130.00  0.00 135.00  0.00 7442.42 
4  60.00  0.00 65.00  0.00 135.00  0.00 140.00  0.00 8697.39 
4  60.00  0.00 65.00  0.00 140.00  0.00 145.00  0.00 8663.80 
4  60.00  0.00 65.00  0.00 145.00  0.00 150.00  0.00 9053.63 
4  60.00  0.00 65.00  0.00 150.00  0.00 155.00  0.00 10610.86 
4  60.00  0.00 65.00  0.00 155.00  0.00 160.00  0.00 11291.19 
4  60.00  0.00 65.00  0.00 160.00  0.00 165.00  0.00 12760.78 
4  60.00  0.00 65.00  0.00 165.00  0.00 170.00  0.00 14891.68 
4  60.00  0.00 65.00  0.00 170.00  0.00 175.00  0.00 14662.73 
4  60.00  0.00 65.00  0.00 175.00  0.00 180.00  0.00 15135.38 
4  60.00  0.00 65.00  0.00 180.00  0.00 185.00  0.00 16000.09 
4  60.00  0.00 65.00  0.00 185.00  0.00 190.00  0.00 17936.23 
4  60.00  0.00 65.00  0.00 190.00  0.00 195.00  0.00 18287.72 
4  60.00  0.00 65.00  0.00 195.00  0.00 200.00  0.00 18631.09 
4  60.00  0.00 65.00  0.00 200.00  0.00 205.00  0.00 18456.06 
4  60.00  0.00 65.00  0.00 205.00  0.00 210.00  0.00 18362.33 
4  60.00  0.00 65.00  0.00 210.00  0.00 215.00  0.00 18534.43 
4  60.00  0.00 65.00  0.00 215.00  0.00 220.00  0.00 18050.96 
4  60.00  0.00 65.00  0.00 220.00  0.00 225.00  0.00 17222.34 
4  60.00  0.00 65.00  0.00 225.00  0.00 230.00  0.00 15339.51 
4  60.00  0.00 65.00  0.00 230.00  0.00 235.00  0.00 14771.40 
4  65.00  0.00 70.00  0.00 75.00  0.00 80.00  0.00 1198.07 
4  65.00  0.00 70.00  0.00 80.00  0.00 85.00  0.00 1740.52 
4  65.00  0.00 70.00  0.00 85.00  0.00 90.00  0.00 2332.18 
4  65.00  0.00 70.00  0.00 90.00  0.00 95.00  0.00 3126.98 
4  65.00  0.00 70.00  0.00 95.00  0.00 100.00  0.00 3292.07 
4  65.00  0.00 70.00  0.00 100.00  0.00 105.00  0.00 4280.95 
4  65.00  0.00 70.00  0.00 105.00  0.00 110.00  0.00 5020.93 
4  65.00  0.00 70.00  0.00 110.00  0.00 115.00  0.00 4830.71 
4  65.00  0.00 70.00  0.00 115.00  0.00 120.00  0.00 5906.62 
4  65.00  0.00 70.00  0.00 120.00  0.00 125.00  0.00 5969.16 
4  65.00  0.00 70.00  0.00 125.00  0.00 130.00  0.00 5686.36 
4  65.00  0.00 70.00  0.00 130.00  0.00 135.00  0.00 6955.13 
4  65.00  0.00 70.00  0.00 135.00  0.00 140.00  0.00 8192.90 
4  65.00  0.00 70.00  0.00 140.00  0.00 145.00  0.00 8140.70 
4  65.00  0.00 70.00  0.00 145.00  0.00 150.00  0.00 8584.07 
4  65.00  0.00 70.00  0.00 150.00  0.00 155.00  0.00 10021.62 
4  65.00  0.00 70.00  0.00 155.00  0.00 160.00  0.00 10803.46 
4  65.00  0.00 70.00  0.00 160.00  0.00 165.00  0.00 12113.81 
4  65.00  0.00 70.00  0.00 165.00  0.00 170.00  0.00 14339.73 
4  65.00  0.00 70.00  0.00 170.00  0.00 175.00  0.00 14003.84 
4  65.00  0.00 70.00  0.00 175.00  0.00 180.00  0.00 14753.17 
4  65.00  0.00 70.00  0.00 180.00  0.00 185.00  0.00 15349.06 
4  65.00  0.00 70.00  0.00 185.00  0.00 190.00  0.00 17658.58 
4  65.00  0.00 70.00  0.00 190.00  0.00 195.00  0.00 17620.26 
4  65.00  0.00 70.00  0.00 195.00  0.00 200.00  0.00 18405.78 
4  65.00  0.00 70.00  0.00 200.00  0.00 205.00  0.00 17907.28 
4  65.00  0.00 70.00  0.00 205.00  0.00 210.00  0.00 18414.69 
4  65.00  0.00 70.00  0.00 210.00  0.00 215.00  0.00 17964.71 
4  65.00  0.00 70.00  0.00 215.00  0.00 220.00  0.00 18231.58 
4  65.00  0.00 70.00  0.00 220.00  0.00 225.00  0.00 16760.44 
4  65.00  0.00 70.00  0.00 225.00  0.00 230.00  0.00 15741.76 
4  65.00  0.00 70.00  0.00 230.00  0.00 235.00  0.00 14258.05 
4  70.00  0.00 75.00  0.00 80.00  0.00 85.00  0.00 1177.09 
4  70.00  0.00 75.00  0.00 85.00  0.00 90.00  0.00 1943.03 
4  70.00  0.00 75.00  0.00 90.00  0.00 95.00  0.00 2867.25 
4  70.00  0.00 75.00  0.00 95.00  0.00 100.00  0.00 3162.86 
4  70.00  0.00 75.00  0.00 100.00  0.00 105.00  0.00 4253.94 
4  70.00  0.00 75.00  0.00 105.00  0.00 110.00  0.00 5112.07 
4  70.00  0.00 75.00  0.00 110.00  0.00 115.00  0.00 4997.62 
4  70.00  0.00 75.00  0.00 115.00  0.00 120.00  0.00 6192.57 
4  70.00  0.00 75.00  0.00 120.00  0.00 125.00  0.00 6320.52 
4  70.00  0.00 75.00  0.00 125.00  0.00 130.00  0.00 6060.07 
4  70.00  0.00 75.00  0.00 130.00  0.00 135.00  0.00 7459.72 
4  70.00  0.00 75.00  0.00 135.00  0.00 140.00  0.00 8834.84 
4  70.00  0.00 75.00  0.00 140.00  0.00 145.00  0.00 8846.58 
4  70.00  0.00 75.00  0.00 145.00  0.00 150.00  0.00 9371.58 
4  70.00  0.00 75.00  0.00 150.00  0.00 155.00  0.00 11006.85 
4  70.00  0.00 75.00  0.00 155.00  0.00 160.00  0.00 11947.33 
4  70.00  0.00 75.00  0.00 160.00  0.00 165.00  0.00 13448.23 
4  70.00  0.00 75.00  0.00 165.00  0.00 170.00  0.00 15984.83 
4  70.00  0.00 75.00  0.00 170.00  0.00 175.00  0.00 15673.50 
4  70.00  0.00 75.00  0.00 175.00  0.00 180.00  0.00 16627.88 
4  70.00  0.00 75.00  0.00 180.00  0.00 185.00  0.00 17341.14 
4  70.00  0.00 75.00  0.00 185.00  0.00 190.00  0.00 19934.87 
4  70.00  0.00 75.00  0.00 190.00  0.00 195.00  0.00 20185.77 
4  70.00  0.00 75.00  0.00 195.00  0.00 200.00  0.00 21009.40 
4  70.00  0.00 75.00  0.00 200.00  0.00 205.00  0.00 20597.02 
4  70.00  0.00 75.00  0.00 205.00  0.00 210.00  0.00 20973.89 
4  70.00  0.00 75.00  0.00 210.00  0.00 215.00  0.00 20738.53 
4  70.00  0.00 75.00  0.00 215.00  0.00 220.00  0.00 21095.82 
4  70.00  0.00 75.00  0.00 220.00  0.00 225.00  0.00 19449.86 
4  70.00  0.00 75.00  0.00 225.00  0.00 230.00  0.00 18196.96 
4  70.00  0.00 75.00  0.00 230.00  0.00 235.00  0.00 16307.08 
4  75.00  0.00 80.00  0.00 85.00  0.00 90.00  0.00 1094.11 
4  75.00  0.00 80.00  0.00 90.00  0.00 95.00  0.00 2009.63 
4  75.00  0.00 80.00  0.00 95.00  0.00 100.00  0.00 2401.29 
4  75.00  0.00 80.00  0.00 100.00  0.00 105.00  0.00 3374.58 
4  75.00  0.00 80.00  0.00 105.00  0.00 110.00  0.00 4193.85 
4  75.00  0.00 80.00  0.00 110.00  0.00 115.00  0.00 4183.43 
4  75.00  0.00 80.00  0.00 115.00  0.00 120.00  0.00 5295.42 
4  75.00  0.00 80.00  0.00 120.00  0.00 125.00  0.00 5457.63 
4  75.00  0.00 80.00  0.00 125.00  0.00 130.00  0.00 5299.00 
4  75.00  0.00 80.00  0.00 130.00  0.00 135.00  0.00 6550.06 
4  75.00  0.00 80.00  0.00 135.00  0.00 140.00  0.00 7832.11 
4  75.00  0.00 80.00  0.00 140.00  0.00 145.00  0.00 7852.53 
4  75.00  0.00 80.00  0.00 145.00  0.00 150.00  0.00 8418.62 
4  75.00  0.00 80.00  0.00 150.00  0.00 155.00  0.00 9909.96 
4  75.00  0.00 80.00  0.00 155.00  0.00 160.00  0.00 10837.80 
4  75.00  0.00 80.00  0.00 160.00  0.00 165.00  0.00 12232.96 
4  75.00  0.00 80.00  0.00 165.00  0.00 170.00  0.00 14725.04 
4  75.00  0.00 80.00  0.00 170.00  0.00 175.00  0.00 14401.54 
4  75.00  0.00 80.00  0.00 175.00  0.00 180.00  0.00 15436.07 
4  75.00  0.00 80.00  0.00 180.00  0.00 185.00  0.00 16037.40 
4  75.00  0.00 80.00  0.00 185.00  0.00 190.00  0.00 18872.56 
4  75.00  0.00 80.00  0.00 190.00  0.00 195.00  0.00 18656.86 
4  75.00  0.00 80.00  0.00 195.00  0.00 200.00  0.00 19933.79 
4  75.00  0.00 80.00  0.00 200.00  0.00 205.00  0.00 19294.18 
4  75.00  0.00 80.00  0.00 205.00  0.00 210.00  0.00 20280.68 
4  75.00  0.00 80.00  0.00 210.00  0.00 215.00  0.00 19496.31 
4  75.00  0.00 80.00  0.00 215.00  0.00 220.00  0.00 20401.73 
4  75.00  0.00 80.00  0.00 220.00  0.00 225.00  0.00 18250.57 
4  75.00  0.00 80.00  0.00 225.00  0.00 230.00  0.00 17674.36 
4  75.00  0.00 80.00  0.00 230.00  0.00 235.00  0.00 15542.10 
4  80.00  0.00 85.00  0.00 90.00  0.00 95.00  0.00 1195.47 
4  80.00  0.00 85.00  0.00 95.00  0.00 100.00  0.00 1671.48 
4  80.00  0.00 85.00  0.00 100.00  0.00 105.00  0.00 2512.33 
4  80.00  0.00 85.00  0.00 105.00  0.00 110.00  0.00 3291.02 
4  80.00  0.00 85.00  0.00 110.00  0.00 115.00  0.00 3396.17 
4  80.00  0.00 85.00  0.00 115.00  0.00 120.00  0.00 4363.14 
4  80.00  0.00 85.00  0.00 120.00  0.00 125.00  0.00 4571.85 
4  80.00  0.00 85.00  0.00 125.00  0.00 130.00  0.00 4452.99 
4  80.00  0.00 85.00  0.00 130.00  0.00 135.00  0.00 5565.06 
4  80.00  0.00 85.00  0.00 135.00  0.00 140.00  0.00 6654.14 
4  80.00  0.00 85.00  0.00 140.00  0.00 145.00  0.00 6751.81 
4  80.00  0.00 85.00  0.00 145.00  0.00 150.00  0.00 7209.79 
4  80.00  0.00 85.00  0.00 150.00  0.00 155.00  0.00 8609.80 
4  80.00  0.00 85.00  0.00 155.00  0.00 160.00  0.00 9352.21 
4  80.00  0.00 85.00  0.00 160.00  0.00 165.00  0.00 10742.59 
4  80.00  0.00 85.00  0.00 165.00  0.00 170.00  0.00 12791.36 
4  80.00  0.00 85.00  0.00 170.00  0.00 175.00  0.00 12858.10 
4  80.00  0.00 85.00  0.00 175.00  0.00 180.00  0.00 13514.06 
4  80.00  0.00 85.00  0.00 180.00  0.00 185.00  0.00 14497.64 
4  80.00  0.00 85.00  0.00 185.00  0.00 190.00  0.00 16526.47 
4  80.00  0.00 85.00  0.00 190.00  0.00 195.00  0.00 17129.61 
4  80.00  0.00 85.00  0.00 195.00  0.00 200.00  0.00 17713.47 
4  80.00  0.00 85.00  0.00 200.00  0.00 205.00  0.00 17747.42 
4  80.00  0.00 85.00  0.00 205.00  0.00 210.00  0.00 17939.29 
4  80.00  0.00 85.00  0.00 210.00  0.00 215.00  0.00 18319.38 
4  80.00  0.00 85.00  0.00 215.00  0.00 220.00  0.00 18022.78 
4  80.00  0.00 85.00  0.00 220.00  0.00 225.00  0.00 17427.61 
4  80.00  0.00 85.00  0.00 225.00  0.00 230.00  0.00 15640.05 
4  80.00  0.00 85.00  0.00 230.00  0.00 235.00  0.00 15068.79 
4  85.00  0.00 90.00  0.00 95.00  0.00 100.00  0.00 1041.30 
4  85.00  0.00 90.00  0.00 100.00  0.00 105.00  0.00 1794.21 
4  85.00  0.00 90.00  0.00 105.00  0.00 110.00  0.00 2537.57 
4  85.00  0.00 90.00  0.00 110.00  0.00 115.00  0.00 2757.20 
4  85.00  0.00 90.00  0.00 115.00  0.00 120.00  0.00 3636.40 
4  85.00  0.00 90.00  0.00 120.00  0.00 125.00  0.00 3880.51 
4  85.00  0.00 90.00  0.00 125.00  0.00 130.00  0.00 3822.72 
4  85.00  0.00 90.00  0.00 130.00  0.00 135.00  0.00 4792.82 
4  85.00  0.00 90.00  0.00 135.00  0.00 140.00  0.00 5764.14 
4  85.00  0.00 90.00  0.00 140.00  0.00 145.00  0.00 5865.25 
4  85.00  0.00 90.00  0.00 145.00  0.00 150.00  0.00 6298.27 
4  85.00  0.00 90.00  0.00 150.00  0.00 155.00  0.00 7535.15 
4  85.00  0.00 90.00  0.00 155.00  0.00 160.00  0.00 8226.91 
4  85.00  0.00 90.00  0.00 160.00  0.00 165.00  0.00 9470.70 
4  85.00  0.00 90.00  0.00 165.00  0.00 170.00  0.00 11341.31 
4  85.00  0.00 90.00  0.00 170.00  0.00 175.00  0.00 11441.57 
4  85.00  0.00 90.00  0.00 175.00  0.00 180.00  0.00 12138.59 
4  85.00  0.00 90.00  0.00 180.00  0.00 185.00  0.00 13023.26 
4  85.00  0.00 90.00  0.00 185.00  0.00 190.00  0.00 14991.99 
4  85.00  0.00 90.00  0.00 190.00  0.00 195.00  0.00 15513.29 
4  85.00  0.00 90.00  0.00 195.00  0.00 200.00  0.00 16219.20 
4  85.00  0.00 90.00  0.00 200.00  0.00 205.00  0.00 16206.88 
4  85.00  0.00 90.00  0.00 205.00  0.00 210.00  0.00 16548.47 
4  85.00  0.00 90.00  0.00 210.00  0.00 215.00  0.00 16867.05 
4  85.00  0.00 90.00  0.00 215.00  0.00 220.00  0.00 16765.79 
4  85.00  0.00 90.00  0.00 220.00  0.00 225.00  0.00 16133.23 
4  85.00  0.00 90.00  0.00 225.00  0.00 230.00  0.00 14618.49 
4  85.00  0.00 90.00  0.00 230.00  0.00 235.00  0.00 13968.54 
4  90.00  0.00 95.00  0.00 100.00  0.00 105.00  0.00 1476.50 
4  90.00  0.00 95.00  0.00 105.00  0.00 110.00  0.00 2271.48 
4  90.00  0.00 95.00  0.00 110.00  0.00 115.00  0.00 2742.71 
4  90.00  0.00 95.00  0.00 115.00  0.00 120.00  0.00 3683.44 
4  90.00  0.00 95.00  0.00 120.00  0.00 125.00  0.00 4008.83 
4  90.00  0.00 95.00  0.00 125.00  0.00 130.00  0.00 4002.49 
4  90.00  0.00 95.00  0.00 130.00  0.00 135.00  0.00 5018.17 
4  90.00  0.00 95.00  0.00 135.00  0.00 140.00  0.00 6011.21 
4  90.00  0.00 95.00  0.00 140.00  0.00 145.00  0.00 6089.16 
4  90.00  0.00 95.00  0.00 145.00  0.00 150.00  0.00 6484.37 
4  90.00  0.00 95.00  0.00 150.00  0.00 155.00  0.00 7686.05 
4  90.00  0.00 95.00  0.00 155.00  0.00 160.00  0.00 8290.28 
4  90.00  0.00 95.00  0.00 160.00  0.00 165.00  0.00 9528.28 
4  90.00  0.00 95.00  0.00 165.00  0.00 170.00  0.00 11355.31 
4  90.00  0.00 95.00  0.00 170.00  0.00 175.00  0.00 11709.41 
4  90.00  0.00 95.00  0.00 175.00  0.00 180.00  0.00 12379.82 
4  90.00  0.00 95.00  0.00 180.00  0.00 185.00  0.00 13469.51 
4  90.00  0.00 95.00  0.00 185.00  0.00 190.00  0.00 15359.03 
4  90.00  0.00 95.00  0.00 190.00  0.00 195.00  0.00 16160.41 
4  90.00  0.00 95.00  0.00 195.00  0.00 200.00  0.00 16915.99 
4  90.00  0.00 95.00  0.00 200.00  0.00 205.00  0.00 17099.02 
4  90.00  0.00 95.00  0.00 205.00  0.00 210.00  0.00 17447.88 
4  90.00  0.00 95.00  0.00 210.00  0.00 215.00  0.00 17934.88 
4  90.00  0.00 95.00  0.00 215.00  0.00 220.00  0.00 17872.86 
4  90.00  0.00 95.00  0.00 220.00  0.00 225.00  0.00 17512.19 
4  90.00  0.00 95.00  0.00 225.00  0.00 230.00  0.00 15907.12 
4  90.00  0.00 95.00  0.00 230.00  0.00 235.00  0.00 15462.57 
4  95.00  0.00 100.00  0.00 105.00  0.00 110.00  0.00 1335.82 
4  95.00  0.00 100.00  0.00 110.00  0.00 115.00  0.00 1806.77 
4  95.00  0.00 100.00  0.00 115.00  0.00 120.00  0.00 2673.53 
4  95.00  0.00 100.00  0.00 120.00  0.00 125.00  0.00 3034.20 
4  95.00  0.00 100.00  0.00 125.00  0.00 130.00  0.00 3079.66 
4  95.00  0.00 100.00  0.00 130.00  0.00 135.00  0.00 3892.31 
4  95.00  0.00 100.00  0.00 135.00  0.00 140.00  0.00 4715.00 
4  95.00  0.00 100.00  0.00 140.00  0.00 145.00  0.00 4799.14 
4  95.00  0.00 100.00  0.00 145.00  0.00 150.00  0.00 5184.39 
4  95.00  0.00 100.00  0.00 150.00  0.00 155.00  0.00 6236.12 
4  95.00  0.00 100.00  0.00 155.00  0.00 160.00  0.00 6855.96 
4  95.00  0.00 100.00  0.00 160.00  0.00 165.00  0.00 7947.07 
4  95.00  0.00 100.00  0.00 165.00  0.00 170.00  0.00 9619.49 
4  95.00  0.00 100.00  0.00 170.00  0.00 175.00  0.00 9780.18 
4  95.00  0.00 100.00  0.00 175.00  0.00 180.00  0.00 10487.52 
4  95.00  0.00 100.00  0.00 180.00  0.00 185.00  0.00 11345.81 
4  95.00  0.00 100.00  0.00 185.00  0.00 190.00  0.00 13210.19 
4  95.00  0.00 100.00  0.00 190.00  0.00 195.00  0.00 13771.65 
4  95.00  0.00 100.00  0.00 195.00  0.00 200.00  0.00 14529.35 
4  95.00  0.00 100.00  0.00 200.00  0.00 205.00  0.00 14661.71 
4  95.00  0.00 100.00  0.00 205.00  0.00 210.00  0.00 15097.27 
4  95.00  0.00 100.00  0.00 210.00  0.00 215.00  0.00 15489.62 
4  95.00  0.00 100.00  0.00 215.00  0.00 220.00  0.00 15540.49 
4  95.00  0.00 100.00  0.00 220.00  0.00 225.00  0.00 14972.15 
4  95.00  0.00 100.00  0.00 225.00  0.00 230.00  0.00 13723.44 
4  95.00  0.00 100.00  0.00 230.00  0.00 235.00  0.00 13114.77 
4  100.00  0.00 105.00  0.00 110.00  0.00 115.00  0.00 2038.53 
4  100.00  0.00 105.00  0.00 115.00  0.00 120.00  0.00 3111.19 
4  100.00  0.00 105.00  0.00 120.00  0.00 125.00  0.00 3670.41 
4  100.00  0.00 105.00  0.00 125.00  0.00 130.00  0.00 3825.64 
4  100.00  0.00 105.00  0.00 130.00  0.00 135.00  0.00 4839.60 
4  100.00  0.00 105.00  0.00 135.00  0.00 140.00  0.00 5802.23 
4  100.00  0.00 105.00  0.00 140.00  0.00 145.00  0.00 5794.11 
4  100.00  0.00 105.00  0.00 145.00  0.00 150.00  0.00 6164.52 
4  100.00  0.00 105.00  0.00 150.00  0.00 155.00  0.00 7291.76 
4  100.00  0.00 105.00  0.00 155.00  0.00 160.00  0.00 7884.50 
4  100.00  0.00 105.00  0.00 160.00  0.00 165.00  0.00 9065.76 
4  100.00  0.00 105.00  0.00 165.00  0.00 170.00  0.00 10869.54 
4  100.00  0.00 105.00  0.00 170.00  0.00 175.00  0.00 11192.73 
4  100.00  0.00 105.00  0.00 175.00  0.00 180.00  0.00 11969.25 
4  100.00  0.00 105.00  0.00 180.00  0.00 185.00  0.00 13040.58 
4  100.00  0.00 105.00  0.00 185.00  0.00 190.00  0.00 15085.49 
4  100.00  0.00 105.00  0.00 190.00  0.00 195.00  0.00 15902.13 
4  100.00  0.00 105.00  0.00 195.00  0.00 200.00  0.00 16828.84 
4  100.00  0.00 105.00  0.00 200.00  0.00 205.00  0.00 17069.46 
4  100.00  0.00 105.00  0.00 205.00  0.00 210.00  0.00 17627.20 
4  100.00  0.00 105.00  0.00 210.00  0.00 215.00  0.00 18163.74 
4  100.00  0.00 105.00  0.00 215.00  0.00 220.00  0.00 18351.21 
4  100.00  0.00 105.00  0.00 220.00  0.00 225.00  0.00 17838.06 
4  100.00  0.00 105.00  0.00 225.00  0.00 230.00  0.00 16464.89 
4  100.00  0.00 105.00  0.00 230.00  0.00 235.00  0.00 15808.51 
4  105.00  0.00 110.00  0.00 115.00  0.00 120.00  0.00 2244.46 
4  105.00  0.00 110.00  0.00 120.00  0.00 125.00  0.00 3091.32 
4  105.00  0.00 110.00  0.00 125.00  0.00 130.00  0.00 3501.59 
4  105.00  0.00 110.00  0.00 130.00  0.00 135.00  0.00 4607.94 
4  105.00  0.00 110.00  0.00 135.00  0.00 140.00  0.00 5621.39 
4  105.00  0.00 110.00  0.00 140.00  0.00 145.00  0.00 5638.50 
4  105.00  0.00 110.00  0.00 145.00  0.00 150.00  0.00 6003.64 
4  105.00  0.00 110.00  0.00 150.00  0.00 155.00  0.00 7092.85 
4  105.00  0.00 110.00  0.00 155.00  0.00 160.00  0.00 7647.70 
4  105.00  0.00 110.00  0.00 160.00  0.00 165.00  0.00 8769.99 
4  105.00  0.00 110.00  0.00 165.00  0.00 170.00  0.00 10526.04 
4  105.00  0.00 110.00  0.00 170.00  0.00 175.00  0.00 10881.85 
4  105.00  0.00 110.00  0.00 175.00  0.00 180.00  0.00 11675.75 
4  105.00  0.00 110.00  0.00 180.00  0.00 185.00  0.00 12769.33 
4  105.00  0.00 110.00  0.00 185.00  0.00 190.00  0.00 14827.51 
4  105.00  0.00 110.00  0.00 190.00  0.00 195.00  0.00 15701.61 
4  105.00  0.00 110.00  0.00 195.00  0.00 200.00  0.00 16705.84 
4  105.00  0.00 110.00  0.00 200.00  0.00 205.00  0.00 17030.01 
4  105.00  0.00 110.00  0.00 205.00  0.00 210.00  0.00 17696.10 
4  105.00  0.00 110.00  0.00 210.00  0.00 215.00  0.00 18327.74 
4  105.00  0.00 110.00  0.00 215.00  0.00 220.00  0.00 18547.65 
4  105.00  0.00 110.00  0.00 220.00  0.00 225.00  0.00 18156.61 
4  105.00  0.00 110.00  0.00 225.00  0.00 230.00  0.00 16767.67 
4  105.00  0.00 110.00  0.00 230.00  0.00 235.00  0.00 16211.80 
4  110.00  0.00 115.00  0.00 120.00  0.00 125.00  0.00 1778.43 
4  110.00  0.00 115.00  0.00 125.00  0.00 130.00  0.00 2298.82 
4  110.00  0.00 115.00  0.00 130.00  0.00 135.00  0.00 3246.58 
4  110.00  0.00 115.00  0.00 135.00  0.00 140.00  0.00 4144.11 
4  110.00  0.00 115.00  0.00 140.00  0.00 145.00  0.00 4223.43 
4  110.00  0.00 115.00  0.00 145.00  0.00 150.00  0.00 4559.33 
4  110.00  0.00 115.00  0.00 150.00  0.00 155.00  0.00 5460.54 
4  110.00  0.00 115.00  0.00 155.00  0.00 160.00  0.00 5932.26 
4  110.00  0.00 115.00  0.00 160.00  0.00 165.00  0.00 6873.25 
4  110.00  0.00 115.00  0.00 165.00  0.00 170.00  0.00 8305.06 
4  110.00  0.00 115.00  0.00 170.00  0.00 175.00  0.00 8575.72 
4  110.00  0.00 115.00  0.00 175.00  0.00 180.00  0.00 9221.23 
4  110.00  0.00 115.00  0.00 180.00  0.00 185.00  0.00 10171.63 
4  110.00  0.00 115.00  0.00 185.00  0.00 190.00  0.00 11902.17 
4  110.00  0.00 115.00  0.00 190.00  0.00 195.00  0.00 12726.40 
4  110.00  0.00 115.00  0.00 195.00  0.00 200.00  0.00 13406.15 
4  110.00  0.00 115.00  0.00 200.00  0.00 205.00  0.00 13914.06 
4  110.00  0.00 115.00  0.00 205.00  0.00 210.00  0.00 14325.23 
4  110.00  0.00 115.00  0.00 210.00  0.00 215.00  0.00 15186.86 
4  110.00  0.00 115.00  0.00 215.00  0.00 220.00  0.00 15088.37 
4  110.00  0.00 115.00  0.00 220.00  0.00 225.00  0.00 14943.86 
4  110.00  0.00 115.00  0.00 225.00  0.00 230.00  0.00 13555.93 
4  110.00  0.00 115.00  0.00 230.00  0.00 235.00  0.00 13539.17 
4  115.00  0.00 120.00  0.00 125.00  0.00 130.00  0.00 1961.21 
4  115.00  0.00 120.00  0.00 130.00  0.00 135.00  0.00 3005.79 
4  115.00  0.00 120.00  0.00 135.00  0.00 140.00  0.00 4066.28 
4  115.00  0.00 120.00  0.00 140.00  0.00 145.00  0.00 4225.86 
4  115.00  0.00 120.00  0.00 145.00  0.00 150.00  0.00 4586.76 
4  115.00  0.00 120.00  0.00 150.00  0.00 155.00  0.00 5455.41 
4  115.00  0.00 120.00  0.00 155.00  0.00 160.00  0.00 5921.19 
4  115.00  0.00 120.00  0.00 160.00  0.00 165.00  0.00 6760.65 
4  115.00  0.00 120.00  0.00 165.00  0.00 170.00  0.00 8243.10 
4  115.00  0.00 120.00  0.00 170.00  0.00 175.00  0.00 8446.43 
4  115.00  0.00 120.00  0.00 175.00  0.00 180.00  0.00 9135.71 
4  115.00  0.00 120.00  0.00 180.00  0.00 185.00  0.00 10052.07 
4  115.00  0.00 120.00  0.00 185.00  0.00 190.00  0.00 11847.11 
4  115.00  0.00 120.00  0.00 190.00  0.00 195.00  0.00 12648.30 
4  115.00  0.00 120.00  0.00 195.00  0.00 200.00  0.00 13554.03 
4  115.00  0.00 120.00  0.00 200.00  0.00 205.00  0.00 13975.36 
4  115.00  0.00 120.00  0.00 205.00  0.00 210.00  0.00 14638.73 
4  115.00  0.00 120.00  0.00 210.00  0.00 215.00  0.00 15373.54 
4  115.00  0.00 120.00  0.00 215.00  0.00 220.00  0.00 15623.84 
4  115.00  0.00 120.00  0.00 220.00  0.00 225.00  0.00 15380.36 
4  115.00  0.00 120.00  0.00 225.00  0.00 230.00  0.00 14186.96 
4  115.00  0.00 120.00  0.00 230.00  0.00 235.00  0.00 13848.15 
4  120.00  0.00 125.00  0.00 130.00  0.00 135.00  0.00 2113.90 
4  120.00  0.00 125.00  0.00 135.00  0.00 140.00  0.00 3148.08 
4  120.00  0.00 125.00  0.00 140.00  0.00 145.00  0.00 3432.71 
4  120.00  0.00 125.00  0.00 145.00  0.00 150.00  0.00 3841.32 
4  120.00  0.00 125.00  0.00 150.00  0.00 155.00  0.00 4634.76 
4  120.00  0.00 125.00  0.00 155.00  0.00 160.00  0.00 4982.68 
4  120.00  0.00 125.00  0.00 160.00  0.00 165.00  0.00 5637.90 
4  120.00  0.00 125.00  0.00 165.00  0.00 170.00  0.00 6924.72 
4  120.00  0.00 125.00  0.00 170.00  0.00 175.00  0.00 7082.24 
4  120.00  0.00 125.00  0.00 175.00  0.00 180.00  0.00 7671.81 
4  120.00  0.00 125.00  0.00 180.00  0.00 185.00  0.00 8468.78 
4  120.00  0.00 125.00  0.00 185.00  0.00 190.00  0.00 9978.95 
4  120.00  0.00 125.00  0.00 190.00  0.00 195.00  0.00 10746.38 
4  120.00  0.00 125.00  0.00 195.00  0.00 200.00  0.00 11524.96 
4  120.00  0.00 125.00  0.00 200.00  0.00 205.00  0.00 11973.88 
4  120.00  0.00 125.00  0.00 205.00  0.00 210.00  0.00 12521.07 
4  120.00  0.00 125.00  0.00 210.00  0.00 215.00  0.00 13305.20 
4  120.00  0.00 125.00  0.00 215.00  0.00 220.00  0.00 13576.98 
4  120.00  0.00 125.00  0.00 220.00  0.00 225.00  0.00 13429.91 
4  120.00  0.00 125.00  0.00 225.00  0.00 230.00  0.00 12366.42 
4  120.00  0.00 125.00  0.00 230.00  0.00 235.00  0.00 12030.92 
4  125.00  0.00 130.00  0.00 135.00  0.00 140.00  0.00 2006.22 
4  125.00  0.00 130.00  0.00 140.00  0.00 145.00  0.00 2381.07 
4  125.00  0.00 130.00  0.00 145.00  0.00 150.00  0.00 2827.50 
4  125.00  0.00 130.00  0.00 150.00  0.00 155.00  0.00 3524.83 
4  125.00  0.00 130.00  0.00 155.00  0.00 160.00  0.00 3856.88 
4  125.00  0.00 130.00  0.00 160.00  0.00 165.00  0.00 4487.88 
4  125.00  0.00 130.00  0.00 165.00  0.00 170.00  0.00 5206.74 
4  125.00  0.00 130.00  0.00 170.00  0.00 175.00  0.00 5476.66 
4  125.00  0.00 130.00  0.00 175.00  0.00 180.00  0.00 5957.09 
4  125.00  0.00 130.00  0.00 180.00  0.00 185.00  0.00 6577.22 
4  125.00  0.00 130.00  0.00 185.00  0.00 190.00  0.00 7824.61 
4  125.00  0.00 130.00  0.00 190.00  0.00 195.00  0.00 8417.68 
4  125.00  0.00 130.00  0.00 195.00  0.00 200.00  0.00 9114.61 
4  125.00  0.00 130.00  0.00 200.00  0.00 205.00  0.00 9487.12 
4  125.00  0.00 130.00  0.00 205.00  0.00 210.00  0.00 10047.29 
4  125.00  0.00 130.00  0.00 210.00  0.00 215.00  0.00 10667.17 
4  125.00  0.00 130.00  0.00 215.00  0.00 220.00  0.00 10988.11 
4  125.00  0.00 130.00  0.00 220.00  0.00 225.00  0.00 10866.85 
4  125.00  0.00 130.00  0.00 225.00  0.00 230.00  0.00 10105.32 
4  125.00  0.00 130.00  0.00 230.00  0.00 235.00  0.00 9860.51 
4  130.00  0.00 135.00  0.00 140.00  0.00 145.00  0.00 2193.94 
4  130.00  0.00 135.00  0.00 145.00  0.00 150.00  0.00 2725.89 
4  130.00  0.00 135.00  0.00 150.00  0.00 155.00  0.00 3530.57 
4  130.00  0.00 135.00  0.00 155.00  0.00 160.00  0.00 3934.31 
4  130.00  0.00 135.00  0.00 160.00  0.00 165.00  0.00 4526.37 
4  130.00  0.00 135.00  0.00 165.00  0.00 170.00  0.00 5406.15 
4  130.00  0.00 135.00  0.00 170.00  0.00 175.00  0.00 5572.79 
4  130.00  0.00 135.00  0.00 175.00  0.00 180.00  0.00 6040.47 
4  130.00  0.00 135.00  0.00 180.00  0.00 185.00  0.00 6697.72 
4  130.00  0.00 135.00  0.00 185.00  0.00 190.00  0.00 7969.18 
4  130.00  0.00 135.00  0.00 190.00  0.00 195.00  0.00 8629.30 
4  130.00  0.00 135.00  0.00 195.00  0.00 200.00  0.00 9352.19 
4  130.00  0.00 135.00  0.00 200.00  0.00 205.00  0.00 9833.69 
4  130.00  0.00 135.00  0.00 205.00  0.00 210.00  0.00 10449.58 
4  130.00  0.00 135.00  0.00 210.00  0.00 215.00  0.00 11244.91 
4  130.00  0.00 135.00  0.00 215.00  0.00 220.00  0.00 11517.21 
4  130.00  0.00 135.00  0.00 220.00  0.00 225.00  0.00 11508.56 
4  130.00  0.00 135.00  0.00 225.00  0.00 230.00  0.00 10631.01 
4  130.00  0.00 135.00  0.00 230.00  0.00 235.00  0.00 10658.69 
4  135.00  0.00 140.00  0.00 145.00  0.00 150.00  0.00 2117.15 
4  135.00  0.00 140.00  0.00 150.00  0.00 155.00  0.00 3022.94 
4  135.00  0.00 140.00  0.00 155.00  0.00 160.00  0.00 3554.19 
4  135.00  0.00 140.00  0.00 160.00  0.00 165.00  0.00 4202.22 
4  135.00  0.00 140.00  0.00 165.00  0.00 170.00  0.00 5068.97 
4  135.00  0.00 140.00  0.00 170.00  0.00 175.00  0.00 5209.88 
4  135.00  0.00 140.00  0.00 175.00  0.00 180.00  0.00 5684.89 
4  135.00  0.00 140.00  0.00 180.00  0.00 185.00  0.00 6291.24 
4  135.00  0.00 140.00  0.00 185.00  0.00 190.00  0.00 7569.25 
4  135.00  0.00 140.00  0.00 190.00  0.00 195.00  0.00 8186.77 
4  135.00  0.00 140.00  0.00 195.00  0.00 200.00  0.00 8967.38 
4  135.00  0.00 140.00  0.00 200.00  0.00 205.00  0.00 9453.08 
4  135.00  0.00 140.00  0.00 205.00  0.00 210.00  0.00 10176.39 
4  135.00  0.00 140.00  0.00 210.00  0.00 215.00  0.00 10960.53 
4  135.00  0.00 140.00  0.00 215.00  0.00 220.00  0.00 11397.58 
4  135.00  0.00 140.00  0.00 220.00  0.00 225.00  0.00 11284.53 
4  135.00  0.00 140.00  0.00 225.00  0.00 230.00  0.00 10599.57 
4  135.00  0.00 140.00  0.00 230.00  0.00 235.00  0.00 10447.05 
4  140.00  0.00 145.00  0.00 150.00  0.00 155.00  0.00 2231.45 
4  140.00  0.00 145.00  0.00 155.00  0.00 160.00  0.00 2784.71 
4  140.00  0.00 145.00  0.00 160.00  0.00 165.00  0.00 3382.94 
4  140.00  0.00 145.00  0.00 165.00  0.00 170.00  0.00 4138.38 
4  140.00  0.00 145.00  0.00 170.00  0.00 175.00  0.00 4248.72 
4  140.00  0.00 145.00  0.00 175.00  0.00 180.00  0.00 4644.45 
4  140.00  0.00 145.00  0.00 180.00  0.00 185.00  0.00 5149.79 
4  140.00  0.00 145.00  0.00 185.00  0.00 190.00  0.00 6205.96 
4  140.00  0.00 145.00  0.00 190.00  0.00 195.00  0.00 6746.37 
4  140.00  0.00 145.00  0.00 195.00  0.00 200.00  0.00 7383.81 
4  140.00  0.00 145.00  0.00 200.00  0.00 205.00  0.00 7866.91 
4  140.00  0.00 145.00  0.00 205.00  0.00 210.00  0.00 8485.64 
4  140.00  0.00 145.00  0.00 210.00  0.00 215.00  0.00 9284.77 
4  140.00  0.00 145.00  0.00 215.00  0.00 220.00  0.00 9605.18 
4  140.00  0.00 145.00  0.00 220.00  0.00 225.00  0.00 9637.29 
4  140.00  0.00 145.00  0.00 225.00  0.00 230.00  0.00 8934.47 
4  140.00  0.00 145.00  0.00 230.00  0.00 235.00  0.00 9039.06 
4  145.00  0.00 150.00  0.00 155.00  0.00 160.00  0.00 1956.87 
4  145.00  0.00 150.00  0.00 160.00  0.00 165.00  0.00 2601.73 
4  145.00  0.00 150.00  0.00 165.00  0.00 170.00  0.00 3293.61 
4  145.00  0.00 150.00  0.00 170.00  0.00 175.00  0.00 3451.89 
4  145.00  0.00 150.00  0.00 175.00  0.00 180.00  0.00 3819.00 
4  145.00  0.00 150.00  0.00 180.00  0.00 185.00  0.00 4248.03 
4  145.00  0.00 150.00  0.00 185.00  0.00 190.00  0.00 5137.79 
4  145.00  0.00 150.00  0.00 190.00  0.00 195.00  0.00 5608.74 
4  145.00  0.00 150.00  0.00 195.00  0.00 200.00  0.00 6190.11 
4  145.00  0.00 150.00  0.00 200.00  0.00 205.00  0.00 6618.74 
4  145.00  0.00 150.00  0.00 205.00  0.00 210.00  0.00 7218.32 
4  145.00  0.00 150.00  0.00 210.00  0.00 215.00  0.00 7912.32 
4  145.00  0.00 150.00  0.00 215.00  0.00 220.00  0.00 8316.45 
4  145.00  0.00 150.00  0.00 220.00  0.00 225.00  0.00 8335.58 
4  145.00  0.00 150.00  0.00 225.00  0.00 230.00  0.00 7853.36 
4  145.00  0.00 150.00  0.00 230.00  0.00 235.00  0.00 7842.58 
4  150.00  0.00 155.00  0.00 160.00  0.00 165.00  0.00 2194.64 
4  150.00  0.00 155.00  0.00 165.00  0.00 170.00  0.00 2915.64 
4  150.00  0.00 155.00  0.00 170.00  0.00 175.00  0.00 3161.95 
4  150.00  0.00 155.00  0.00 175.00  0.00 180.00  0.00 3557.67 
4  150.00  0.00 155.00  0.00 180.00  0.00 185.00  0.00 3976.61 
4  150.00  0.00 155.00  0.00 185.00  0.00 190.00  0.00 4811.91 
4  150.00  0.00 155.00  0.00 190.00  0.00 195.00  0.00 5289.98 
4  150.00  0.00 155.00  0.00 195.00  0.00 200.00  0.00 5850.90 
4  150.00  0.00 155.00  0.00 200.00  0.00 205.00  0.00 6292.50 
4  150.00  0.00 155.00  0.00 205.00  0.00 210.00  0.00 6896.99 
4  150.00  0.00 155.00  0.00 210.00  0.00 215.00  0.00 7645.04 
4  150.00  0.00 155.00  0.00 215.00  0.00 220.00  0.00 8065.10 
4  150.00  0.00 155.00  0.00 220.00  0.00 225.00  0.00 8177.67 
4  150.00  0.00 155.00  0.00 225.00  0.00 230.00  0.00 7720.64 
4  150.00  0.00 155.00  0.00 230.00  0.00 235.00  0.00 7834.44 
4  155.00  0.00 160.00  0.00 165.00  0.00 170.00  0.00 2316.67 
4  155.00  0.00 160.00  0.00 170.00  0.00 175.00  0.00 2561.08 
4  155.00  0.00 160.00  0.00 175.00  0.00 180.00  0.00 2960.89 
4  155.00  0.00 160.00  0.00 180.00  0.00 185.00  0.00 3380.97 
4  155.00  0.00 160.00  0.00 185.00  0.00 190.00  0.00 4132.05 
4  155.00  0.00 160.00  0.00 190.00  0.00 195.00  0.00 4568.74 
4  155.00  0.00 160.00  0.00 195.00  0.00 200.00  0.00 5078.79 
4  155.00  0.00 160.00  0.00 200.00  0.00 205.00  0.00 5490.11 
4  155.00  0.00 160.00  0.00 205.00  0.00 210.00  0.00 6048.36 
4  155.00  0.00 160.00  0.00 210.00  0.00 215.00  0.00 6760.60 
4  155.00  0.00 160.00  0.00 215.00  0.00 220.00  0.00 7211.92 
4  155.00  0.00 160.00  0.00 220.00  0.00 225.00  0.00 7361.45 
4  155.00  0.00 160.00  0.00 225.00  0.00 230.00  0.00 6976.26 
4  155.00  0.00 160.00  0.00 230.00  0.00 235.00  0.00 7081.54 
4  160.00  0.00 165.00  0.00 170.00  0.00 175.00  0.00 2194.20 
4  160.00  0.00 165.00  0.00 175.00  0.00 180.00  0.00 2562.16 
4  160.00  0.00 165.00  0.00 180.00  0.00 185.00  0.00 2964.26 
4  160.00  0.00 165.00  0.00 185.00  0.00 190.00  0.00 3689.08 
4  160.00  0.00 165.00  0.00 190.00  0.00 195.00  0.00 4134.62 
4  160.00  0.00 165.00  0.00 195.00  0.00 200.00  0.00 4624.01 
4  160.00  0.00 165.00  0.00 200.00  0.00 205.00  0.00 5035.52 
4  160.00  0.00 165.00  0.00 205.00  0.00 210.00  0.00 5593.64 
4  160.00  0.00 165.00  0.00 210.00  0.00 215.00  0.00 6306.11 
4  160.00  0.00 165.00  0.00 215.00  0.00 220.00  0.00 6794.15 
4  160.00  0.00 165.00  0.00 220.00  0.00 225.00  0.00 6935.27 
4  160.00  0.00 165.00  0.00 225.00  0.00 230.00  0.00 6681.60 
4  160.00  0.00 165.00  0.00 230.00  0.00 235.00  0.00 6782.69 
4  165.00  0.00 170.00  0.00 175.00  0.00 180.00  0.00 2301.54 
4  165.00  0.00 170.00  0.00 180.00  0.00 185.00  0.00 2665.66 
4  165.00  0.00 170.00  0.00 185.00  0.00 190.00  0.00 3389.81 
4  165.00  0.00 170.00  0.00 190.00  0.00 195.00  0.00 3843.49 
4  165.00  0.00 170.00  0.00 195.00  0.00 200.00  0.00 4340.16 
4  165.00  0.00 170.00  0.00 200.00  0.00 205.00  0.00 4744.68 
4  165.00  0.00 170.00  0.00 205.00  0.00 210.00  0.00 5333.84 
4  165.00  0.00 170.00  0.00 210.00  0.00 215.00  0.00 6026.29 
4  165.00  0.00 170.00  0.00 215.00  0.00 220.00  0.00 6470.76 
4  165.00  0.00 170.00  0.00 220.00  0.00 225.00  0.00 6630.38 
4  165.00  0.00 170.00  0.00 225.00  0.00 230.00  0.00 6145.79 
4  165.00  0.00 170.00  0.00 230.00  0.00 235.00  0.00 4602.27 
4  170.00  0.00 175.00  0.00 180.00  0.00 185.00  0.00 2181.48 
4  170.00  0.00 175.00  0.00 185.00  0.00 190.00  0.00 2716.96 
4  170.00  0.00 175.00  0.00 190.00  0.00 195.00  0.00 3124.44 
4  170.00  0.00 175.00  0.00 195.00  0.00 200.00  0.00 3566.74 
4  170.00  0.00 175.00  0.00 200.00  0.00 205.00  0.00 3924.26 
4  170.00  0.00 175.00  0.00 205.00  0.00 210.00  0.00 4452.35 
4  170.00  0.00 175.00  0.00 210.00  0.00 215.00  0.00 5102.08 
4  170.00  0.00 175.00  0.00 215.00  0.00 220.00  0.00 5633.34 
4  170.00  0.00 175.00  0.00 220.00  0.00 225.00  0.00 5756.57 
4  170.00  0.00 175.00  0.00 225.00  0.00 230.00  0.00 5707.26 
4  170.00  0.00 175.00  0.00 230.00  0.00 235.00  0.00 6134.44 
4  175.00  0.00 180.00  0.00 185.00  0.00 190.00  0.00 2427.73 
4  175.00  0.00 180.00  0.00 190.00  0.00 195.00  0.00 2638.47 
4  175.00  0.00 180.00  0.00 195.00  0.00 200.00  0.00 2992.33 
4  175.00  0.00 180.00  0.00 200.00  0.00 205.00  0.00 3325.89 
4  175.00  0.00 180.00  0.00 205.00  0.00 210.00  0.00 3831.02 
4  175.00  0.00 180.00  0.00 210.00  0.00 215.00  0.00 4385.28 
4  175.00  0.00 180.00  0.00 215.00  0.00 220.00  0.00 4890.53 
4  175.00  0.00 180.00  0.00 220.00  0.00 225.00  0.00 4991.70 
4  175.00  0.00 180.00  0.00 225.00  0.00 230.00  0.00 5105.49 
4  175.00  0.00 180.00  0.00 230.00  0.00 235.00  0.00 5750.83 
4  180.00  0.00 185.00  0.00 190.00  0.00 195.00  0.00 2523.77 
4  180.00  0.00 185.00  0.00 195.00  0.00 200.00  0.00 2651.40 
4  180.00  0.00 185.00  0.00 200.00  0.00 205.00  0.00 2954.88 
4  180.00  0.00 185.00  0.00 205.00  0.00 210.00  0.00 3404.68 
4  180.00  0.00 185.00  0.00 210.00  0.00 215.00  0.00 3982.24 
4  180.00  0.00 185.00  0.00 215.00  0.00 220.00  0.00 4386.49 
4  180.00  0.00 185.00  0.00 220.00  0.00 225.00  0.00 4570.23 
4  180.00  0.00 185.00  0.00 225.00  0.00 230.00  0.00 4446.39 
4  180.00  0.00 185.00  0.00 230.00  0.00 235.00  0.00 4901.35 
4  185.00  0.00 190.00  0.00 195.00  0.00 200.00  0.00 2742.78 
4  185.00  0.00 190.00  0.00 200.00  0.00 205.00  0.00 2800.70 
4  185.00  0.00 190.00  0.00 205.00  0.00 210.00  0.00 3173.22 
4  185.00  0.00 190.00  0.00 210.00  0.00 215.00  0.00 3702.72 
4  185.00  0.00 190.00  0.00 215.00  0.00 220.00  0.00 4167.67 
4  185.00  0.00 190.00  0.00 220.00  0.00 225.00  0.00 4357.92 
4  185.00  0.00 190.00  0.00 225.00  0.00 230.00  0.00 4346.39 
4  185.00  0.00 190.00  0.00 230.00  0.00 235.00  0.00 4669.52 
4  190.00  0.00 195.00  0.00 200.00  0.00 205.00  0.00 2725.16 
4  190.00  0.00 195.00  0.00 205.00  0.00 210.00  0.00 2815.56 
4  190.00  0.00 195.00  0.00 210.00  0.00 215.00  0.00 3217.33 
4  190.00  0.00 195.00  0.00 215.00  0.00 220.00  0.00 3665.47 
4  190.00  0.00 195.00  0.00 220.00  0.00 225.00  0.00 3875.60 
4  190.00  0.00 195.00  0.00 225.00  0.00 230.00  0.00 3870.89 
4  190.00  0.00 195.00  0.00 230.00  0.00 235.00  0.00 4204.57 
4  195.00  0.00 200.00  0.00 205.00  0.00 210.00  0.00 2946.53 
4  195.00  0.00 200.00  0.00 210.00  0.00 215.00  0.00 2867.60 
4  195.00  0.00 200.00  0.00 215.00  0.00 220.00  0.00 3210.42 
4  195.00  0.00 200.00  0.00 220.00  0.00 225.00  0.00 3420.96 
4  195.00  0.00 200.00  0.00 225.00  0.00 230.00  0.00 3476.01 
4  195.00  0.00 200.00  0.00 230.00  0.00 235.00  0.00 3836.31 
4  200.00  0.00 205.00  0.00 210.00  0.00 215.00  0.00 2565.45 
4  200.00  0.00 205.00  0.00 215.00  0.00 220.00  0.00 2711.38 
4  200.00  0.00 205.00  0.00 220.00  0.00 225.00  0.00 2895.02 
4  200.00  0.00 205.00  0.00 225.00  0.00 230.00  0.00 2996.61 
4  200.00  0.00 205.00  0.00 230.00  0.00 235.00  0.00 3416.25 
4  205.00  0.00 210.00  0.00 215.00  0.00 220.00  0.00 2633.08 
4  205.00  0.00 210.00  0.00 220.00  0.00 225.00  0.00 2578.63 
4  205.00  0.00 210.00  0.00 225.00  0.00 230.00  0.00 2692.64 
4  205.00  0.00 210.00  0.00 230.00  0.00 235.00  0.00 3160.25 
4  210.00  0.00 215.00  0.00 220.00  0.00 225.00  0.00 2717.13 
4  210.00  0.00 215.00  0.00 225.00  0.00 230.00  0.00 2604.85 
4  210.00  0.00 215.00  0.00 230.00  0.00 235.00  0.00 3108.88 
4  215.00  0.00 220.00  0.00 225.00  0.00 230.00  0.00 2633.48 
4  215.00  0.00 220.00  0.00 230.00  0.00 235.00  0.00 2923.72 
4  220.00  0.00 225.00  0.00 230.00  0.00 235.00  0.00 2924.61 