4  0.00  0.00 135.00  0.00 45.00  0.00 90.00  0.00 31885.91 
4  0.00  0.00 126.00  0.00 42.00  0.00 84.00  0.00 34253.41 
4  0.00  0.00 117.00  0.00 39.00  0.00 78.00  0.00 34774.00 
4  0.00  0.00 108.00  0.00 36.00  0.00 72.00  0.00 31449.44 
4  0.00  0.00 99.00  0.00 33.00  0.00 66.00  0.00 28664.34 
4  0.00  0.00 90.00  0.00 30.00  0.00 60.00  0.00 25504.27 
4  0.00  0.00 81.00  0.00 27.00  0.00 54.00  0.00 24166.84 
4  0.00  0.00 72.00  0.00 24.00  0.00 48.00  0.00 21941.92 
4  0.00  0.00 63.00  0.00 21.00  0.00 42.00  0.00 19285.36 
4  0.00  0.00 54.00  0.00 18.00  0.00 36.00  0.00 15645.71 
4  0.00  0.00 45.00  0.00 15.00  0.00 30.00  0.00 13058.12 
4  0.00  0.00 36.00  0.00 12.00  0.00 24.00  0.00 13976.95 
4  0.00  0.00 27.00  0.00 9.00  0.00 18.00  0.00 15072.51 
4  0.00  0.00 18.00  0.00 6.00  0.00 12.00  0.00 15998.04 
4  6.00  0.00 141.00  0.00 51.00  0.00 96.00  0.00 30624.35 
4  6.00  0.00 132.00  0.00 48.00  0.00 90.00  0.00 34332.14 
4  6.00  0.00 123.00  0.00 45.00  0.00 84.00  0.00 36334.93 
4  6.00  0.00 114.00  0.00 42.00  0.00 78.00  0.00 33628.54 
4  6.00  0.00 105.00  0.00 39.00  0.00 72.00  0.00 31823.90 
4  6.00  0.00 96.00  0.00 36.00  0.00 66.00  0.00 28543.61 
4  6.00  0.00 87.00  0.00 33.00  0.00 60.00  0.00 25763.57 
4  6.00  0.00 78.00  0.00 30.00  0.00 54.00  0.00 24726.98 
4  6.00  0.00 69.00  0.00 27.00  0.00 48.00  0.00 22146.55 
4  6.00  0.00 60.00  0.00 24.00  0.00 42.00  0.00 19296.43 
4  6.00  0.00 51.00  0.00 21.00  0.00 36.00  0.00 15360.57 
4  6.00  0.00 42.00  0.00 18.00  0.00 30.00  0.00 12635.64 
4  6.00  0.00 33.00  0.00 15.00  0.00 24.00  0.00 10154.45 
4  6.00  0.00 24.00  0.00 12.00  0.00 18.00  0.00 13190.44 
4  6.00  0.00 15.00  0.00 9.00  0.00 12.00  0.00 9540.84 
4  9.00  0.00 135.00  0.00 51.00  0.00 93.00  0.00 37666.44 
4  9.00  0.00 126.00  0.00 48.00  0.00 87.00  0.00 40172.40 
4  9.00  0.00 117.00  0.00 45.00  0.00 81.00  0.00 39215.45 
4  9.00  0.00 108.00  0.00 42.00  0.00 75.00  0.00 34503.52 
4  9.00  0.00 99.00  0.00 39.00  0.00 69.00  0.00 30952.13 
4  9.00  0.00 90.00  0.00 36.00  0.00 63.00  0.00 28450.63 
4  9.00  0.00 81.00  0.00 33.00  0.00 57.00  0.00 26555.07 
4  9.00  0.00 72.00  0.00 30.00  0.00 51.00  0.00 23992.34 
4  9.00  0.00 63.00  0.00 27.00  0.00 45.00  0.00 22378.44 
4  9.00  0.00 54.00  0.00 24.00  0.00 39.00  0.00 17715.15 
4  9.00  0.00 45.00  0.00 21.00  0.00 33.00  0.00 14757.95 
4  9.00  0.00 36.00  0.00 18.00  0.00 27.00  0.00 10922.73 
4  9.00  0.00 27.00  0.00 15.00  0.00 21.00  0.00 9611.00 
4  9.00  0.00 18.00  0.00 12.00  0.00 15.00  0.00 11118.28 
4  12.00  0.00 138.00  0.00 54.00  0.00 96.00  0.00 37472.91 
4  12.00  0.00 129.00  0.00 51.00  0.00 90.00  0.00 39433.27 
4  12.00  0.00 120.00  0.00 48.00  0.00 84.00  0.00 38141.10 
4  12.00  0.00 111.00  0.00 45.00  0.00 78.00  0.00 33782.44 
4  12.00  0.00 102.00  0.00 42.00  0.00 72.00  0.00 31446.49 
4  12.00  0.00 93.00  0.00 39.00  0.00 66.00  0.00 29782.30 
4  12.00  0.00 84.00  0.00 36.00  0.00 60.00  0.00 27151.51 
4  12.00  0.00 75.00  0.00 33.00  0.00 54.00  0.00 24169.56 
4  12.00  0.00 66.00  0.00 30.00  0.00 48.00  0.00 21720.72 
4  12.00  0.00 57.00  0.00 27.00  0.00 42.00  0.00 19235.67 
4  12.00  0.00 48.00  0.00 24.00  0.00 36.00  0.00 15307.23 
4  12.00  0.00 39.00  0.00 21.00  0.00 30.00  0.00 11981.55 
4  12.00  0.00 30.00  0.00 18.00  0.00 24.00  0.00 7537.54 
4  12.00  0.00 21.00  0.00 15.00  0.00 18.00  0.00 5552.52 
4  15.00  0.00 141.00  0.00 57.00  0.00 99.00  0.00 33454.10 
4  15.00  0.00 132.00  0.00 54.00  0.00 93.00  0.00 39176.45 
4  15.00  0.00 123.00  0.00 51.00  0.00 87.00  0.00 41294.66 
4  15.00  0.00 114.00  0.00 48.00  0.00 81.00  0.00 37305.19 
4  15.00  0.00 105.00  0.00 45.00  0.00 75.00  0.00 33046.88 
4  15.00  0.00 96.00  0.00 42.00  0.00 69.00  0.00 29264.76 
4  15.00  0.00 87.00  0.00 39.00  0.00 63.00  0.00 27679.53 
4  15.00  0.00 78.00  0.00 36.00  0.00 57.00  0.00 25738.15 
4  15.00  0.00 69.00  0.00 33.00  0.00 51.00  0.00 22235.62 
4  15.00  0.00 60.00  0.00 30.00  0.00 45.00  0.00 20015.01 
4  15.00  0.00 51.00  0.00 27.00  0.00 39.00  0.00 16000.95 
4  15.00  0.00 42.00  0.00 24.00  0.00 33.00  0.00 13026.26 
4  15.00  0.00 33.00  0.00 21.00  0.00 27.00  0.00 8196.29 
4  15.00  0.00 24.00  0.00 18.00  0.00 21.00  0.00 4591.62 
4  18.00  0.00 135.00  0.00 57.00  0.00 96.00  0.00 37940.61 
4  18.00  0.00 126.00  0.00 54.00  0.00 90.00  0.00 42327.40 
4  18.00  0.00 117.00  0.00 51.00  0.00 84.00  0.00 38576.18 
4  18.00  0.00 108.00  0.00 48.00  0.00 78.00  0.00 30864.10 
4  18.00  0.00 99.00  0.00 45.00  0.00 72.00  0.00 28589.30 
4  18.00  0.00 90.00  0.00 42.00  0.00 66.00  0.00 30259.82 
4  18.00  0.00 81.00  0.00 39.00  0.00 60.00  0.00 24916.58 
4  18.00  0.00 72.00  0.00 36.00  0.00 54.00  0.00 21427.42 
4  18.00  0.00 63.00  0.00 33.00  0.00 48.00  0.00 19638.31 
4  18.00  0.00 54.00  0.00 30.00  0.00 42.00  0.00 15644.70 
4  18.00  0.00 45.00  0.00 27.00  0.00 36.00  0.00 12383.42 
4  18.00  0.00 36.00  0.00 24.00  0.00 30.00  0.00 8651.78 
4  18.00  0.00 27.00  0.00 21.00  0.00 24.00  0.00 4103.79 
4  21.00  0.00 138.00  0.00 60.00  0.00 99.00  0.00 35233.38 
4  21.00  0.00 129.00  0.00 57.00  0.00 93.00  0.00 41411.02 
4  21.00  0.00 120.00  0.00 54.00  0.00 87.00  0.00 39414.42 
4  21.00  0.00 111.00  0.00 51.00  0.00 81.00  0.00 34978.21 
4  21.00  0.00 102.00  0.00 48.00  0.00 75.00  0.00 28824.74 
4  21.00  0.00 93.00  0.00 45.00  0.00 69.00  0.00 25999.96 
4  21.00  0.00 84.00  0.00 42.00  0.00 63.00  0.00 24422.49 
4  21.00  0.00 75.00  0.00 39.00  0.00 57.00  0.00 21440.29 
4  21.00  0.00 66.00  0.00 36.00  0.00 51.00  0.00 18155.81 
4  21.00  0.00 57.00  0.00 33.00  0.00 45.00  0.00 15645.13 
4  21.00  0.00 48.00  0.00 30.00  0.00 39.00  0.00 11305.38 
4  21.00  0.00 39.00  0.00 27.00  0.00 33.00  0.00 8939.40 
4  21.00  0.00 30.00  0.00 24.00  0.00 27.00  0.00 4474.05 
4  24.00  0.00 141.00  0.00 63.00  0.00 102.00  0.00 31345.94 
4  24.00  0.00 132.00  0.00 60.00  0.00 96.00  0.00 37028.40 
4  24.00  0.00 123.00  0.00 57.00  0.00 90.00  0.00 41440.42 
4  24.00  0.00 114.00  0.00 54.00  0.00 84.00  0.00 35027.64 
4  24.00  0.00 105.00  0.00 51.00  0.00 78.00  0.00 28434.69 
4  24.00  0.00 96.00  0.00 48.00  0.00 72.00  0.00 25161.91 
4  24.00  0.00 87.00  0.00 45.00  0.00 66.00  0.00 25237.84 
4  24.00  0.00 78.00  0.00 42.00  0.00 60.00  0.00 21455.55 
4  24.00  0.00 69.00  0.00 39.00  0.00 54.00  0.00 17846.43 
4  24.00  0.00 60.00  0.00 36.00  0.00 48.00  0.00 15346.37 
4  24.00  0.00 51.00  0.00 33.00  0.00 42.00  0.00 11497.41 
4  24.00  0.00 42.00  0.00 30.00  0.00 36.00  0.00 8048.04 
4  24.00  0.00 33.00  0.00 27.00  0.00 30.00  0.00 4790.57 
4  27.00  0.00 135.00  0.00 63.00  0.00 99.00  0.00 35678.80 
4  27.00  0.00 126.00  0.00 60.00  0.00 93.00  0.00 41978.50 
4  27.00  0.00 117.00  0.00 57.00  0.00 87.00  0.00 39682.41 
4  27.00  0.00 108.00  0.00 54.00  0.00 81.00  0.00 30739.12 
4  27.00  0.00 99.00  0.00 51.00  0.00 75.00  0.00 26043.23 
4  27.00  0.00 90.00  0.00 48.00  0.00 69.00  0.00 24072.06 
4  27.00  0.00 81.00  0.00 45.00  0.00 63.00  0.00 20574.95 
4  27.00  0.00 72.00  0.00 42.00  0.00 57.00  0.00 17532.38 
4  27.00  0.00 63.00  0.00 39.00  0.00 51.00  0.00 15747.46 
4  27.00  0.00 54.00  0.00 36.00  0.00 45.00  0.00 11737.33 
4  27.00  0.00 45.00  0.00 33.00  0.00 39.00  0.00 7509.92 
4  27.00  0.00 36.00  0.00 30.00  0.00 33.00  0.00 4493.90 
4  30.00  0.00 138.00  0.00 66.00  0.00 102.00  0.00 32451.40 
4  30.00  0.00 129.00  0.00 63.00  0.00 96.00  0.00 40224.95 
4  30.00  0.00 120.00  0.00 60.00  0.00 90.00  0.00 39035.71 
4  30.00  0.00 111.00  0.00 57.00  0.00 84.00  0.00 33121.36 
4  30.00  0.00 102.00  0.00 54.00  0.00 78.00  0.00 25936.99 
4  30.00  0.00 93.00  0.00 51.00  0.00 72.00  0.00 23357.74 
4  30.00  0.00 84.00  0.00 48.00  0.00 66.00  0.00 23406.23 
4  30.00  0.00 75.00  0.00 45.00  0.00 60.00  0.00 17760.78 
4  30.00  0.00 66.00  0.00 42.00  0.00 54.00  0.00 14280.60 
4  30.00  0.00 57.00  0.00 39.00  0.00 48.00  0.00 12585.09 
4  30.00  0.00 48.00  0.00 36.00  0.00 42.00  0.00 8344.78 
4  30.00  0.00 39.00  0.00 33.00  0.00 36.00  0.00 4570.64 
4  33.00  0.00 141.00  0.00 69.00  0.00 105.00  0.00 29188.16 
4  33.00  0.00 132.00  0.00 66.00  0.00 99.00  0.00 34825.68 
4  33.00  0.00 123.00  0.00 63.00  0.00 93.00  0.00 42905.18 
4  33.00  0.00 114.00  0.00 60.00  0.00 87.00  0.00 36832.34 
4  33.00  0.00 105.00  0.00 57.00  0.00 81.00  0.00 29144.31 
4  33.00  0.00 96.00  0.00 54.00  0.00 75.00  0.00 24038.14 
4  33.00  0.00 87.00  0.00 51.00  0.00 69.00  0.00 22774.57 
4  33.00  0.00 78.00  0.00 48.00  0.00 63.00  0.00 18398.23 
4  33.00  0.00 69.00  0.00 45.00  0.00 57.00  0.00 14369.31 
4  33.00  0.00 60.00  0.00 42.00  0.00 51.00  0.00 11854.86 
4  33.00  0.00 51.00  0.00 39.00  0.00 45.00  0.00 8913.46 
4  33.00  0.00 42.00  0.00 36.00  0.00 39.00  0.00 4238.83 
4  36.00  0.00 135.00  0.00 69.00  0.00 102.00  0.00 33777.81 
4  36.00  0.00 126.00  0.00 66.00  0.00 96.00  0.00 38817.92 
4  36.00  0.00 117.00  0.00 63.00  0.00 90.00  0.00 40351.07 
4  36.00  0.00 108.00  0.00 60.00  0.00 84.00  0.00 29547.49 
4  36.00  0.00 99.00  0.00 57.00  0.00 78.00  0.00 23037.21 
4  36.00  0.00 90.00  0.00 54.00  0.00 72.00  0.00 22585.96 
4  36.00  0.00 81.00  0.00 51.00  0.00 66.00  0.00 20482.48 
4  36.00  0.00 72.00  0.00 48.00  0.00 60.00  0.00 14368.07 
4  36.00  0.00 63.00  0.00 45.00  0.00 54.00  0.00 11398.47 
4  36.00  0.00 54.00  0.00 42.00  0.00 48.00  0.00 8374.40 
4  36.00  0.00 45.00  0.00 39.00  0.00 42.00  0.00 5196.64 
4  39.00  0.00 138.00  0.00 72.00  0.00 105.00  0.00 31396.06 
4  39.00  0.00 129.00  0.00 69.00  0.00 99.00  0.00 36486.18 
4  39.00  0.00 120.00  0.00 66.00  0.00 93.00  0.00 37893.56 
4  39.00  0.00 111.00  0.00 63.00  0.00 87.00  0.00 34111.75 
4  39.00  0.00 102.00  0.00 60.00  0.00 81.00  0.00 26004.94 
4  39.00  0.00 93.00  0.00 57.00  0.00 75.00  0.00 21659.29 
4  39.00  0.00 84.00  0.00 54.00  0.00 69.00  0.00 20233.19 
4  39.00  0.00 75.00  0.00 51.00  0.00 63.00  0.00 14456.62 
4  39.00  0.00 66.00  0.00 48.00  0.00 57.00  0.00 10536.90 
4  39.00  0.00 57.00  0.00 45.00  0.00 51.00  0.00 7839.94 
4  39.00  0.00 48.00  0.00 42.00  0.00 45.00  0.00 4853.53 
4  42.00  0.00 141.00  0.00 75.00  0.00 108.00  0.00 29841.95 
4  42.00  0.00 132.00  0.00 72.00  0.00 102.00  0.00 33457.96 
4  42.00  0.00 123.00  0.00 69.00  0.00 96.00  0.00 39482.88 
4  42.00  0.00 114.00  0.00 66.00  0.00 90.00  0.00 34696.16 
4  42.00  0.00 105.00  0.00 63.00  0.00 84.00  0.00 27433.48 
4  42.00  0.00 96.00  0.00 60.00  0.00 78.00  0.00 20380.60 
4  42.00  0.00 87.00  0.00 57.00  0.00 72.00  0.00 19856.83 
4  42.00  0.00 78.00  0.00 54.00  0.00 66.00  0.00 18226.26 
4  42.00  0.00 69.00  0.00 51.00  0.00 60.00  0.00 11012.85 
4  42.00  0.00 60.00  0.00 48.00  0.00 54.00  0.00 7660.08 
4  42.00  0.00 51.00  0.00 45.00  0.00 48.00  0.00 4935.97 
4  45.00  0.00 135.00  0.00 75.00  0.00 105.00  0.00 31084.63 
4  45.00  0.00 126.00  0.00 72.00  0.00 99.00  0.00 38099.21 
4  45.00  0.00 117.00  0.00 69.00  0.00 93.00  0.00 39302.82 
4  45.00  0.00 108.00  0.00 66.00  0.00 87.00  0.00 28283.76 
4  45.00  0.00 99.00  0.00 63.00  0.00 81.00  0.00 23099.37 
4  45.00  0.00 90.00  0.00 60.00  0.00 75.00  0.00 20000.72 
4  45.00  0.00 81.00  0.00 57.00  0.00 69.00  0.00 16752.96 
4  45.00  0.00 72.00  0.00 54.00  0.00 63.00  0.00 11477.89 
4  45.00  0.00 63.00  0.00 51.00  0.00 57.00  0.00 8288.00 
4  45.00  0.00 54.00  0.00 48.00  0.00 51.00  0.00 4720.04 
4  48.00  0.00 138.00  0.00 78.00  0.00 108.00  0.00 32664.46 
4  48.00  0.00 129.00  0.00 75.00  0.00 102.00  0.00 35011.70 
4  48.00  0.00 120.00  0.00 72.00  0.00 96.00  0.00 37078.18 
4  48.00  0.00 111.00  0.00 69.00  0.00 90.00  0.00 31558.59 
4  48.00  0.00 102.00  0.00 66.00  0.00 84.00  0.00 21601.59 
4  48.00  0.00 93.00  0.00 63.00  0.00 78.00  0.00 17657.78 
4  48.00  0.00 84.00  0.00 60.00  0.00 72.00  0.00 17259.34 
4  48.00  0.00 75.00  0.00 57.00  0.00 66.00  0.00 13574.74 
4  48.00  0.00 66.00  0.00 54.00  0.00 60.00  0.00 7675.23 
4  48.00  0.00 57.00  0.00 51.00  0.00 54.00  0.00 4481.02 
4  51.00  0.00 141.00  0.00 81.00  0.00 111.00  0.00 27276.64 
4  51.00  0.00 132.00  0.00 78.00  0.00 105.00  0.00 31381.05 
4  51.00  0.00 123.00  0.00 75.00  0.00 99.00  0.00 36744.07 
4  51.00  0.00 114.00  0.00 72.00  0.00 93.00  0.00 35049.89 
4  51.00  0.00 105.00  0.00 69.00  0.00 87.00  0.00 26358.33 
4  51.00  0.00 96.00  0.00 66.00  0.00 81.00  0.00 17661.59 
4  51.00  0.00 87.00  0.00 63.00  0.00 75.00  0.00 17464.97 
4  51.00  0.00 78.00  0.00 60.00  0.00 69.00  0.00 13793.10 
4  51.00  0.00 69.00  0.00 57.00  0.00 63.00  0.00 7580.95 
4  51.00  0.00 60.00  0.00 54.00  0.00 57.00  0.00 4753.04 
4  54.00  0.00 135.00  0.00 81.00  0.00 108.00  0.00 30295.69 
4  54.00  0.00 126.00  0.00 78.00  0.00 102.00  0.00 35576.79 
4  54.00  0.00 117.00  0.00 75.00  0.00 96.00  0.00 36041.15 
4  54.00  0.00 108.00  0.00 72.00  0.00 90.00  0.00 27743.95 
4  54.00  0.00 99.00  0.00 69.00  0.00 84.00  0.00 18211.74 
4  54.00  0.00 90.00  0.00 66.00  0.00 78.00  0.00 13194.69 
4  54.00  0.00 81.00  0.00 63.00  0.00 72.00  0.00 13213.80 
4  54.00  0.00 72.00  0.00 60.00  0.00 66.00  0.00 9836.04 
4  54.00  0.00 63.00  0.00 57.00  0.00 60.00  0.00 4895.50 
4  57.00  0.00 138.00  0.00 84.00  0.00 111.00  0.00 28657.12 
4  57.00  0.00 129.00  0.00 81.00  0.00 105.00  0.00 29057.82 
4  57.00  0.00 120.00  0.00 78.00  0.00 99.00  0.00 34652.55 
4  57.00  0.00 111.00  0.00 75.00  0.00 93.00  0.00 31587.42 
4  57.00  0.00 102.00  0.00 72.00  0.00 87.00  0.00 22002.24 
4  57.00  0.00 93.00  0.00 69.00  0.00 81.00  0.00 15063.77 
4  57.00  0.00 84.00  0.00 66.00  0.00 75.00  0.00 12464.70 
4  57.00  0.00 75.00  0.00 63.00  0.00 69.00  0.00 9732.53 
4  57.00  0.00 66.00  0.00 60.00  0.00 63.00  0.00 4104.73 
4  60.00  0.00 141.00  0.00 87.00  0.00 114.00  0.00 24249.23 
4  60.00  0.00 132.00  0.00 84.00  0.00 108.00  0.00 29271.91 
4  60.00  0.00 123.00  0.00 81.00  0.00 102.00  0.00 32554.89 
4  60.00  0.00 114.00  0.00 78.00  0.00 96.00  0.00 33182.76 
4  60.00  0.00 105.00  0.00 75.00  0.00 90.00  0.00 24292.78 
4  60.00  0.00 96.00  0.00 72.00  0.00 84.00  0.00 15199.18 
4  60.00  0.00 87.00  0.00 69.00  0.00 78.00  0.00 10428.24 
4  60.00  0.00 78.00  0.00 66.00  0.00 72.00  0.00 8226.78 
4  60.00  0.00 69.00  0.00 63.00  0.00 66.00  0.00 6603.27 
4  63.00  0.00 135.00  0.00 87.00  0.00 111.00  0.00 24832.77 
4  63.00  0.00 126.00  0.00 84.00  0.00 105.00  0.00 29329.91 
4  63.00  0.00 117.00  0.00 81.00  0.00 99.00  0.00 31367.11 
4  63.00  0.00 108.00  0.00 78.00  0.00 93.00  0.00 27973.30 
4  63.00  0.00 99.00  0.00 75.00  0.00 87.00  0.00 18063.37 
4  63.00  0.00 90.00  0.00 72.00  0.00 81.00  0.00 13119.29 
4  63.00  0.00 81.00  0.00 69.00  0.00 75.00  0.00 8724.91 
4  63.00  0.00 72.00  0.00 66.00  0.00 69.00  0.00 3959.01 
4  66.00  0.00 138.00  0.00 90.00  0.00 114.00  0.00 24255.38 
4  66.00  0.00 129.00  0.00 87.00  0.00 108.00  0.00 27756.83 
4  66.00  0.00 120.00  0.00 84.00  0.00 102.00  0.00 30493.87 
4  66.00  0.00 111.00  0.00 81.00  0.00 96.00  0.00 28866.75 
4  66.00  0.00 102.00  0.00 78.00  0.00 90.00  0.00 22385.73 
4  66.00  0.00 93.00  0.00 75.00  0.00 84.00  0.00 12418.09 
4  66.00  0.00 84.00  0.00 72.00  0.00 78.00  0.00 7833.39 
4  66.00  0.00 75.00  0.00 69.00  0.00 72.00  0.00 4805.46 
4  69.00  0.00 141.00  0.00 93.00  0.00 117.00  0.00 19631.27 
4  69.00  0.00 132.00  0.00 90.00  0.00 111.00  0.00 22239.05 
4  69.00  0.00 123.00  0.00 87.00  0.00 105.00  0.00 24858.79 
4  69.00  0.00 114.00  0.00 84.00  0.00 99.00  0.00 27306.48 
4  69.00  0.00 105.00  0.00 81.00  0.00 93.00  0.00 23320.04 
4  69.00  0.00 96.00  0.00 78.00  0.00 87.00  0.00 16271.88 
4  69.00  0.00 87.00  0.00 75.00  0.00 81.00  0.00 9909.84 
4  69.00  0.00 78.00  0.00 72.00  0.00 75.00  0.00 6351.16 
4  72.00  0.00 135.00  0.00 93.00  0.00 114.00  0.00 19498.34 
4  72.00  0.00 126.00  0.00 90.00  0.00 108.00  0.00 23564.64 
4  72.00  0.00 117.00  0.00 87.00  0.00 102.00  0.00 24000.56 
4  72.00  0.00 108.00  0.00 84.00  0.00 96.00  0.00 22592.46 
4  72.00  0.00 99.00  0.00 81.00  0.00 90.00  0.00 15635.15 
4  72.00  0.00 90.00  0.00 78.00  0.00 84.00  0.00 11733.85 
4  72.00  0.00 81.00  0.00 75.00  0.00 78.00  0.00 2945.35 
4  75.00  0.00 138.00  0.00 96.00  0.00 117.00  0.00 18929.98 
4  75.00  0.00 129.00  0.00 93.00  0.00 111.00  0.00 18321.77 
4  75.00  0.00 120.00  0.00 90.00  0.00 105.00  0.00 19388.11 
4  75.00  0.00 111.00  0.00 87.00  0.00 99.00  0.00 20932.43 
4  75.00  0.00 102.00  0.00 84.00  0.00 93.00  0.00 18568.53 
4  75.00  0.00 93.00  0.00 81.00  0.00 87.00  0.00 11284.88 
4  75.00  0.00 84.00  0.00 78.00  0.00 81.00  0.00 10066.63 
4  78.00  0.00 141.00  0.00 99.00  0.00 120.00  0.00 18511.66 
4  78.00  0.00 132.00  0.00 96.00  0.00 114.00  0.00 16180.81 
4  78.00  0.00 123.00  0.00 93.00  0.00 108.00  0.00 17530.09 
4  78.00  0.00 114.00  0.00 90.00  0.00 102.00  0.00 16919.05 
4  78.00  0.00 105.00  0.00 87.00  0.00 96.00  0.00 16037.69 
4  78.00  0.00 96.00  0.00 84.00  0.00 90.00  0.00 11518.19 
4  78.00  0.00 87.00  0.00 81.00  0.00 84.00  0.00 4987.98 
4  81.00  0.00 135.00  0.00 99.00  0.00 117.00  0.00 17139.63 
4  81.00  0.00 126.00  0.00 96.00  0.00 111.00  0.00 16330.00 
4  81.00  0.00 117.00  0.00 93.00  0.00 105.00  0.00 14046.92 
4  81.00  0.00 108.00  0.00 90.00  0.00 99.00  0.00 14186.50 
4  81.00  0.00 99.00  0.00 87.00  0.00 93.00  0.00 12302.20 
4  81.00  0.00 90.00  0.00 84.00  0.00 87.00  0.00 10497.75 
4  84.00  0.00 138.00  0.00 102.00  0.00 120.00  0.00 19737.31 
4  84.00  0.00 129.00  0.00 99.00  0.00 114.00  0.00 15413.13 
4  84.00  0.00 120.00  0.00 96.00  0.00 108.00  0.00 15275.68 
4  84.00  0.00 111.00  0.00 93.00  0.00 102.00  0.00 11406.67 
4  84.00  0.00 102.00  0.00 90.00  0.00 96.00  0.00 11149.27 
4  84.00  0.00 93.00  0.00 87.00  0.00 90.00  0.00 7131.42 
4  87.00  0.00 141.00  0.00 105.00  0.00 123.00  0.00 26851.50 
4  87.00  0.00 132.00  0.00 102.00  0.00 117.00  0.00 16155.64 
4  87.00  0.00 123.00  0.00 99.00  0.00 111.00  0.00 14331.69 
4  87.00  0.00 114.00  0.00 96.00  0.00 105.00  0.00 9698.95 
4  87.00  0.00 105.00  0.00 93.00  0.00 99.00  0.00 9424.78 
4  87.00  0.00 96.00  0.00 90.00  0.00 93.00  0.00 8530.28 
4  90.00  0.00 135.00  0.00 105.00  0.00 120.00  0.00 20021.50 
4  90.00  0.00 126.00  0.00 102.00  0.00 114.00  0.00 15532.03 
4  90.00  0.00 117.00  0.00 99.00  0.00 108.00  0.00 12980.49 
4  90.00  0.00 108.00  0.00 96.00  0.00 102.00  0.00 7575.88 
4  90.00  0.00 99.00  0.00 93.00  0.00 96.00  0.00 5502.62 
4  93.00  0.00 138.00  0.00 108.00  0.00 123.00  0.00 25180.79 
4  93.00  0.00 129.00  0.00 105.00  0.00 117.00  0.00 15792.50 
4  93.00  0.00 120.00  0.00 102.00  0.00 111.00  0.00 16014.58 
4  93.00  0.00 111.00  0.00 99.00  0.00 105.00  0.00 6749.78 
4  93.00  0.00 102.00  0.00 96.00  0.00 99.00  0.00 4197.41 
4  96.00  0.00 141.00  0.00 111.00  0.00 126.00  0.00 27475.42 
4  96.00  0.00 132.00  0.00 108.00  0.00 120.00  0.00 15902.64 
4  96.00  0.00 123.00  0.00 105.00  0.00 114.00  0.00 13419.00 
4  96.00  0.00 114.00  0.00 102.00  0.00 108.00  0.00 8614.45 
4  96.00  0.00 105.00  0.00 99.00  0.00 102.00  0.00 4485.66 
4  99.00  0.00 135.00  0.00 111.00  0.00 123.00  0.00 22516.06 
4  99.00  0.00 126.00  0.00 108.00  0.00 117.00  0.00 11118.88 
4  99.00  0.00 117.00  0.00 105.00  0.00 111.00  0.00 9592.97 
4  99.00  0.00 108.00  0.00 102.00  0.00 105.00  0.00 2347.00 
4  102.00  0.00 138.00  0.00 114.00  0.00 126.00  0.00 25446.90 
4  102.00  0.00 120.00  0.00 108.00  0.00 114.00  0.00 8063.84 
4  102.00  0.00 111.00  0.00 105.00  0.00 108.00  0.00 6861.24 
4  105.00  0.00 141.00  0.00 117.00  0.00 129.00  0.00 30098.44 
4  105.00  0.00 132.00  0.00 114.00  0.00 123.00  0.00 18686.91 
4  105.00  0.00 123.00  0.00 111.00  0.00 117.00  0.00 7775.85 
4  105.00  0.00 114.00  0.00 108.00  0.00 111.00  0.00 2704.05 
4  108.00  0.00 135.00  0.00 117.00  0.00 126.00  0.00 23093.17 
4  108.00  0.00 126.00  0.00 114.00  0.00 120.00  0.00 12421.86 
4  108.00  0.00 117.00  0.00 111.00  0.00 114.00  0.00 6549.55 
4  111.00  0.00 120.00  0.00 114.00  0.00 117.00  0.00 6237.75 
4  114.00  0.00 141.00  0.00 123.00  0.00 132.00  0.00 23026.20 
4  114.00  0.00 132.00  0.00 120.00  0.00 126.00  0.00 13892.77 
4  114.00  0.00 123.00  0.00 117.00  0.00 120.00  0.00 4628.91 
4  117.00  0.00 135.00  0.00 123.00  0.00 129.00  0.00 17119.75 
4  117.00  0.00 126.00  0.00 120.00  0.00 123.00  0.00 12849.36 
4  120.00  0.00 138.00  0.00 126.00  0.00 132.00  0.00 22706.46 
4  123.00  0.00 141.00  0.00 129.00  0.00 135.00  0.00 16000.58 
4  123.00  0.00 132.00  0.00 126.00  0.00 129.00  0.00 16663.01 
4  126.00  0.00 135.00  0.00 129.00  0.00 132.00  0.00 11859.86 
4  132.00  0.00 141.00  0.00 135.00  0.00 138.00  0.00 8993.02 
4  72.00  0.00 207.00  0.00 117.00  0.00 162.00  0.00 40168.09 
4  72.00  0.00 198.00  0.00 114.00  0.00 156.00  0.00 40426.68 
4  72.00  0.00 189.00  0.00 111.00  0.00 150.00  0.00 39805.27 
4  72.00  0.00 180.00  0.00 108.00  0.00 144.00  0.00 36941.78 
4  72.00  0.00 171.00  0.00 105.00  0.00 138.00  0.00 32397.67 
4  72.00  0.00 162.00  0.00 102.00  0.00 132.00  0.00 28298.39 
4  72.00  0.00 153.00  0.00 99.00  0.00 126.00  0.00 24195.03 
4  72.00  0.00 144.00  0.00 96.00  0.00 120.00  0.00 22326.62 
4  75.00  0.00 210.00  0.00 120.00  0.00 165.00  0.00 37172.23 
4  75.00  0.00 201.00  0.00 117.00  0.00 159.00  0.00 41807.17 
4  75.00  0.00 192.00  0.00 114.00  0.00 153.00  0.00 40266.30 
4  75.00  0.00 183.00  0.00 111.00  0.00 147.00  0.00 39373.75 
4  75.00  0.00 174.00  0.00 108.00  0.00 141.00  0.00 34661.50 
4  75.00  0.00 165.00  0.00 105.00  0.00 135.00  0.00 30568.71 
4  75.00  0.00 156.00  0.00 102.00  0.00 129.00  0.00 25987.52 
4  75.00  0.00 147.00  0.00 99.00  0.00 123.00  0.00 22637.82 
4  78.00  0.00 213.00  0.00 123.00  0.00 168.00  0.00 35379.51 
4  78.00  0.00 204.00  0.00 120.00  0.00 162.00  0.00 38068.37 
4  78.00  0.00 195.00  0.00 117.00  0.00 156.00  0.00 41612.96 
4  78.00  0.00 186.00  0.00 114.00  0.00 150.00  0.00 40857.90 
4  78.00  0.00 177.00  0.00 111.00  0.00 144.00  0.00 37977.21 
4  78.00  0.00 168.00  0.00 108.00  0.00 138.00  0.00 31305.65 
4  78.00  0.00 159.00  0.00 105.00  0.00 132.00  0.00 28452.06 
4  78.00  0.00 150.00  0.00 102.00  0.00 126.00  0.00 23355.56 
4  81.00  0.00 207.00  0.00 123.00  0.00 165.00  0.00 38009.50 
4  81.00  0.00 198.00  0.00 120.00  0.00 159.00  0.00 40388.54 
4  81.00  0.00 189.00  0.00 117.00  0.00 153.00  0.00 43523.91 
4  81.00  0.00 180.00  0.00 114.00  0.00 147.00  0.00 41690.61 
4  81.00  0.00 171.00  0.00 111.00  0.00 141.00  0.00 36392.79 
4  81.00  0.00 162.00  0.00 108.00  0.00 135.00  0.00 29743.37 
4  81.00  0.00 153.00  0.00 105.00  0.00 129.00  0.00 30500.22 
4  81.00  0.00 144.00  0.00 102.00  0.00 123.00  0.00 23649.54 
4  84.00  0.00 210.00  0.00 126.00  0.00 168.00  0.00 36827.84 
4  84.00  0.00 201.00  0.00 123.00  0.00 162.00  0.00 39429.00 
4  84.00  0.00 192.00  0.00 120.00  0.00 156.00  0.00 41022.66 
4  84.00  0.00 183.00  0.00 117.00  0.00 150.00  0.00 44966.84 
4  84.00  0.00 174.00  0.00 114.00  0.00 144.00  0.00 40695.95 
4  84.00  0.00 165.00  0.00 111.00  0.00 138.00  0.00 32624.04 
4  84.00  0.00 156.00  0.00 108.00  0.00 132.00  0.00 29059.78 
4  84.00  0.00 147.00  0.00 105.00  0.00 126.00  0.00 25607.59 
4  87.00  0.00 213.00  0.00 129.00  0.00 171.00  0.00 34765.14 
4  87.00  0.00 204.00  0.00 126.00  0.00 165.00  0.00 40609.74 
4  87.00  0.00 195.00  0.00 123.00  0.00 159.00  0.00 43545.11 
4  87.00  0.00 186.00  0.00 120.00  0.00 153.00  0.00 42937.25 
4  87.00  0.00 177.00  0.00 117.00  0.00 147.00  0.00 46259.57 
4  87.00  0.00 168.00  0.00 114.00  0.00 141.00  0.00 33691.70 
4  87.00  0.00 159.00  0.00 111.00  0.00 135.00  0.00 32582.09 
4  87.00  0.00 150.00  0.00 108.00  0.00 129.00  0.00 29848.52 
4  90.00  0.00 207.00  0.00 129.00  0.00 168.00  0.00 35598.24 
4  90.00  0.00 198.00  0.00 126.00  0.00 162.00  0.00 42043.93 
4  90.00  0.00 189.00  0.00 123.00  0.00 156.00  0.00 44561.43 
4  90.00  0.00 180.00  0.00 120.00  0.00 150.00  0.00 43931.49 
4  90.00  0.00 171.00  0.00 117.00  0.00 144.00  0.00 45543.43 
4  90.00  0.00 162.00  0.00 114.00  0.00 138.00  0.00 35640.74 
4  90.00  0.00 153.00  0.00 111.00  0.00 132.00  0.00 33359.28 
4  90.00  0.00 144.00  0.00 108.00  0.00 126.00  0.00 25999.46 
4  93.00  0.00 210.00  0.00 132.00  0.00 171.00  0.00 33512.12 
4  93.00  0.00 201.00  0.00 129.00  0.00 165.00  0.00 37138.34 
4  93.00  0.00 192.00  0.00 126.00  0.00 159.00  0.00 44040.11 
4  93.00  0.00 183.00  0.00 123.00  0.00 153.00  0.00 44580.91 
4  93.00  0.00 174.00  0.00 120.00  0.00 147.00  0.00 43166.91 
4  93.00  0.00 165.00  0.00 117.00  0.00 141.00  0.00 41116.28 
4  93.00  0.00 156.00  0.00 114.00  0.00 135.00  0.00 33996.57 
4  93.00  0.00 147.00  0.00 111.00  0.00 129.00  0.00 31902.07 
4  96.00  0.00 213.00  0.00 135.00  0.00 174.00  0.00 32436.92 
4  96.00  0.00 204.00  0.00 132.00  0.00 168.00  0.00 33336.07 
4  96.00  0.00 195.00  0.00 129.00  0.00 162.00  0.00 37711.93 
4  96.00  0.00 186.00  0.00 126.00  0.00 156.00  0.00 43763.75 
4  96.00  0.00 177.00  0.00 123.00  0.00 150.00  0.00 43351.38 
4  96.00  0.00 168.00  0.00 120.00  0.00 144.00  0.00 40240.80 
4  96.00  0.00 159.00  0.00 117.00  0.00 138.00  0.00 35878.56 
4  96.00  0.00 150.00  0.00 114.00  0.00 132.00  0.00 34205.66 
4  99.00  0.00 207.00  0.00 135.00  0.00 171.00  0.00 32018.36 
4  99.00  0.00 198.00  0.00 132.00  0.00 165.00  0.00 32430.07 
4  99.00  0.00 189.00  0.00 129.00  0.00 159.00  0.00 37160.55 
4  99.00  0.00 180.00  0.00 126.00  0.00 153.00  0.00 40501.27 
4  99.00  0.00 171.00  0.00 123.00  0.00 147.00  0.00 39892.25 
4  99.00  0.00 162.00  0.00 120.00  0.00 141.00  0.00 33288.66 
4  99.00  0.00 153.00  0.00 117.00  0.00 135.00  0.00 20632.89 
4  99.00  0.00 144.00  0.00 114.00  0.00 129.00  0.00 30743.86 
4  102.00  0.00 210.00  0.00 138.00  0.00 174.00  0.00 29160.48 
4  102.00  0.00 201.00  0.00 135.00  0.00 168.00  0.00 30848.00 
4  102.00  0.00 192.00  0.00 132.00  0.00 162.00  0.00 31955.88 
4  102.00  0.00 183.00  0.00 129.00  0.00 156.00  0.00 35701.71 
4  102.00  0.00 174.00  0.00 126.00  0.00 150.00  0.00 38570.38 
4  102.00  0.00 165.00  0.00 123.00  0.00 144.00  0.00 35390.37 
4  102.00  0.00 156.00  0.00 120.00  0.00 138.00  0.00 28377.40 
4  102.00  0.00 147.00  0.00 117.00  0.00 132.00  0.00 33165.55 
4  105.00  0.00 213.00  0.00 141.00  0.00 177.00  0.00 24223.39 
4  105.00  0.00 204.00  0.00 138.00  0.00 171.00  0.00 28354.44 
4  105.00  0.00 195.00  0.00 135.00  0.00 165.00  0.00 29315.77 
4  105.00  0.00 186.00  0.00 132.00  0.00 159.00  0.00 31048.09 
4  105.00  0.00 177.00  0.00 129.00  0.00 153.00  0.00 32138.76 
4  105.00  0.00 168.00  0.00 126.00  0.00 147.00  0.00 34614.07 
4  105.00  0.00 159.00  0.00 123.00  0.00 141.00  0.00 27816.68 
4  105.00  0.00 150.00  0.00 120.00  0.00 135.00  0.00 26120.54 
4  108.00  0.00 207.00  0.00 141.00  0.00 174.00  0.00 24591.79 
4  108.00  0.00 198.00  0.00 138.00  0.00 168.00  0.00 27667.31 
4  108.00  0.00 189.00  0.00 135.00  0.00 162.00  0.00 29958.05 
4  108.00  0.00 180.00  0.00 132.00  0.00 156.00  0.00 30338.56 
4  108.00  0.00 171.00  0.00 129.00  0.00 150.00  0.00 30844.02 
4  108.00  0.00 162.00  0.00 126.00  0.00 144.00  0.00 30709.39 
4  108.00  0.00 153.00  0.00 123.00  0.00 138.00  0.00 27629.48 
4  108.00  0.00 144.00  0.00 120.00  0.00 132.00  0.00 26205.07 
4  111.00  0.00 210.00  0.00 144.00  0.00 177.00  0.00 19588.46 
4  111.00  0.00 201.00  0.00 141.00  0.00 171.00  0.00 23987.40 
4  111.00  0.00 192.00  0.00 138.00  0.00 165.00  0.00 26751.87 
4  111.00  0.00 183.00  0.00 135.00  0.00 159.00  0.00 30792.63 
4  111.00  0.00 174.00  0.00 132.00  0.00 153.00  0.00 26722.11 
4  111.00  0.00 165.00  0.00 129.00  0.00 147.00  0.00 27690.99 
4  111.00  0.00 156.00  0.00 126.00  0.00 141.00  0.00 26690.97 
4  111.00  0.00 147.00  0.00 123.00  0.00 135.00  0.00 23373.45 
4  114.00  0.00 213.00  0.00 147.00  0.00 180.00  0.00 16258.18 
4  114.00  0.00 204.00  0.00 144.00  0.00 174.00  0.00 18935.23 
4  114.00  0.00 195.00  0.00 141.00  0.00 168.00  0.00 22354.39 
4  114.00  0.00 186.00  0.00 138.00  0.00 162.00  0.00 26513.16 
4  114.00  0.00 177.00  0.00 135.00  0.00 156.00  0.00 27511.72 
4  114.00  0.00 168.00  0.00 132.00  0.00 150.00  0.00 24975.37 
4  114.00  0.00 159.00  0.00 129.00  0.00 144.00  0.00 22856.09 
4  114.00  0.00 150.00  0.00 126.00  0.00 138.00  0.00 21919.34 
4  117.00  0.00 207.00  0.00 147.00  0.00 177.00  0.00 15917.40 
4  117.00  0.00 198.00  0.00 144.00  0.00 171.00  0.00 18006.15 
4  117.00  0.00 189.00  0.00 141.00  0.00 165.00  0.00 22164.00 
4  117.00  0.00 180.00  0.00 138.00  0.00 159.00  0.00 26368.27 
4  117.00  0.00 171.00  0.00 135.00  0.00 153.00  0.00 23464.91 
4  117.00  0.00 162.00  0.00 132.00  0.00 147.00  0.00 20462.24 
4  117.00  0.00 153.00  0.00 129.00  0.00 141.00  0.00 21368.74 
4  117.00  0.00 144.00  0.00 126.00  0.00 135.00  0.00 19360.00 
4  120.00  0.00 210.00  0.00 150.00  0.00 180.00  0.00 15222.90 
4  120.00  0.00 201.00  0.00 147.00  0.00 174.00  0.00 18044.98 
4  120.00  0.00 192.00  0.00 144.00  0.00 168.00  0.00 19283.67 
4  120.00  0.00 183.00  0.00 141.00  0.00 162.00  0.00 25253.49 
4  120.00  0.00 174.00  0.00 138.00  0.00 156.00  0.00 28910.51 
4  120.00  0.00 165.00  0.00 135.00  0.00 150.00  0.00 26056.74 
4  120.00  0.00 156.00  0.00 132.00  0.00 144.00  0.00 21484.06 
4  120.00  0.00 147.00  0.00 129.00  0.00 138.00  0.00 18159.19 
4  123.00  0.00 213.00  0.00 153.00  0.00 183.00  0.00 14423.40 
4  123.00  0.00 204.00  0.00 150.00  0.00 177.00  0.00 15295.28 
4  123.00  0.00 195.00  0.00 147.00  0.00 171.00  0.00 17633.76 
4  123.00  0.00 186.00  0.00 144.00  0.00 165.00  0.00 19281.84 
4  123.00  0.00 177.00  0.00 141.00  0.00 159.00  0.00 25884.54 
4  123.00  0.00 168.00  0.00 138.00  0.00 153.00  0.00 25650.47 
4  123.00  0.00 159.00  0.00 135.00  0.00 147.00  0.00 22619.47 
4  123.00  0.00 150.00  0.00 132.00  0.00 141.00  0.00 17591.78 
4  126.00  0.00 207.00  0.00 153.00  0.00 180.00  0.00 14894.23 
4  126.00  0.00 198.00  0.00 150.00  0.00 174.00  0.00 15446.45 
4  126.00  0.00 189.00  0.00 147.00  0.00 168.00  0.00 16565.93 
4  126.00  0.00 180.00  0.00 144.00  0.00 162.00  0.00 20051.49 
4  126.00  0.00 171.00  0.00 141.00  0.00 156.00  0.00 23799.08 
4  126.00  0.00 162.00  0.00 138.00  0.00 150.00  0.00 23130.23 
4  126.00  0.00 153.00  0.00 135.00  0.00 144.00  0.00 21479.79 
4  126.00  0.00 144.00  0.00 132.00  0.00 138.00  0.00 12001.78 
4  129.00  0.00 210.00  0.00 156.00  0.00 183.00  0.00 12482.37 
4  129.00  0.00 201.00  0.00 153.00  0.00 177.00  0.00 16007.04 
4  129.00  0.00 192.00  0.00 150.00  0.00 171.00  0.00 15994.89 
4  129.00  0.00 183.00  0.00 147.00  0.00 165.00  0.00 17697.78 
4  129.00  0.00 174.00  0.00 144.00  0.00 159.00  0.00 21339.68 
4  129.00  0.00 165.00  0.00 141.00  0.00 153.00  0.00 21457.45 
4  129.00  0.00 156.00  0.00 138.00  0.00 147.00  0.00 22906.56 
4  129.00  0.00 147.00  0.00 135.00  0.00 141.00  0.00 17190.79 
4  132.00  0.00 213.00  0.00 159.00  0.00 186.00  0.00 11431.15 
4  132.00  0.00 204.00  0.00 156.00  0.00 180.00  0.00 12869.79 
4  132.00  0.00 195.00  0.00 153.00  0.00 174.00  0.00 15282.38 
4  132.00  0.00 186.00  0.00 150.00  0.00 168.00  0.00 14934.96 
4  132.00  0.00 177.00  0.00 147.00  0.00 162.00  0.00 17597.41 
4  132.00  0.00 168.00  0.00 144.00  0.00 156.00  0.00 18571.62 
4  132.00  0.00 159.00  0.00 141.00  0.00 150.00  0.00 19310.46 
4  132.00  0.00 150.00  0.00 138.00  0.00 144.00  0.00 18143.19 
4  135.00  0.00 207.00  0.00 159.00  0.00 183.00  0.00 10992.75 
4  135.00  0.00 198.00  0.00 156.00  0.00 177.00  0.00 11743.27 
4  135.00  0.00 189.00  0.00 153.00  0.00 171.00  0.00 13663.83 
4  135.00  0.00 180.00  0.00 150.00  0.00 165.00  0.00 13131.86 
4  135.00  0.00 171.00  0.00 147.00  0.00 159.00  0.00 15457.80 
4  135.00  0.00 162.00  0.00 144.00  0.00 153.00  0.00 12854.84 
4  135.00  0.00 153.00  0.00 141.00  0.00 147.00  0.00 15511.93 
4  135.00  0.00 144.00  0.00 138.00  0.00 141.00  0.00 8431.14 
4  138.00  0.00 210.00  0.00 162.00  0.00 186.00  0.00 10720.26 
4  138.00  0.00 201.00  0.00 159.00  0.00 180.00  0.00 10497.69 
4  138.00  0.00 192.00  0.00 156.00  0.00 174.00  0.00 10626.53 
4  138.00  0.00 183.00  0.00 153.00  0.00 168.00  0.00 11972.16 
4  138.00  0.00 174.00  0.00 150.00  0.00 162.00  0.00 12275.77 
4  138.00  0.00 165.00  0.00 147.00  0.00 156.00  0.00 12366.30 
4  138.00  0.00 156.00  0.00 144.00  0.00 150.00  0.00 10759.53 
4  138.00  0.00 147.00  0.00 141.00  0.00 144.00  0.00 9720.48 
4  141.00  0.00 213.00  0.00 165.00  0.00 189.00  0.00 11972.22 
4  141.00  0.00 204.00  0.00 162.00  0.00 183.00  0.00 10819.65 
4  141.00  0.00 195.00  0.00 159.00  0.00 177.00  0.00 9558.10 
4  141.00  0.00 186.00  0.00 156.00  0.00 171.00  0.00 9732.65 
4  141.00  0.00 177.00  0.00 153.00  0.00 165.00  0.00 11117.62 
4  141.00  0.00 168.00  0.00 150.00  0.00 159.00  0.00 11322.54 
4  141.00  0.00 159.00  0.00 147.00  0.00 153.00  0.00 8492.58 
4  141.00  0.00 150.00  0.00 144.00  0.00 147.00  0.00 7184.63 
4  144.00  0.00 207.00  0.00 165.00  0.00 186.00  0.00 11756.47 
4  144.00  0.00 198.00  0.00 162.00  0.00 180.00  0.00 10085.96 
4  144.00  0.00 189.00  0.00 159.00  0.00 174.00  0.00 9009.23 
4  144.00  0.00 180.00  0.00 156.00  0.00 168.00  0.00 7783.42 
4  144.00  0.00 171.00  0.00 153.00  0.00 162.00  0.00 10937.82 
4  144.00  0.00 162.00  0.00 150.00  0.00 156.00  0.00 8680.57 
4  144.00  0.00 153.00  0.00 147.00  0.00 150.00  0.00 8264.18 
4  147.00  0.00 210.00  0.00 168.00  0.00 189.00  0.00 12313.69 
4  147.00  0.00 201.00  0.00 165.00  0.00 183.00  0.00 11112.86 
4  147.00  0.00 192.00  0.00 162.00  0.00 177.00  0.00 8482.30 
4  147.00  0.00 183.00  0.00 159.00  0.00 171.00  0.00 7140.84 
4  147.00  0.00 174.00  0.00 156.00  0.00 165.00  0.00 6322.55 
4  147.00  0.00 165.00  0.00 153.00  0.00 159.00  0.00 9195.95 
4  147.00  0.00 156.00  0.00 150.00  0.00 153.00  0.00 4383.91 
4  150.00  0.00 213.00  0.00 171.00  0.00 192.00  0.00 12403.01 
4  150.00  0.00 204.00  0.00 168.00  0.00 186.00  0.00 11602.76 
4  150.00  0.00 195.00  0.00 165.00  0.00 180.00  0.00 9872.45 
4  150.00  0.00 186.00  0.00 162.00  0.00 174.00  0.00 7825.95 
4  150.00  0.00 177.00  0.00 159.00  0.00 168.00  0.00 4561.59 
4  150.00  0.00 168.00  0.00 156.00  0.00 162.00  0.00 5405.78 
4  150.00  0.00 159.00  0.00 153.00  0.00 156.00  0.00 6580.21 
4  153.00  0.00 207.00  0.00 171.00  0.00 189.00  0.00 10803.49 
4  153.00  0.00 198.00  0.00 168.00  0.00 183.00  0.00 10358.06 
4  153.00  0.00 189.00  0.00 165.00  0.00 177.00  0.00 8183.76 
4  153.00  0.00 180.00  0.00 162.00  0.00 171.00  0.00 5125.47 
4  153.00  0.00 171.00  0.00 159.00  0.00 165.00  0.00 2884.32 
4  153.00  0.00 162.00  0.00 156.00  0.00 159.00  0.00 3010.54 
4  156.00  0.00 210.00  0.00 174.00  0.00 192.00  0.00 10823.29 
4  156.00  0.00 201.00  0.00 171.00  0.00 186.00  0.00 9809.51 
4  156.00  0.00 192.00  0.00 168.00  0.00 180.00  0.00 8588.94 
4  156.00  0.00 183.00  0.00 165.00  0.00 174.00  0.00 6663.77 
4  156.00  0.00 174.00  0.00 162.00  0.00 168.00  0.00 2482.00 
4  156.00  0.00 165.00  0.00 159.00  0.00 162.00  0.00 1857.49 
4  159.00  0.00 213.00  0.00 177.00  0.00 195.00  0.00 10145.25 
4  159.00  0.00 204.00  0.00 174.00  0.00 189.00  0.00 9508.55 
4  159.00  0.00 195.00  0.00 171.00  0.00 183.00  0.00 8465.54 
4  159.00  0.00 186.00  0.00 168.00  0.00 177.00  0.00 7107.46 
4  159.00  0.00 177.00  0.00 165.00  0.00 171.00  0.00 4116.74 
4  159.00  0.00 168.00  0.00 162.00  0.00 165.00  0.00 1135.32 
4  162.00  0.00 207.00  0.00 177.00  0.00 192.00  0.00 9731.08 
4  162.00  0.00 198.00  0.00 174.00  0.00 186.00  0.00 7805.36 
4  162.00  0.00 189.00  0.00 171.00  0.00 180.00  0.00 6620.38 
4  162.00  0.00 180.00  0.00 168.00  0.00 174.00  0.00 4988.28 
4  162.00  0.00 171.00  0.00 165.00  0.00 168.00  0.00 1533.67 
4  165.00  0.00 210.00  0.00 180.00  0.00 195.00  0.00 8202.41 
4  165.00  0.00 201.00  0.00 177.00  0.00 189.00  0.00 7827.53 
4  165.00  0.00 192.00  0.00 174.00  0.00 183.00  0.00 5769.51 
4  165.00  0.00 183.00  0.00 171.00  0.00 177.00  0.00 4306.84 
4  165.00  0.00 174.00  0.00 168.00  0.00 171.00  0.00 2506.23 
4  168.00  0.00 213.00  0.00 183.00  0.00 198.00  0.00 8278.92 
4  168.00  0.00 204.00  0.00 180.00  0.00 192.00  0.00 8416.82 
4  168.00  0.00 195.00  0.00 177.00  0.00 186.00  0.00 6228.32 
4  168.00  0.00 186.00  0.00 174.00  0.00 180.00  0.00 4557.40 
4  168.00  0.00 177.00  0.00 171.00  0.00 174.00  0.00 3078.96 
4  171.00  0.00 207.00  0.00 183.00  0.00 195.00  0.00 8041.38 
4  171.00  0.00 198.00  0.00 180.00  0.00 189.00  0.00 6898.94 
4  171.00  0.00 189.00  0.00 177.00  0.00 183.00  0.00 5280.83 
4  171.00  0.00 180.00  0.00 174.00  0.00 177.00  0.00 2693.44 
4  174.00  0.00 210.00  0.00 186.00  0.00 198.00  0.00 8398.91 
4  174.00  0.00 201.00  0.00 183.00  0.00 192.00  0.00 8159.46 
4  174.00  0.00 192.00  0.00 180.00  0.00 186.00  0.00 4824.06 
4  174.00  0.00 183.00  0.00 177.00  0.00 180.00  0.00 3523.36 
4  177.00  0.00 213.00  0.00 189.00  0.00 201.00  0.00 8005.21 
4  177.00  0.00 204.00  0.00 186.00  0.00 195.00  0.00 7598.08 
4  177.00  0.00 195.00  0.00 183.00  0.00 189.00  0.00 5428.67 
4  177.00  0.00 186.00  0.00 180.00  0.00 183.00  0.00 3336.79 
4  180.00  0.00 207.00  0.00 189.00  0.00 198.00  0.00 7335.73 
4  180.00  0.00 198.00  0.00 186.00  0.00 192.00  0.00 6899.62 
4  180.00  0.00 189.00  0.00 183.00  0.00 186.00  0.00 3228.41 
4  183.00  0.00 210.00  0.00 192.00  0.00 201.00  0.00 6554.13 
4  183.00  0.00 201.00  0.00 189.00  0.00 195.00  0.00 5969.03 
4  183.00  0.00 192.00  0.00 186.00  0.00 189.00  0.00 3514.63 
4  186.00  0.00 213.00  0.00 195.00  0.00 204.00  0.00 7108.98 
4  186.00  0.00 204.00  0.00 192.00  0.00 198.00  0.00 5129.51 
4  186.00  0.00 195.00  0.00 189.00  0.00 192.00  0.00 4842.33 
4  189.00  0.00 207.00  0.00 195.00  0.00 201.00  0.00 6503.10 
4  189.00  0.00 198.00  0.00 192.00  0.00 195.00  0.00 2672.77 
4  192.00  0.00 210.00  0.00 198.00  0.00 204.00  0.00 6664.18 
4  192.00  0.00 201.00  0.00 195.00  0.00 198.00  0.00 4540.33 
4  195.00  0.00 213.00  0.00 201.00  0.00 207.00  0.00 6554.86 
4  195.00  0.00 204.00  0.00 198.00  0.00 201.00  0.00 4227.84 
4  198.00  0.00 207.00  0.00 201.00  0.00 204.00  0.00 3662.05 
4  201.00  0.00 210.00  0.00 204.00  0.00 207.00  0.00 4276.39 
4  204.00  0.00 213.00  0.00 207.00  0.00 210.00  0.00 4347.25 
4  144.00  0.00 279.00  0.00 189.00  0.00 234.00  0.00 11347.80 
4  144.00  0.00 270.00  0.00 186.00  0.00 228.00  0.00 12305.16 
4  144.00  0.00 261.00  0.00 183.00  0.00 222.00  0.00 12500.21 
4  144.00  0.00 252.00  0.00 180.00  0.00 216.00  0.00 12571.66 
4  144.00  0.00 243.00  0.00 177.00  0.00 210.00  0.00 12741.00 
4  144.00  0.00 234.00  0.00 174.00  0.00 204.00  0.00 12834.33 
4  144.00  0.00 225.00  0.00 171.00  0.00 198.00  0.00 13170.07 
4  144.00  0.00 216.00  0.00 168.00  0.00 192.00  0.00 13357.08 
4  147.00  0.00 282.00  0.00 192.00  0.00 237.00  0.00 10662.63 
4  147.00  0.00 273.00  0.00 189.00  0.00 231.00  0.00 11158.17 
4  147.00  0.00 264.00  0.00 186.00  0.00 225.00  0.00 12183.02 
4  147.00  0.00 255.00  0.00 183.00  0.00 219.00  0.00 12228.80 
4  147.00  0.00 246.00  0.00 180.00  0.00 213.00  0.00 12290.82 
4  147.00  0.00 237.00  0.00 177.00  0.00 207.00  0.00 12566.37 
4  147.00  0.00 228.00  0.00 174.00  0.00 201.00  0.00 12701.86 
4  147.00  0.00 219.00  0.00 171.00  0.00 195.00  0.00 12429.94 
4  150.00  0.00 285.00  0.00 195.00  0.00 240.00  0.00 10124.04 
4  150.00  0.00 276.00  0.00 192.00  0.00 234.00  0.00 10339.84 
4  150.00  0.00 267.00  0.00 189.00  0.00 228.00  0.00 11207.68 
4  150.00  0.00 258.00  0.00 186.00  0.00 222.00  0.00 11797.37 
4  150.00  0.00 249.00  0.00 183.00  0.00 216.00  0.00 11679.41 
4  150.00  0.00 240.00  0.00 180.00  0.00 210.00  0.00 11992.22 
4  150.00  0.00 231.00  0.00 177.00  0.00 204.00  0.00 12584.65 
4  150.00  0.00 222.00  0.00 174.00  0.00 198.00  0.00 11922.65 
4  153.00  0.00 279.00  0.00 195.00  0.00 237.00  0.00 9715.88 
4  153.00  0.00 270.00  0.00 192.00  0.00 231.00  0.00 9801.77 
4  153.00  0.00 261.00  0.00 189.00  0.00 225.00  0.00 10798.59 
4  153.00  0.00 252.00  0.00 186.00  0.00 219.00  0.00 11096.90 
4  153.00  0.00 243.00  0.00 183.00  0.00 213.00  0.00 11009.23 
4  153.00  0.00 234.00  0.00 180.00  0.00 207.00  0.00 11639.44 
4  153.00  0.00 225.00  0.00 177.00  0.00 201.00  0.00 11667.18 
4  153.00  0.00 216.00  0.00 174.00  0.00 195.00  0.00 11013.53 
4  156.00  0.00 282.00  0.00 198.00  0.00 240.00  0.00 9490.46 
4  156.00  0.00 273.00  0.00 195.00  0.00 234.00  0.00 9516.55 
4  156.00  0.00 264.00  0.00 192.00  0.00 228.00  0.00 9789.87 
4  156.00  0.00 255.00  0.00 189.00  0.00 222.00  0.00 10224.42 
4  156.00  0.00 246.00  0.00 186.00  0.00 216.00  0.00 10540.30 
4  156.00  0.00 237.00  0.00 183.00  0.00 210.00  0.00 10869.46 
4  156.00  0.00 228.00  0.00 180.00  0.00 204.00  0.00 11043.26 
4  156.00  0.00 219.00  0.00 177.00  0.00 198.00  0.00 10980.91 
4  159.00  0.00 285.00  0.00 201.00  0.00 243.00  0.00 8829.53 
4  159.00  0.00 276.00  0.00 198.00  0.00 237.00  0.00 9089.75 
4  159.00  0.00 267.00  0.00 195.00  0.00 231.00  0.00 9067.80 
4  159.00  0.00 258.00  0.00 192.00  0.00 225.00  0.00 9346.84 
4  159.00  0.00 249.00  0.00 189.00  0.00 219.00  0.00 9648.34 
4  159.00  0.00 240.00  0.00 186.00  0.00 213.00  0.00 10011.32 
4  159.00  0.00 231.00  0.00 183.00  0.00 207.00  0.00 10595.96 
4  159.00  0.00 222.00  0.00 180.00  0.00 201.00  0.00 10378.03 
4  162.00  0.00 279.00  0.00 201.00  0.00 240.00  0.00 8531.62 
4  162.00  0.00 270.00  0.00 198.00  0.00 234.00  0.00 8655.45 
4  162.00  0.00 261.00  0.00 195.00  0.00 228.00  0.00 8829.45 
4  162.00  0.00 252.00  0.00 192.00  0.00 222.00  0.00 8517.51 
4  162.00  0.00 243.00  0.00 189.00  0.00 216.00  0.00 8821.59 
4  162.00  0.00 234.00  0.00 186.00  0.00 210.00  0.00 9883.85 
4  162.00  0.00 225.00  0.00 183.00  0.00 204.00  0.00 9571.74 
4  162.00  0.00 216.00  0.00 180.00  0.00 198.00  0.00 9496.53 
4  165.00  0.00 282.00  0.00 204.00  0.00 243.00  0.00 7898.91 
4  165.00  0.00 273.00  0.00 201.00  0.00 237.00  0.00 8206.62 
4  165.00  0.00 264.00  0.00 198.00  0.00 231.00  0.00 8135.66 
4  165.00  0.00 255.00  0.00 195.00  0.00 225.00  0.00 8095.39 
4  165.00  0.00 246.00  0.00 192.00  0.00 219.00  0.00 7904.73 
4  165.00  0.00 237.00  0.00 189.00  0.00 213.00  0.00 8286.95 
4  165.00  0.00 228.00  0.00 186.00  0.00 207.00  0.00 8937.67 
4  165.00  0.00 219.00  0.00 183.00  0.00 201.00  0.00 8679.84 
4  168.00  0.00 285.00  0.00 207.00  0.00 246.00  0.00 7115.71 
4  168.00  0.00 276.00  0.00 204.00  0.00 240.00  0.00 7927.94 
4  168.00  0.00 267.00  0.00 201.00  0.00 234.00  0.00 8013.61 
4  168.00  0.00 258.00  0.00 198.00  0.00 228.00  0.00 8061.19 
4  168.00  0.00 249.00  0.00 195.00  0.00 222.00  0.00 7569.10 
4  168.00  0.00 240.00  0.00 192.00  0.00 216.00  0.00 7337.49 
4  168.00  0.00 231.00  0.00 189.00  0.00 210.00  0.00 8576.55 
4  168.00  0.00 222.00  0.00 186.00  0.00 204.00  0.00 8516.03 
4  171.00  0.00 279.00  0.00 207.00  0.00 243.00  0.00 7400.63 
4  171.00  0.00 270.00  0.00 204.00  0.00 237.00  0.00 8286.33 
4  171.00  0.00 261.00  0.00 201.00  0.00 231.00  0.00 7993.01 
4  171.00  0.00 252.00  0.00 198.00  0.00 225.00  0.00 8019.63 
4  171.00  0.00 243.00  0.00 195.00  0.00 219.00  0.00 7850.29 
4  171.00  0.00 234.00  0.00 192.00  0.00 213.00  0.00 8005.92 
4  171.00  0.00 225.00  0.00 189.00  0.00 207.00  0.00 8559.68 
4  171.00  0.00 216.00  0.00 186.00  0.00 201.00  0.00 8746.19 
4  174.00  0.00 282.00  0.00 210.00  0.00 246.00  0.00 7059.16 
4  174.00  0.00 273.00  0.00 207.00  0.00 240.00  0.00 7947.56 
4  174.00  0.00 264.00  0.00 204.00  0.00 234.00  0.00 8394.63 
4  174.00  0.00 255.00  0.00 201.00  0.00 228.00  0.00 8393.94 
4  174.00  0.00 246.00  0.00 198.00  0.00 222.00  0.00 8065.77 
4  174.00  0.00 237.00  0.00 195.00  0.00 216.00  0.00 8129.63 
4  174.00  0.00 228.00  0.00 192.00  0.00 210.00  0.00 8373.32 
4  174.00  0.00 219.00  0.00 189.00  0.00 204.00  0.00 8468.84 
4  177.00  0.00 285.00  0.00 213.00  0.00 249.00  0.00 6785.84 
4  177.00  0.00 276.00  0.00 210.00  0.00 243.00  0.00 7351.33 
4  177.00  0.00 267.00  0.00 207.00  0.00 237.00  0.00 8107.01 
4  177.00  0.00 258.00  0.00 204.00  0.00 231.00  0.00 8134.83 
4  177.00  0.00 249.00  0.00 201.00  0.00 225.00  0.00 8200.07 
4  177.00  0.00 240.00  0.00 198.00  0.00 219.00  0.00 8042.67 
4  177.00  0.00 231.00  0.00 195.00  0.00 213.00  0.00 8406.28 
4  177.00  0.00 222.00  0.00 192.00  0.00 207.00  0.00 7860.67 
4  180.00  0.00 279.00  0.00 213.00  0.00 246.00  0.00 6969.71 
4  180.00  0.00 270.00  0.00 210.00  0.00 240.00  0.00 7856.65 
4  180.00  0.00 261.00  0.00 207.00  0.00 234.00  0.00 8048.32 
4  180.00  0.00 252.00  0.00 204.00  0.00 228.00  0.00 8319.26 
4  180.00  0.00 243.00  0.00 201.00  0.00 222.00  0.00 8017.63 
4  180.00  0.00 234.00  0.00 198.00  0.00 216.00  0.00 8393.56 
4  180.00  0.00 225.00  0.00 195.00  0.00 210.00  0.00 8421.24 
4  180.00  0.00 216.00  0.00 192.00  0.00 204.00  0.00 7553.71 
4  183.00  0.00 282.00  0.00 216.00  0.00 249.00  0.00 7278.05 
4  183.00  0.00 273.00  0.00 213.00  0.00 243.00  0.00 1715.69 
4  183.00  0.00 264.00  0.00 210.00  0.00 237.00  0.00 7934.53 
4  183.00  0.00 255.00  0.00 207.00  0.00 231.00  0.00 7726.20 
4  183.00  0.00 246.00  0.00 204.00  0.00 225.00  0.00 8224.13 
4  183.00  0.00 237.00  0.00 201.00  0.00 219.00  0.00 8598.93 
4  183.00  0.00 228.00  0.00 198.00  0.00 213.00  0.00 8128.87 
4  183.00  0.00 219.00  0.00 195.00  0.00 207.00  0.00 8060.07 
4  186.00  0.00 285.00  0.00 219.00  0.00 252.00  0.00 6901.63 
4  186.00  0.00 276.00  0.00 216.00  0.00 246.00  0.00 7149.12 
4  186.00  0.00 267.00  0.00 213.00  0.00 240.00  0.00 7842.59 
4  186.00  0.00 258.00  0.00 210.00  0.00 234.00  0.00 7695.70 
4  186.00  0.00 249.00  0.00 207.00  0.00 228.00  0.00 7966.29 
4  186.00  0.00 240.00  0.00 204.00  0.00 222.00  0.00 7893.41 
4  186.00  0.00 231.00  0.00 201.00  0.00 216.00  0.00 8318.24 
4  186.00  0.00 222.00  0.00 198.00  0.00 210.00  0.00 8021.64 
4  189.00  0.00 279.00  0.00 219.00  0.00 249.00  0.00 6761.52 
4  189.00  0.00 270.00  0.00 216.00  0.00 243.00  0.00 7639.66 
4  189.00  0.00 261.00  0.00 213.00  0.00 237.00  0.00 7855.95 
4  189.00  0.00 252.00  0.00 210.00  0.00 231.00  0.00 7170.27 
4  189.00  0.00 243.00  0.00 207.00  0.00 225.00  0.00 7686.65 
4  189.00  0.00 234.00  0.00 204.00  0.00 219.00  0.00 8789.63 
4  189.00  0.00 225.00  0.00 201.00  0.00 213.00  0.00 7706.01 
4  189.00  0.00 216.00  0.00 198.00  0.00 207.00  0.00 7513.21 
4  192.00  0.00 282.00  0.00 222.00  0.00 252.00  0.00 6703.17 
4  192.00  0.00 273.00  0.00 219.00  0.00 246.00  0.00 7340.72 
4  192.00  0.00 264.00  0.00 216.00  0.00 240.00  0.00 8269.60 
4  192.00  0.00 255.00  0.00 213.00  0.00 234.00  0.00 7668.91 
4  192.00  0.00 246.00  0.00 210.00  0.00 228.00  0.00 7916.81 
4  192.00  0.00 237.00  0.00 207.00  0.00 222.00  0.00 8181.60 
4  192.00  0.00 228.00  0.00 204.00  0.00 216.00  0.00 8042.48 
4  192.00  0.00 219.00  0.00 201.00  0.00 210.00  0.00 7899.41 
4  195.00  0.00 285.00  0.00 225.00  0.00 255.00  0.00 6187.64 
4  195.00  0.00 276.00  0.00 222.00  0.00 249.00  0.00 6619.28 
4  195.00  0.00 267.00  0.00 219.00  0.00 243.00  0.00 7477.54 
4  195.00  0.00 258.00  0.00 216.00  0.00 237.00  0.00 7779.44 
4  195.00  0.00 249.00  0.00 213.00  0.00 231.00  0.00 6997.72 
4  195.00  0.00 240.00  0.00 210.00  0.00 225.00  0.00 7212.00 
4  195.00  0.00 231.00  0.00 207.00  0.00 219.00  0.00 8472.66 
4  195.00  0.00 222.00  0.00 204.00  0.00 213.00  0.00 7085.89 
4  198.00  0.00 279.00  0.00 225.00  0.00 252.00  0.00 6552.18 
4  198.00  0.00 270.00  0.00 222.00  0.00 246.00  0.00 7113.10 
4  198.00  0.00 261.00  0.00 219.00  0.00 240.00  0.00 7950.74 
4  198.00  0.00 252.00  0.00 216.00  0.00 234.00  0.00 7446.18 
4  198.00  0.00 243.00  0.00 213.00  0.00 228.00  0.00 7577.52 
4  198.00  0.00 234.00  0.00 210.00  0.00 222.00  0.00 7853.32 
4  198.00  0.00 225.00  0.00 207.00  0.00 216.00  0.00 6952.66 
4  198.00  0.00 216.00  0.00 204.00  0.00 210.00  0.00 6715.83 
4  201.00  0.00 282.00  0.00 228.00  0.00 255.00  0.00 6319.68 
4  201.00  0.00 273.00  0.00 225.00  0.00 249.00  0.00 6964.33 
4  201.00  0.00 264.00  0.00 222.00  0.00 243.00  0.00 7585.34 
4  201.00  0.00 255.00  0.00 219.00  0.00 237.00  0.00 7619.72 
4  201.00  0.00 246.00  0.00 216.00  0.00 231.00  0.00 7347.70 
4  201.00  0.00 237.00  0.00 213.00  0.00 225.00  0.00 8044.82 
4  201.00  0.00 228.00  0.00 210.00  0.00 219.00  0.00 7501.18 
4  201.00  0.00 219.00  0.00 207.00  0.00 213.00  0.00 5869.75 
4  204.00  0.00 285.00  0.00 231.00  0.00 258.00  0.00 6257.43 
4  204.00  0.00 276.00  0.00 228.00  0.00 252.00  0.00 6772.13 
4  204.00  0.00 267.00  0.00 225.00  0.00 246.00  0.00 7340.02 
4  204.00  0.00 258.00  0.00 222.00  0.00 240.00  0.00 7892.07 
4  204.00  0.00 249.00  0.00 219.00  0.00 234.00  0.00 7225.66 
4  204.00  0.00 240.00  0.00 216.00  0.00 228.00  0.00 7694.13 
4  204.00  0.00 231.00  0.00 213.00  0.00 222.00  0.00 7940.21 
4  204.00  0.00 222.00  0.00 210.00  0.00 216.00  0.00 5810.53 
4  207.00  0.00 279.00  0.00 231.00  0.00 255.00  0.00 6476.47 
4  207.00  0.00 270.00  0.00 228.00  0.00 249.00  0.00 7068.83 
4  207.00  0.00 261.00  0.00 225.00  0.00 243.00  0.00 7652.28 
4  207.00  0.00 252.00  0.00 222.00  0.00 237.00  0.00 7491.70 
4  207.00  0.00 243.00  0.00 219.00  0.00 231.00  0.00 6640.84 
4  207.00  0.00 234.00  0.00 216.00  0.00 225.00  0.00 8421.81 
4  207.00  0.00 225.00  0.00 213.00  0.00 219.00  0.00 7223.15 
4  207.00  0.00 216.00  0.00 210.00  0.00 213.00  0.00 3807.61 
4  210.00  0.00 282.00  0.00 234.00  0.00 258.00  0.00 5886.65 
4  210.00  0.00 273.00  0.00 231.00  0.00 252.00  0.00 7178.62 
4  210.00  0.00 264.00  0.00 228.00  0.00 246.00  0.00 7313.63 
4  210.00  0.00 255.00  0.00 225.00  0.00 240.00  0.00 7742.28 
4  210.00  0.00 246.00  0.00 222.00  0.00 234.00  0.00 7101.57 
4  210.00  0.00 237.00  0.00 219.00  0.00 228.00  0.00 7810.37 
4  210.00  0.00 228.00  0.00 216.00  0.00 222.00  0.00 6877.63 
4  210.00  0.00 219.00  0.00 213.00  0.00 216.00  0.00 4099.58 
4  213.00  0.00 285.00  0.00 237.00  0.00 261.00  0.00 5136.29 
4  213.00  0.00 276.00  0.00 234.00  0.00 255.00  0.00 6172.34 
4  213.00  0.00 267.00  0.00 231.00  0.00 249.00  0.00 7430.15 
4  213.00  0.00 258.00  0.00 228.00  0.00 243.00  0.00 7338.76 
4  213.00  0.00 249.00  0.00 225.00  0.00 237.00  0.00 7045.10 
4  213.00  0.00 240.00  0.00 222.00  0.00 231.00  0.00 6175.59 
4  213.00  0.00 231.00  0.00 219.00  0.00 225.00  0.00 7204.72 
4  213.00  0.00 222.00  0.00 216.00  0.00 219.00  0.00 5831.04 
4  216.00  0.00 279.00  0.00 237.00  0.00 258.00  0.00 5408.61 
4  216.00  0.00 270.00  0.00 234.00  0.00 252.00  0.00 7028.67 
4  216.00  0.00 261.00  0.00 231.00  0.00 246.00  0.00 7650.46 
4  216.00  0.00 252.00  0.00 228.00  0.00 240.00  0.00 7192.45 
4  216.00  0.00 243.00  0.00 225.00  0.00 234.00  0.00 6320.68 
4  216.00  0.00 234.00  0.00 222.00  0.00 228.00  0.00 7666.00 
4  216.00  0.00 225.00  0.00 219.00  0.00 222.00  0.00 4143.35 
4  219.00  0.00 282.00  0.00 240.00  0.00 261.00  0.00 5126.08 
4  219.00  0.00 273.00  0.00 237.00  0.00 255.00  0.00 6489.83 
4  219.00  0.00 264.00  0.00 234.00  0.00 249.00  0.00 7828.65 
4  219.00  0.00 255.00  0.00 231.00  0.00 243.00  0.00 8388.87 
4  219.00  0.00 246.00  0.00 228.00  0.00 237.00  0.00 7302.25 
4  219.00  0.00 237.00  0.00 225.00  0.00 231.00  0.00 6388.29 
4  219.00  0.00 228.00  0.00 222.00  0.00 225.00  0.00 5928.88 
4  222.00  0.00 285.00  0.00 243.00  0.00 264.00  0.00 4923.82 
4  222.00  0.00 276.00  0.00 240.00  0.00 258.00  0.00 5353.27 
4  222.00  0.00 267.00  0.00 237.00  0.00 252.00  0.00 7033.47 
4  222.00  0.00 258.00  0.00 234.00  0.00 246.00  0.00 7634.07 
4  222.00  0.00 249.00  0.00 231.00  0.00 240.00  0.00 8185.73 
4  222.00  0.00 240.00  0.00 228.00  0.00 234.00  0.00 5662.60 
4  222.00  0.00 231.00  0.00 225.00  0.00 228.00  0.00 6581.47 
4  225.00  0.00 279.00  0.00 243.00  0.00 261.00  0.00 5485.90 
4  225.00  0.00 270.00  0.00 240.00  0.00 255.00  0.00 6223.21 
4  225.00  0.00 261.00  0.00 237.00  0.00 249.00  0.00 7464.42 
4  225.00  0.00 252.00  0.00 234.00  0.00 243.00  0.00 7940.29 
4  225.00  0.00 243.00  0.00 231.00  0.00 237.00  0.00 7543.72 
4  225.00  0.00 234.00  0.00 228.00  0.00 231.00  0.00 4135.67 
4  228.00  0.00 282.00  0.00 246.00  0.00 264.00  0.00 5691.69 
4  228.00  0.00 273.00  0.00 243.00  0.00 258.00  0.00 6220.35 
4  228.00  0.00 264.00  0.00 240.00  0.00 252.00  0.00 6850.47 
4  228.00  0.00 255.00  0.00 237.00  0.00 246.00  0.00 7130.16 
4  228.00  0.00 246.00  0.00 234.00  0.00 240.00  0.00 8056.01 
4  228.00  0.00 237.00  0.00 231.00  0.00 234.00  0.00 6331.70 
4  231.00  0.00 285.00  0.00 249.00  0.00 267.00  0.00 5375.61 
4  231.00  0.00 276.00  0.00 246.00  0.00 261.00  0.00 5846.56 
4  231.00  0.00 267.00  0.00 243.00  0.00 255.00  0.00 6192.71 
4  231.00  0.00 258.00  0.00 240.00  0.00 249.00  0.00 5920.80 
4  231.00  0.00 249.00  0.00 237.00  0.00 243.00  0.00 5967.49 
4  231.00  0.00 240.00  0.00 234.00  0.00 237.00  0.00 4786.74 
4  234.00  0.00 279.00  0.00 249.00  0.00 264.00  0.00 5585.67 
4  234.00  0.00 270.00  0.00 246.00  0.00 258.00  0.00 6253.62 
4  234.00  0.00 261.00  0.00 243.00  0.00 252.00  0.00 6034.55 
4  234.00  0.00 252.00  0.00 240.00  0.00 246.00  0.00 4623.91 
4  234.00  0.00 243.00  0.00 237.00  0.00 240.00  0.00 5212.95 
4  237.00  0.00 282.00  0.00 252.00  0.00 267.00  0.00 5694.85 
4  237.00  0.00 273.00  0.00 249.00  0.00 261.00  0.00 6029.07 
4  237.00  0.00 264.00  0.00 246.00  0.00 255.00  0.00 6122.01 
4  237.00  0.00 255.00  0.00 243.00  0.00 249.00  0.00 4897.87 
4  237.00  0.00 246.00  0.00 240.00  0.00 243.00  0.00 3933.49 
4  240.00  0.00 285.00  0.00 255.00  0.00 270.00  0.00 5931.11 
4  240.00  0.00 276.00  0.00 252.00  0.00 264.00  0.00 5792.07 
4  240.00  0.00 267.00  0.00 249.00  0.00 258.00  0.00 5893.09 
4  240.00  0.00 258.00  0.00 246.00  0.00 252.00  0.00 5571.39 
4  240.00  0.00 249.00  0.00 243.00  0.00 246.00  0.00 3657.69 
4  243.00  0.00 279.00  0.00 255.00  0.00 267.00  0.00 5709.15 
4  243.00  0.00 270.00  0.00 252.00  0.00 261.00  0.00 5606.03 
4  243.00  0.00 261.00  0.00 249.00  0.00 255.00  0.00 4839.06 
4  243.00  0.00 252.00  0.00 246.00  0.00 249.00  0.00 3980.55 
4  246.00  0.00 282.00  0.00 258.00  0.00 270.00  0.00 5762.10 
4  246.00  0.00 273.00  0.00 255.00  0.00 264.00  0.00 5564.90 
4  246.00  0.00 264.00  0.00 252.00  0.00 258.00  0.00 4355.90 
4  246.00  0.00 255.00  0.00 249.00  0.00 252.00  0.00 3781.28 
4  249.00  0.00 285.00  0.00 261.00  0.00 273.00  0.00 5991.50 
4  249.00  0.00 276.00  0.00 258.00  0.00 267.00  0.00 5711.42 
4  249.00  0.00 267.00  0.00 255.00  0.00 261.00  0.00 4962.82 
4  249.00  0.00 258.00  0.00 252.00  0.00 255.00  0.00 3348.94 
4  252.00  0.00 279.00  0.00 261.00  0.00 270.00  0.00 5750.75 
4  252.00  0.00 270.00  0.00 258.00  0.00 264.00  0.00 5509.27 
4  252.00  0.00 261.00  0.00 255.00  0.00 258.00  0.00 3954.31 
4  255.00  0.00 282.00  0.00 264.00  0.00 273.00  0.00 5798.23 
4  255.00  0.00 273.00  0.00 261.00  0.00 267.00  0.00 5229.54 
4  255.00  0.00 264.00  0.00 258.00  0.00 261.00  0.00 3866.85 
4  258.00  0.00 285.00  0.00 267.00  0.00 276.00  0.00 5931.33 
4  258.00  0.00 276.00  0.00 264.00  0.00 270.00  0.00 5333.32 
4  258.00  0.00 267.00  0.00 261.00  0.00 264.00  0.00 4261.18 
4  261.00  0.00 279.00  0.00 267.00  0.00 273.00  0.00 5480.87 
4  261.00  0.00 270.00  0.00 264.00  0.00 267.00  0.00 4678.88 
4  264.00  0.00 282.00  0.00 270.00  0.00 276.00  0.00 5835.12 
4  264.00  0.00 273.00  0.00 267.00  0.00 270.00  0.00 5108.74 
4  267.00  0.00 285.00  0.00 273.00  0.00 279.00  0.00 5608.74 
4  267.00  0.00 276.00  0.00 270.00  0.00 273.00  0.00 5038.15 
4  270.00  0.00 279.00  0.00 273.00  0.00 276.00  0.00 4680.27 
4  273.00  0.00 282.00  0.00 276.00  0.00 279.00  0.00 4675.48 
4  276.00  0.00 285.00  0.00 279.00  0.00 282.00  0.00 3291.55 