4      0.000      0.000      9.000     -0.100      3.000     -0.100      6.000      0.000   1341.19995
4      3.000     -0.100     12.000      0.000      6.000      0.000      9.000     -0.100   3612.30005
4      6.000      0.000     15.000      0.199      9.000     -0.100     12.000      0.000   5846.10010
4      9.000     -0.100     18.000      0.595     12.000      0.000     15.000      0.199   8331.50000
4     12.000      0.000     21.000      1.363     15.000      0.199     18.000      0.595  12068.00000
4     15.000      0.199     24.000      1.495     18.000      0.595     21.000      1.363   8735.40039
4     18.000      0.595     27.000      1.784     21.000      1.363     24.000      1.495  13496.00000
4     21.000      1.363     30.000      1.611     24.000      1.495     27.000      1.784   4517.60010
4     24.000      1.495     33.000      2.244     27.000      1.784     30.000      1.611   7197.50000
4     27.000      1.784     36.000      2.300     30.000      1.611     33.000      2.244   5193.39990
4     30.000      1.611     39.000      2.208     33.000      2.244     36.000      2.300   5901.20020
4     33.000      2.244     42.000      2.200     36.000      2.300     39.000      2.208   6405.39990
4     36.000      2.300     45.000      2.292     39.000      2.208     42.000      2.200   8859.29980
4     39.000      2.208     48.000      2.300     42.000      2.200     45.000      2.292   8275.00000
4     42.000      2.200     51.000      2.392     45.000      2.292     48.000      2.300   6562.20020
4     45.000      2.292     54.000      2.400     48.000      2.300     51.000      2.392  10289.00000
4     48.000      2.300     57.000      2.673     51.000      2.392     54.000      2.400   6880.10010
4     51.000      2.392     60.000      2.791     54.000      2.400     57.000      2.673   5491.50000
4     54.000      2.400     63.000      2.982     57.000      2.673     60.000      2.791   6199.60010
4     57.000      2.673     66.000      3.000     60.000      2.791     63.000      2.982   4606.50000
4     63.000      2.982     72.000      2.740     66.000      3.000     69.000      3.091   5471.39990
4     66.000      3.000     75.000      2.432     69.000      3.091     72.000      2.740   3085.69995
4     69.000      3.091     78.000      2.222     72.000      2.740     75.000      2.432   5296.00000
4     72.000      2.740     81.000      1.761     75.000      2.432     78.000      2.222   2621.30005
4     75.000      2.432     84.000      1.438     78.000      2.222     81.000      1.761   4249.60010
4     78.000      2.222     87.000      0.887     81.000      1.761     84.000      1.438   3404.10010
4     84.000      1.438     93.000     -0.683     87.000      0.887     90.000      0.219   3044.89990
4     87.000      0.887     96.000     -1.354     90.000      0.219     93.000     -0.683   3260.10010
4     90.000      0.219     99.000     -2.148     93.000     -0.683     96.000     -1.354   3194.60010
4     93.000     -0.683    102.000     -3.131     96.000     -1.354     99.000     -2.148   3968.60010
4     96.000     -1.354    105.000     -3.878     99.000     -2.148    102.000     -3.131   3245.69995
4     99.000     -2.148    108.000     -4.466    102.000     -3.131    105.000     -3.878   8675.20020
4    102.000     -3.131    111.000     -4.820    105.000     -3.878    108.000     -4.466   3902.60010
4    105.000     -3.878    114.000     -4.960    108.000     -4.466    111.000     -4.820   7648.50000
4    108.000     -4.466    117.000     -5.060    111.000     -4.820    114.000     -4.960   1949.40002
4    111.000     -4.820    120.000     -5.100    114.000     -4.960    117.000     -5.060   1865.80005
4    114.000     -4.960    123.000     -5.100    117.000     -5.060    120.000     -5.100   1618.00000
4    117.000     -5.060    126.000     -5.100    120.000     -5.100    123.000     -5.100   1717.50000
4    120.000     -5.100    129.000     -5.100    123.000     -5.100    126.000     -5.100   1588.90002
4    123.000     -5.100    132.000     -5.100    126.000     -5.100    129.000     -5.100   1878.90002
4    126.000     -5.100    135.000     -5.100    129.000     -5.100    132.000     -5.100   1702.19995
4    129.000     -5.100    138.000     -5.160    132.000     -5.100    135.000     -5.100   1651.19995
4    132.000     -5.100    141.000     -5.320    135.000     -5.100    138.000     -5.160   1573.90002
4    135.000     -5.100    144.000     -5.460    138.000     -5.160    141.000     -5.320   2086.19995
4    138.000     -5.160    147.000     -5.678    141.000     -5.320    144.000     -5.460   1849.50000
4    141.000     -5.320    150.000     -6.034    144.000     -5.460    147.000     -5.678   2043.30005
4    144.000     -5.460    153.000     -6.258    147.000     -5.678    150.000     -6.034   2081.30005
4    147.000     -5.678    156.000     -6.416    150.000     -6.034    153.000     -6.258   1830.40002
4    150.000     -6.034    159.000     -6.558    153.000     -6.258    156.000     -6.416   1744.69995
4    153.000     -6.258    162.000     -6.600    156.000     -6.416    159.000     -6.558   1761.19995
4    156.000     -6.416    165.000     -6.716    159.000     -6.558    162.000     -6.600   1414.50000
4    159.000     -6.558    168.000     -6.915    162.000     -6.600    165.000     -6.716   1751.50000
4    162.000     -6.600    171.000     -7.057    165.000     -6.716    168.000     -6.915   1802.59998
4    168.000     -6.915    177.000     -7.257    171.000     -7.057    174.000     -7.157   1210.00000
4    177.000     -7.257    186.000     -7.757    180.000     -7.471    183.000     -7.657   1919.19995
4    180.000     -7.471    189.000     -7.913    183.000     -7.657    186.000     -7.757   2273.10010
4    183.000     -7.657    192.000     -8.056    186.000     -7.757    189.000     -7.913   1974.50000
4    186.000     -7.757    195.000     -8.268    189.000     -7.913    192.000     -8.056   2312.50000
4    189.000     -7.913    198.000     -8.512    192.000     -8.056    195.000     -8.268   2430.89990
4    192.000     -8.056    201.000     -8.711    195.000     -8.268    198.000     -8.512   2213.60010
4    195.000     -8.268    204.000     -8.966    198.000     -8.512    201.000     -8.711   2492.19995
4    198.000     -8.512    207.000     -9.264    201.000     -8.711    204.000     -8.966   2273.30005
4    201.000     -8.711    210.000     -9.400    204.000     -8.966    207.000     -9.264   1827.59998
4    204.000     -8.966    213.000     -9.400    207.000     -9.264    210.000     -9.400   1554.80005
4      0.000      0.000     18.000      0.595      6.000      0.000     12.000      0.000   3718.50000
4      3.000     -0.100     21.000      1.363      9.000     -0.100     15.000      0.199   6694.10010
4      6.000      0.000     24.000      1.495     12.000      0.000     18.000      0.595   4975.50000
4      9.000     -0.100     27.000      1.784     15.000      0.199     21.000      1.363   3897.30005
4     12.000      0.000     30.000      1.611     18.000      0.595     24.000      1.495   3666.00000
4     15.000      0.199     33.000      2.244     21.000      1.363     27.000      1.784   6046.39990
4     18.000      0.595     36.000      2.300     24.000      1.495     30.000      1.611   6644.89990
4     21.000      1.363     39.000      2.208     27.000      1.784     33.000      2.244   8485.70020
4     24.000      1.495     42.000      2.200     30.000      1.611     36.000      2.300   6783.89990
4     27.000      1.784     45.000      2.292     33.000      2.244     39.000      2.208   6481.39990
4     30.000      1.611     48.000      2.300     36.000      2.300     42.000      2.200   9004.09961
4     33.000      2.244     51.000      2.392     39.000      2.208     45.000      2.292   8141.50000
4     39.000      2.208     57.000      2.673     45.000      2.292     51.000      2.392   8400.00000
4     42.000      2.200     60.000      2.791     48.000      2.300     54.000      2.400  10830.00000
4     45.000      2.292     63.000      2.982     51.000      2.392     57.000      2.673   8128.89990
4     48.000      2.300     66.000      3.000     54.000      2.400     60.000      2.791   5821.79980
4     51.000      2.392     69.000      3.091     57.000      2.673     63.000      2.982   4069.39990
4     57.000      2.673     75.000      2.432     63.000      2.982     69.000      3.091   5501.79980
4     60.000      2.791     78.000      2.222     66.000      3.000     72.000      2.740   5139.10010
4     66.000      3.000     84.000      1.438     72.000      2.740     78.000      2.222   4667.39990
4     72.000      2.740     90.000      0.219     78.000      2.222     84.000      1.438   4121.79980
4     75.000      2.432     93.000     -0.683     81.000      1.761     87.000      0.887   3922.39990
4     78.000      2.222     96.000     -1.354     84.000      1.438     90.000      0.219   3036.89990
4     81.000      1.761     99.000     -2.148     87.000      0.887     93.000     -0.683   3245.39990
4     84.000      1.438    102.000     -3.131     90.000      0.219     96.000     -1.354   3815.69995
4     87.000      0.887    105.000     -3.878     93.000     -0.683     99.000     -2.148   3805.89990
4     90.000      0.219    108.000     -4.466     96.000     -1.354    102.000     -3.131   2747.19995
4     93.000     -0.683    111.000     -4.820     99.000     -2.148    105.000     -3.878   2153.10010
4     96.000     -1.354    114.000     -4.960    102.000     -3.131    108.000     -4.466   3370.89990
4     99.000     -2.148    117.000     -5.060    105.000     -3.878    111.000     -4.820   3367.80005
4    102.000     -3.131    120.000     -5.100    108.000     -4.466    114.000     -4.960   2353.50000
4    105.000     -3.878    123.000     -5.100    111.000     -4.820    117.000     -5.060   1936.09998
4    108.000     -4.466    126.000     -5.100    114.000     -4.960    120.000     -5.100   2398.39990
4    111.000     -4.820    129.000     -5.100    117.000     -5.060    123.000     -5.100   2451.10010
4    114.000     -4.960    132.000     -5.100    120.000     -5.100    126.000     -5.100   2301.89990
4    117.000     -5.060    135.000     -5.100    123.000     -5.100    129.000     -5.100   2413.80005
4    120.000     -5.100    138.000     -5.160    126.000     -5.100    132.000     -5.100   2548.69995
4    123.000     -5.100    141.000     -5.320    129.000     -5.100    135.000     -5.100   2507.60010
4    126.000     -5.100    144.000     -5.460    132.000     -5.100    138.000     -5.160   2254.50000
4    129.000     -5.100    147.000     -5.678    135.000     -5.100    141.000     -5.320   2368.50000
4    132.000     -5.100    150.000     -6.034    138.000     -5.160    144.000     -5.460   2337.30005
4    135.000     -5.100    153.000     -6.258    141.000     -5.320    147.000     -5.678   2210.19995
4    138.000     -5.160    156.000     -6.416    144.000     -5.460    150.000     -6.034   2220.80005
4    141.000     -5.320    159.000     -6.558    147.000     -5.678    153.000     -6.258   2119.89990
4    144.000     -5.460    162.000     -6.600    150.000     -6.034    156.000     -6.416   2000.90002
4    147.000     -5.678    165.000     -6.716    153.000     -6.258    159.000     -6.558   1952.50000
4    150.000     -6.034    168.000     -6.915    156.000     -6.416    162.000     -6.600   1763.40002
4    153.000     -6.258    171.000     -7.057    159.000     -6.558    165.000     -6.716   1776.00000
4    162.000     -6.600    180.000     -7.471    168.000     -6.915    174.000     -7.157   1911.80005
4    165.000     -6.716    183.000     -7.657    171.000     -7.057    177.000     -7.257   1311.80005
4    177.000     -7.257    195.000     -8.268    183.000     -7.657    189.000     -7.913   1966.59998
4    180.000     -7.471    198.000     -8.512    186.000     -7.757    192.000     -8.056   2035.80005
4    183.000     -7.657    201.000     -8.711    189.000     -7.913    195.000     -8.268   2233.39990
4    186.000     -7.757    204.000     -8.966    192.000     -8.056    198.000     -8.512   2260.80005
4    189.000     -7.913    207.000     -9.264    195.000     -8.268    201.000     -8.711   2094.69995
4    192.000     -8.056    210.000     -9.400    198.000     -8.512    204.000     -8.966   1793.40002
4    195.000     -8.268    213.000     -9.400    201.000     -8.711    207.000     -9.264   1721.30005
4      0.000      0.000     27.000      1.784      9.000     -0.100     18.000      0.595   3754.80005
4      3.000     -0.100     30.000      1.611     12.000      0.000     21.000      1.363   2757.50000
4      6.000      0.000     33.000      2.244     15.000      0.199     24.000      1.495   2451.00000
4      9.000     -0.100     36.000      2.300     18.000      0.595     27.000      1.784   2336.60010
4     12.000      0.000     39.000      2.208     21.000      1.363     30.000      1.611   4800.39990
4     15.000      0.199     42.000      2.200     24.000      1.495     33.000      2.244   6785.79980
4     18.000      0.595     45.000      2.292     27.000      1.784     36.000      2.300   8314.79980
4     21.000      1.363     48.000      2.300     30.000      1.611     39.000      2.208   7337.20020
4     24.000      1.495     51.000      2.392     33.000      2.244     42.000      2.200   5520.20020
4     27.000      1.784     54.000      2.400     36.000      2.300     45.000      2.292   4085.60010
4     30.000      1.611     57.000      2.673     39.000      2.208     48.000      2.300   4594.10010
4     33.000      2.244     60.000      2.791     42.000      2.200     51.000      2.392   6600.79980
4     42.000      2.200     69.000      3.091     51.000      2.392     60.000      2.791   6456.79980
4     45.000      2.292     72.000      2.740     54.000      2.400     63.000      2.982   4168.79980
4     48.000      2.300     75.000      2.432     57.000      2.673     66.000      3.000   4162.39990
4     51.000      2.392     78.000      2.222     60.000      2.791     69.000      3.091   4937.89990
4     54.000      2.400     81.000      1.761     63.000      2.982     72.000      2.740   4923.20020
4     57.000      2.673     84.000      1.438     66.000      3.000     75.000      2.432   4742.00000
4     63.000      2.982     90.000      0.219     72.000      2.740     81.000      1.761   4670.10010
4     66.000      3.000     93.000     -0.683     75.000      2.432     84.000      1.438   3979.50000
4     72.000      2.740     99.000     -2.148     81.000      1.761     90.000      0.219   2680.39990
4     75.000      2.432    102.000     -3.131     84.000      1.438     93.000     -0.683   3087.00000
4     78.000      2.222    105.000     -3.878     87.000      0.887     96.000     -1.354   3236.39990
4     81.000      1.761    108.000     -4.466     90.000      0.219     99.000     -2.148   3318.00000
4     84.000      1.438    111.000     -4.820     93.000     -0.683    102.000     -3.131   3190.39990
4     87.000      0.887    114.000     -4.960     96.000     -1.354    105.000     -3.878   2792.69995
4     90.000      0.219    117.000     -5.060     99.000     -2.148    108.000     -4.466   2929.89990
4     93.000     -0.683    120.000     -5.100    102.000     -3.131    111.000     -4.820   3401.89990
4     96.000     -1.354    123.000     -5.100    105.000     -3.878    114.000     -4.960   2972.19995
4     99.000     -2.148    126.000     -5.100    108.000     -4.466    117.000     -5.060   2358.10010
4    102.000     -3.131    129.000     -5.100    111.000     -4.820    120.000     -5.100   2027.90002
4    105.000     -3.878    132.000     -5.100    114.000     -4.960    123.000     -5.100   2197.00000
4    108.000     -4.466    135.000     -5.100    117.000     -5.060    126.000     -5.100   2483.39990
4    111.000     -4.820    138.000     -5.160    120.000     -5.100    129.000     -5.100   2803.10010
4    114.000     -4.960    141.000     -5.320    123.000     -5.100    132.000     -5.100   2812.80005
4    117.000     -5.060    144.000     -5.460    126.000     -5.100    135.000     -5.100   2744.19995
4    120.000     -5.100    147.000     -5.678    129.000     -5.100    138.000     -5.160   2532.80005
4    123.000     -5.100    150.000     -6.034    132.000     -5.100    141.000     -5.320   2747.00000
4    126.000     -5.100    153.000     -6.258    135.000     -5.100    144.000     -5.460   2683.19995
4    129.000     -5.100    156.000     -6.416    138.000     -5.160    147.000     -5.678   2811.50000
4    132.000     -5.100    159.000     -6.558    141.000     -5.320    150.000     -6.034   2766.60010
4    135.000     -5.100    162.000     -6.600    144.000     -5.460    153.000     -6.258   2762.89990
4    138.000     -5.160    165.000     -6.716    147.000     -5.678    156.000     -6.416   2629.50000
4    141.000     -5.320    168.000     -6.915    150.000     -6.034    159.000     -6.558   2470.00000
4    144.000     -5.460    171.000     -7.057    153.000     -6.258    162.000     -6.600   2216.19995
4    150.000     -6.034    177.000     -7.257    159.000     -6.558    168.000     -6.915   3006.00000
4    153.000     -6.258    180.000     -7.471    162.000     -6.600    171.000     -7.057   3102.69995
4    159.000     -6.558    186.000     -7.757    168.000     -6.915    177.000     -7.257   1791.59998
4    162.000     -6.600    189.000     -7.913    171.000     -7.057    180.000     -7.471   1840.50000
4    168.000     -6.915    195.000     -8.268    177.000     -7.257    186.000     -7.757   3020.00000
4    171.000     -7.057    198.000     -8.512    180.000     -7.471    189.000     -7.913   2853.80005
4    177.000     -7.257    204.000     -8.966    186.000     -7.757    195.000     -8.268   2263.10010
4    180.000     -7.471    207.000     -9.264    189.000     -7.913    198.000     -8.512   2315.50000
4    183.000     -7.657    210.000     -9.400    192.000     -8.056    201.000     -8.711   2163.69995
4    186.000     -7.757    213.000     -9.400    195.000     -8.268    204.000     -8.966   1908.59998
4      0.000      0.000     36.000      2.300     12.000      0.000     24.000      1.495   2905.60010
4      3.000     -0.100     39.000      2.208     15.000      0.199     27.000      1.784   2675.80005
4      6.000      0.000     42.000      2.200     18.000      0.595     30.000      1.611   3367.30005
4      9.000     -0.100     45.000      2.292     21.000      1.363     33.000      2.244   5160.29980
4     12.000      0.000     48.000      2.300     24.000      1.495     36.000      2.300   6139.20020
4     15.000      0.199     51.000      2.392     27.000      1.784     39.000      2.208   4812.20020
4     18.000      0.595     54.000      2.400     30.000      1.611     42.000      2.200   3622.30005
4     21.000      1.363     57.000      2.673     33.000      2.244     45.000      2.292   3270.60010
4     24.000      1.495     60.000      2.791     36.000      2.300     48.000      2.300   3168.10010
4     27.000      1.784     63.000      2.982     39.000      2.208     51.000      2.392   3716.39990
4     30.000      1.611     66.000      3.000     42.000      2.200     54.000      2.400   4781.79980
4     36.000      2.300     72.000      2.740     48.000      2.300     60.000      2.791   7642.79980
4     39.000      2.208     75.000      2.432     51.000      2.392     63.000      2.982   5219.70020
4     42.000      2.200     78.000      2.222     54.000      2.400     66.000      3.000   4722.89990
4     48.000      2.300     84.000      1.438     60.000      2.791     72.000      2.740   3784.39990
4     51.000      2.392     87.000      0.887     63.000      2.982     75.000      2.432   4564.79980
4     54.000      2.400     90.000      0.219     66.000      3.000     78.000      2.222   4359.39990
4     60.000      2.791     96.000     -1.354     72.000      2.740     84.000      1.438   3894.39990
4     63.000      2.982     99.000     -2.148     75.000      2.432     87.000      0.887   2606.00000
4     66.000      3.000    102.000     -3.131     78.000      2.222     90.000      0.219   3159.00000
4     72.000      2.740    108.000     -4.466     84.000      1.438     96.000     -1.354   2443.39990
4     75.000      2.432    111.000     -4.820     87.000      0.887     99.000     -2.148   2762.89990
4     78.000      2.222    114.000     -4.960     90.000      0.219    102.000     -3.131   2956.60010
4     81.000      1.761    117.000     -5.060     93.000     -0.683    105.000     -3.878   3604.69995
4     84.000      1.438    120.000     -5.100     96.000     -1.354    108.000     -4.466   3579.00000
4     87.000      0.887    123.000     -5.100     99.000     -2.148    111.000     -4.820   3417.00000
4     90.000      0.219    126.000     -5.100    102.000     -3.131    114.000     -4.960   3366.19995
4     93.000     -0.683    129.000     -5.100    105.000     -3.878    117.000     -5.060   3040.69995
4     96.000     -1.354    132.000     -5.100    108.000     -4.466    120.000     -5.100   2442.89990
4     99.000     -2.148    135.000     -5.100    111.000     -4.820    123.000     -5.100   2155.00000
4    102.000     -3.131    138.000     -5.160    114.000     -4.960    126.000     -5.100   2192.30005
4    105.000     -3.878    141.000     -5.320    117.000     -5.060    129.000     -5.100   2363.60010
4    108.000     -4.466    144.000     -5.460    120.000     -5.100    132.000     -5.100   2728.50000
4    111.000     -4.820    147.000     -5.678    123.000     -5.100    135.000     -5.100   2828.50000
4    114.000     -4.960    150.000     -6.034    126.000     -5.100    138.000     -5.160   2922.30005
4    117.000     -5.060    153.000     -6.258    129.000     -5.100    141.000     -5.320   2992.60010
4    120.000     -5.100    156.000     -6.416    132.000     -5.100    144.000     -5.460   2983.89990
4    123.000     -5.100    159.000     -6.558    135.000     -5.100    147.000     -5.678   3003.30005
4    126.000     -5.100    162.000     -6.600    138.000     -5.160    150.000     -6.034   3146.80005
4    129.000     -5.100    165.000     -6.716    141.000     -5.320    153.000     -6.258   3061.69995
4    132.000     -5.100    168.000     -6.915    144.000     -5.460    156.000     -6.416   3011.50000
4    141.000     -5.320    177.000     -7.257    153.000     -6.258    165.000     -6.716   3102.89990
4    144.000     -5.460    180.000     -7.471    156.000     -6.416    168.000     -6.915   3093.80005
4    147.000     -5.678    183.000     -7.657    159.000     -6.558    171.000     -7.057   3043.19995
4    153.000     -6.258    189.000     -7.913    165.000     -6.716    177.000     -7.257   2261.00000
4    156.000     -6.416    192.000     -8.056    168.000     -6.915    180.000     -7.471   2172.39990
4    159.000     -6.558    195.000     -8.268    171.000     -7.057    183.000     -7.657   2106.00000
4    165.000     -6.716    201.000     -8.711    177.000     -7.257    189.000     -7.913   2796.50000
4    168.000     -6.915    204.000     -8.966    180.000     -7.471    192.000     -8.056   2859.30005
4    171.000     -7.057    207.000     -9.264    183.000     -7.657    195.000     -8.268   2943.80005
4    177.000     -7.257    213.000     -9.400    189.000     -7.913    201.000     -8.711   2324.19995
4      0.000      0.000     45.000      2.292     15.000      0.199     30.000      1.611   3151.30005
4      3.000     -0.100     48.000      2.300     18.000      0.595     33.000      2.244   4423.10010
4      6.000      0.000     51.000      2.392     21.000      1.363     36.000      2.300   3456.80005
4      9.000     -0.100     54.000      2.400     24.000      1.495     39.000      2.208   2544.69995
4     12.000      0.000     57.000      2.673     27.000      1.784     42.000      2.200   2770.50000
4     15.000      0.199     60.000      2.791     30.000      1.611     45.000      2.292   2504.89990
4     18.000      0.595     63.000      2.982     33.000      2.244     48.000      2.300   2759.50000
4     21.000      1.363     66.000      3.000     36.000      2.300     51.000      2.392   2900.50000
4     24.000      1.495     69.000      3.091     39.000      2.208     54.000      2.400   3286.10010
4     27.000      1.784     72.000      2.740     42.000      2.200     57.000      2.673   3258.50000
4     30.000      1.611     75.000      2.432     45.000      2.292     60.000      2.791   4053.50000
4     33.000      2.244     78.000      2.222     48.000      2.300     63.000      2.982   5616.70020
4     36.000      2.300     81.000      1.761     51.000      2.392     66.000      3.000   4975.39990
4     42.000      2.200     87.000      0.887     57.000      2.673     72.000      2.740   4146.89990
4     45.000      2.292     90.000      0.219     60.000      2.791     75.000      2.432   4139.10010
4     48.000      2.300     93.000     -0.683     63.000      2.982     78.000      2.222   4025.60010
4     51.000      2.392     96.000     -1.354     66.000      3.000     81.000      1.761   3495.39990
4     57.000      2.673    102.000     -3.131     72.000      2.740     87.000      0.887   2826.10010
4     60.000      2.791    105.000     -3.878     75.000      2.432     90.000      0.219   2214.30005
4     63.000      2.982    108.000     -4.466     78.000      2.222     93.000     -0.683   2077.19995
4     66.000      3.000    111.000     -4.820     81.000      1.761     96.000     -1.354   2226.19995
4     72.000      2.740    117.000     -5.060     87.000      0.887    102.000     -3.131   2627.89990
4     75.000      2.432    120.000     -5.100     90.000      0.219    105.000     -3.878   3166.69995
4     78.000      2.222    123.000     -5.100     93.000     -0.683    108.000     -4.466   3712.30005
4     81.000      1.761    126.000     -5.100     96.000     -1.354    111.000     -4.820   3985.30005
4     84.000      1.438    129.000     -5.100     99.000     -2.148    114.000     -4.960   3574.19995
4     87.000      0.887    132.000     -5.100    102.000     -3.131    117.000     -5.060   3443.19995
4     90.000      0.219    135.000     -5.100    105.000     -3.878    120.000     -5.100   3120.50000
4     93.000     -0.683    138.000     -5.160    108.000     -4.466    123.000     -5.100   2632.80005
4     96.000     -1.354    141.000     -5.320    111.000     -4.820    126.000     -5.100   2223.89990
4     99.000     -2.148    144.000     -5.460    114.000     -4.960    129.000     -5.100   2271.30005
4    102.000     -3.131    147.000     -5.678    117.000     -5.060    132.000     -5.100   2283.00000
4    105.000     -3.878    150.000     -6.034    120.000     -5.100    135.000     -5.100   2312.39990
4    108.000     -4.466    153.000     -6.258    123.000     -5.100    138.000     -5.160   2511.69995
4    111.000     -4.820    156.000     -6.416    126.000     -5.100    141.000     -5.320   2800.89990
4    114.000     -4.960    159.000     -6.558    129.000     -5.100    144.000     -5.460   2892.10010
4    117.000     -5.060    162.000     -6.600    132.000     -5.100    147.000     -5.678   3037.89990
4    120.000     -5.100    165.000     -6.716    135.000     -5.100    150.000     -6.034   3099.19995
4    123.000     -5.100    168.000     -6.915    138.000     -5.160    153.000     -6.258   3098.69995
4    126.000     -5.100    171.000     -7.057    141.000     -5.320    156.000     -6.416   3010.30005
4    132.000     -5.100    177.000     -7.257    147.000     -5.678    162.000     -6.600   3301.60010
4    135.000     -5.100    180.000     -7.471    150.000     -6.034    165.000     -6.716   3139.80005
4    138.000     -5.160    183.000     -7.657    153.000     -6.258    168.000     -6.915   3096.30005
4    141.000     -5.320    186.000     -7.757    156.000     -6.416    171.000     -7.057   3072.00000
4    147.000     -5.678    192.000     -8.056    162.000     -6.600    177.000     -7.257   2467.89990
4    150.000     -6.034    195.000     -8.268    165.000     -6.716    180.000     -7.471   2402.19995
4    153.000     -6.258    198.000     -8.512    168.000     -6.915    183.000     -7.657   2299.89990
4    156.000     -6.416    201.000     -8.711    171.000     -7.057    186.000     -7.757   2304.50000
4    162.000     -6.600    207.000     -9.264    177.000     -7.257    192.000     -8.056   2958.00000
4    165.000     -6.716    210.000     -9.400    180.000     -7.471    195.000     -8.268   2978.19995
4    168.000     -6.915    213.000     -9.400    183.000     -7.657    198.000     -8.512   2881.10010
4      0.000      0.000     54.000      2.400     18.000      0.595     36.000      2.300   2280.50000
4      3.000     -0.100     57.000      2.673     21.000      1.363     39.000      2.208   2265.10010
4      6.000      0.000     60.000      2.791     24.000      1.495     42.000      2.200   2137.60010
4      9.000     -0.100     63.000      2.982     27.000      1.784     45.000      2.292   2309.89990
4     15.000      0.199     69.000      3.091     33.000      2.244     51.000      2.392   1987.59998
4     18.000      0.595     72.000      2.740     36.000      2.300     54.000      2.400   2630.10010
4     21.000      1.363     75.000      2.432     39.000      2.208     57.000      2.673   2739.19995
4     24.000      1.495     78.000      2.222     42.000      2.200     60.000      2.791   3208.00000
4     27.000      1.784     81.000      1.761     45.000      2.292     63.000      2.982   2979.80005
4     30.000      1.611     84.000      1.438     48.000      2.300     66.000      3.000   3999.10010
4     33.000      2.244     87.000      0.887     51.000      2.392     69.000      3.091   4169.70020
4     36.000      2.300     90.000      0.219     54.000      2.400     72.000      2.740   3873.60010
4     39.000      2.208     93.000     -0.683     57.000      2.673     75.000      2.432   3780.69995
4     42.000      2.200     96.000     -1.354     60.000      2.791     78.000      2.222   3324.60010
4     45.000      2.292     99.000     -2.148     63.000      2.982     81.000      1.761   3229.19995
4     48.000      2.300    102.000     -3.131     66.000      3.000     84.000      1.438   2580.50000
4     51.000      2.392    105.000     -3.878     69.000      3.091     87.000      0.887   1628.90002
4     54.000      2.400    108.000     -4.466     72.000      2.740     90.000      0.219   1881.40002
4     57.000      2.673    111.000     -4.820     75.000      2.432     93.000     -0.683   1492.00000
4     60.000      2.791    114.000     -4.960     78.000      2.222     96.000     -1.354   1992.19995
4     63.000      2.982    117.000     -5.060     81.000      1.761     99.000     -2.148   1903.00000
4     66.000      3.000    120.000     -5.100     84.000      1.438    102.000     -3.131   2595.69995
4     72.000      2.740    126.000     -5.100     90.000      0.219    108.000     -4.466   3491.69995
4     75.000      2.432    129.000     -5.100     93.000     -0.683    111.000     -4.820   3984.19995
4     78.000      2.222    132.000     -5.100     96.000     -1.354    114.000     -4.960   3636.00000
4     81.000      1.761    135.000     -5.100     99.000     -2.148    117.000     -5.060   3590.19995
4     84.000      1.438    138.000     -5.160    102.000     -3.131    120.000     -5.100   3418.80005
4     87.000      0.887    141.000     -5.320    105.000     -3.878    123.000     -5.100   3100.39990
4     90.000      0.219    144.000     -5.460    108.000     -4.466    126.000     -5.100   2591.30005
4     93.000     -0.683    147.000     -5.678    111.000     -4.820    129.000     -5.100   2283.00000
4     96.000     -1.354    150.000     -6.034    114.000     -4.960    132.000     -5.100   2167.80005
4     99.000     -2.148    153.000     -6.258    117.000     -5.060    135.000     -5.100   2111.50000
4    102.000     -3.131    156.000     -6.416    120.000     -5.100    138.000     -5.160   2033.90002
4    105.000     -3.878    159.000     -6.558    123.000     -5.100    141.000     -5.320   2158.10010
4    108.000     -4.466    162.000     -6.600    126.000     -5.100    144.000     -5.460   2501.10010
4    111.000     -4.820    165.000     -6.716    129.000     -5.100    147.000     -5.678   2705.50000
4    114.000     -4.960    168.000     -6.915    132.000     -5.100    150.000     -6.034   2753.89990
4    117.000     -5.060    171.000     -7.057    135.000     -5.100    153.000     -6.258   2803.80005
4    123.000     -5.100    177.000     -7.257    141.000     -5.320    159.000     -6.558   3277.19995
4    126.000     -5.100    180.000     -7.471    144.000     -5.460    162.000     -6.600   3102.50000
4    129.000     -5.100    183.000     -7.657    147.000     -5.678    165.000     -6.716   3076.19995
4    132.000     -5.100    186.000     -7.757    150.000     -6.034    168.000     -6.915   3012.80005
4    135.000     -5.100    189.000     -7.913    153.000     -6.258    171.000     -7.057   3032.39990
4    141.000     -5.320    195.000     -8.268    159.000     -6.558    177.000     -7.257   2407.89990
4    144.000     -5.460    198.000     -8.512    162.000     -6.600    180.000     -7.471   2497.19995
4    147.000     -5.678    201.000     -8.711    165.000     -6.716    183.000     -7.657   2436.60010
4    150.000     -6.034    204.000     -8.966    168.000     -6.915    186.000     -7.757   2471.60010
4    153.000     -6.258    207.000     -9.264    171.000     -7.057    189.000     -7.913   2405.30005
4    159.000     -6.558    213.000     -9.400    177.000     -7.257    195.000     -8.268   3050.60010
4      0.000      0.000     63.000      2.982     21.000      1.363     42.000      2.200   2226.50000
4      3.000     -0.100     66.000      3.000     24.000      1.495     45.000      2.292   1843.80005
4      6.000      0.000     69.000      3.091     27.000      1.784     48.000      2.300   1573.69995
4      9.000     -0.100     72.000      2.740     30.000      1.611     51.000      2.392   1603.69995
4     12.000      0.000     75.000      2.432     33.000      2.244     54.000      2.400   1789.30005
4     15.000      0.199     78.000      2.222     36.000      2.300     57.000      2.673   2328.30005
4     18.000      0.595     81.000      1.761     39.000      2.208     60.000      2.791   2805.10010
4     21.000      1.363     84.000      1.438     42.000      2.200     63.000      2.982   2863.50000
4     24.000      1.495     87.000      0.887     45.000      2.292     66.000      3.000   3192.00000
4     27.000      1.784     90.000      0.219     48.000      2.300     69.000      3.091   3215.00000
4     30.000      1.611     93.000     -0.683     51.000      2.392     72.000      2.740   3080.69995
4     33.000      2.244     96.000     -1.354     54.000      2.400     75.000      2.432   3039.69995
4     36.000      2.300     99.000     -2.148     57.000      2.673     78.000      2.222   2643.89990
4     39.000      2.208    102.000     -3.131     60.000      2.791     81.000      1.761   2619.50000
4     42.000      2.200    105.000     -3.878     63.000      2.982     84.000      1.438   2545.19995
4     45.000      2.292    108.000     -4.466     66.000      3.000     87.000      0.887   1877.30005
4     48.000      2.300    111.000     -4.820     69.000      3.091     90.000      0.219   1079.19995
4     51.000      2.392    114.000     -4.960     72.000      2.740     93.000     -0.683   1341.50000
4     54.000      2.400    117.000     -5.060     75.000      2.432     96.000     -1.354   1350.30005
4     57.000      2.673    120.000     -5.100     78.000      2.222     99.000     -2.148   1714.50000
4     60.000      2.791    123.000     -5.100     81.000      1.761    102.000     -3.131   1948.40002
4     63.000      2.982    126.000     -5.100     84.000      1.438    105.000     -3.878   2299.89990
4     66.000      3.000    129.000     -5.100     87.000      0.887    108.000     -4.466   3129.00000
4     72.000      2.740    135.000     -5.100     93.000     -0.683    114.000     -4.960   3683.30005
4     75.000      2.432    138.000     -5.160     96.000     -1.354    117.000     -5.060   3632.39990
4     78.000      2.222    141.000     -5.320     99.000     -2.148    120.000     -5.100   3343.80005
4     81.000      1.761    144.000     -5.460    102.000     -3.131    123.000     -5.100   3451.89990
4     84.000      1.438    147.000     -5.678    105.000     -3.878    126.000     -5.100   2988.80005
4     87.000      0.887    150.000     -6.034    108.000     -4.466    129.000     -5.100   2428.10010
4     90.000      0.219    153.000     -6.258    111.000     -4.820    132.000     -5.100   2169.30005
4     93.000     -0.683    156.000     -6.416    114.000     -4.960    135.000     -5.100   2066.50000
4     96.000     -1.354    159.000     -6.558    117.000     -5.060    138.000     -5.160   1968.30005
4     99.000     -2.148    162.000     -6.600    120.000     -5.100    141.000     -5.320   1943.09998
4    102.000     -3.131    165.000     -6.716    123.000     -5.100    144.000     -5.460   1888.59998
4    105.000     -3.878    168.000     -6.915    126.000     -5.100    147.000     -5.678   1923.80005
4    108.000     -4.466    171.000     -7.057    129.000     -5.100    150.000     -6.034   2146.00000
4    117.000     -5.060    180.000     -7.471    138.000     -5.160    159.000     -6.558   2799.89990
4    120.000     -5.100    183.000     -7.657    141.000     -5.320    162.000     -6.600   2749.50000
4    123.000     -5.100    186.000     -7.757    144.000     -5.460    165.000     -6.716   2773.39990
4    126.000     -5.100    189.000     -7.913    147.000     -5.678    168.000     -6.915   2795.39990
4    129.000     -5.100    192.000     -8.056    150.000     -6.034    171.000     -7.057   2769.50000
4    135.000     -5.100    198.000     -8.512    156.000     -6.416    177.000     -7.257   2391.60010
4    138.000     -5.160    201.000     -8.711    159.000     -6.558    180.000     -7.471   2379.39990
4    141.000     -5.320    204.000     -8.966    162.000     -6.600    183.000     -7.657   2521.10010
4    144.000     -5.460    207.000     -9.264    165.000     -6.716    186.000     -7.757   2555.19995
4    147.000     -5.678    210.000     -9.400    168.000     -6.915    189.000     -7.913   2484.50000
4    150.000     -6.034    213.000     -9.400    171.000     -7.057    192.000     -8.056   2534.10010
4      0.000      0.000     72.000      2.740     24.000      1.495     48.000      2.300   1369.50000
4      3.000     -0.100     75.000      2.432     27.000      1.784     51.000      2.392   1375.00000
4      6.000      0.000     78.000      2.222     30.000      1.611     54.000      2.400   1540.50000
4      9.000     -0.100     81.000      1.761     33.000      2.244     57.000      2.673   1796.40002
4     12.000      0.000     84.000      1.438     36.000      2.300     60.000      2.791   2139.39990
4     15.000      0.199     87.000      0.887     39.000      2.208     63.000      2.982   2442.60010
4     18.000      0.595     90.000      0.219     42.000      2.200     66.000      3.000   2915.80005
4     21.000      1.363     93.000     -0.683     45.000      2.292     69.000      3.091   2850.69995
4     24.000      1.495     96.000     -1.354     48.000      2.300     72.000      2.740   2643.89990
4     27.000      1.784     99.000     -2.148     51.000      2.392     75.000      2.432   2219.39990
4     30.000      1.611    102.000     -3.131     54.000      2.400     78.000      2.222   2005.30005
4     33.000      2.244    105.000     -3.878     57.000      2.673     81.000      1.761   1988.80005
4     36.000      2.300    108.000     -4.466     60.000      2.791     84.000      1.438   1695.50000
4     39.000      2.208    111.000     -4.820     63.000      2.982     87.000      0.887   1786.09998
4     45.000      2.292    117.000     -5.060     69.000      3.091     93.000     -0.683   1130.30005
4     48.000      2.300    120.000     -5.100     72.000      2.740     96.000     -1.354   1254.09998
4     51.000      2.392    123.000     -5.100     75.000      2.432     99.000     -2.148   1260.30005
4     54.000      2.400    126.000     -5.100     78.000      2.222    102.000     -3.131   1612.69995
4     57.000      2.673    129.000     -5.100     81.000      1.761    105.000     -3.878   1887.00000
4     60.000      2.791    132.000     -5.100     84.000      1.438    108.000     -4.466   2554.10010
4     63.000      2.982    135.000     -5.100     87.000      0.887    111.000     -4.820   2981.00000
4     66.000      3.000    138.000     -5.160     90.000      0.219    114.000     -4.960   3486.80005
4     72.000      2.740    144.000     -5.460     96.000     -1.354    120.000     -5.100   3400.19995
4     75.000      2.432    147.000     -5.678     99.000     -2.148    123.000     -5.100   3302.89990
4     78.000      2.222    150.000     -6.034    102.000     -3.131    126.000     -5.100   3007.39990
4     81.000      1.761    153.000     -6.258    105.000     -3.878    129.000     -5.100   2800.50000
4     84.000      1.438    156.000     -6.416    108.000     -4.466    132.000     -5.100   2291.30005
4     87.000      0.887    159.000     -6.558    111.000     -4.820    135.000     -5.100   1995.30005
4     90.000      0.219    162.000     -6.600    114.000     -4.960    138.000     -5.160   1937.19995
4     93.000     -0.683    165.000     -6.716    117.000     -5.060    141.000     -5.320   1803.19995
4     96.000     -1.354    168.000     -6.915    120.000     -5.100    144.000     -5.460   1656.30005
4     99.000     -2.148    171.000     -7.057    123.000     -5.100    147.000     -5.678   1562.30005
4    105.000     -3.878    177.000     -7.257    129.000     -5.100    153.000     -6.258   1888.69995
4    108.000     -4.466    180.000     -7.471    132.000     -5.100    156.000     -6.416   2020.30005
4    111.000     -4.820    183.000     -7.657    135.000     -5.100    159.000     -6.558   2190.19995
4    114.000     -4.960    186.000     -7.757    138.000     -5.160    162.000     -6.600   2207.39990
4    117.000     -5.060    189.000     -7.913    141.000     -5.320    165.000     -6.716   2313.69995
4    120.000     -5.100    192.000     -8.056    144.000     -5.460    168.000     -6.915   2429.39990
4    123.000     -5.100    195.000     -8.268    147.000     -5.678    171.000     -7.057   2292.89990
4    129.000     -5.100    201.000     -8.711    153.000     -6.258    177.000     -7.257   2242.80005
4    132.000     -5.100    204.000     -8.966    156.000     -6.416    180.000     -7.471   2347.50000
4    135.000     -5.100    207.000     -9.264    159.000     -6.558    183.000     -7.657   2443.80005
4    138.000     -5.160    210.000     -9.400    162.000     -6.600    186.000     -7.757   2516.69995
4    141.000     -5.320    213.000     -9.400    165.000     -6.716    189.000     -7.913   2503.10010
4      0.000      0.000     81.000      1.761     27.000      1.784     54.000      2.400   1423.00000
4      3.000     -0.100     84.000      1.438     30.000      1.611     57.000      2.673   1533.30005
4      6.000      0.000     87.000      0.887     33.000      2.244     60.000      2.791   1820.69995
4      9.000     -0.100     90.000      0.219     36.000      2.300     63.000      2.982   2014.19995
4     12.000      0.000     93.000     -0.683     39.000      2.208     66.000      3.000   2352.60010
4     15.000      0.199     96.000     -1.354     42.000      2.200     69.000      3.091   2200.30005
4     18.000      0.595     99.000     -2.148     45.000      2.292     72.000      2.740   2106.10010
4     21.000      1.363    102.000     -3.131     48.000      2.300     75.000      2.432   2142.60010
4     24.000      1.495    105.000     -3.878     51.000      2.392     78.000      2.222   1626.90002
4     27.000      1.784    108.000     -4.466     54.000      2.400     81.000      1.761   1336.80005
4     33.000      2.244    114.000     -4.960     60.000      2.791     87.000      0.887   1399.19995
4     36.000      2.300    117.000     -5.060     63.000      2.982     90.000      0.219   1539.90002
4     39.000      2.208    120.000     -5.100     66.000      3.000     93.000     -0.683   1431.69995
4     42.000      2.200    123.000     -5.100     69.000      3.091     96.000     -1.354   1173.30005
4     45.000      2.292    126.000     -5.100     72.000      2.740     99.000     -2.148   1368.90002
4     48.000      2.300    129.000     -5.100     75.000      2.432    102.000     -3.131   1282.90002
4     51.000      2.392    132.000     -5.100     78.000      2.222    105.000     -3.878   1606.19995
4     54.000      2.400    135.000     -5.100     81.000      1.761    108.000     -4.466   2026.09998
4     57.000      2.673    138.000     -5.160     84.000      1.438    111.000     -4.820   2568.89990
4     60.000      2.791    141.000     -5.320     87.000      0.887    114.000     -4.960   2905.39990
4     72.000      2.740    153.000     -6.258     99.000     -2.148    126.000     -5.100   2882.00000
4     75.000      2.432    156.000     -6.416    102.000     -3.131    129.000     -5.100   2813.89990
4     78.000      2.222    159.000     -6.558    105.000     -3.878    132.000     -5.100   2475.50000
4     81.000      1.761    162.000     -6.600    108.000     -4.466    135.000     -5.100   2135.10010
4     84.000      1.438    165.000     -6.716    111.000     -4.820    138.000     -5.160   1771.00000
4     87.000      0.887    168.000     -6.915    114.000     -4.960    141.000     -5.320   1640.30005
4     90.000      0.219    171.000     -7.057    117.000     -5.060    144.000     -5.460   1515.50000
4     96.000     -1.354    177.000     -7.257    123.000     -5.100    150.000     -6.034   1625.69995
4     99.000     -2.148    180.000     -7.471    126.000     -5.100    153.000     -6.258   1463.40002
4    102.000     -3.131    183.000     -7.657    129.000     -5.100    156.000     -6.416   1379.30005
4    105.000     -3.878    186.000     -7.757    132.000     -5.100    159.000     -6.558   1370.59998
4    108.000     -4.466    189.000     -7.913    135.000     -5.100    162.000     -6.600   1532.69995
4    111.000     -4.820    192.000     -8.056    138.000     -5.160    165.000     -6.716   1757.59998
4    114.000     -4.960    195.000     -8.268    141.000     -5.320    168.000     -6.915   1839.69995
4    117.000     -5.060    198.000     -8.512    144.000     -5.460    171.000     -7.057   2000.30005
4    123.000     -5.100    204.000     -8.966    150.000     -6.034    177.000     -7.257   1994.19995
4    126.000     -5.100    207.000     -9.264    153.000     -6.258    180.000     -7.471   2088.10010
4    129.000     -5.100    210.000     -9.400    156.000     -6.416    183.000     -7.657   2226.89990
4    132.000     -5.100    213.000     -9.400    159.000     -6.558    186.000     -7.757   2336.50000
4      0.000      0.000     90.000      0.219     30.000      1.611     60.000      2.791   1642.40002
4      3.000     -0.100     93.000     -0.683     33.000      2.244     63.000      2.982   1694.69995
4      6.000      0.000     96.000     -1.354     36.000      2.300     66.000      3.000   1716.09998
4      9.000     -0.100     99.000     -2.148     39.000      2.208     69.000      3.091   1669.00000
4     12.000      0.000    102.000     -3.131     42.000      2.200     72.000      2.740   1679.69995
4     15.000      0.199    105.000     -3.878     45.000      2.292     75.000      2.432   1756.90002
4     18.000      0.595    108.000     -4.466     48.000      2.300     78.000      2.222   1561.59998
4     21.000      1.363    111.000     -4.820     51.000      2.392     81.000      1.761   1226.00000
4     24.000      1.495    114.000     -4.960     54.000      2.400     84.000      1.438   1148.80005
4     27.000      1.784    117.000     -5.060     57.000      2.673     87.000      0.887   1146.40002
4     33.000      2.244    123.000     -5.100     63.000      2.982     93.000     -0.683   1332.09998
4     36.000      2.300    126.000     -5.100     66.000      3.000     96.000     -1.354   1302.80005
4     42.000      2.200    132.000     -5.100     72.000      2.740    102.000     -3.131   1429.30005
4     45.000      2.292    135.000     -5.100     75.000      2.432    105.000     -3.878   1483.30005
4     48.000      2.300    138.000     -5.160     78.000      2.222    108.000     -4.466   1820.50000
4     51.000      2.392    141.000     -5.320     81.000      1.761    111.000     -4.820   2172.00000
4     72.000      2.740    162.000     -6.600    102.000     -3.131    132.000     -5.100   2508.10010
4     75.000      2.432    165.000     -6.716    105.000     -3.878    135.000     -5.100   2206.80005
4     78.000      2.222    168.000     -6.915    108.000     -4.466    138.000     -5.160   1708.09998
4     81.000      1.761    171.000     -7.057    111.000     -4.820    141.000     -5.320   1477.90002
4     87.000      0.887    177.000     -7.257    117.000     -5.060    147.000     -5.678   1544.00000
4     90.000      0.219    180.000     -7.471    120.000     -5.100    150.000     -6.034   1404.19995
4     93.000     -0.683    183.000     -7.657    123.000     -5.100    153.000     -6.258   1225.50000
4     96.000     -1.354    186.000     -7.757    126.000     -5.100    156.000     -6.416   1105.30005
4     99.000     -2.148    189.000     -7.913    129.000     -5.100    159.000     -6.558   1010.50000
4    102.000     -3.131    192.000     -8.056    132.000     -5.100    162.000     -6.600    955.10999
4    105.000     -3.878    195.000     -8.268    135.000     -5.100    165.000     -6.716    991.21002
4    108.000     -4.466    198.000     -8.512    138.000     -5.160    168.000     -6.915   1247.50000
4    111.000     -4.820    201.000     -8.711    141.000     -5.320    171.000     -7.057   1485.80005
4    117.000     -5.060    207.000     -9.264    147.000     -5.678    177.000     -7.257   1665.09998
4    120.000     -5.100    210.000     -9.400    150.000     -6.034    180.000     -7.471   1807.09998
4      0.000      0.000     99.000     -2.148     33.000      2.244     66.000      3.000   1328.59998
4      3.000     -0.100    102.000     -3.131     36.000      2.300     69.000      3.091   1368.69995
4      6.000      0.000    105.000     -3.878     39.000      2.208     72.000      2.740   1184.19995
4     18.000      0.595    117.000     -5.060     51.000      2.392     84.000      1.438   1335.30005
4     21.000      1.363    120.000     -5.100     54.000      2.400     87.000      0.887   1156.40002
4     24.000      1.495    123.000     -5.100     57.000      2.673     90.000      0.219   1126.30005
4     27.000      1.784    126.000     -5.100     60.000      2.791     93.000     -0.683   1102.40002
4     30.000      1.611    129.000     -5.100     63.000      2.982     96.000     -1.354   1170.30005
4     33.000      2.244    132.000     -5.100     66.000      3.000     99.000     -2.148   1274.90002
4     39.000      2.208    138.000     -5.160     72.000      2.740    105.000     -3.878   1497.40002
4     42.000      2.200    141.000     -5.320     75.000      2.432    108.000     -4.466   1758.69995
4     72.000      2.740    171.000     -7.057    105.000     -3.878    138.000     -5.160   1781.40002
4     78.000      2.222    177.000     -7.257    111.000     -4.820    144.000     -5.460   1469.59998
4     81.000      1.761    180.000     -7.471    114.000     -4.960    147.000     -5.678   1362.19995
4     84.000      1.438    183.000     -7.657    117.000     -5.060    150.000     -6.034   1181.69995
4     87.000      0.887    186.000     -7.757    120.000     -5.100    153.000     -6.258   1036.19995
4     90.000      0.219    189.000     -7.913    123.000     -5.100    156.000     -6.416    931.94000
4     93.000     -0.683    192.000     -8.056    126.000     -5.100    159.000     -6.558    857.16998
4     96.000     -1.354    195.000     -8.268    129.000     -5.100    162.000     -6.600    739.15997
4     99.000     -2.148    198.000     -8.512    132.000     -5.100    165.000     -6.716    693.69000
4    102.000     -3.131    201.000     -8.711    135.000     -5.100    168.000     -6.915    738.59003
4    105.000     -3.878    204.000     -8.966    138.000     -5.160    171.000     -7.057    865.96002
4    111.000     -4.820    210.000     -9.400    144.000     -5.460    177.000     -7.257   1323.80005
4      0.000      0.000    108.000     -4.466     36.000      2.300     72.000      2.740    890.03998
4      3.000     -0.100    111.000     -4.820     39.000      2.208     75.000      2.432    900.00000
4      6.000      0.000    114.000     -4.960     42.000      2.200     78.000      2.222    898.70001
4      9.000     -0.100    117.000     -5.060     45.000      2.292     81.000      1.761   1067.69995
4     18.000      0.595    126.000     -5.100     54.000      2.400     90.000      0.219   1115.80005
4     21.000      1.363    129.000     -5.100     57.000      2.673     93.000     -0.683   1175.59998
4     24.000      1.495    132.000     -5.100     60.000      2.791     96.000     -1.354   1190.90002
4     27.000      1.784    135.000     -5.100     63.000      2.982     99.000     -2.148   1236.90002
4     30.000      1.611    138.000     -5.160     66.000      3.000    102.000     -3.131   1253.69995
4     72.000      2.740    180.000     -7.471    108.000     -4.466    144.000     -5.460   1342.80005
4     75.000      2.432    183.000     -7.657    111.000     -4.820    147.000     -5.678   1115.19995
4     78.000      2.222    186.000     -7.757    114.000     -4.960    150.000     -6.034    996.69000
4     81.000      1.761    189.000     -7.913    117.000     -5.060    153.000     -6.258    894.85999
4     84.000      1.438    192.000     -8.056    120.000     -5.100    156.000     -6.416    792.15002
4     87.000      0.887    195.000     -8.268    123.000     -5.100    159.000     -6.558    702.20001
4     93.000     -0.683    201.000     -8.711    129.000     -5.100    165.000     -6.716    594.76001
4     96.000     -1.354    204.000     -8.966    132.000     -5.100    168.000     -6.915    600.14001
4     99.000     -2.148    207.000     -9.264    135.000     -5.100    171.000     -7.057    629.73999
4    105.000     -3.878    213.000     -9.400    141.000     -5.320    177.000     -7.257    724.46002
4      0.000      0.000    117.000     -5.060     39.000      2.208     78.000      2.222    844.38000
4      3.000     -0.100    120.000     -5.100     42.000      2.200     81.000      1.761    922.09003
4      6.000      0.000    123.000     -5.100     45.000      2.292     84.000      1.438    940.59998
4      9.000     -0.100    126.000     -5.100     48.000      2.300     87.000      0.887   1024.19995
4     12.000      0.000    129.000     -5.100     51.000      2.392     90.000      0.219   1053.50000
4     15.000      0.199    132.000     -5.100     54.000      2.400     93.000     -0.683   1163.40002
4     18.000      0.595    135.000     -5.100     57.000      2.673     96.000     -1.354   1193.69995
4     21.000      1.363    138.000     -5.160     60.000      2.791     99.000     -2.148   1250.09998
4     24.000      1.495    141.000     -5.320     63.000      2.982    102.000     -3.131   1375.50000
4     72.000      2.740    189.000     -7.913    111.000     -4.820    150.000     -6.034    847.28003
4     75.000      2.432    192.000     -8.056    114.000     -4.960    153.000     -6.258    762.82001
4     78.000      2.222    195.000     -8.268    117.000     -5.060    156.000     -6.416    641.81000
4     81.000      1.761    198.000     -8.512    120.000     -5.100    159.000     -6.558    602.21997
4     84.000      1.438    201.000     -8.711    123.000     -5.100    162.000     -6.600    541.14001
4     87.000      0.887    204.000     -8.966    126.000     -5.100    165.000     -6.716    536.53998
4     90.000      0.219    207.000     -9.264    129.000     -5.100    168.000     -6.915    554.27002
4     93.000     -0.683    210.000     -9.400    132.000     -5.100    171.000     -7.057    549.03003
4      0.000      0.000    126.000     -5.100     42.000      2.200     84.000      1.438    892.84003
4      3.000     -0.100    129.000     -5.100     45.000      2.292     87.000      0.887    928.33002
4      6.000      0.000    132.000     -5.100     48.000      2.300     90.000      0.219    933.35999
4      9.000     -0.100    135.000     -5.100     51.000      2.392     93.000     -0.683    996.97998
4     12.000      0.000    138.000     -5.160     54.000      2.400     96.000     -1.354   1018.90002
4     15.000      0.199    141.000     -5.320     57.000      2.673     99.000     -2.148   1224.50000
4     72.000      2.740    198.000     -8.512    114.000     -4.960    156.000     -6.416    546.65002
4     75.000      2.432    201.000     -8.711    117.000     -5.060    159.000     -6.558    504.51999
4     78.000      2.222    204.000     -8.966    120.000     -5.100    162.000     -6.600    480.26999
4     81.000      1.761    207.000     -9.264    123.000     -5.100    165.000     -6.716    489.95001
4     84.000      1.438    210.000     -9.400    126.000     -5.100    168.000     -6.915    489.01001
4     87.000      0.887    213.000     -9.400    129.000     -5.100    171.000     -7.057    504.29999
4      0.000      0.000    135.000     -5.100     45.000      2.292     90.000      0.219    906.58002
4      3.000     -0.100    138.000     -5.160     48.000      2.300     93.000     -0.683    972.23999
4      6.000      0.000    141.000     -5.320     51.000      2.392     96.000     -1.354    965.04999
4     72.000      2.740    207.000     -9.264    117.000     -5.060    162.000     -6.600    425.29001
4     75.000      2.432    210.000     -9.400    120.000     -5.100    165.000     -6.716    429.34000
4     78.000      2.222    213.000     -9.400    123.000     -5.100    168.000     -6.915    426.04999