4      0.000   4522.453      5.000   4522.937     10.000   4523.366     15.000   4524.146    367.57999
4      5.000   4522.937     10.000   4523.366     15.000   4524.146     20.000   4524.559    329.51001
4     10.000   4523.366     15.000   4524.146     20.000   4524.559     25.000   4525.216    353.26999
4     15.000   4524.146     20.000   4524.559     25.000   4525.216     30.000   4525.519    337.45001
4     20.000   4524.559     25.000   4525.216     30.000   4525.519     35.000   4526.095    314.37000
4     25.000   4525.216     30.000   4525.519     35.000   4526.095     40.000   4526.602    270.98999
4     30.000   4525.519     35.000   4526.095     40.000   4526.602     45.000   4527.266    237.42999
4     35.000   4526.095     40.000   4526.602     45.000   4527.266     50.000   4527.801    237.52000
4     40.000   4526.602     45.000   4527.266     50.000   4527.801     55.000   4528.426    264.59000
4     45.000   4527.266     50.000   4527.801     55.000   4528.426     60.000   4528.491    317.04001
4     50.000   4527.801     55.000   4528.426     60.000   4528.491     65.000   4529.121    335.64999
4     55.000   4528.426     60.000   4528.491     65.000   4529.121     70.000   4529.574    317.35001
4     60.000   4528.491     65.000   4529.121     70.000   4529.574     75.000   4530.224    337.66000
4     65.000   4529.121     70.000   4529.574     75.000   4530.224     80.000   4530.667    359.13000
4     70.000   4529.574     75.000   4530.224     80.000   4530.667     85.000   4531.666    474.42001
4     75.000   4530.224     80.000   4530.667     85.000   4531.666     90.000   4532.706    626.16998
4     80.000   4530.667     85.000   4531.666     90.000   4532.706     95.000   4533.812    600.82001
4     85.000   4531.666     90.000   4532.706     95.000   4533.812    100.000   4534.834    589.34998
4     90.000   4532.706     95.000   4533.812    100.000   4534.834    105.000   4535.933    550.21002
4     95.000   4533.812    100.000   4534.834    105.000   4535.933    110.000   4536.939    601.19000
4    100.000   4534.834    105.000   4535.933    110.000   4536.939    115.000   4538.088    549.23999
4    105.000   4535.933    110.000   4536.939    115.000   4538.088    120.000   4539.013    603.65002
4    110.000   4536.939    115.000   4538.088    120.000   4539.013    125.000   4539.524    538.88000
4    115.000   4538.088    120.000   4539.013    125.000   4539.524    130.000   4540.154    604.32001
4    120.000   4539.013    125.000   4539.524    130.000   4540.154    135.000   4540.919    536.88000
4    125.000   4539.524    130.000   4540.154    135.000   4540.919    140.000   4541.476    749.33002
4    130.000   4540.154    135.000   4540.919    140.000   4541.476    145.000   4542.266    708.95001
4    135.000   4540.919    140.000   4541.476    145.000   4542.266    150.000   4543.036    993.89001
4    140.000   4541.476    145.000   4542.266    150.000   4543.036    155.000   4543.810   1128.50000
4    145.000   4542.266    150.000   4543.036    155.000   4543.810    160.000   4544.532   1212.59998
4    150.000   4543.036    155.000   4543.810    160.000   4544.532    165.000   4545.163   1433.30005
4    155.000   4543.810    160.000   4544.532    165.000   4545.163    170.000   4545.883   1465.50000
4    160.000   4544.532    165.000   4545.163    170.000   4545.883    175.000   4546.257   1576.90002
4    165.000   4545.163    170.000   4545.883    175.000   4546.257    180.000   4546.569   1735.59998
4    170.000   4545.883    175.000   4546.257    180.000   4546.569    185.000   4546.648   1609.40002
4    175.000   4546.257    180.000   4546.569    185.000   4546.648    190.000   4546.624   1769.50000
4    180.000   4546.569    185.000   4546.648    190.000   4546.624    195.000   4546.839   1634.69995
4    185.000   4546.648    190.000   4546.624    195.000   4546.839    200.000   4547.088   1751.50000
4    190.000   4546.624    195.000   4546.839    200.000   4547.088    205.000   4547.467   1698.00000
4    195.000   4546.839    200.000   4547.088    205.000   4547.467    210.000   4548.112   1453.30005
4    200.000   4547.088    205.000   4547.467    210.000   4548.112    215.000   4549.117   1771.30005
4    205.000   4547.467    210.000   4548.112    215.000   4549.117    220.000   4549.682   1357.00000
4    210.000   4548.112    215.000   4549.117    220.000   4549.682    225.000   4550.486   1591.30005
4    215.000   4549.117    220.000   4549.682    225.000   4550.486    230.000   4551.004   2491.39990
4    220.000   4549.682    225.000   4550.486    230.000   4551.004    235.000   4551.168   2224.60010
4      0.000   4522.453      5.000   4522.937     15.000   4524.146     20.000   4524.559    633.40002
4      5.000   4522.937     10.000   4523.366     20.000   4524.559     25.000   4525.216    580.42999
4     10.000   4523.366     15.000   4524.146     25.000   4525.216     30.000   4525.519    573.95001
4     15.000   4524.146     20.000   4524.559     30.000   4525.519     35.000   4526.095    477.82999
4     20.000   4524.559     25.000   4525.216     35.000   4526.095     40.000   4526.602    495.91000
4     25.000   4525.216     30.000   4525.519     40.000   4526.602     45.000   4527.266    393.20999
4     30.000   4525.519     35.000   4526.095     45.000   4527.266     50.000   4527.801    414.34000
4     35.000   4526.095     40.000   4526.602     50.000   4527.801     55.000   4528.426    406.82999
4     40.000   4526.602     45.000   4527.266     55.000   4528.426     60.000   4528.491    474.79999
4     45.000   4527.266     50.000   4527.801     60.000   4528.491     65.000   4529.121    485.92999
4     50.000   4527.801     55.000   4528.426     65.000   4529.121     70.000   4529.574    480.07001
4     55.000   4528.426     60.000   4528.491     70.000   4529.574     75.000   4530.224    567.83002
4     60.000   4528.491     65.000   4529.121     75.000   4530.224     80.000   4530.667    641.91998
4     65.000   4529.121     70.000   4529.574     80.000   4530.667     85.000   4531.666    703.66998
4     70.000   4529.574     75.000   4530.224     85.000   4531.666     90.000   4532.706    799.71002
4     75.000   4530.224     80.000   4530.667     90.000   4532.706     95.000   4533.812    893.03003
4     80.000   4530.667     85.000   4531.666     95.000   4533.812    100.000   4534.834    925.97998
4     85.000   4531.666     90.000   4532.706    100.000   4534.834    105.000   4535.933    926.33002
4     90.000   4532.706     95.000   4533.812    105.000   4535.933    110.000   4536.939    935.90997
4     95.000   4533.812    100.000   4534.834    110.000   4536.939    115.000   4538.088    923.27002
4    100.000   4534.834    105.000   4535.933    115.000   4538.088    120.000   4539.013    893.28998
4    105.000   4535.933    110.000   4536.939    120.000   4539.013    125.000   4539.524    907.46002
4    110.000   4536.939    115.000   4538.088    125.000   4539.524    130.000   4540.154   1015.20001
4    115.000   4538.088    120.000   4539.013    130.000   4540.154    135.000   4540.919    979.10999
4    120.000   4539.013    125.000   4539.524    135.000   4540.919    140.000   4541.476   1155.19995
4    125.000   4539.524    130.000   4540.154    140.000   4541.476    145.000   4542.266   1205.09998
4    130.000   4540.154    135.000   4540.919    145.000   4542.266    150.000   4543.036   1211.40002
4    135.000   4540.919    140.000   4541.476    150.000   4543.036    155.000   4543.810   1943.19995
4    140.000   4541.476    145.000   4542.266    155.000   4543.810    160.000   4544.532   1756.90002
4    145.000   4542.266    150.000   4543.036    160.000   4544.532    165.000   4545.163   2152.89990
4    150.000   4543.036    155.000   4543.810    165.000   4545.163    170.000   4545.883   2526.69995
4    155.000   4543.810    160.000   4544.532    170.000   4545.883    175.000   4546.257   2374.80005
4    160.000   4544.532    165.000   4545.163    175.000   4546.257    180.000   4546.569   2626.89990
4    165.000   4545.163    170.000   4545.883    180.000   4546.569    185.000   4546.648   2388.00000
4    170.000   4545.883    175.000   4546.257    185.000   4546.648    190.000   4546.624   2824.50000
4    175.000   4546.257    180.000   4546.569    190.000   4546.624    195.000   4546.839   2685.39990
4    180.000   4546.569    185.000   4546.648    195.000   4546.839    200.000   4547.088   2141.39990
4    185.000   4546.648    190.000   4546.624    200.000   4547.088    205.000   4547.467   2259.19995
4    190.000   4546.624    195.000   4546.839    205.000   4547.467    210.000   4548.112   2135.39990
4    195.000   4546.839    200.000   4547.088    210.000   4548.112    215.000   4549.117   2595.69995
4    200.000   4547.088    205.000   4547.467    215.000   4549.117    220.000   4549.682   2481.80005
4    205.000   4547.467    210.000   4548.112    220.000   4549.682    225.000   4550.486   1770.59998
4    210.000   4548.112    215.000   4549.117    225.000   4550.486    230.000   4551.004   2283.19995
4    215.000   4549.117    220.000   4549.682    230.000   4551.004    235.000   4551.168   3004.80005
4      0.000   4522.453      5.000   4522.937     20.000   4524.559     25.000   4525.216    944.81000
4      5.000   4522.937     10.000   4523.366     25.000   4525.216     30.000   4525.519    785.46997
4     10.000   4523.366     15.000   4524.146     30.000   4525.519     35.000   4526.095    673.50000
4     15.000   4524.146     20.000   4524.559     35.000   4526.095     40.000   4526.602    617.66998
4     20.000   4524.559     25.000   4525.216     40.000   4526.602     45.000   4527.266    598.35999
4     25.000   4525.216     30.000   4525.519     45.000   4527.266     50.000   4527.801    585.38000
4     30.000   4525.519     35.000   4526.095     50.000   4527.801     55.000   4528.426    598.71997
4     35.000   4526.095     40.000   4526.602     55.000   4528.426     60.000   4528.491    632.10999
4     40.000   4526.602     45.000   4527.266     60.000   4528.491     65.000   4529.121    615.90997
4     45.000   4527.266     50.000   4527.801     65.000   4529.121     70.000   4529.574    602.31000
4     50.000   4527.801     55.000   4528.426     70.000   4529.574     75.000   4530.224    728.04999
4     55.000   4528.426     60.000   4528.491     75.000   4530.224     80.000   4530.667    942.02002
4     60.000   4528.491     65.000   4529.121     80.000   4530.667     85.000   4531.666   1040.59998
4     65.000   4529.121     70.000   4529.574     85.000   4531.666     90.000   4532.706    967.65002
4     70.000   4529.574     75.000   4530.224     90.000   4532.706     95.000   4533.812    952.20001
4     75.000   4530.224     80.000   4530.667     95.000   4533.812    100.000   4534.834   1154.50000
4     80.000   4530.667     85.000   4531.666    100.000   4534.834    105.000   4535.933   1211.69995
4     85.000   4531.666     90.000   4532.706    105.000   4535.933    110.000   4536.939   1352.40002
4     90.000   4532.706     95.000   4533.812    110.000   4536.939    115.000   4538.088   1200.09998
4     95.000   4533.812    100.000   4534.834    115.000   4538.088    120.000   4539.013   1267.19995
4    100.000   4534.834    105.000   4535.933    120.000   4539.013    125.000   4539.524   1160.00000
4    105.000   4535.933    110.000   4536.939    125.000   4539.524    130.000   4540.154   1438.09998
4    110.000   4536.939    115.000   4538.088    130.000   4540.154    135.000   4540.919   1389.90002
4    115.000   4538.088    120.000   4539.013    135.000   4540.919    140.000   4541.476   1800.30005
4    120.000   4539.013    125.000   4539.524    140.000   4541.476    145.000   4542.266   1560.00000
4    125.000   4539.524    130.000   4540.154    145.000   4542.266    150.000   4543.036   1777.09998
4    130.000   4540.154    135.000   4540.919    150.000   4543.036    155.000   4543.810   2046.80005
4    135.000   4540.919    140.000   4541.476    155.000   4543.810    160.000   4544.532   2471.10010
4    140.000   4541.476    145.000   4542.266    160.000   4544.532    165.000   4545.163   2580.19995
4    145.000   4542.266    150.000   4543.036    165.000   4545.163    170.000   4545.883   3086.50000
4    150.000   4543.036    155.000   4543.810    170.000   4545.883    175.000   4546.257   3486.00000
4    155.000   4543.810    160.000   4544.532    175.000   4546.257    180.000   4546.569   3230.39990
4    160.000   4544.532    165.000   4545.163    180.000   4546.569    185.000   4546.648   2998.50000
4    165.000   4545.163    170.000   4545.883    185.000   4546.648    190.000   4546.624   3545.80005
4    170.000   4545.883    175.000   4546.257    190.000   4546.624    195.000   4546.839   3576.89990
4    175.000   4546.257    180.000   4546.569    195.000   4546.839    200.000   4547.088   2994.00000
4    180.000   4546.569    185.000   4546.648    200.000   4547.088    205.000   4547.467   2400.50000
4    185.000   4546.648    190.000   4546.624    205.000   4547.467    210.000   4548.112   2298.60010
4    190.000   4546.624    195.000   4546.839    210.000   4548.112    215.000   4549.117   3175.00000
4    195.000   4546.839    200.000   4547.088    215.000   4549.117    220.000   4549.682   2911.89990
4    200.000   4547.088    205.000   4547.467    220.000   4549.682    225.000   4550.486   2586.69995
4    205.000   4547.467    210.000   4548.112    225.000   4550.486    230.000   4551.004   2122.10010
4    210.000   4548.112    215.000   4549.117    230.000   4551.004    235.000   4551.168   2061.60010
4      0.000   4522.453      5.000   4522.937     25.000   4525.216     30.000   4525.519   1164.09998
4      5.000   4522.937     10.000   4523.366     30.000   4525.519     35.000   4526.095    869.16998
4     10.000   4523.366     15.000   4524.146     35.000   4526.095     40.000   4526.602    805.69000
4     15.000   4524.146     20.000   4524.559     40.000   4526.602     45.000   4527.266    695.22998
4     20.000   4524.559     25.000   4525.216     45.000   4527.266     50.000   4527.801    803.32001
4     25.000   4525.216     30.000   4525.519     50.000   4527.801     55.000   4528.426    792.40997
4     30.000   4525.519     35.000   4526.095     55.000   4528.426     60.000   4528.491    862.69000
4     35.000   4526.095     40.000   4526.602     60.000   4528.491     65.000   4529.121    777.44000
4     40.000   4526.602     45.000   4527.266     65.000   4529.121     70.000   4529.574    719.65997
4     45.000   4527.266     50.000   4527.801     70.000   4529.574     75.000   4530.224    862.10999
4     50.000   4527.801     55.000   4528.426     75.000   4530.224     80.000   4530.667   1130.19995
4     55.000   4528.426     60.000   4528.491     80.000   4530.667     85.000   4531.666   1390.59998
4     60.000   4528.491     65.000   4529.121     85.000   4531.666     90.000   4532.706   1312.30005
4     65.000   4529.121     70.000   4529.574     90.000   4532.706     95.000   4533.812   1054.30005
4     70.000   4529.574     75.000   4530.224     95.000   4533.812    100.000   4534.834   1120.30005
4     75.000   4530.224     80.000   4530.667    100.000   4534.834    105.000   4535.933   1357.00000
4     80.000   4530.667     85.000   4531.666    105.000   4535.933    110.000   4536.939   1585.59998
4     85.000   4531.666     90.000   4532.706    110.000   4536.939    115.000   4538.088   1567.19995
4     90.000   4532.706     95.000   4533.812    115.000   4538.088    120.000   4539.013   1499.19995
4     95.000   4533.812    100.000   4534.834    120.000   4539.013    125.000   4539.524   1500.00000
4    100.000   4534.834    105.000   4535.933    125.000   4539.524    130.000   4540.154   1639.69995
4    105.000   4535.933    110.000   4536.939    130.000   4540.154    135.000   4540.919   1792.80005
4    110.000   4536.939    115.000   4538.088    135.000   4540.919    140.000   4541.476   2359.50000
4    115.000   4538.088    120.000   4539.013    140.000   4541.476    145.000   4542.266   2206.10010
4    120.000   4539.013    125.000   4539.524    145.000   4542.266    150.000   4543.036   2109.39990
4    125.000   4539.524    130.000   4540.154    150.000   4543.036    155.000   4543.810   2777.60010
4    130.000   4540.154    135.000   4540.919    155.000   4543.810    160.000   4544.532   2350.39990
4    135.000   4540.919    140.000   4541.476    160.000   4544.532    165.000   4545.163   3245.00000
4    140.000   4541.476    145.000   4542.266    165.000   4545.163    170.000   4545.883   3299.10010
4    145.000   4542.266    150.000   4543.036    170.000   4545.883    175.000   4546.257   3808.39990
4    150.000   4543.036    155.000   4543.810    175.000   4546.257    180.000   4546.569   4243.20020
4    155.000   4543.810    160.000   4544.532    180.000   4546.569    185.000   4546.648   3298.10010
4    160.000   4544.532    165.000   4545.163    185.000   4546.648    190.000   4546.624   3952.19995
4    165.000   4545.163    170.000   4545.883    190.000   4546.624    195.000   4546.839   3951.30005
4    170.000   4545.883    175.000   4546.257    195.000   4546.839    200.000   4547.088   3522.50000
4    175.000   4546.257    180.000   4546.569    200.000   4547.088    205.000   4547.467   3010.69995
4    180.000   4546.569    185.000   4546.648    205.000   4547.467    210.000   4548.112   2135.39990
4    185.000   4546.648    190.000   4546.624    210.000   4548.112    215.000   4549.117   3097.19995
4    190.000   4546.624    195.000   4546.839    215.000   4549.117    220.000   4549.682   3140.39990
4    195.000   4546.839    200.000   4547.088    220.000   4549.682    225.000   4550.486   2682.00000
4    200.000   4547.088    205.000   4547.467    225.000   4550.486    230.000   4551.004   2721.10010
4    205.000   4547.467    210.000   4548.112    230.000   4551.004    235.000   4551.168   1708.80005
4      0.000   4522.453      5.000   4522.937     30.000   4525.519     35.000   4526.095   1259.80005
4      5.000   4522.937     10.000   4523.366     35.000   4526.095     40.000   4526.602    999.87000
4     10.000   4523.366     15.000   4524.146     40.000   4526.602     45.000   4527.266    867.31000
4     15.000   4524.146     20.000   4524.559     45.000   4527.266     50.000   4527.801    912.94000
4     20.000   4524.559     25.000   4525.216     50.000   4527.801     55.000   4528.426   1051.40002
4     25.000   4525.216     30.000   4525.519     55.000   4528.426     60.000   4528.491   1098.90002
4     30.000   4525.519     35.000   4526.095     60.000   4528.491     65.000   4529.121   1016.79999
4     35.000   4526.095     40.000   4526.602     65.000   4529.121     70.000   4529.574    889.96997
4     40.000   4526.602     45.000   4527.266     70.000   4529.574     75.000   4530.224    996.22998
4     45.000   4527.266     50.000   4527.801     75.000   4530.224     80.000   4530.667   1290.30005
4     50.000   4527.801     55.000   4528.426     80.000   4530.667     85.000   4531.666   1583.50000
4     55.000   4528.426     60.000   4528.491     85.000   4531.666     90.000   4532.706   1658.90002
4     60.000   4528.491     65.000   4529.121     90.000   4532.706     95.000   4533.812   1363.00000
4     65.000   4529.121     70.000   4529.574     95.000   4533.812    100.000   4534.834   1160.09998
4     70.000   4529.574     75.000   4530.224    100.000   4534.834    105.000   4535.933   1227.00000
4     75.000   4530.224     80.000   4530.667    105.000   4535.933    110.000   4536.939   1655.09998
4     80.000   4530.667     85.000   4531.666    110.000   4536.939    115.000   4538.088   1711.80005
4     85.000   4531.666     90.000   4532.706    115.000   4538.088    120.000   4539.013   1864.40002
4     90.000   4532.706     95.000   4533.812    120.000   4539.013    125.000   4539.524   1654.00000
4     95.000   4533.812    100.000   4534.834    125.000   4539.524    130.000   4540.154   1978.50000
4    100.000   4534.834    105.000   4535.933    130.000   4540.154    135.000   4540.919   1958.90002
4    105.000   4535.933    110.000   4536.939    135.000   4540.919    140.000   4541.476   2874.19995
4    110.000   4536.939    115.000   4538.088    140.000   4541.476    145.000   4542.266   2709.10010
4    115.000   4538.088    120.000   4539.013    145.000   4542.266    150.000   4543.036   2892.80005
4    120.000   4539.013    125.000   4539.524    150.000   4543.036    155.000   4543.810   3151.89990
4    125.000   4539.524    130.000   4540.154    155.000   4543.810    160.000   4544.532   2983.89990
4    130.000   4540.154    135.000   4540.919    160.000   4544.532    165.000   4545.163   2908.60010
4    135.000   4540.919    140.000   4541.476    165.000   4545.163    170.000   4545.883   3829.89990
4    140.000   4541.476    145.000   4542.266    170.000   4545.883    175.000   4546.257   3811.80005
4    145.000   4542.266    150.000   4543.036    175.000   4546.257    180.000   4546.569   4295.29980
4    150.000   4543.036    155.000   4543.810    180.000   4546.569    185.000   4546.648   4001.80005
4    155.000   4543.810    160.000   4544.532    185.000   4546.648    190.000   4546.624   4020.39990
4    160.000   4544.532    165.000   4545.163    190.000   4546.624    195.000   4546.839   3999.00000
4    165.000   4545.163    170.000   4545.883    195.000   4546.839    200.000   4547.088   3730.89990
4    170.000   4545.883    175.000   4546.257    200.000   4547.088    205.000   4547.467   3300.60010
4    175.000   4546.257    180.000   4546.569    205.000   4547.467    210.000   4548.112   2491.89990
4    180.000   4546.569    185.000   4546.648    210.000   4548.112    215.000   4549.117   2802.30005
4    185.000   4546.648    190.000   4546.624    215.000   4549.117    220.000   4549.682   2880.89990
4    190.000   4546.624    195.000   4546.839    220.000   4549.682    225.000   4550.486   2703.00000
4    195.000   4546.839    200.000   4547.088    225.000   4550.486    230.000   4551.004   2691.69995
4    200.000   4547.088    205.000   4547.467    230.000   4551.004    235.000   4551.168   2071.19995
4      0.000   4522.453      5.000   4522.937     35.000   4526.095     40.000   4526.602   1408.80005
4      5.000   4522.937     10.000   4523.366     40.000   4526.602     45.000   4527.266   1060.19995
4     10.000   4523.366     15.000   4524.146     45.000   4527.266     50.000   4527.801   1155.00000
4     15.000   4524.146     20.000   4524.559     50.000   4527.801     55.000   4528.426   1159.30005
4     20.000   4524.559     25.000   4525.216     55.000   4528.426     60.000   4528.491   1405.30005
4     25.000   4525.216     30.000   4525.519     60.000   4528.491     65.000   4529.121   1267.69995
4     30.000   4525.519     35.000   4526.095     65.000   4529.121     70.000   4529.574   1137.40002
4     35.000   4526.095     40.000   4526.602     70.000   4529.574     75.000   4530.224   1218.30005
4     40.000   4526.602     45.000   4527.266     75.000   4530.224     80.000   4530.667   1468.69995
4     45.000   4527.266     50.000   4527.801     80.000   4530.667     85.000   4531.666   1743.00000
4     50.000   4527.801     55.000   4528.426     85.000   4531.666     90.000   4532.706   1803.40002
4     55.000   4528.426     60.000   4528.491     90.000   4532.706     95.000   4533.812   1636.69995
4     60.000   4528.491     65.000   4529.121     95.000   4533.812    100.000   4534.834   1430.90002
4     65.000   4529.121     70.000   4529.574    100.000   4534.834    105.000   4535.933   1216.30005
4     70.000   4529.574     75.000   4530.224    105.000   4535.933    110.000   4536.939   1431.19995
4     75.000   4530.224     80.000   4530.667    110.000   4536.939    115.000   4538.088   1694.69995
4     80.000   4530.667     85.000   4531.666    115.000   4538.088    120.000   4539.013   1933.50000
4     85.000   4531.666     90.000   4532.706    120.000   4539.013    125.000   4539.524   1986.09998
4     90.000   4532.706     95.000   4533.812    125.000   4539.524    130.000   4540.154   2113.50000
4     95.000   4533.812    100.000   4534.834    130.000   4540.154    135.000   4540.919   2259.39990
4    100.000   4534.834    105.000   4535.933    135.000   4540.919    140.000   4541.476   2963.60010
4    105.000   4535.933    110.000   4536.939    140.000   4541.476    145.000   4542.266   3141.39990
4    110.000   4536.939    115.000   4538.088    145.000   4542.266    150.000   4543.036   3414.69995
4    115.000   4538.088    120.000   4539.013    150.000   4543.036    155.000   4543.810   4211.79980
4    120.000   4539.013    125.000   4539.524    155.000   4543.810    160.000   4544.532   3189.19995
4    125.000   4539.524    130.000   4540.154    160.000   4544.532    165.000   4545.163   3503.89990
4    130.000   4540.154    135.000   4540.919    165.000   4545.163    170.000   4545.883   3259.39990
4    135.000   4540.919    140.000   4541.476    170.000   4545.883    175.000   4546.257   4172.50000
4    140.000   4541.476    145.000   4542.266    175.000   4546.257    180.000   4546.569   4069.39990
4    145.000   4542.266    150.000   4543.036    180.000   4546.569    185.000   4546.648   3857.39990
4    150.000   4543.036    155.000   4543.810    185.000   4546.648    190.000   4546.624   4672.50000
4    155.000   4543.810    160.000   4544.532    190.000   4546.624    195.000   4546.839   4046.60010
4    160.000   4544.532    165.000   4545.163    195.000   4546.839    200.000   4547.088   3518.50000
4    165.000   4545.163    170.000   4545.883    200.000   4547.088    205.000   4547.467   3118.50000
4    170.000   4545.883    175.000   4546.257    205.000   4547.467    210.000   4548.112   2512.19995
4    175.000   4546.257    180.000   4546.569    210.000   4548.112    215.000   4549.117   3098.89990
4    180.000   4546.569    185.000   4546.648    215.000   4549.117    220.000   4549.682   2466.69995
4    185.000   4546.648    190.000   4546.624    220.000   4549.682    225.000   4550.486   2259.00000
4    195.000   4546.839    200.000   4547.088    230.000   4551.004    235.000   4551.168   1800.90002
4      0.000   4522.453      5.000   4522.937     40.000   4526.602     45.000   4527.266   1468.69995
4      5.000   4522.937     10.000   4523.366     45.000   4527.266     50.000   4527.801   1395.59998
4     10.000   4523.366     15.000   4524.146     50.000   4527.801     55.000   4528.426   1426.59998
4     15.000   4524.146     20.000   4524.559     55.000   4528.426     60.000   4528.491   1527.50000
4     20.000   4524.559     25.000   4525.216     60.000   4528.491     65.000   4529.121   1585.19995
4     25.000   4525.216     30.000   4525.519     65.000   4529.121     70.000   4529.574   1406.50000
4     30.000   4525.519     35.000   4526.095     70.000   4529.574     75.000   4530.224   1535.69995
4     35.000   4526.095     40.000   4526.602     75.000   4530.224     80.000   4530.667   1776.09998
4     40.000   4526.602     45.000   4527.266     80.000   4530.667     85.000   4531.666   1990.59998
4     45.000   4527.266     50.000   4527.801     85.000   4531.666     90.000   4532.706   1916.69995
4     50.000   4527.801     55.000   4528.426     90.000   4532.706     95.000   4533.812   1730.40002
4     55.000   4528.426     60.000   4528.491     95.000   4533.812    100.000   4534.834   1688.59998
4     60.000   4528.491     65.000   4529.121    100.000   4534.834    105.000   4535.933   1449.50000
4     65.000   4529.121     70.000   4529.574    105.000   4535.933    110.000   4536.939   1372.00000
4     70.000   4529.574     75.000   4530.224    110.000   4536.939    115.000   4538.088   1409.09998
4     75.000   4530.224     80.000   4530.667    115.000   4538.088    120.000   4539.013   1847.90002
4     80.000   4530.667     85.000   4531.666    120.000   4539.013    125.000   4539.524   1990.09998
4     85.000   4531.666     90.000   4532.706    125.000   4539.524    130.000   4540.154   2463.69995
4     90.000   4532.706     95.000   4533.812    130.000   4540.154    135.000   4540.919   2283.00000
4     95.000   4533.812    100.000   4534.834    135.000   4540.919    140.000   4541.476   3305.00000
4    100.000   4534.834    105.000   4535.933    140.000   4541.476    145.000   4542.266   3242.30005
4    105.000   4535.933    110.000   4536.939    145.000   4542.266    150.000   4543.036   3853.30005
4    110.000   4536.939    115.000   4538.088    150.000   4543.036    155.000   4543.810   4810.70020
4    115.000   4538.088    120.000   4539.013    155.000   4543.810    160.000   4544.532   4103.29980
4    120.000   4539.013    125.000   4539.524    160.000   4544.532    165.000   4545.163   3822.00000
4    125.000   4539.524    130.000   4540.154    165.000   4545.163    170.000   4545.883   3855.00000
4    130.000   4540.154    135.000   4540.919    170.000   4545.883    175.000   4546.257   3499.39990
4    135.000   4540.919    140.000   4541.476    175.000   4546.257    180.000   4546.569   4269.79980
4    140.000   4541.476    145.000   4542.266    180.000   4546.569    185.000   4546.648   3538.80005
4    145.000   4542.266    150.000   4543.036    185.000   4546.648    190.000   4546.624   4380.79980
4    150.000   4543.036    155.000   4543.810    190.000   4546.624    195.000   4546.839   4579.39990
4    155.000   4543.810    160.000   4544.532    195.000   4546.839    200.000   4547.088   3349.39990
4    160.000   4544.532    165.000   4545.163    200.000   4547.088    205.000   4547.467   2787.39990
4    165.000   4545.163    170.000   4545.883    205.000   4547.467    210.000   4548.112   2437.50000
4    170.000   4545.883    175.000   4546.257    210.000   4548.112    215.000   4549.117   3170.50000
4    175.000   4546.257    180.000   4546.569    215.000   4549.117    220.000   4549.682   2763.39990
4    180.000   4546.569    185.000   4546.648    220.000   4549.682    225.000   4550.486   2035.30005
4      0.000   4522.453      5.000   4522.937     45.000   4527.266     50.000   4527.801   1886.50000
4      5.000   4522.937     10.000   4523.366     50.000   4527.801     55.000   4528.426   1692.40002
4     10.000   4523.366     15.000   4524.146     55.000   4528.426     60.000   4528.491   1874.09998
4     15.000   4524.146     20.000   4524.559     60.000   4528.491     65.000   4529.121   1702.80005
4     20.000   4524.559     25.000   4525.216     65.000   4529.121     70.000   4529.574   1723.90002
4     25.000   4525.216     30.000   4525.519     70.000   4529.574     75.000   4530.224   1873.50000
4     30.000   4525.519     35.000   4526.095     75.000   4530.224     80.000   4530.667   2198.50000
4     35.000   4526.095     40.000   4526.602     80.000   4530.667     85.000   4531.666   2362.69995
4     40.000   4526.602     45.000   4527.266     85.000   4531.666     90.000   4532.706   2115.00000
4     45.000   4527.266     50.000   4527.801     90.000   4532.706     95.000   4533.812   1798.19995
4     50.000   4527.801     55.000   4528.426     95.000   4533.812    100.000   4534.834   1715.69995
4     55.000   4528.426     60.000   4528.491    100.000   4534.834    105.000   4535.933   1611.00000
4     60.000   4528.491     65.000   4529.121    105.000   4535.933    110.000   4536.939   1597.90002
4     65.000   4529.121     70.000   4529.574    110.000   4536.939    115.000   4538.088   1314.40002
4     70.000   4529.574     75.000   4530.224    115.000   4538.088    120.000   4539.013   1507.30005
4     75.000   4530.224     80.000   4530.667    120.000   4539.013    125.000   4539.524   1890.90002
4     80.000   4530.667     85.000   4531.666    125.000   4539.524    130.000   4540.154   2380.80005
4     85.000   4531.666     90.000   4532.706    130.000   4540.154    135.000   4540.919   2582.10010
4     90.000   4532.706     95.000   4533.812    135.000   4540.919    140.000   4541.476   3337.39990
4     95.000   4533.812    100.000   4534.834    140.000   4541.476    145.000   4542.266   3459.60010
4    100.000   4534.834    105.000   4535.933    145.000   4542.266    150.000   4543.036   3626.50000
4    105.000   4535.933    110.000   4536.939    150.000   4543.036    155.000   4543.810   5218.79980
4    110.000   4536.939    115.000   4538.088    155.000   4543.810    160.000   4544.532   4584.60010
4    115.000   4538.088    120.000   4539.013    160.000   4544.532    165.000   4545.163   4559.10010
4    120.000   4539.013    125.000   4539.524    165.000   4545.163    170.000   4545.883   3673.50000
4    125.000   4539.524    130.000   4540.154    170.000   4545.883    175.000   4546.257   3989.30005
4    130.000   4540.154    135.000   4540.919    175.000   4546.257    180.000   4546.569   3490.60010
4    135.000   4540.919    140.000   4541.476    180.000   4546.569    185.000   4546.648   3569.69995
4    140.000   4541.476    145.000   4542.266    185.000   4546.648    190.000   4546.624   3910.10010
4    145.000   4542.266    150.000   4543.036    190.000   4546.624    195.000   4546.839   4208.79980
4    150.000   4543.036    155.000   4543.810    195.000   4546.839    200.000   4547.088   3708.19995
4    155.000   4543.810    160.000   4544.532    200.000   4547.088    205.000   4547.467   2828.89990
4    160.000   4544.532    165.000   4545.163    205.000   4547.467    210.000   4548.112   2425.69995
4    165.000   4545.163    170.000   4545.883    210.000   4548.112    215.000   4549.117   2782.50000
4    170.000   4545.883    175.000   4546.257    215.000   4549.117    220.000   4549.682   2671.10010
4    175.000   4546.257    180.000   4546.569    220.000   4549.682    225.000   4550.486   2200.30005
4    180.000   4546.569    185.000   4546.648    225.000   4550.486    230.000   4551.004   1629.90002
4      0.000   4522.453      5.000   4522.937     50.000   4527.801     55.000   4528.426   2296.60010
4      5.000   4522.937     10.000   4523.366     55.000   4528.426     60.000   4528.491   2203.19995
4     10.000   4523.366     15.000   4524.146     60.000   4528.491     65.000   4529.121   2066.39990
4     15.000   4524.146     20.000   4524.559     65.000   4529.121     70.000   4529.574   1840.50000
4     20.000   4524.559     25.000   4525.216     70.000   4529.574     75.000   4530.224   2275.80005
4     25.000   4525.216     30.000   4525.519     75.000   4530.224     80.000   4530.667   2657.30005
4     30.000   4525.519     35.000   4526.095     80.000   4530.667     85.000   4531.666   2867.89990
4     35.000   4526.095     40.000   4526.602     85.000   4531.666     90.000   4532.706   2463.89990
4     40.000   4526.602     45.000   4527.266     90.000   4532.706     95.000   4533.812   1979.30005
4     45.000   4527.266     50.000   4527.801     95.000   4533.812    100.000   4534.834   1698.80005
4     50.000   4527.801     55.000   4528.426    100.000   4534.834    105.000   4535.933   1644.90002
4     55.000   4528.426     60.000   4528.491    105.000   4535.933    110.000   4536.939   1797.30005
4     60.000   4528.491     65.000   4529.121    110.000   4536.939    115.000   4538.088   1512.59998
4     65.000   4529.121     70.000   4529.574    115.000   4538.088    120.000   4539.013   1388.80005
4     70.000   4529.574     75.000   4530.224    120.000   4539.013    125.000   4539.524   1516.30005
4     75.000   4530.224     80.000   4530.667    125.000   4539.524    130.000   4540.154   2184.80005
4     80.000   4530.667     85.000   4531.666    130.000   4540.154    135.000   4540.919   2450.39990
4     85.000   4531.666     90.000   4532.706    135.000   4540.919    140.000   4541.476   3735.30005
4     90.000   4532.706     95.000   4533.812    140.000   4541.476    145.000   4542.266   3311.60010
4     95.000   4533.812    100.000   4534.834    145.000   4542.266    150.000   4543.036   3903.39990
4    100.000   4534.834    105.000   4535.933    150.000   4543.036    155.000   4543.810   5131.10010
4    105.000   4535.933    110.000   4536.939    155.000   4543.810    160.000   4544.532   4889.39990
4    110.000   4536.939    115.000   4538.088    160.000   4544.532    165.000   4545.163   5069.60010
4    115.000   4538.088    120.000   4539.013    165.000   4545.163    170.000   4545.883   4777.50000
4    120.000   4539.013    125.000   4539.524    170.000   4545.883    175.000   4546.257   4261.89990
4    125.000   4539.524    130.000   4540.154    175.000   4546.257    180.000   4546.569   4048.39990
4    130.000   4540.154    135.000   4540.919    180.000   4546.569    185.000   4546.648   2960.30005
4    135.000   4540.919    140.000   4541.476    185.000   4546.648    190.000   4546.624   3834.30005
4    140.000   4541.476    145.000   4542.266    190.000   4546.624    195.000   4546.839   3705.19995
4    145.000   4542.266    150.000   4543.036    195.000   4546.839    200.000   4547.088   3358.69995
4    150.000   4543.036    155.000   4543.810    200.000   4547.088    205.000   4547.467   3159.10010
4    155.000   4543.810    160.000   4544.532    205.000   4547.467    210.000   4548.112   2029.69995
4    160.000   4544.532    165.000   4545.163    210.000   4548.112    215.000   4549.117   2165.10010
4    165.000   4545.163    170.000   4545.883    215.000   4549.117    220.000   4549.682   2617.60010
4    170.000   4545.883    175.000   4546.257    220.000   4549.682    225.000   4550.486   2090.30005
4    175.000   4546.257    180.000   4546.569    225.000   4550.486    230.000   4551.004   1504.90002
4    180.000   4546.569    185.000   4546.648    230.000   4551.004    235.000   4551.168   1354.30005
4      0.000   4522.453      5.000   4522.937     55.000   4528.426     60.000   4528.491   2917.89990
4      5.000   4522.937     10.000   4523.366     60.000   4528.491     65.000   4529.121   2398.10010
4     10.000   4523.366     15.000   4524.146     65.000   4529.121     70.000   4529.574   2221.60010
4     15.000   4524.146     20.000   4524.559     70.000   4529.574     75.000   4530.224   2411.30005
4     20.000   4524.559     25.000   4525.216     75.000   4530.224     80.000   4530.667   3163.60010
4     25.000   4525.216     30.000   4525.519     80.000   4530.667     85.000   4531.666   3390.00000
4     30.000   4525.519     35.000   4526.095     85.000   4531.666     90.000   4532.706   2936.30005
4     35.000   4526.095     40.000   4526.602     90.000   4532.706     95.000   4533.812   2257.89990
4     40.000   4526.602     45.000   4527.266     95.000   4533.812    100.000   4534.834   1860.40002
4     45.000   4527.266     50.000   4527.801    100.000   4534.834    105.000   4535.933   1670.40002
4     50.000   4527.801     55.000   4528.426    105.000   4535.933    110.000   4536.939   1770.00000
4     55.000   4528.426     60.000   4528.491    110.000   4536.939    115.000   4538.088   1644.19995
4     60.000   4528.491     65.000   4529.121    115.000   4538.088    120.000   4539.013   1555.80005
4     65.000   4529.121     70.000   4529.574    120.000   4539.013    125.000   4539.524   1399.50000
4     70.000   4529.574     75.000   4530.224    125.000   4539.524    130.000   4540.154   1730.09998
4     75.000   4530.224     80.000   4530.667    130.000   4540.154    135.000   4540.919   2228.60010
4     80.000   4530.667     85.000   4531.666    135.000   4540.919    140.000   4541.476   3445.80005
4     85.000   4531.666     90.000   4532.706    140.000   4541.476    145.000   4542.266   3612.60010
4     90.000   4532.706     95.000   4533.812    145.000   4542.266    150.000   4543.036   3822.39990
4     95.000   4533.812    100.000   4534.834    150.000   4543.036    155.000   4543.810   5319.79980
4    100.000   4534.834    105.000   4535.933    155.000   4543.810    160.000   4544.532   4386.50000
4    105.000   4535.933    110.000   4536.939    160.000   4544.532    165.000   4545.163   5166.10010
4    110.000   4536.939    115.000   4538.088    165.000   4545.163    170.000   4545.883   5069.39990
4    115.000   4538.088    120.000   4539.013    170.000   4545.883    175.000   4546.257   4796.50000
4    120.000   4539.013    125.000   4539.524    175.000   4546.257    180.000   4546.569   4721.20020
4    125.000   4539.524    130.000   4540.154    180.000   4546.569    185.000   4546.648   3303.00000
4    130.000   4540.154    135.000   4540.919    185.000   4546.648    190.000   4546.624   2964.10010
4    135.000   4540.919    140.000   4541.476    190.000   4546.624    195.000   4546.839   3573.39990
4    140.000   4541.476    145.000   4542.266    195.000   4546.839    200.000   4547.088   2919.89990
4    145.000   4542.266    150.000   4543.036    200.000   4547.088    205.000   4547.467   2752.60010
4    150.000   4543.036    155.000   4543.810    205.000   4547.467    210.000   4548.112   2058.60010
4    155.000   4543.810    160.000   4544.532    210.000   4548.112    215.000   4549.117   2461.19995
4    160.000   4544.532    165.000   4545.163    215.000   4549.117    220.000   4549.682   2820.80005
4    170.000   4545.883    175.000   4546.257    225.000   4550.486    230.000   4551.004   1730.09998
4    175.000   4546.257    180.000   4546.569    230.000   4551.004    235.000   4551.168   1907.09998
4      0.000   4522.453      5.000   4522.937     60.000   4528.491     65.000   4529.121   3145.80005
4      5.000   4522.937     10.000   4523.366     65.000   4529.121     70.000   4529.574   2566.89990
4     10.000   4523.366     15.000   4524.146     70.000   4529.574     75.000   4530.224   2897.60010
4     15.000   4524.146     20.000   4524.559     75.000   4530.224     80.000   4530.667   3333.80005
4     20.000   4524.559     25.000   4525.216     80.000   4530.667     85.000   4531.666   3954.60010
4     25.000   4525.216     30.000   4525.519     85.000   4531.666     90.000   4532.706   3424.60010
4     30.000   4525.519     35.000   4526.095     90.000   4532.706     95.000   4533.812   2637.00000
4     35.000   4526.095     40.000   4526.602     95.000   4533.812    100.000   4534.834   2117.69995
4     40.000   4526.602     45.000   4527.266    100.000   4534.834    105.000   4535.933   1750.40002
4     45.000   4527.266     50.000   4527.801    105.000   4535.933    110.000   4536.939   1685.50000
4     50.000   4527.801     55.000   4528.426    110.000   4536.939    115.000   4538.088   1620.40002
4     55.000   4528.426     60.000   4528.491    115.000   4538.088    120.000   4539.013   1702.80005
4     60.000   4528.491     65.000   4529.121    120.000   4539.013    125.000   4539.524   1595.40002
4     65.000   4529.121     70.000   4529.574    125.000   4539.524    130.000   4540.154   1570.40002
4     70.000   4529.574     75.000   4530.224    130.000   4540.154    135.000   4540.919   1736.30005
4     75.000   4530.224     80.000   4530.667    135.000   4540.919    140.000   4541.476   3076.80005
4     80.000   4530.667     85.000   4531.666    140.000   4541.476    145.000   4542.266   3288.39990
4     85.000   4531.666     90.000   4532.706    145.000   4542.266    150.000   4543.036   4123.79980
4     90.000   4532.706     95.000   4533.812    150.000   4543.036    155.000   4543.810   4888.89990
4     95.000   4533.812    100.000   4534.834    155.000   4543.810    160.000   4544.532   4466.10010
4    100.000   4534.834    105.000   4535.933    160.000   4544.532    165.000   4545.163   5738.10010
4    105.000   4535.933    110.000   4536.939    165.000   4545.163    170.000   4545.883   5305.39990
4    110.000   4536.939    115.000   4538.088    170.000   4545.883    175.000   4546.257   5252.10010
4    125.000   4539.524    130.000   4540.154    185.000   4546.648    190.000   4546.624   3165.10010
4    130.000   4540.154    135.000   4540.919    190.000   4546.624    195.000   4546.839   2881.69995
4    135.000   4540.919    140.000   4541.476    195.000   4546.839    200.000   4547.088   2760.89990
4    140.000   4541.476    145.000   4542.266    200.000   4547.088    205.000   4547.467   2402.89990
4    145.000   4542.266    150.000   4543.036    205.000   4547.467    210.000   4548.112   1916.69995
4    150.000   4543.036    155.000   4543.810    210.000   4548.112    215.000   4549.117   2765.80005
4    155.000   4543.810    160.000   4544.532    215.000   4549.117    220.000   4549.682   2211.00000
4    160.000   4544.532    165.000   4545.163    220.000   4549.682    225.000   4550.486   1338.90002
4    170.000   4545.883    175.000   4546.257    230.000   4551.004    235.000   4551.168   1147.50000
4      0.000   4522.453      5.000   4522.937     65.000   4529.121     70.000   4529.574   3305.10010
4      5.000   4522.937     10.000   4523.366     70.000   4529.574     75.000   4530.224   3302.19995
4     10.000   4523.366     15.000   4524.146     75.000   4530.224     80.000   4530.667   3980.89990
4     15.000   4524.146     20.000   4524.559     80.000   4530.667     85.000   4531.666   4156.60010
4     20.000   4524.559     25.000   4525.216     85.000   4531.666     90.000   4532.706   3948.60010
4     25.000   4525.216     30.000   4525.519     90.000   4532.706     95.000   4533.812   3043.60010
4     30.000   4525.519     35.000   4526.095     95.000   4533.812    100.000   4534.834   2424.39990
4     35.000   4526.095     40.000   4526.602    100.000   4534.834    105.000   4535.933   1925.80005
4     40.000   4526.602     45.000   4527.266    105.000   4535.933    110.000   4536.939   1836.19995
4     45.000   4527.266     50.000   4527.801    110.000   4536.939    115.000   4538.088   1461.90002
4     50.000   4527.801     55.000   4528.426    115.000   4538.088    120.000   4539.013   1587.50000
4     55.000   4528.426     60.000   4528.491    120.000   4539.013    125.000   4539.524   1634.90002
4     60.000   4528.491     65.000   4529.121    125.000   4539.524    130.000   4540.154   1757.00000
4     65.000   4529.121     70.000   4529.574    130.000   4540.154    135.000   4540.919   1575.30005
4     70.000   4529.574     75.000   4530.224    135.000   4540.919    140.000   4541.476   2394.30005
4     75.000   4530.224     80.000   4530.667    140.000   4541.476    145.000   4542.266   2918.50000
4     80.000   4530.667     85.000   4531.666    145.000   4542.266    150.000   4543.036   3679.69995
4     85.000   4531.666     90.000   4532.706    150.000   4543.036    155.000   4543.810   5217.39990
4     90.000   4532.706     95.000   4533.812    155.000   4543.810    160.000   4544.532   4343.70020
4     95.000   4533.812    100.000   4534.834    160.000   4544.532    165.000   4545.163   5072.50000
4    105.000   4535.933    110.000   4536.939    170.000   4545.883    175.000   4546.257   5128.20020
4    110.000   4536.939    115.000   4538.088    175.000   4546.257    180.000   4546.569   4820.39990
4    125.000   4539.524    130.000   4540.154    190.000   4546.624    195.000   4546.839   3135.19995
4    130.000   4540.154    135.000   4540.919    195.000   4546.839    200.000   4547.088   2171.30005
4    135.000   4540.919    140.000   4541.476    200.000   4547.088    205.000   4547.467   2216.10010
4    140.000   4541.476    145.000   4542.266    205.000   4547.467    210.000   4548.112   1581.50000
4    145.000   4542.266    150.000   4543.036    210.000   4548.112    215.000   4549.117   2386.50000
4    150.000   4543.036    155.000   4543.810    215.000   4549.117    220.000   4549.682   2214.19995
4    155.000   4543.810    160.000   4544.532    220.000   4549.682    225.000   4550.486   1662.40002
4      0.000   4522.453      5.000   4522.937     70.000   4529.574     75.000   4530.224   4236.79980
4      5.000   4522.937     10.000   4523.366     75.000   4530.224     80.000   4530.667   4516.00000
4     10.000   4523.366     15.000   4524.146     80.000   4530.667     85.000   4531.666   4996.89990
4     15.000   4524.146     20.000   4524.559     85.000   4531.666     90.000   4532.706   4072.60010
4     20.000   4524.559     25.000   4525.216     90.000   4532.706     95.000   4533.812   3421.89990
4     25.000   4525.216     30.000   4525.519     95.000   4533.812    100.000   4534.834   2824.69995
4     30.000   4525.519     35.000   4526.095    100.000   4534.834    105.000   4535.933   2247.19995
4     35.000   4526.095     40.000   4526.602    105.000   4535.933    110.000   4536.939   2039.30005
4     40.000   4526.602     45.000   4527.266    110.000   4536.939    115.000   4538.088   1620.09998
4     45.000   4527.266     50.000   4527.801    115.000   4538.088    120.000   4539.013   1744.09998
4     50.000   4527.801     55.000   4528.426    120.000   4539.013    125.000   4539.524   1657.40002
4     55.000   4528.426     60.000   4528.491    125.000   4539.524    130.000   4540.154   1919.59998
4     60.000   4528.491     65.000   4529.121    130.000   4540.154    135.000   4540.919   1768.80005
4     65.000   4529.121     70.000   4529.574    135.000   4540.919    140.000   4541.476   2158.60010
4     70.000   4529.574     75.000   4530.224    140.000   4541.476    145.000   4542.266   2225.39990
4     75.000   4530.224     80.000   4530.667    145.000   4542.266    150.000   4543.036   3184.10010
4     80.000   4530.667     85.000   4531.666    150.000   4543.036    155.000   4543.810   4589.10010
4     85.000   4531.666     90.000   4532.706    155.000   4543.810    160.000   4544.532   4613.50000
4     90.000   4532.706     95.000   4533.812    160.000   4544.532    165.000   4545.163   4283.89990
4     95.000   4533.812    100.000   4534.834    165.000   4545.163    170.000   4545.883   4263.00000
4    100.000   4534.834    105.000   4535.933    170.000   4545.883    175.000   4546.257   5571.89990
4    105.000   4535.933    110.000   4536.939    175.000   4546.257    180.000   4546.569   4973.10010
4    110.000   4536.939    115.000   4538.088    180.000   4546.569    185.000   4546.648   4028.69995
4    120.000   4539.013    125.000   4539.524    190.000   4546.624    195.000   4546.839   3250.80005
4    125.000   4539.524    130.000   4540.154    195.000   4546.839    200.000   4547.088   2453.69995
4    130.000   4540.154    135.000   4540.919    200.000   4547.088    205.000   4547.467   1855.50000
4    135.000   4540.919    140.000   4541.476    205.000   4547.467    210.000   4548.112   1502.19995
4    140.000   4541.476    145.000   4542.266    210.000   4548.112    215.000   4549.117   2102.50000
4    145.000   4542.266    150.000   4543.036    215.000   4549.117    220.000   4549.682   2163.19995
4    150.000   4543.036    155.000   4543.810    220.000   4549.682    225.000   4550.486   1758.90002
4      0.000   4522.453      5.000   4522.937     75.000   4530.224     80.000   4530.667   5676.20020
4      5.000   4522.937     10.000   4523.366     80.000   4530.667     85.000   4531.666   5588.60010
4     10.000   4523.366     15.000   4524.146     85.000   4531.666     90.000   4532.706   4807.10010
4     15.000   4524.146     20.000   4524.559     90.000   4532.706     95.000   4533.812   3541.30005
4     20.000   4524.559     25.000   4525.216     95.000   4533.812    100.000   4534.834   3071.69995
4     25.000   4525.216     30.000   4525.519    100.000   4534.834    105.000   4535.933   2374.00000
4     30.000   4525.519     35.000   4526.095    105.000   4535.933    110.000   4536.939   2294.80005
4     35.000   4526.095     40.000   4526.602    110.000   4536.939    115.000   4538.088   1750.90002
4     40.000   4526.602     45.000   4527.266    115.000   4538.088    120.000   4539.013   1663.59998
4     45.000   4527.266     50.000   4527.801    120.000   4539.013    125.000   4539.524   1648.50000
4     50.000   4527.801     55.000   4528.426    125.000   4539.524    130.000   4540.154   1847.00000
4     55.000   4528.426     60.000   4528.491    130.000   4540.154    135.000   4540.919   1827.30005
4     60.000   4528.491     65.000   4529.121    135.000   4540.919    140.000   4541.476   2404.69995
4     65.000   4529.121     70.000   4529.574    140.000   4541.476    145.000   4542.266   1984.30005
4     70.000   4529.574     75.000   4530.224    145.000   4542.266    150.000   4543.036   2423.50000
4     75.000   4530.224     80.000   4530.667    150.000   4543.036    155.000   4543.810   4028.80005
4     80.000   4530.667     85.000   4531.666    155.000   4543.810    160.000   4544.532   3961.60010
4     85.000   4531.666     90.000   4532.706    160.000   4544.532    165.000   4545.163   4565.39990
4     90.000   4532.706     95.000   4533.812    165.000   4545.163    170.000   4545.883   4468.39990
4     95.000   4533.812    100.000   4534.834    170.000   4545.883    175.000   4546.257   5225.00000
4    105.000   4535.933    110.000   4536.939    180.000   4546.569    185.000   4546.648   3725.00000
4    110.000   4536.939    115.000   4538.088    185.000   4546.648    190.000   4546.624   4052.69995
4    115.000   4538.088    120.000   4539.013    190.000   4546.624    195.000   4546.839   3760.50000
4    120.000   4539.013    125.000   4539.524    195.000   4546.839    200.000   4547.088   2006.90002
4    125.000   4539.524    130.000   4540.154    200.000   4547.088    205.000   4547.467   1896.19995
4    130.000   4540.154    135.000   4540.919    205.000   4547.467    210.000   4548.112   1048.69995
4    135.000   4540.919    140.000   4541.476    210.000   4548.112    215.000   4549.117   1868.80005
4    140.000   4541.476    145.000   4542.266    215.000   4549.117    220.000   4549.682   1795.59998
4    145.000   4542.266    150.000   4543.036    220.000   4549.682    225.000   4550.486   1529.90002
4    150.000   4543.036    155.000   4543.810    225.000   4550.486    230.000   4551.004   1324.69995
4      5.000   4522.937     10.000   4523.366     85.000   4531.666     90.000   4532.706   5337.39990
4     10.000   4523.366     15.000   4524.146     90.000   4532.706     95.000   4533.812   4172.89990
4     15.000   4524.146     20.000   4524.559     95.000   4533.812    100.000   4534.834   3142.89990
4     20.000   4524.559     25.000   4525.216    100.000   4534.834    105.000   4535.933   2811.69995
4     25.000   4525.216     30.000   4525.519    105.000   4535.933    110.000   4536.939   2573.60010
4     30.000   4525.519     35.000   4526.095    110.000   4536.939    115.000   4538.088   1957.59998
4     35.000   4526.095     40.000   4526.602    115.000   4538.088    120.000   4539.013   1850.59998
4     40.000   4526.602     45.000   4527.266    120.000   4539.013    125.000   4539.524   1746.19995
4     45.000   4527.266     50.000   4527.801    125.000   4539.524    130.000   4540.154   1726.69995
4     50.000   4527.801     55.000   4528.426    130.000   4540.154    135.000   4540.919   1796.59998
4     55.000   4528.426     60.000   4528.491    135.000   4540.919    140.000   4541.476   2636.69995
4     60.000   4528.491     65.000   4529.121    140.000   4541.476    145.000   4542.266   2245.19995
4     65.000   4529.121     70.000   4529.574    145.000   4542.266    150.000   4543.036   2157.30005
4     70.000   4529.574     75.000   4530.224    150.000   4543.036    155.000   4543.810   3042.80005
4     75.000   4530.224     80.000   4530.667    155.000   4543.810    160.000   4544.532   3366.39990
4     80.000   4530.667     85.000   4531.666    160.000   4544.532    165.000   4545.163   3823.30005
4     85.000   4531.666     90.000   4532.706    165.000   4545.163    170.000   4545.883   4595.10010
4     90.000   4532.706     95.000   4533.812    170.000   4545.883    175.000   4546.257   4062.00000
4    100.000   4534.834    105.000   4535.933    180.000   4546.569    185.000   4546.648   4707.10010
4    105.000   4535.933    110.000   4536.939    185.000   4546.648    190.000   4546.624   4109.00000
4    110.000   4536.939    115.000   4538.088    190.000   4546.624    195.000   4546.839   3826.50000
4    115.000   4538.088    120.000   4539.013    195.000   4546.839    200.000   4547.088   2380.50000
4    125.000   4539.524    130.000   4540.154    205.000   4547.467    210.000   4548.112   1316.40002
4    130.000   4540.154    135.000   4540.919    210.000   4548.112    215.000   4549.117   1674.19995
4    135.000   4540.919    140.000   4541.476    215.000   4549.117    220.000   4549.682   1701.59998
4    140.000   4541.476    145.000   4542.266    220.000   4549.682    225.000   4550.486   1337.50000
4    145.000   4542.266    150.000   4543.036    225.000   4550.486    230.000   4551.004   1034.50000
4      0.000   4522.453      5.000   4522.937     85.000   4531.666     90.000   4532.706   6556.79980
4      5.000   4522.937     10.000   4523.366     90.000   4532.706     95.000   4533.812   4581.20020
4     10.000   4523.366     15.000   4524.146     95.000   4533.812    100.000   4534.834   3631.50000
4     15.000   4524.146     20.000   4524.559    100.000   4534.834    105.000   4535.933   2768.10010
4     20.000   4524.559     25.000   4525.216    105.000   4535.933    110.000   4536.939   2790.60010
4     25.000   4525.216     30.000   4525.519    110.000   4536.939    115.000   4538.088   2130.00000
4     30.000   4525.519     35.000   4526.095    115.000   4538.088    120.000   4539.013   2055.89990
4     35.000   4526.095     40.000   4526.602    120.000   4539.013    125.000   4539.524   1847.80005
4     40.000   4526.602     45.000   4527.266    125.000   4539.524    130.000   4540.154   1876.80005
4     45.000   4527.266     50.000   4527.801    130.000   4540.154    135.000   4540.919   1748.50000
4     50.000   4527.801     55.000   4528.426    135.000   4540.919    140.000   4541.476   2493.39990
4     55.000   4528.426     60.000   4528.491    140.000   4541.476    145.000   4542.266   2227.89990
4     60.000   4528.491     65.000   4529.121    145.000   4542.266    150.000   4543.036   2339.89990
4     65.000   4529.121     70.000   4529.574    150.000   4543.036    155.000   4543.810   2720.89990
4     70.000   4529.574     75.000   4530.224    155.000   4543.810    160.000   4544.532   2562.89990
4     75.000   4530.224     80.000   4530.667    160.000   4544.532    165.000   4545.163   3434.80005
4     80.000   4530.667     85.000   4531.666    165.000   4545.163    170.000   4545.883   3897.50000
4     85.000   4531.666     90.000   4532.706    170.000   4545.883    175.000   4546.257   4126.00000
4     90.000   4532.706     95.000   4533.812    175.000   4546.257    180.000   4546.569   3869.69995
4     95.000   4533.812    100.000   4534.834    180.000   4546.569    185.000   4546.648   4604.89990
4    105.000   4535.933    110.000   4536.939    190.000   4546.624    195.000   4546.839   3527.89990
4    110.000   4536.939    115.000   4538.088    195.000   4546.839    200.000   4547.088   2675.80005
4    115.000   4538.088    120.000   4539.013    200.000   4547.088    205.000   4547.467   1878.50000
4    125.000   4539.524    130.000   4540.154    210.000   4548.112    215.000   4549.117   1633.69995
4    130.000   4540.154    135.000   4540.919    215.000   4549.117    220.000   4549.682   1203.90002
4    135.000   4540.919    140.000   4541.476    220.000   4549.682    225.000   4550.486   1192.80005
4    140.000   4541.476    145.000   4542.266    225.000   4550.486    230.000   4551.004    968.00000
4    145.000   4542.266    150.000   4543.036    230.000   4551.004    235.000   4551.168   1156.50000
4      0.000   4522.453      5.000   4522.937     90.000   4532.706     95.000   4533.812   5580.89990
4      5.000   4522.937     10.000   4523.366     95.000   4533.812    100.000   4534.834   4057.69995
4     10.000   4523.366     15.000   4524.146    100.000   4534.834    105.000   4535.933   3246.89990
4     15.000   4524.146     20.000   4524.559    105.000   4535.933    110.000   4536.939   2801.39990
4     20.000   4524.559     25.000   4525.216    110.000   4536.939    115.000   4538.088   2344.00000
4     25.000   4525.216     30.000   4525.519    115.000   4538.088    120.000   4539.013   2284.89990
4     30.000   4525.519     35.000   4526.095    120.000   4539.013    125.000   4539.524   2077.30005
4     35.000   4526.095     40.000   4526.602    125.000   4539.524    130.000   4540.154   2056.39990
4     40.000   4526.602     45.000   4527.266    130.000   4540.154    135.000   4540.919   1876.50000
4     45.000   4527.266     50.000   4527.801    135.000   4540.919    140.000   4541.476   2330.10010
4     50.000   4527.801     55.000   4528.426    140.000   4541.476    145.000   4542.266   2218.50000
4     55.000   4528.426     60.000   4528.491    145.000   4542.266    150.000   4543.036   2613.19995
4     60.000   4528.491     65.000   4529.121    150.000   4543.036    155.000   4543.810   3062.10010
4     65.000   4529.121     70.000   4529.574    155.000   4543.810    160.000   4544.532   2268.39990
4     70.000   4529.574     75.000   4530.224    160.000   4544.532    165.000   4545.163   2579.60010
4     75.000   4530.224     80.000   4530.667    165.000   4545.163    170.000   4545.883   3119.89990
4     80.000   4530.667     85.000   4531.666    170.000   4545.883    175.000   4546.257   3462.60010
4     85.000   4531.666     90.000   4532.706    175.000   4546.257    180.000   4546.569   4078.19995
4     90.000   4532.706     95.000   4533.812    180.000   4546.569    185.000   4546.648   2711.89990
4     95.000   4533.812    100.000   4534.834    185.000   4546.648    190.000   4546.624   2905.30005
4    100.000   4534.834    105.000   4535.933    190.000   4546.624    195.000   4546.839   4293.89990
4    105.000   4535.933    110.000   4536.939    195.000   4546.839    200.000   4547.088   2763.60010
4    110.000   4536.939    115.000   4538.088    200.000   4547.088    205.000   4547.467   2495.89990
4    115.000   4538.088    120.000   4539.013    205.000   4547.467    210.000   4548.112   1904.80005
4    125.000   4539.524    130.000   4540.154    215.000   4549.117    220.000   4549.682   1531.59998
4    130.000   4540.154    135.000   4540.919    220.000   4549.682    225.000   4550.486   1036.59998
4    140.000   4541.476    145.000   4542.266    230.000   4551.004    235.000   4551.168    784.51001
4      0.000   4522.453      5.000   4522.937     95.000   4533.812    100.000   4534.834   4716.70020
4      5.000   4522.937     10.000   4523.366    100.000   4534.834    105.000   4535.933   3355.80005
4     10.000   4523.366     15.000   4524.146    105.000   4535.933    110.000   4536.939   3221.69995
4     15.000   4524.146     20.000   4524.559    110.000   4536.939    115.000   4538.088   2332.10010
4     20.000   4524.559     25.000   4525.216    115.000   4538.088    120.000   4539.013   2446.30005
4     25.000   4525.216     30.000   4525.519    120.000   4539.013    125.000   4539.524   2144.00000
4     30.000   4525.519     35.000   4526.095    125.000   4539.524    130.000   4540.154   2264.30005
4     35.000   4526.095     40.000   4526.602    130.000   4540.154    135.000   4540.919   1986.00000
4     40.000   4526.602     45.000   4527.266    135.000   4540.919    140.000   4541.476   2589.00000
4     45.000   4527.266     50.000   4527.801    140.000   4541.476    145.000   4542.266   2146.50000
4     50.000   4527.801     55.000   4528.426    145.000   4542.266    150.000   4543.036   2439.10010
4     55.000   4528.426     60.000   4528.491    150.000   4543.036    155.000   4543.810   3040.39990
4     60.000   4528.491     65.000   4529.121    155.000   4543.810    160.000   4544.532   2481.69995
4     65.000   4529.121     70.000   4529.574    160.000   4544.532    165.000   4545.163   2283.69995
4     70.000   4529.574     75.000   4530.224    165.000   4545.163    170.000   4545.883   2381.00000
4     75.000   4530.224     80.000   4530.667    170.000   4545.883    175.000   4546.257   3156.60010
4     80.000   4530.667     85.000   4531.666    175.000   4546.257    180.000   4546.569   3239.89990
4     85.000   4531.666     90.000   4532.706    180.000   4546.569    185.000   4546.648   2731.89990
4     90.000   4532.706     95.000   4533.812    185.000   4546.648    190.000   4546.624   3248.60010
4     95.000   4533.812    100.000   4534.834    190.000   4546.624    195.000   4546.839   3600.80005
4    105.000   4535.933    110.000   4536.939    200.000   4547.088    205.000   4547.467   2014.59998
4    115.000   4538.088    120.000   4539.013    210.000   4548.112    215.000   4549.117   1366.59998
4    125.000   4539.524    130.000   4540.154    220.000   4549.682    225.000   4550.486    951.10999
4    130.000   4540.154    135.000   4540.919    225.000   4550.486    230.000   4551.004    674.95001
4    135.000   4540.919    140.000   4541.476    230.000   4551.004    235.000   4551.168    812.26001
4      0.000   4522.453      5.000   4522.937    100.000   4534.834    105.000   4535.933   4326.00000
4      5.000   4522.937     10.000   4523.366    105.000   4535.933    110.000   4536.939   3500.30005
4     10.000   4523.366     15.000   4524.146    110.000   4536.939    115.000   4538.088   2667.60010
4     15.000   4524.146     20.000   4524.559    115.000   4538.088    120.000   4539.013   2395.80005
4     20.000   4524.559     25.000   4525.216    120.000   4539.013    125.000   4539.524   2418.00000
4     25.000   4525.216     30.000   4525.519    125.000   4539.524    130.000   4540.154   2473.69995
4     30.000   4525.519     35.000   4526.095    130.000   4540.154    135.000   4540.919   2155.10010
4     35.000   4526.095     40.000   4526.602    135.000   4540.919    140.000   4541.476   2834.50000
4     40.000   4526.602     45.000   4527.266    140.000   4541.476    145.000   4542.266   2295.30005
4     45.000   4527.266     50.000   4527.801    145.000   4542.266    150.000   4543.036   2214.30005
4     50.000   4527.801     55.000   4528.426    150.000   4543.036    155.000   4543.810   3039.39990
4     55.000   4528.426     60.000   4528.491    155.000   4543.810    160.000   4544.532   2846.39990
4     60.000   4528.491     65.000   4529.121    160.000   4544.532    165.000   4545.163   2804.50000
4     65.000   4529.121     70.000   4529.574    165.000   4545.163    170.000   4545.883   2128.60010
4     70.000   4529.574     75.000   4530.224    170.000   4545.883    175.000   4546.257   2315.89990
4     75.000   4530.224     80.000   4530.667    175.000   4546.257    180.000   4546.569   2510.50000
4     80.000   4530.667     85.000   4531.666    180.000   4546.569    185.000   4546.648   2262.00000
4     85.000   4531.666     90.000   4532.706    185.000   4546.648    190.000   4546.624   3169.30005
4     90.000   4532.706     95.000   4533.812    190.000   4546.624    195.000   4546.839   2464.60010
4    105.000   4535.933    110.000   4536.939    205.000   4547.467    210.000   4548.112   1442.09998
4    125.000   4539.524    130.000   4540.154    225.000   4550.486    230.000   4551.004   1006.29999
4      0.000   4522.453      5.000   4522.937    105.000   4535.933    110.000   4536.939   4095.69995
4      5.000   4522.937     10.000   4523.366    110.000   4536.939    115.000   4538.088   2803.00000
4     10.000   4523.366     15.000   4524.146    115.000   4538.088    120.000   4539.013   2715.00000
4     15.000   4524.146     20.000   4524.559    120.000   4539.013    125.000   4539.524   2402.10010
4     20.000   4524.559     25.000   4525.216    125.000   4539.524    130.000   4540.154   2604.50000
4     25.000   4525.216     30.000   4525.519    130.000   4540.154    135.000   4540.919   2311.30005
4     30.000   4525.519     35.000   4526.095    135.000   4540.919    140.000   4541.476   3084.89990
4     35.000   4526.095     40.000   4526.602    140.000   4541.476    145.000   4542.266   2382.30005
4     40.000   4526.602     45.000   4527.266    145.000   4542.266    150.000   4543.036   2446.19995
4     45.000   4527.266     50.000   4527.801    150.000   4543.036    155.000   4543.810   2969.89990
4     50.000   4527.801     55.000   4528.426    155.000   4543.810    160.000   4544.532   2577.39990
4     55.000   4528.426     60.000   4528.491    160.000   4544.532    165.000   4545.163   2407.50000
4     60.000   4528.491     65.000   4529.121    165.000   4545.163    170.000   4545.883   2095.69995
4     65.000   4529.121     70.000   4529.574    170.000   4545.883    175.000   4546.257   2082.50000
4     70.000   4529.574     75.000   4530.224    175.000   4546.257    180.000   4546.569   2000.40002
4     75.000   4530.224     80.000   4530.667    180.000   4546.569    185.000   4546.648   2301.10010
4     80.000   4530.667     85.000   4531.666    185.000   4546.648    190.000   4546.624   2590.39990
4     85.000   4531.666     90.000   4532.706    190.000   4546.624    195.000   4546.839   2561.60010
4     90.000   4532.706     95.000   4533.812    195.000   4546.839    200.000   4547.088   2049.89990
4    105.000   4535.933    110.000   4536.939    210.000   4548.112    215.000   4549.117   1694.00000
4    110.000   4536.939    115.000   4538.088    215.000   4549.117    220.000   4549.682   1290.00000
4    120.000   4539.013    125.000   4539.524    225.000   4550.486    230.000   4551.004   1061.40002
4      0.000   4522.453      5.000   4522.937    110.000   4536.939    115.000   4538.088   3398.39990
4      5.000   4522.937     10.000   4523.366    115.000   4538.088    120.000   4539.013   2977.39990
4     10.000   4523.366     15.000   4524.146    120.000   4539.013    125.000   4539.524   2809.39990
4     15.000   4524.146     20.000   4524.559    125.000   4539.524    130.000   4540.154   2568.50000
4     20.000   4524.559     25.000   4525.216    130.000   4540.154    135.000   4540.919   2486.89990
4     25.000   4525.216     30.000   4525.519    135.000   4540.919    140.000   4541.476   3388.69995
4     30.000   4525.519     35.000   4526.095    140.000   4541.476    145.000   4542.266   2591.69995
4     35.000   4526.095     40.000   4526.602    145.000   4542.266    150.000   4543.036   2673.39990
4     40.000   4526.602     45.000   4527.266    150.000   4543.036    155.000   4543.810   3237.60010
4     45.000   4527.266     50.000   4527.801    155.000   4543.810    160.000   4544.532   2287.19995
4     50.000   4527.801     55.000   4528.426    160.000   4544.532    165.000   4545.163   2376.19995
4     55.000   4528.426     60.000   4528.491    165.000   4545.163    170.000   4545.883   2966.50000
4     60.000   4528.491     65.000   4529.121    170.000   4545.883    175.000   4546.257   2517.39990
4     65.000   4529.121     70.000   4529.574    175.000   4546.257    180.000   4546.569   1758.19995
4     70.000   4529.574     75.000   4530.224    180.000   4546.569    185.000   4546.648   1580.69995
4     75.000   4530.224     80.000   4530.667    185.000   4546.648    190.000   4546.624   2011.00000
4     80.000   4530.667     85.000   4531.666    190.000   4546.624    195.000   4546.839   1984.80005
4     85.000   4531.666     90.000   4532.706    195.000   4546.839    200.000   4547.088   2065.89990
4     90.000   4532.706     95.000   4533.812    200.000   4547.088    205.000   4547.467   1282.40002
4    105.000   4535.933    110.000   4536.939    215.000   4549.117    220.000   4549.682   1758.09998
4    110.000   4536.939    115.000   4538.088    220.000   4549.682    225.000   4550.486   1455.59998
4      0.000   4522.453      5.000   4522.937    115.000   4538.088    120.000   4539.013   3439.60010
4      5.000   4522.937     10.000   4523.366    120.000   4539.013    125.000   4539.524   2805.10010
4     10.000   4523.366     15.000   4524.146    125.000   4539.524    130.000   4540.154   2948.50000
4     15.000   4524.146     20.000   4524.559    130.000   4540.154    135.000   4540.919   2486.30005
4     20.000   4524.559     25.000   4525.216    135.000   4540.919    140.000   4541.476   3491.60010
4     25.000   4525.216     30.000   4525.519    140.000   4541.476    145.000   4542.266   2696.80005
4     30.000   4525.519     35.000   4526.095    145.000   4542.266    150.000   4543.036   2924.89990
4     35.000   4526.095     40.000   4526.602    150.000   4543.036    155.000   4543.810   3373.89990
4     40.000   4526.602     45.000   4527.266    155.000   4543.810    160.000   4544.532   2652.10010
4     45.000   4527.266     50.000   4527.801    160.000   4544.532    165.000   4545.163   2543.19995
4     50.000   4527.801     55.000   4528.426    165.000   4545.163    170.000   4545.883   2665.50000
4     60.000   4528.491     65.000   4529.121    175.000   4546.257    180.000   4546.569   1808.59998
4     65.000   4529.121     70.000   4529.574    180.000   4546.569    185.000   4546.648   1476.50000
4     70.000   4529.574     75.000   4530.224    185.000   4546.648    190.000   4546.624   1541.80005
4     75.000   4530.224     80.000   4530.667    190.000   4546.624    195.000   4546.839   1904.19995
4     80.000   4530.667     85.000   4531.666    195.000   4546.839    200.000   4547.088   1595.69995
4     85.000   4531.666     90.000   4532.706    200.000   4547.088    205.000   4547.467   1331.30005
4     90.000   4532.706     95.000   4533.812    205.000   4547.467    210.000   4548.112   1090.80005
4    105.000   4535.933    110.000   4536.939    220.000   4549.682    225.000   4550.486    941.96002
4      0.000   4522.453      5.000   4522.937    120.000   4539.013    125.000   4539.524   3514.10010
4      5.000   4522.937     10.000   4523.366    125.000   4539.524    130.000   4540.154   3146.60010
4     10.000   4523.366     15.000   4524.146    130.000   4540.154    135.000   4540.919   2859.39990
4     15.000   4524.146     20.000   4524.559    135.000   4540.919    140.000   4541.476   3472.69995
4     20.000   4524.559     25.000   4525.216    140.000   4541.476    145.000   4542.266   2901.60010
4     25.000   4525.216     30.000   4525.519    145.000   4542.266    150.000   4543.036   3196.89990
4     30.000   4525.519     35.000   4526.095    150.000   4543.036    155.000   4543.810   3672.19995
4     35.000   4526.095     40.000   4526.602    155.000   4543.810    160.000   4544.532   2942.89990
4     40.000   4526.602     45.000   4527.266    160.000   4544.532    165.000   4545.163   2883.50000
4     45.000   4527.266     50.000   4527.801    165.000   4545.163    170.000   4545.883   2060.30005
4     50.000   4527.801     55.000   4528.426    170.000   4545.883    175.000   4546.257   2266.30005
4     55.000   4528.426     60.000   4528.491    175.000   4546.257    180.000   4546.569   2952.19995
4     60.000   4528.491     65.000   4529.121    180.000   4546.569    185.000   4546.648   1858.90002
4     65.000   4529.121     70.000   4529.574    185.000   4546.648    190.000   4546.624   1406.19995
4     70.000   4529.574     75.000   4530.224    190.000   4546.624    195.000   4546.839   1377.90002
4     75.000   4530.224     80.000   4530.667    195.000   4546.839    200.000   4547.088   1133.30005
4     85.000   4531.666     90.000   4532.706    205.000   4547.467    210.000   4548.112   1113.09998
4     90.000   4532.706     95.000   4533.812    210.000   4548.112    215.000   4549.117    968.06000
4    105.000   4535.933    110.000   4536.939    225.000   4550.486    230.000   4551.004   1247.59998
4      0.000   4522.453      5.000   4522.937    125.000   4539.524    130.000   4540.154   3571.10010
4      5.000   4522.937     10.000   4523.366    130.000   4540.154    135.000   4540.919   2952.10010
4     10.000   4523.366     15.000   4524.146    135.000   4540.919    140.000   4541.476   3961.50000
4     15.000   4524.146     20.000   4524.559    140.000   4541.476    145.000   4542.266   2890.89990
4     20.000   4524.559     25.000   4525.216    145.000   4542.266    150.000   4543.036   3267.10010
4     25.000   4525.216     30.000   4525.519    150.000   4543.036    155.000   4543.810   3771.39990
4     30.000   4525.519     35.000   4526.095    155.000   4543.810    160.000   4544.532   3132.19995
4     35.000   4526.095     40.000   4526.602    160.000   4544.532    165.000   4545.163   2795.89990
4     40.000   4526.602     45.000   4527.266    165.000   4545.163    170.000   4545.883   2460.30005
4     45.000   4527.266     50.000   4527.801    170.000   4545.883    175.000   4546.257   2519.00000
4     50.000   4527.801     55.000   4528.426    175.000   4546.257    180.000   4546.569   2286.60010
4     65.000   4529.121     70.000   4529.574    190.000   4546.624    195.000   4546.839   1269.90002
4     70.000   4529.574     75.000   4530.224    195.000   4546.839    200.000   4547.088    931.95001
4     75.000   4530.224     80.000   4530.667    200.000   4547.088    205.000   4547.467   1170.30005
4     80.000   4530.667     85.000   4531.666    205.000   4547.467    210.000   4548.112    888.96002
4     85.000   4531.666     90.000   4532.706    210.000   4548.112    215.000   4549.117   1064.80005
4     90.000   4532.706     95.000   4533.812    215.000   4549.117    220.000   4549.682   1400.90002
4      0.000   4522.453      5.000   4522.937    130.000   4540.154    135.000   4540.919   3587.00000
4      5.000   4522.937     10.000   4523.366    135.000   4540.919    140.000   4541.476   4280.20020
4     10.000   4523.366     15.000   4524.146    140.000   4541.476    145.000   4542.266   3340.10010
4     15.000   4524.146     20.000   4524.559    145.000   4542.266    150.000   4543.036   3195.50000
4     20.000   4524.559     25.000   4525.216    150.000   4543.036    155.000   4543.810   4036.10010
4     25.000   4525.216     30.000   4525.519    155.000   4543.810    160.000   4544.532   3502.30005
4     30.000   4525.519     35.000   4526.095    160.000   4544.532    165.000   4545.163   2879.80005
4     35.000   4526.095     40.000   4526.602    165.000   4545.163    170.000   4545.883   2991.00000
4     40.000   4526.602     45.000   4527.266    170.000   4545.883    175.000   4546.257   2683.00000
4     50.000   4527.801     55.000   4528.426    180.000   4546.569    185.000   4546.648   1441.09998
4     55.000   4528.426     60.000   4528.491    185.000   4546.648    190.000   4546.624   1991.19995
4     60.000   4528.491     65.000   4529.121    190.000   4546.624    195.000   4546.839   1602.00000
4     65.000   4529.121     70.000   4529.574    195.000   4546.839    200.000   4547.088    829.33002
4     70.000   4529.574     75.000   4530.224    200.000   4547.088    205.000   4547.467    826.08002
4     85.000   4531.666     90.000   4532.706    215.000   4549.117    220.000   4549.682   1342.30005
4      0.000   4522.453      5.000   4522.937    135.000   4540.919    140.000   4541.476   4760.70020
4      5.000   4522.937     10.000   4523.366    140.000   4541.476    145.000   4542.266   3350.89990
4     10.000   4523.366     15.000   4524.146    145.000   4542.266    150.000   4543.036   3599.69995
4     15.000   4524.146     20.000   4524.559    150.000   4543.036    155.000   4543.810   4024.10010
4     20.000   4524.559     25.000   4525.216    155.000   4543.810    160.000   4544.532   3441.30005
4     25.000   4525.216     30.000   4525.519    160.000   4544.532    165.000   4545.163   3015.10010
4     30.000   4525.519     35.000   4526.095    165.000   4545.163    170.000   4545.883   3286.10010
4     35.000   4526.095     40.000   4526.602    170.000   4545.883    175.000   4546.257   2512.80005
4     40.000   4526.602     45.000   4527.266    175.000   4546.257    180.000   4546.569   2187.89990
4     45.000   4527.266     50.000   4527.801    180.000   4546.569    185.000   4546.648   2100.89990
4     50.000   4527.801     55.000   4528.426    185.000   4546.648    190.000   4546.624   1900.30005
4     65.000   4529.121     70.000   4529.574    200.000   4547.088    205.000   4547.467    730.78003
4     75.000   4530.224     80.000   4530.667    210.000   4548.112    215.000   4549.117    992.26001
4     80.000   4530.667     85.000   4531.666    215.000   4549.117    220.000   4549.682   1026.40002
4     90.000   4532.706     95.000   4533.812    225.000   4550.486    230.000   4551.004    771.77002
4      0.000   4522.453      5.000   4522.937    140.000   4541.476    145.000   4542.266   4130.79980
4      5.000   4522.937     10.000   4523.366    145.000   4542.266    150.000   4543.036   3909.80005
4     10.000   4523.366     15.000   4524.146    150.000   4543.036    155.000   4543.810   4662.10010
4     15.000   4524.146     20.000   4524.559    155.000   4543.810    160.000   4544.532   3397.19995
4     20.000   4524.559     25.000   4525.216    160.000   4544.532    165.000   4545.163   3052.00000
4     25.000   4525.216     30.000   4525.519    165.000   4545.163    170.000   4545.883   3670.89990
4     30.000   4525.519     35.000   4526.095    170.000   4545.883    175.000   4546.257   2758.39990
4     35.000   4526.095     40.000   4526.602    175.000   4546.257    180.000   4546.569   2800.00000
4     40.000   4526.602     45.000   4527.266    180.000   4546.569    185.000   4546.648   1942.40002
4     45.000   4527.266     50.000   4527.801    185.000   4546.648    190.000   4546.624   1394.30005
4     50.000   4527.801     55.000   4528.426    190.000   4546.624    195.000   4546.839   1319.80005
4     55.000   4528.426     60.000   4528.491    195.000   4546.839    200.000   4547.088   1547.30005
4     70.000   4529.574     75.000   4530.224    210.000   4548.112    215.000   4549.117    725.78998
4      0.000   4522.453      5.000   4522.937    145.000   4542.266    150.000   4543.036   4185.60010
4      5.000   4522.937     10.000   4523.366    150.000   4543.036    155.000   4543.810   4667.79980
4     10.000   4523.366     15.000   4524.146    155.000   4543.810    160.000   4544.532   3837.00000
4     15.000   4524.146     20.000   4524.559    160.000   4544.532    165.000   4545.163   3296.50000
4     20.000   4524.559     25.000   4525.216    165.000   4545.163    170.000   4545.883   3641.89990
4     25.000   4525.216     30.000   4525.519    170.000   4545.883    175.000   4546.257   2477.50000
4     30.000   4525.519     35.000   4526.095    175.000   4546.257    180.000   4546.569   2827.30005
4     35.000   4526.095     40.000   4526.602    180.000   4546.569    185.000   4546.648   1555.69995
4     40.000   4526.602     45.000   4527.266    185.000   4546.648    190.000   4546.624   1718.40002
4     45.000   4527.266     50.000   4527.801    190.000   4546.624    195.000   4546.839   1608.59998
4     50.000   4527.801     55.000   4528.426    195.000   4546.839    200.000   4547.088   1163.19995
4     65.000   4529.121     70.000   4529.574    210.000   4548.112    215.000   4549.117    644.34003
4     75.000   4530.224     80.000   4530.667    220.000   4549.682    225.000   4550.486    691.03998
4     80.000   4530.667     85.000   4531.666    225.000   4550.486    230.000   4551.004    616.69000
4      0.000   4522.453      5.000   4522.937    150.000   4543.036    155.000   4543.810   5639.70020
4      5.000   4522.937     10.000   4523.366    155.000   4543.810    160.000   4544.532   4247.29980
4     10.000   4523.366     15.000   4524.146    160.000   4544.532    165.000   4545.163   3906.00000
4     15.000   4524.146     20.000   4524.559    165.000   4545.163    170.000   4545.883   3362.89990
4     20.000   4524.559     25.000   4525.216    170.000   4545.883    175.000   4546.257   2928.39990
4     25.000   4525.216     30.000   4525.519    175.000   4546.257    180.000   4546.569   3662.39990
4     30.000   4525.519     35.000   4526.095    180.000   4546.569    185.000   4546.648   1835.00000
4     35.000   4526.095     40.000   4526.602    185.000   4546.648    190.000   4546.624   2113.39990
4     40.000   4526.602     45.000   4527.266    190.000   4546.624    195.000   4546.839   1740.30005
4     50.000   4527.801     55.000   4528.426    200.000   4547.088    205.000   4547.467    642.94000
4     70.000   4529.574     75.000   4530.224    220.000   4549.682    225.000   4550.486    422.94000
4      0.000   4522.453      5.000   4522.937    155.000   4543.810    160.000   4544.532   4416.10010
4      5.000   4522.937     10.000   4523.366    160.000   4544.532    165.000   4545.163   3745.19995
4     10.000   4523.366     15.000   4524.146    165.000   4545.163    170.000   4545.883   3718.89990
4     15.000   4524.146     20.000   4524.559    170.000   4545.883    175.000   4546.257   2999.19995
4     20.000   4524.559     25.000   4525.216    175.000   4546.257    180.000   4546.569   3040.69995
4     30.000   4525.519     35.000   4526.095    185.000   4546.648    190.000   4546.624   2381.80005
4     35.000   4526.095     40.000   4526.602    190.000   4546.624    195.000   4546.839   1599.19995
4     40.000   4526.602     45.000   4527.266    195.000   4546.839    200.000   4547.088   1029.09998
4     45.000   4527.266     50.000   4527.801    200.000   4547.088    205.000   4547.467   1054.30005
4     50.000   4527.801     55.000   4528.426    205.000   4547.467    210.000   4548.112    616.95001
4     65.000   4529.121     70.000   4529.574    220.000   4549.682    225.000   4550.486    393.39001
4     75.000   4530.224     80.000   4530.667    230.000   4551.004    235.000   4551.168    726.47998
4      0.000   4522.453      5.000   4522.937    160.000   4544.532    165.000   4545.163   5048.79980
4      5.000   4522.937     10.000   4523.366    165.000   4545.163    170.000   4545.883   4403.79980
4     10.000   4523.366     15.000   4524.146    170.000   4545.883    175.000   4546.257   3659.50000
4     15.000   4524.146     20.000   4524.559    175.000   4546.257    180.000   4546.569   3040.80005
4     20.000   4524.559     25.000   4525.216    180.000   4546.569    185.000   4546.648   1871.19995
4     25.000   4525.216     30.000   4525.519    185.000   4546.648    190.000   4546.624   2537.89990
4     30.000   4525.519     35.000   4526.095    190.000   4546.624    195.000   4546.839   1688.09998
4     35.000   4526.095     40.000   4526.602    195.000   4546.839    200.000   4547.088   1403.90002
4      0.000   4522.453      5.000   4522.937    165.000   4545.163    170.000   4545.883   3808.39990
4      5.000   4522.937     10.000   4523.366    170.000   4545.883    175.000   4546.257   3127.69995
4     10.000   4523.366     15.000   4524.146    175.000   4546.257    180.000   4546.569   3264.60010
4     15.000   4524.146     20.000   4524.559    180.000   4546.569    185.000   4546.648   1927.80005
4     20.000   4524.559     25.000   4525.216    185.000   4546.648    190.000   4546.624   2619.10010
4     25.000   4525.216     30.000   4525.519    190.000   4546.624    195.000   4546.839   1555.90002
4     30.000   4525.519     35.000   4526.095    195.000   4546.839    200.000   4547.088   1471.19995
4     35.000   4526.095     40.000   4526.602    200.000   4547.088    205.000   4547.467    736.40997
4     50.000   4527.801     55.000   4528.426    215.000   4549.117    220.000   4549.682    856.84003
4      0.000   4522.453      5.000   4522.937    170.000   4545.883    175.000   4546.257   4572.10010
4      5.000   4522.937     10.000   4523.366    175.000   4546.257    180.000   4546.569   4296.50000
4     10.000   4523.366     15.000   4524.146    180.000   4546.569    185.000   4546.648   2546.19995
4     15.000   4524.146     20.000   4524.559    185.000   4546.648    190.000   4546.624   2338.00000
4     20.000   4524.559     25.000   4525.216    190.000   4546.624    195.000   4546.839   1739.90002
4     35.000   4526.095     40.000   4526.602    205.000   4547.467    210.000   4548.112    746.28998
4     60.000   4528.491     65.000   4529.121    230.000   4551.004    235.000   4551.168    508.39999
4      0.000   4522.453      5.000   4522.937    175.000   4546.257    180.000   4546.569   3390.80005
4     10.000   4523.366     15.000   4524.146    185.000   4546.648    190.000   4546.624   2618.10010
4     15.000   4524.146     20.000   4524.559    190.000   4546.624    195.000   4546.839   1861.30005
4     20.000   4524.559     25.000   4525.216    195.000   4546.839    200.000   4547.088   1569.69995
4     30.000   4525.519     35.000   4526.095    205.000   4547.467    210.000   4548.112    895.14001
4     35.000   4526.095     40.000   4526.602    210.000   4548.112    215.000   4549.117    734.34003
4     50.000   4527.801     55.000   4528.426    225.000   4550.486    230.000   4551.004    444.48999
4      0.000   4522.453      5.000   4522.937    180.000   4546.569    185.000   4546.648   3262.89990
4      5.000   4522.937     10.000   4523.366    185.000   4546.648    190.000   4546.624   3009.39990
4     10.000   4523.366     15.000   4524.146    190.000   4546.624    195.000   4546.839   2281.60010
4     15.000   4524.146     20.000   4524.559    195.000   4546.839    200.000   4547.088   1461.69995
4     30.000   4525.519     35.000   4526.095    210.000   4548.112    215.000   4549.117    675.17999
4     35.000   4526.095     40.000   4526.602    215.000   4549.117    220.000   4549.682   1041.59998
4     40.000   4526.602     45.000   4527.266    220.000   4549.682    225.000   4550.486    655.15997
4      0.000   4522.453      5.000   4522.937    185.000   4546.648    190.000   4546.624   2555.50000
4      5.000   4522.937     10.000   4523.366    190.000   4546.624    195.000   4546.839   1949.50000
4     10.000   4523.366     15.000   4524.146    195.000   4546.839    200.000   4547.088   1559.40002
4     15.000   4524.146     20.000   4524.559    200.000   4547.088    205.000   4547.467    908.85999
4     20.000   4524.559     25.000   4525.216    205.000   4547.467    210.000   4548.112    947.84003
4     30.000   4525.519     35.000   4526.095    215.000   4549.117    220.000   4549.682   1156.09998
4      0.000   4522.453      5.000   4522.937    190.000   4546.624    195.000   4546.839   2831.89990
4      5.000   4522.937     10.000   4523.366    195.000   4546.839    200.000   4547.088   2109.69995
4     10.000   4523.366     15.000   4524.146    200.000   4547.088    205.000   4547.467   1253.40002
4     15.000   4524.146     20.000   4524.559    205.000   4547.467    210.000   4548.112    704.71997
4      0.000   4522.453      5.000   4522.937    195.000   4546.839    200.000   4547.088   1462.90002
4     15.000   4524.146     20.000   4524.559    210.000   4548.112    215.000   4549.117    888.95001
4     20.000   4524.559     25.000   4525.216    215.000   4549.117    220.000   4549.682   1310.09998
4     30.000   4525.519     35.000   4526.095    225.000   4550.486    230.000   4551.004    561.15997
4      5.000   4522.937     10.000   4523.366    205.000   4547.467    210.000   4548.112   1147.30005
4     10.000   4523.366     15.000   4524.146    210.000   4548.112    215.000   4549.117   1271.19995
4     15.000   4524.146     20.000   4524.559    215.000   4549.117    220.000   4549.682    992.45001
4     10.000   4523.366     15.000   4524.146    215.000   4549.117    220.000   4549.682    958.47998
4     20.000   4524.559     25.000   4525.216    225.000   4550.486    230.000   4551.004    643.13000
4     10.000   4523.366     15.000   4524.146    220.000   4549.682    225.000   4550.486    625.59003
4     15.000   4524.146     20.000   4524.559    225.000   4550.486    230.000   4551.004    653.35999
4      0.000   4522.453      5.000   4522.937    220.000   4549.682    225.000   4550.486   1075.59998