-7.50 3799.55 
-3.75 3799.55 
0.00 3799.55 
2.50 3799.56 
5.00 3799.56 
7.45 3800.12 
9.90 3800.68 
12.30 3801.26 
14.70 3801.84 
17.20 3802.29 
19.70 3802.74 
22.10 3803.41 
24.50 3804.07 
26.95 3804.54 
29.40 3805.00 
31.85 3805.45 
34.30 3805.90 
36.70 3806.57 
39.10 3807.23 
41.60 3807.62 
44.10 3808.01 
46.35 3809.02 
48.60 3810.02 
51.10 3810.37 
53.60 3810.71 
56.10 3810.98 
58.60 3811.25 
61.00 3811.85 
63.40 3812.45 
65.85 3813.09 
68.30 3813.73 
70.70 3814.37 
73.10 3815.02 
75.60 3815.22 
78.10 3815.43 
80.55 3815.81 
83.00 3816.19 
85.50 3816.24 
88.00 3816.29 
90.50 3816.43 
93.00 3816.58 
95.45 3816.98 
97.90 3817.38 
100.40 3817.65 
102.90 3817.92 
105.40 3818.23 
107.90 3818.53 
110.35 3818.85 
112.80 3819.18 
117.65 3819.43 
122.50 3819.68