-7.50 3874.15 
-3.75 3874.15 
0.00 3874.15 
2.30 3875.09 
4.60 3876.03 
6.80 3877.24 
9.00 3878.45 
11.20 3879.60 
13.40 3880.75 
15.85 3881.43 
18.30 3882.11 
20.75 3882.48 
23.20 3882.86 
25.70 3882.93 
28.20 3883.00 
30.65 3883.52 
33.10 3884.04 
35.50 3884.68 
37.90 3885.33 
40.40 3885.63 
42.90 3885.94 
45.40 3885.97 
47.90 3886.00 
50.20 3887.00 
52.50 3888.00 
54.85 3888.75 
57.20 3889.50 
59.70 3889.60 
62.20 3889.70 
64.70 3889.97 
67.20 3890.24 
69.70 3890.37 
72.20 3890.49 
74.70 3890.47 
77.20 3890.45 
79.70 3890.50 
82.20 3890.55 
84.70 3890.67 
87.20 3890.78 
89.70 3891.04 
92.20 3891.29 
94.60 3891.84 
97.00 3892.39 
99.50 3892.86 
102.00 3893.33 
104.40 3893.86 
106.80 3894.39 
109.25 3895.06 
111.70 3895.74 
116.95 3895.74 
122.20 3895.74