-7.50 3799.55 
-3.75 3799.55 
0.00 3799.55 
2.50 3799.56 
5.00 3799.56 
7.50 3800.12 
10.00 3800.68 
12.50 3801.26 
15.00 3801.84 
17.50 3802.29 
20.00 3802.74 
22.50 3803.41 
25.00 3804.07 
27.50 3804.54 
30.00 3805.00 
32.50 3805.45 
35.00 3805.90 
37.50 3806.57 
40.00 3807.23 
42.50 3807.62 
45.00 3808.01 
47.50 3809.02 
50.00 3810.02 
52.50 3810.37 
55.00 3810.71 
57.50 3810.98 
60.00 3811.25 
62.50 3811.85 
65.00 3812.45 
67.50 3813.09 
70.00 3813.73 
72.50 3814.37 
75.00 3815.02 
77.50 3815.22 
80.00 3815.43 
82.50 3815.81 
85.00 3816.19 
87.50 3816.24 
90.00 3816.29 
92.50 3816.43 
95.00 3816.58 
97.50 3816.98 
100.00 3817.38 
102.50 3817.65 
105.00 3817.92 
107.50 3818.23 
110.00 3818.53 
112.50 3818.85 
115.00 3819.18 
118.75 3819.19 
122.50 3819.20