-7.50 3852.13 
-3.75 3852.13 
0.00 3852.13 
2.50 3852.18 
5.00 3852.23 
7.50 3852.31 
10.00 3852.38 
12.50 3852.45 
15.00 3852.52 
17.50 3852.62 
20.00 3852.73 
22.50 3852.91 
25.00 3853.09 
27.50 3853.23 
30.00 3853.38 
32.50 3853.49 
35.00 3853.60 
37.45 3853.80 
39.90 3854.00 
42.40 3854.32 
44.90 3854.64 
47.40 3854.81 
49.90 3854.98 
52.35 3855.46 
54.80 3855.95 
57.15 3856.77 
59.50 3857.60 
61.90 3858.24 
64.30 3858.89 
66.80 3859.33 
69.30 3859.77 
71.75 3860.24 
74.20 3860.70 
76.65 3861.24 
79.10 3861.79 
81.50 3862.43 
83.90 3863.07 
86.30 3863.75 
88.70 3864.43 
91.10 3865.06 
93.50 3865.70 
95.95 3866.29 
98.40 3866.89 
100.80 3867.52 
103.20 3868.16 
105.65 3868.77 
108.10 3869.39 
110.50 3870.03 
112.90 3870.68 
117.70 3871.18 
122.50 3871.68