-5.00 0.00 
-2.50 0.00 
0.00 0.00 
2.50 -0.10 
5.00 -0.20 
7.50 -0.25 
10.00 -0.30 
12.50 -0.40 
15.00 -0.50 
17.50 -0.60 
20.00 -0.70 
22.50 -0.75 
25.00 -0.80 
27.50 -0.85 
30.00 -0.90 
32.50 -0.90 
35.00 -0.90 
37.50 -0.90 
40.00 -0.90 
42.50 -0.95 
45.00 -1.00 
47.50 -1.00 
50.00 -1.00 
52.50 -1.05 
55.00 -1.10 
57.50 -1.15 
60.00 -1.20 
62.50 -1.20 
65.00 -1.20 
67.50 -1.20 
70.00 -1.20 
72.50 -1.20 
75.00 -1.20 
77.50 -1.20 
80.00 -1.20 
82.50 -1.25 
85.00 -1.30 
87.50 -1.35 
90.00 -1.40 
92.50 -1.45 
95.00 -1.50 
97.50 -1.55 
100.00 -1.60 
102.50 -1.65 
105.00 -1.70 
107.50 -1.80 
110.00 -1.90 
112.50 -1.95 
115.00 -2.00