-2.00 -1.20 
-1.00 -1.15 
0.00 -1.09 
2.50 -0.81 
5.00 -0.53 
7.50 -0.78 
10.00 -1.03 
12.50 -0.52 
15.00 0.00 
17.50 -1.41 
20.00 -2.82 
22.50 -2.30 
25.00 -1.78 
27.50 -1.32 
30.00 -0.87 
32.50 -1.73 
35.00 -2.59 
37.50 -2.88 
40.00 -3.17 
42.50 -2.47 
45.00 -1.78 
47.50 -2.10 
50.00 -2.42 
52.50 -1.93 
55.00 -1.43 
57.50 -1.35 
60.00 -1.26 
62.50 -1.35 
65.00 -1.43 
67.50 -1.43 
70.00 -1.43 
72.50 -1.43 
75.00 -1.43 
77.50 -1.32 
80.00 -1.20 
82.50 -1.20 
85.00 -1.20 
87.50 -1.23 
90.00 -1.26 
92.50 -1.32 
95.00 -1.38 
97.50 -1.38 
100.00 -1.38 
102.50 -1.26 
105.00 -1.15 
107.50 -1.23 
110.00 -1.32 
112.50 -1.18 
115.00 -1.03 
117.50 -1.23 
120.00 -1.43 
122.50 -1.38 
125.00 -1.32 
127.50 -1.26 
130.00 -1.20 
132.50 -1.38 
135.00 -1.55 
137.50 -1.29 
140.00 -1.03 
142.50 -1.26 
145.00 -1.49 
147.50 -1.58 
150.00 -1.66 
152.50 -1.38 
155.00 -1.09 
157.50 -0.79 
160.00 -0.48 
162.50 -0.14 
165.00 0.21 
167.50 -0.06 
170.00 -0.32 
172.50 -0.59 
175.00 -0.87 
177.50 -0.98 
180.00 -1.09 
182.50 -1.12 
185.00 -1.15 
187.50 -1.20 
190.00 -1.26 
192.50 -1.61 
195.00 -1.95 
197.50 -1.81 
200.00 -1.66 
202.50 -1.26 
205.00 -0.87