226.40 -22.00 
230.15 -20.36 
233.90 -18.72 
236.30 -17.01 
238.70 -15.30 
241.10 -14.65 
243.50 -14.00 
246.00 -13.82 
248.50 -13.64 
251.00 -13.27 
253.50 -12.89 
256.00 -12.82 
258.50 -12.75 
260.90 -12.23 
263.30 -11.71 
265.75 -11.07 
268.20 -10.42 
270.65 -10.12 
273.10 -9.81 
275.60 -9.78 
278.10 -9.75 
280.20 -8.37 
282.30 -6.98 
284.75 -6.39 
287.20 -5.80 
289.65 -5.93 
292.10 -6.05 
294.60 -5.78 
297.10 -5.51 
299.60 -5.38 
302.10 -5.26 
304.60 -5.28 
307.10 -5.30 
309.60 -5.25 
312.10 -5.20 
314.60 -5.08 
317.10 -4.97 
319.60 -4.71 
322.10 -4.46 
324.55 -3.91 
327.00 -3.37 
329.45 -2.89 
331.90 -2.42 
334.35 -1.89 
336.80 -1.36 
339.20 -0.69 
341.60 -0.01 
344.10 -0.01 
346.60 0.00 
350.35 0.00 
354.10 0.00