57.80 -1.20 
58.80 -1.15 
59.80 -1.09 
62.30 -0.81 
64.80 -0.53 
67.25 -0.78 
69.70 -1.03 
72.15 -0.52 
74.60 0.00 
76.65 -1.41 
78.70 -2.82 
81.15 -2.30 
83.60 -1.78 
86.10 -1.32 
88.60 -0.87 
90.90 -1.73 
93.20 -2.59 
95.70 -2.88 
98.20 -3.17 
100.60 -2.47 
103.00 -1.78 
105.50 -2.10 
108.00 -2.42 
110.45 -1.93 
112.90 -1.43 
115.40 -1.35 
117.90 -1.26 
120.40 -1.35 
122.90 -1.43 
125.40 -1.43 
127.90 -1.43 
130.40 -1.43 
132.90 -1.43 
135.40 -1.32 
137.90 -1.20 
140.40 -1.20 
142.90 -1.20 
145.40 -1.23 
147.90 -1.26 
150.40 -1.32 
152.90 -1.38 
155.40 -1.38 
157.90 -1.38 
160.40 -1.26 
162.90 -1.15 
165.40 -1.23 
167.90 -1.32 
170.35 -1.18 
172.80 -1.03 
175.30 -1.23 
177.80 -1.43 
180.30 -1.38 
182.80 -1.32 
185.30 -1.26 
187.80 -1.20 
190.30 -1.38 
192.80 -1.55 
195.30 -1.29 
197.80 -1.03 
200.30 -1.26 
202.80 -1.49 
205.30 -1.58 
207.80 -1.66 
210.25 -1.38 
212.70 -1.09 
215.20 -0.79 
217.70 -0.48 
220.15 -0.14 
222.60 0.21 
225.10 -0.06 
227.60 -0.32 
230.10 -0.59 
232.60 -0.87 
235.10 -0.98 
237.60 -1.09 
240.10 -1.12 
242.60 -1.15 
245.10 -1.20 
247.60 -1.26 
250.05 -1.61 
252.50 -1.95 
255.00 -1.81 
257.50 -1.66 
260.00 -1.26 
262.50 -0.87