-4.00 -5.50 
-2.00 -5.25 
0.00 -5.00 
1.00 -5.10 
2.00 -5.20 
3.00 -5.30 
4.00 -5.40 
4.95 -5.65 
5.90 -5.90 
6.90 -5.70 
7.90 -5.50 
8.55 -4.75 
9.20 -4.00 
10.15 -3.75 
11.10 -3.50 
12.05 -3.90 
13.00 -4.30 
14.00 -4.20 
15.00 -4.10 
15.80 -3.50 
16.60 -2.90 
17.45 -2.40 
18.30 -1.90 
19.25 -1.55 
20.20 -1.20 
21.20 -1.00 
22.20 -0.80 
23.20 -0.80 
24.20 -0.80 
25.20 -0.75 
26.20 -0.70 
27.15 -0.70 
28.10 -0.70 
29.10 -0.65 
30.10 -0.60 
31.10 -0.60 
32.10 -0.60 
33.10 -0.60 
34.10 -0.60 
35.10 -0.60 
36.10 -0.60 
37.10 -0.60 
38.10 -0.60 
39.10 -0.75 
40.10 -0.90 
41.10 -1.00 
42.10 -1.10 
43.10 -0.95 
44.10 -0.80 
46.10 -0.75 
48.10 -0.70