333.60 0.00 
337.35 -1.15 
341.10 -2.30 
343.60 -2.45 
346.10 -2.60 
348.50 -3.45 
350.90 -4.30 
353.30 -4.90 
355.70 -5.50 
358.10 -6.10 
360.50 -6.70 
362.80 -5.65 
365.10 -4.60 
367.50 -4.05 
369.90 -3.50 
372.40 -3.30 
374.90 -3.10 
377.30 -3.85 
379.70 -4.60 
382.15 -5.15 
384.60 -5.70 
387.05 -5.20 
389.50 -4.70 
392.00 -4.70 
394.50 -4.70 
396.80 -5.55 
399.10 -6.40 
401.45 -7.40 
403.80 -8.40 
406.25 -8.65 
408.70 -8.90 
411.15 -9.50 
413.60 -10.10 
416.00 -10.75 
418.40 -11.40 
420.90 -11.80 
423.40 -12.20 
425.85 -12.45 
428.30 -12.70 
430.80 -13.05 
433.30 -13.40 
435.75 -13.85 
438.20 -14.30 
440.70 -14.05 
443.20 -13.80 
445.60 -14.45 
448.00 -15.10 
450.35 -15.95 
452.70 -16.80 
458.90 -16.65 
465.10 -16.50