-7.50 3228.62 
-5.00 3228.62 
-2.50 3228.62 
-1.25 3228.62 
0.00 3228.62 
1.25 3229.21 
2.50 3229.80 
3.75 3230.03 
5.00 3230.27 
6.25 3230.68 
7.50 3231.09 
8.75 3230.46 
10.00 3229.83 
11.25 3230.12 
12.50 3230.42 
13.75 3231.50 
15.00 3232.59 
16.25 3232.55 
17.50 3232.51 
18.75 3232.93 
20.00 3233.35 
21.25 3233.85 
22.50 3234.34 
23.75 3234.54 
25.00 3234.74 
26.25 3235.37 
27.50 3236.01 
28.75 3236.07 
30.00 3236.13 
31.25 3236.68 
32.50 3237.22 
33.75 3237.38 
35.00 3237.53 
36.25 3237.56 
37.50 3237.58 
38.75 3237.66 
40.00 3237.75 
41.25 3238.30 
42.50 3238.86 
43.75 3238.98 
45.00 3239.10 
46.25 3239.38 
47.50 3239.67 
48.75 3239.63 
50.00 3239.60 
51.25 3240.46 
52.50 3241.33 
53.75 3242.17 
55.00 3243.01 
56.25 3243.70 
57.50 3244.38