-7.50 3143.34 
-3.75 3143.34 
0.00 3143.34 
2.35 3142.51 
4.70 3141.69 
7.15 3141.09 
9.60 3140.48 
12.00 3139.85 
14.40 3139.22 
16.65 3140.29 
18.90 3141.36 
21.35 3141.90 
23.80 3142.44 
26.30 3142.66 
28.80 3142.88 
31.15 3142.10 
33.50 3141.31 
35.95 3140.80 
38.40 3140.28 
40.85 3140.76 
43.30 3141.24 
45.80 3141.26 
48.30 3141.27 
50.65 3140.39 
53.00 3139.51 
55.30 3138.54 
57.60 3137.57 
60.10 3137.28 
62.60 3137.00 
65.00 3136.41 
67.40 3135.82 
69.85 3135.19 
72.30 3134.56 
74.75 3134.14 
77.20 3133.72 
79.70 3133.48 
82.20 3133.24 
84.65 3132.87 
87.10 3132.50 
89.60 3132.07 
92.10 3131.63 
94.55 3131.91 
97.00 3132.19 
99.40 3131.51 
101.80 3130.84 
104.15 3129.98 
106.50 3129.13 
109.00 3129.49 
111.50 3129.86 
117.25 3129.61 
123.00 3129.36