112.50 -16.60 
113.75 -16.30 
115.00 -15.99 
117.50 -15.87 
120.00 -15.76 
121.25 -15.46 
122.50 -15.17 
123.75 -14.88 
125.00 -14.58 
126.25 -14.47 
127.50 -14.35 
128.75 -14.23 
130.00 -14.11 
131.25 -13.91 
132.50 -13.70 
133.75 -13.50 
135.00 -13.29 
136.25 -13.61 
137.50 -13.92 
138.75 -14.24 
140.00 -14.55 
141.25 -14.40 
142.50 -14.26 
143.75 -14.11 
145.00 -13.96 
146.25 -13.42 
147.50 -12.88 
148.75 -12.34 
150.00 -11.80 
151.25 -11.82 
152.50 -11.83 
153.75 -11.85 
155.00 -11.87 
156.25 -11.66 
157.50 -11.45 
158.75 -11.24 
160.00 -11.03 
161.25 -10.78 
162.50 -10.53 
163.75 -10.28 
165.00 -10.04 
166.25 -9.94 
167.50 -9.84 
168.75 -9.74 
170.00 -9.64 
171.25 -9.32 
172.50 -9.01 
173.75 -8.69 
175.00 -8.38 
176.25 -8.34 
177.50 -8.31 
181.25 -7.81 
185.00 -7.31 
185.00 -7.23 
185.00 -7.16