-5.00 -9.81 
-2.50 -9.56 
0.00 -9.31 
2.45 -8.94 
4.90 -8.57 
7.40 -8.22 
9.90 -7.87 
12.40 -7.65 
14.90 -7.43 
17.40 -7.27 
19.90 -7.10 
22.40 -7.01 
24.90 -6.92 
27.40 -6.84 
29.90 -6.77 
32.40 -6.74 
34.90 -6.70 
37.40 -6.64 
39.90 -6.57 
42.40 -6.45 
44.90 -6.33 
47.35 -6.24 
49.80 -6.15 
52.30 -5.95 
54.80 -5.74 
57.30 -5.39 
59.80 -5.04 
62.30 -4.78 
64.80 -4.53 
67.25 -4.39 
69.70 -4.25 
72.20 -4.03 
74.70 -3.81 
77.20 -3.51 
79.70 -3.20 
82.20 -3.01 
84.70 -2.83 
87.20 -2.69 
89.70 -2.54 
92.20 -2.39 
94.70 -2.25 
97.20 -2.12 
99.70 -2.00 
102.15 -1.89 
104.60 -1.77 
107.10 -1.67 
109.60 -1.57 
112.10 -1.46 
114.60 -1.34