-5.00 -9.80 
-2.50 -9.55 
0.00 -9.30 
2.45 -8.95 
4.90 -8.60 
7.40 -8.25 
9.90 -7.90 
12.40 -7.65 
14.90 -7.40 
17.40 -7.25 
19.90 -7.10 
22.40 -7.00 
24.90 -6.90 
27.40 -6.85 
29.90 -6.80 
32.40 -6.75 
34.90 -6.70 
37.40 -6.65 
39.90 -6.60 
42.40 -6.45 
44.90 -6.30 
47.35 -6.25 
49.80 -6.20 
52.30 -5.95 
54.80 -5.70 
57.30 -5.35 
59.80 -5.00 
62.30 -4.75 
64.80 -4.50 
67.25 -4.35 
69.70 -4.20 
72.20 -4.00 
74.70 -3.80 
77.20 -3.50 
79.70 -3.20 
82.20 -3.00 
84.70 -2.80 
87.20 -2.65 
89.70 -2.50 
92.20 -2.35 
94.70 -2.20 
97.20 -2.10 
99.70 -2.00 
102.15 -1.90 
104.60 -1.80 
107.10 -1.70 
109.60 -1.60 
112.10 -1.45 
114.60 -1.30