604.30 -8.40 
606.80 -8.60 
609.30 -8.80 
611.80 -8.75 
614.30 -8.70 
616.80 -9.05 
619.30 -9.40 
621.80 -9.10 
624.30 -8.80 
626.75 -8.55 
629.20 -8.30 
631.60 -9.00 
634.00 -9.70 
636.50 -9.65 
639.00 -9.60 
641.50 -9.30 
644.00 -9.00 
646.40 -8.40 
648.80 -7.80 
651.30 -7.50 
653.80 -7.20 
656.30 -7.20 
658.80 -7.20 
661.30 -6.90 
663.80 -6.60 
665.85 -8.00 
667.90 -9.40 
670.30 -10.10 
672.70 -10.80 
675.20 -10.90 
677.70 -11.00 
680.20 -10.80 
682.70 -10.60 
685.20 -10.75 
687.70 -10.90 
690.15 -10.65 
692.60 -10.40 
694.70 -11.75 
696.80 -13.10 
699.30 -13.10 
701.80 -13.10 
704.05 -11.95 
706.30 -10.80 
708.75 -11.25 
711.20 -11.70 
713.70 -11.60 
716.20 -11.50 
718.70 -11.50 
721.20 -11.50