-6.00 3549.10 
-3.00 3549.10 
0.00 3549.10 
1.00 3549.15 
2.00 3549.20 
3.00 3549.25 
4.00 3549.30 
5.00 3549.30 
6.00 3549.30 
7.00 3549.35 
8.00 3549.40 
9.00 3549.45 
10.00 3549.50 
11.00 3550.00 
12.00 3550.50 
13.00 3550.60 
14.00 3550.70 
15.00 3550.75 
16.00 3550.80 
17.00 3550.95 
18.00 3551.10 
19.00 3551.20 
20.00 3551.30 
21.00 3551.40 
22.00 3551.50 
23.00 3551.60 
24.00 3551.70 
25.00 3551.90 
26.00 3552.10 
27.00 3552.50 
28.00 3552.90 
29.00 3552.90 
30.00 3552.90 
31.00 3552.85 
32.00 3552.80 
33.00 3552.80 
34.00 3552.80 
35.00 3553.05 
36.00 3553.30 
37.00 3553.50 
38.00 3553.70 
39.00 3553.70 
40.00 3553.70 
41.00 3553.70 
42.00 3553.70 
43.00 3553.65 
44.00 3553.60 
45.00 3553.60 
46.00 3553.60 
49.00 3553.60 
52.00 3553.60