18.80 -4.36 
21.30 -4.11 
23.80 -3.86 
24.80 -3.75 
25.80 -3.65 
26.80 -3.60 
27.80 -3.55 
28.80 -3.36 
29.80 -3.17 
30.80 -3.04 
31.80 -2.91 
32.80 -2.80 
33.80 -2.69 
34.80 -2.65 
35.80 -2.60 
36.80 -2.52 
37.80 -2.45 
38.75 -2.36 
39.70 -2.26 
40.70 -2.23 
41.70 -2.19 
42.70 -2.11 
43.70 -2.03 
44.70 -1.95 
45.70 -1.87 
46.70 -1.73 
47.70 -1.59 
48.70 -1.52 
49.70 -1.46 
50.70 -1.38 
51.70 -1.29 
52.70 -1.19 
53.70 -1.08 
54.70 -1.01 
55.70 -0.94 
56.70 -0.87 
57.70 -0.80 
58.70 -0.73 
59.70 -0.65 
60.70 -0.59 
61.70 -0.52 
62.70 -0.50 
63.70 -0.48 
64.70 -0.36 
65.70 -0.24 
66.70 -0.18 
67.70 -0.11 
68.65 -0.06 
69.60 0.00 
72.10 0.03 
74.60 0.07