-5.00 3542.00 
-2.50 3542.00 
0.00 3542.00 
2.50 3542.15 
5.00 3542.30 
7.50 3542.30 
10.00 3542.30 
12.50 3542.85 
15.00 3543.40 
17.50 3543.55 
20.00 3543.70 
22.50 3545.15 
25.00 3546.60 
27.50 3548.45 
30.00 3550.30 
32.50 3550.75 
35.00 3551.20 
37.50 3551.00 
40.00 3550.80 
42.50 3551.45 
45.00 3552.10 
47.50 3552.60 
50.00 3553.10 
52.50 3552.35 
55.00 3551.60 
57.50 3551.70 
60.00 3551.80 
62.50 3551.95 
65.00 3552.10 
67.50 3552.55 
70.00 3553.00 
72.50 3552.60 
75.00 3552.20 
77.50 3552.55 
80.00 3552.90 
82.50 3552.55 
85.00 3552.20 
87.50 3552.75 
90.00 3553.30 
92.50 3553.55 
95.00 3553.80 
97.50 3553.45 
100.00 3553.10 
102.50 3553.30 
105.00 3553.50 
107.50 3553.50 
110.00 3553.50 
112.50 3553.55 
115.00 3553.60 
118.75 3553.62 
122.50 3553.65