-5.00 -4.40 
-2.50 -4.70 
0.00 -5.00 
1.00 -4.90 
2.00 -4.80 
3.00 -4.75 
4.00 -4.70 
4.95 -4.50 
5.90 -4.30 
6.90 -4.20 
7.90 -4.10 
8.90 -3.95 
9.90 -3.80 
10.90 -3.75 
11.90 -3.70 
12.90 -3.65 
13.90 -3.60 
14.90 -3.50 
15.90 -3.40 
16.90 -3.35 
17.90 -3.30 
18.90 -3.25 
19.90 -3.20 
20.90 -3.10 
21.90 -3.00 
22.90 -2.85 
23.90 -2.70 
24.90 -2.65 
25.90 -2.60 
26.90 -2.50 
27.90 -2.40 
28.85 -2.30 
29.80 -2.20 
30.80 -2.15 
31.80 -2.10 
32.80 -2.00 
33.80 -1.90 
34.80 -1.85 
35.80 -1.80 
36.80 -1.75 
37.80 -1.70 
38.80 -1.65 
39.80 -1.60 
40.80 -1.50 
41.80 -1.40 
42.80 -1.35 
43.80 -1.30 
44.80 -1.20 
45.80 -1.10 
48.30 -1.10 
50.80 -1.10