-5.00 1.95 
-2.50 1.79 
0.00 1.62 
2.50 1.48 
5.00 1.34 
7.50 2.04 
10.00 2.74 
12.50 3.08 
15.00 3.43 
17.50 3.83 
20.00 4.22 
22.50 4.33 
25.00 4.45 
27.50 4.19 
30.00 3.93 
32.50 3.58 
35.00 3.22 
37.50 2.89 
40.00 2.56 
42.50 2.25 
45.00 1.93 
47.50 2.11 
50.00 2.30 
52.50 1.97 
55.00 1.65 
57.50 1.54 
60.00 1.43 
62.50 1.61 
65.00 1.79 
67.50 1.63 
70.00 1.47 
72.50 1.71 
75.00 1.94 
77.50 1.91 
80.00 1.87 
82.50 1.60 
85.00 1.33 
87.50 1.24 
90.00 1.15 
92.50 0.92 
95.00 0.68 
97.50 0.62 
100.00 0.56 
102.50 0.28 
105.00 0.00 
107.50 0.18 
110.00 0.37 
112.50 0.31 
115.00 0.25