0.00 3537.40 
1.50 3537.64 
3.00 3537.88 
4.50 3537.97 
6.00 3538.06 
7.45 3537.85 
8.90 3537.64 
10.40 3537.63 
11.90 3537.62 
13.40 3537.73 
14.90 3537.84 
16.40 3538.09 
17.90 3538.34 
19.40 3538.48 
20.90 3538.62 
22.40 3538.50 
23.90 3538.38 
25.35 3538.28 
26.80 3538.18 
28.30 3538.10 
29.80 3538.01 
31.30 3537.95 
32.80 3537.88 
34.30 3537.98 
35.80 3538.08 
37.25 3538.50 
38.70 3538.92 
40.20 3539.12 
41.70 3539.32 
43.20 3539.43 
44.70 3539.54 
46.20 3539.70 
47.70 3539.86 
49.15 3540.01 
50.60 3540.16 
52.10 3540.25 
53.60 3540.34 
55.10 3540.33 
56.60 3540.32 
58.10 3540.25 
59.60 3540.19 
61.05 3539.77 
62.50 3539.36 
64.00 3539.12 
65.50 3538.88 
67.00 3539.00 
68.50 3539.12