-5.00 -13.50 
-2.50 -17.50 
0.00 -21.50 
2.50 -21.30 
5.00 -21.10 
7.50 -20.95 
10.00 -20.80 
12.45 -20.50 
14.90 -20.20 
17.40 -19.95 
19.90 -19.70 
22.40 -19.55 
24.90 -19.40 
27.40 -19.15 
29.90 -18.90 
32.35 -18.45 
34.80 -18.00 
37.30 -17.80 
39.80 -17.60 
42.25 -17.30 
44.70 -17.00 
47.20 -16.70 
49.70 -16.40 
52.15 -15.90 
54.60 -15.40 
57.10 -15.10 
59.60 -14.80 
62.05 -14.45 
64.50 -14.10 
67.00 -13.90 
69.50 -13.70 
72.00 -13.40 
74.50 -13.10 
76.95 -12.80 
79.40 -12.50 
81.90 -12.25 
84.40 -12.00 
86.90 -11.65 
89.40 -11.30 
91.85 -11.05 
94.30 -10.80 
96.80 -10.55 
99.30 -10.30 
101.80 -10.00 
104.30 -9.70 
106.75 -9.40 
109.20 -9.10 
111.70 -8.80 
114.20 -8.50