54.80 -13.49 
57.30 -13.24 
59.80 -12.99 
62.30 -12.81 
64.80 -12.62 
67.30 -12.46 
69.80 -12.30 
72.25 -12.00 
74.70 -11.69 
77.20 -11.42 
79.70 -11.15 
82.20 -10.99 
84.70 -10.83 
87.20 -10.60 
89.70 -10.37 
92.15 -9.91 
94.60 -9.45 
97.10 -9.25 
99.60 -9.05 
102.05 -8.76 
104.50 -8.46 
107.00 -8.15 
109.50 -7.84 
111.95 -7.36 
114.40 -6.88 
116.90 -6.56 
119.40 -6.25 
121.85 -5.89 
124.30 -5.53 
126.80 -5.33 
129.30 -5.14 
131.80 -4.88 
134.30 -4.62 
136.75 -4.31 
139.20 -4.00 
141.70 -3.75 
144.20 -3.49 
146.70 -3.14 
149.20 -2.80 
151.65 -2.56 
154.10 -2.31 
156.60 -2.02 
159.10 -1.73 
161.60 -1.46 
164.10 -1.19 
166.55 -0.90 
169.00 -0.61 
171.50 -0.30 
174.00 0.00