-5.00 3855.20 
-2.50 3855.20 
0.00 3855.20 
1.50 3856.28 
3.00 3857.36 
4.50 3857.53 
6.00 3857.69 
7.50 3857.72 
9.00 3857.75 
10.50 3857.91 
12.00 3858.08 
13.50 3858.28 
15.00 3858.48 
16.50 3858.83 
18.00 3859.18 
19.50 3859.38 
21.00 3859.57 
22.50 3860.11 
24.00 3860.65 
25.50 3860.11 
27.00 3859.56 
28.50 3859.23 
30.00 3858.90 
31.50 3859.40 
33.00 3859.90 
34.50 3860.38 
36.00 3860.86 
37.50 3860.27 
39.00 3859.67 
40.50 3859.18 
42.00 3858.68 
43.50 3858.12 
45.00 3857.56 
46.50 3857.89 
48.00 3858.22 
49.50 3858.01 
51.00 3857.81 
52.50 3857.82 
54.00 3857.84 
55.50 3857.85 
57.00 3857.85 
58.50 3857.83 
60.00 3857.81 
61.50 3857.60 
63.00 3857.38 
64.50 3856.64 
66.00 3855.91 
67.50 3855.38 
69.00 3854.84 
71.50 3855.09 
74.00 3855.33