-10.00 -1.70 
-5.00 -1.00 
0.00 -0.30 
2.50 -0.20 
5.00 -0.10 
7.50 -0.05 
10.00 0.00 
12.50 -0.05 
15.00 -0.10 
17.50 -0.25 
20.00 -0.40 
22.50 -0.55 
25.00 -0.70 
27.50 -0.65 
30.00 -0.60 
32.50 -0.60 
35.00 -0.60 
37.50 -0.60 
40.00 -0.60 
42.50 -0.55 
45.00 -0.50 
47.50 -0.50 
50.00 -0.50 
52.50 -0.60 
55.00 -0.70 
57.50 -0.85 
60.00 -1.00 
62.45 -1.15 
64.90 -1.30 
67.40 -1.70 
69.90 -2.10 
72.40 -2.35 
74.90 -2.60 
77.30 -3.15 
79.70 -3.70 
82.15 -4.30 
84.60 -4.90 
87.05 -5.50 
89.50 -6.10 
91.95 -6.55 
94.40 -7.00 
96.85 -7.25 
99.30 -7.50 
101.80 -7.50 
104.30 -7.50 
106.80 -7.35 
109.30 -7.20 
111.80 -7.10 
114.30 -7.00 
119.30 -7.00 
124.30 -7.00