-9.00 -1.70 
-4.50 -1.35 
0.00 -1.00 
1.50 -0.90 
3.00 -0.80 
4.50 -0.90 
6.00 -1.00 
7.50 -0.95 
9.00 -0.90 
10.50 -0.75 
12.00 -0.60 
13.50 -0.80 
15.00 -1.00 
16.45 -0.85 
17.90 -0.70 
19.40 -0.70 
20.90 -0.70 
22.40 -0.65 
23.90 -0.60 
25.40 -0.45 
26.90 -0.30 
28.40 -0.20 
29.90 -0.10 
31.40 -0.05 
32.90 0.00 
34.40 0.00 
35.90 0.00 
37.40 -0.05 
38.90 -0.10 
40.40 -0.25 
41.90 -0.40 
43.40 -0.45 
44.90 -0.50 
46.40 -0.55 
47.90 -0.60 
49.40 -0.75 
50.90 -0.90 
52.40 -1.00 
53.90 -1.10 
55.35 -1.30 
56.80 -1.50 
58.30 -1.75 
59.80 -2.00 
61.25 -2.30 
62.70 -2.60 
64.20 -2.75 
65.70 -2.90 
67.20 -3.00 
68.70 -3.10 
73.70 -3.25 
78.70 -3.40