233.70 -13.69 
236.20 -13.23 
238.70 -12.78 
241.20 -12.55 
243.70 -12.31 
246.20 -12.09 
248.70 -11.87 
251.15 -11.43 
253.60 -10.99 
256.00 -10.38 
258.40 -9.78 
260.80 -9.05 
263.20 -8.33 
265.70 -7.90 
268.20 -7.48 
270.65 -7.19 
273.10 -6.91 
275.60 -6.95 
278.10 -6.99 
280.60 -7.31 
283.10 -7.63 
285.50 -6.89 
287.90 -6.16 
290.35 -5.93 
292.80 -5.70 
294.60 -3.96 
296.40 -2.23 
298.90 -1.89 
301.40 -1.55 
303.90 -1.81 
306.40 -2.06 
308.40 -0.59 
310.40 0.88 
312.55 2.14 
314.70 3.41 
316.95 2.28 
319.20 1.15 
321.45 2.16 
323.70 3.18 
326.15 3.71 
328.60 4.23 
331.05 3.71 
333.50 3.18 
336.00 3.19 
338.50 3.20 
340.95 3.68 
343.40 4.15 
345.80 4.87 
348.20 5.58