-5.00 -5.60 
-2.50 -5.35 
0.00 -5.10 
2.50 -5.35 
5.00 -5.60 
7.50 -5.75 
10.00 -5.90 
12.45 -6.10 
14.90 -6.30 
17.40 -6.45 
19.90 -6.60 
22.40 -6.85 
24.90 -7.10 
27.40 -7.35 
29.90 -7.60 
32.35 -8.00 
34.80 -8.40 
37.25 -8.85 
39.70 -9.30 
42.20 -9.65 
44.70 -10.00 
47.15 -10.45 
49.60 -10.90 
52.10 -11.20 
54.60 -11.50 
57.05 -12.00 
59.50 -12.50 
61.95 -12.90 
64.40 -13.30 
66.90 -13.55 
69.40 -13.80 
71.90 -14.05 
74.40 -14.30 
76.85 -14.80 
79.30 -15.30 
81.75 -15.55 
84.20 -15.80 
86.70 -16.05 
89.20 -16.30 
91.65 -16.65 
94.10 -17.00 
96.60 -17.20 
99.10 -17.40 
101.60 -17.65 
104.10 -17.90 
106.60 -18.05 
109.10 -18.20 
111.60 -18.35 
114.10 -18.50