2.23528002127041e+01
9.29363376048651e+00
0.00000000000000e+00
7.50000000000000e-01
0.00000000000000e+00
7.50599760191808e-01
2.11243951056597e+01
0.00000000000000e+00
1.03541633509559e+01
0.00000000000000e+00
0.00000000000000e+00
7.50000000000000e-01
0.00000000000000e+00
7.50000000000000e-01
0.00000000000000e+00
0.00000000000000e+00
0.00000000000000e+00
0.00000000000000e+00
7.50149985002999e-01
0.00000000000000e+00
7.73394278615150e-01
4.74582575306309e+00
0.00000000000000e+00
7.50000000000000e-01
0.00000000000000e+00
0.00000000000000e+00
1.00000000000000e+00
0.00000000000000e+00
7.50149985002999e-01
0.00000000000000e+00
0.00000000000000e+00
9.95712090002362e+00
1.11847543667719e+01
0.00000000000000e+00
7.50149985002999e-01
0.00000000000000e+00
0.00000000000000e+00
1.00000000000000e+00
1.00019998000400e+00
1.85811791517050e+00
0.00000000000000e+00
1.06423997583454e+01
0.00000000000000e+00
7.09593672720083e+00
2.22669135228313e+00
6.63594463151736e-01
3.19951615010687e+00
9.89351238390768e-01
7.50149985002999e-01
0.00000000000000e+00
0.00000000000000e+00
0.00000000000000e+00
1.90060232629822e+01
0.00000000000000e+00
0.00000000000000e+00
0.00000000000000e+00
1.23741463040186e+00
2.05678999146031e+00
1.00019998000400e+00
0.00000000000000e+00
0.00000000000000e+00
7.50149985002999e-01
7.50149985002999e-01
5.01261839562443e-01
0.00000000000000e+00
2.53337346984811e+00
3.23709545152965e-01
7.50149985002999e-01
1.32227794392653e+00
0.00000000000000e+00
0.00000000000000e+00
0.00000000000000e+00
0.00000000000000e+00
7.50599760191808e-01
6.62819440981865e-01
1.76898228593365e+01
0.00000000000000e+00
0.00000000000000e+00
1.94541750502454e+00
0.00000000000000e+00
1.00000000000000e+00
0.00000000000000e+00
0.00000000000000e+00
4.97361903899267e-01
3.17994991222865e+00
0.00000000000000e+00
1.00079968025574e+00
0.00000000000000e+00
3.74812794860357e+00
1.08314140962386e+01
8.00927608564243e-01
0.00000000000000e+00
0.00000000000000e+00
0.00000000000000e+00
9.88377600386513e-01
0.00000000000000e+00
0.00000000000000e+00
0.00000000000000e+00
5.20778794781625e+00
0.00000000000000e+00
0.00000000000000e+00
0.00000000000000e+00
0.00000000000000e+00
0.00000000000000e+00
0.00000000000000e+00
0.00000000000000e+00
0.00000000000000e+00
0.00000000000000e+00
0.00000000000000e+00
4.75075617959342e+00
0.00000000000000e+00
8.86758855657579e+00
0.00000000000000e+00
8.08334640262837e-01
0.00000000000000e+00
1.24005602430176e+00
0.00000000000000e+00
7.50149985002999e-01
1.18163140840020e+01
0.00000000000000e+00
1.00019998000400e+00
9.92497625515123e+00
0.00000000000000e+00
8.73096230492486e+00
0.00000000000000e+00
9.15693575005499e+00
0.00000000000000e+00
1.12139778503081e+01
3.89926439138436e+00
1.96523805282489e+01
7.50599760191808e-01
0.00000000000000e+00
7.50599760191808e-01
0.00000000000000e+00
2.23988388997483e+01
8.81638442815928e+00
3.29486746993733e+00
0.00000000000000e+00
7.50599760191808e-01
0.00000000000000e+00
0.00000000000000e+00
1.11041561811227e+01
0.00000000000000e+00
1.00019998000400e+00
0.00000000000000e+00
7.66185303963947e+00
7.50000000000000e-01
0.00000000000000e+00
0.00000000000000e+00
2.86243403207847e+00
0.00000000000000e+00
1.23730823230765e+00
0.00000000000000e+00
0.00000000000000e+00
0.00000000000000e+00
0.00000000000000e+00
0.00000000000000e+00
0.00000000000000e+00
8.31330510005002e-01
7.07517026110042e+00
8.05490047472296e+00
0.00000000000000e+00
2.84801624742606e+00
0.00000000000000e+00
0.00000000000000e+00
7.50149985002999e-01
0.00000000000000e+00
2.74367373831129e+00
9.01822053600287e-01
1.90563571266566e+00
0.00000000000000e+00
0.00000000000000e+00
7.50149985002999e-01
0.00000000000000e+00
1.00019998000400e+00
7.50149985002999e-01
0.00000000000000e+00
0.00000000000000e+00
0.00000000000000e+00
9.52382081637873e+00
7.50149985002999e-01
8.06103171625647e+00
0.00000000000000e+00
0.00000000000000e+00
0.00000000000000e+00
0.00000000000000e+00
7.44085482567712e-01
0.00000000000000e+00
0.00000000000000e+00
0.00000000000000e+00
0.00000000000000e+00
0.00000000000000e+00
1.00019998000400e+00
0.00000000000000e+00
0.00000000000000e+00
0.00000000000000e+00
0.00000000000000e+00
0.00000000000000e+00
4.11064006604299e+00
0.00000000000000e+00
8.08618944133042e+00
0.00000000000000e+00
0.00000000000000e+00
0.00000000000000e+00
2.30071512589342e+00
0.00000000000000e+00
7.50149985002999e-01
0.00000000000000e+00
0.00000000000000e+00
0.00000000000000e+00
7.53804285936348e-01
0.00000000000000e+00
0.00000000000000e+00
0.00000000000000e+00
0.00000000000000e+00
0.00000000000000e+00
0.00000000000000e+00
0.00000000000000e+00
1.28933845109011e+01
0.00000000000000e+00
0.00000000000000e+00
0.00000000000000e+00
0.00000000000000e+00
0.00000000000000e+00
2.08534906869941e+00
0.00000000000000e+00
9.38167445159950e+00
2.13382665995923e+01
0.00000000000000e+00
7.50599760191808e-01
0.00000000000000e+00
0.00000000000000e+00
1.74396724610477e+00
0.00000000000000e+00
0.00000000000000e+00
7.50149985002999e-01
1.43382902595531e+00
3.71390190022599e+00
8.41627011257443e+00
7.50000000000000e-01
6.53621652478096e-01
8.53185487010290e-01
2.00170490893312e+01
0.00000000000000e+00
7.46197444739985e-01
9.13557252567717e+00
7.37423896323909e+00
0.00000000000000e+00
0.00000000000000e+00
0.00000000000000e+00
0.00000000000000e+00
4.04504896825320e+00
0.00000000000000e+00
0.00000000000000e+00
7.50149985002999e-01
1.00019998000400e+00
7.50149985002999e-01
2.14251176332299e+01
0.00000000000000e+00
0.00000000000000e+00
8.29233334046876e+00
7.50000000000000e-01
0.00000000000000e+00
0.00000000000000e+00
0.00000000000000e+00
7.50149985002999e-01
7.50149985002999e-01
8.18838480544511e-01
0.00000000000000e+00
0.00000000000000e+00
0.00000000000000e+00
5.12956054792840e+00
0.00000000000000e+00
1.92646938742149e+01
0.00000000000000e+00
1.00000000000000e+00
7.50000000000000e-01
3.31546077267285e+00
7.50000000000000e-01
0.00000000000000e+00
0.00000000000000e+00
0.00000000000000e+00
0.00000000000000e+00
0.00000000000000e+00
0.00000000000000e+00
7.50149985002999e-01
0.00000000000000e+00
3.98108300067760e+00
1.03470083063669e+01
0.00000000000000e+00
0.00000000000000e+00
9.30158741276973e-01
0.00000000000000e+00
6.85711163612340e-01
8.42475048435680e+00
0.00000000000000e+00
8.86745808973570e-01
0.00000000000000e+00
0.00000000000000e+00
0.00000000000000e+00
0.00000000000000e+00
0.00000000000000e+00
0.00000000000000e+00
1.92812251731403e+00
6.49626030716845e-01
1.38340224941854e+00
0.00000000000000e+00
0.00000000000000e+00
6.98913659699784e+00
0.00000000000000e+00
1.00079968025574e+00
0.00000000000000e+00
0.00000000000000e+00
0.00000000000000e+00
1.00079968025574e+00
0.00000000000000e+00
1.49282471265976e+00
0.00000000000000e+00
0.00000000000000e+00
0.00000000000000e+00
0.00000000000000e+00
0.00000000000000e+00
1.00019998000400e+00
0.00000000000000e+00
1.00019998000400e+00
0.00000000000000e+00
1.02443336749699e+00
0.00000000000000e+00
0.00000000000000e+00
0.00000000000000e+00
1.00000000000000e+00
0.00000000000000e+00
0.00000000000000e+00
9.95904753508222e-01
1.00000000000000e+00
7.50000000000000e-01
0.00000000000000e+00
0.00000000000000e+00
0.00000000000000e+00
8.51666819155247e-01
0.00000000000000e+00
2.41222863722226e+00
5.57762985435669e+00
4.70516362265473e+00
0.00000000000000e+00
0.00000000000000e+00
0.00000000000000e+00
4.28722975509938e+00
0.00000000000000e+00
0.00000000000000e+00
0.00000000000000e+00
0.00000000000000e+00
0.00000000000000e+00
0.00000000000000e+00
0.00000000000000e+00
0.00000000000000e+00
0.00000000000000e+00
0.00000000000000e+00
0.00000000000000e+00
1.09182764321907e+00
1.18831617631747e+00
1.02919940734709e+00
0.00000000000000e+00
7.32219449577960e-01
0.00000000000000e+00
0.00000000000000e+00
0.00000000000000e+00
9.34427161251542e+00
0.00000000000000e+00
0.00000000000000e+00
2.76188119652520e+00
0.00000000000000e+00
0.00000000000000e+00
0.00000000000000e+00
3.97435668727774e+00
2.98456095232198e+00
0.00000000000000e+00
0.00000000000000e+00
0.00000000000000e+00
1.52789822045880e+01
1.53919589279310e+00
0.00000000000000e+00
1.12404981109335e+00
1.11564405630092e+01
4.10118926371610e+00
1.49197149286879e+01
9.81687413757804e+00
7.43519409479564e-01
1.10398727724195e+00
4.80160007901419e+00
0.00000000000000e+00
1.61733592043787e+01
0.00000000000000e+00
0.00000000000000e+00
6.89536535679637e-01
1.04398648167776e+00
0.00000000000000e+00
8.53578869465392e-01
6.32148958387121e+00
2.00841473486473e+00
0.00000000000000e+00
0.00000000000000e+00
8.86454527312286e-01
9.81266657198818e-01
0.00000000000000e+00
0.00000000000000e+00
0.00000000000000e+00
0.00000000000000e+00
0.00000000000000e+00
0.00000000000000e+00
2.82968885082049e+00
1.08586454856611e+00
0.00000000000000e+00
2.75364786636539e+00
4.02460667372951e+00
0.00000000000000e+00
0.00000000000000e+00
0.00000000000000e+00
0.00000000000000e+00
0.00000000000000e+00
8.34955965653490e-01
0.00000000000000e+00
0.00000000000000e+00
9.50648133739034e+00
8.18502367823039e+00
0.00000000000000e+00
1.95481417462982e+00
0.00000000000000e+00
0.00000000000000e+00
5.32587328165609e-01
5.35959760072704e+00
5.77069767827586e+00
4.03983497071703e+00
0.00000000000000e+00
0.00000000000000e+00
0.00000000000000e+00
2.36253531085165e+00
0.00000000000000e+00
0.00000000000000e+00
3.32413009959811e+00
1.76544414752252e+00
0.00000000000000e+00
2.37721338896934e+00
0.00000000000000e+00
1.56809548769885e+01
0.00000000000000e+00
0.00000000000000e+00
0.00000000000000e+00
7.42942199079234e-01
2.52226118049049e-01
0.00000000000000e+00
0.00000000000000e+00
0.00000000000000e+00
5.69737613761994e+00
0.00000000000000e+00
0.00000000000000e+00
0.00000000000000e+00
0.00000000000000e+00
0.00000000000000e+00
0.00000000000000e+00
0.00000000000000e+00
0.00000000000000e+00
0.00000000000000e+00
0.00000000000000e+00
2.12785336456671e+00
9.04659430663096e-01
6.15432317652619e+00
3.93909942960209e+00
0.00000000000000e+00
0.00000000000000e+00
0.00000000000000e+00
0.00000000000000e+00
0.00000000000000e+00
0.00000000000000e+00
0.00000000000000e+00
0.00000000000000e+00
7.50000000000000e-01
0.00000000000000e+00
1.05401626334892e+01
3.05265858050923e+00
0.00000000000000e+00
0.00000000000000e+00
3.90380331647184e+00
2.36997814624764e+00
1.34844829626634e+00
5.42800914088200e+00
0.00000000000000e+00
1.94720461870878e+00
0.00000000000000e+00
2.34356461468908e+00
0.00000000000000e+00
1.03435941823257e+01
1.48688021075234e+01
2.80660809963007e+00
7.61050800797299e+00
9.94147127138946e-01
3.42436573909985e+00
0.00000000000000e+00
4.81651784800273e-01
0.00000000000000e+00
1.76544414752252e+00
7.50149985002999e-01
3.23808838139836e+00
1.25166067592367e+01
1.12734830448893e+01
3.20372470089522e+00
3.58994050378055e+00
0.00000000000000e+00
0.00000000000000e+00
1.66995085008422e+01
0.00000000000000e+00
0.00000000000000e+00
1.76472926674183e+01
3.46709610642234e+00
3.70127932432445e+00
0.00000000000000e+00
0.00000000000000e+00
0.00000000000000e+00
0.00000000000000e+00
1.01056808525240e+00
4.65542368502817e+00
1.17542921610021e+00
0.00000000000000e+00
1.60206285273712e+00
3.98811326212014e+00
0.00000000000000e+00
0.00000000000000e+00
1.04775261641038e+00
4.07634958669961e+00
0.00000000000000e+00
8.76575054062977e+00
0.00000000000000e+00
7.61443228861484e+00
0.00000000000000e+00
0.00000000000000e+00
0.00000000000000e+00
0.00000000000000e+00
0.00000000000000e+00
4.86474727412160e+00
0.00000000000000e+00
0.00000000000000e+00
3.60380019346275e+00
3.04847217814150e+00
5.14459242911854e+00
4.22856568172197e+00
0.00000000000000e+00
3.22678748368736e+00
9.65883577439481e-01
6.19693538719445e+00
8.06544695401037e+00
0.00000000000000e+00
0.00000000000000e+00
2.56003363729648e+00
2.53337346984811e+00
5.29767692884707e+00
0.00000000000000e+00
3.88219880178432e+00
0.00000000000000e+00
0.00000000000000e+00
1.03000583382414e+00
0.00000000000000e+00
8.67323980104541e-01
3.69927643728831e+00
1.86276398793861e+00
1.33044231549846e+01
0.00000000000000e+00
6.65493741102924e+00
0.00000000000000e+00
1.66798786459073e+01
5.77017589460248e-01
1.15535929233603e+01
5.92526204667374e-01
3.04547653364950e+00
3.50196606093321e+00
0.00000000000000e+00
1.28581927225545e+00
0.00000000000000e+00
0.00000000000000e+00
0.00000000000000e+00
0.00000000000000e+00
2.14370067258576e+00
3.85017734453405e+00
1.34265620651153e+01
3.39450117847465e+00
0.00000000000000e+00
1.51555051153343e+00
9.03046854703016e-01
1.22089414054738e+00
1.76659590550053e+00
8.99205518757847e-01
8.04257483100701e+00
1.19411940606498e+00
0.00000000000000e+00
0.00000000000000e+00
2.16087308394493e+00
9.16064333444975e-01
8.90898844067876e-01
1.02817219928258e+00
0.00000000000000e+00
0.00000000000000e+00
0.00000000000000e+00
5.96217019465084e-01
0.00000000000000e+00
8.65092124078434e-01
1.86524610706937e+00
2.93314321390965e+00
1.41130316526873e+00
3.01057340556040e+00
2.18275127091208e+00
0.00000000000000e+00
5.43448104740943e-01
0.00000000000000e+00
0.00000000000000e+00
0.00000000000000e+00
3.78572603457348e+00
4.13506837758306e+00
0.00000000000000e+00
1.50364553160456e+00
1.98056996831818e+00
0.00000000000000e+00
0.00000000000000e+00
7.60771185471074e-01
0.00000000000000e+00
7.50000000000000e-01
0.00000000000000e+00
3.85703169249393e+00
4.82991044123037e+00
5.56233849702340e+00
2.71060138089648e+00
1.97098011844676e+00
0.00000000000000e+00
6.07276365921194e+00
2.40740466749543e+00
1.16589784156109e+00
9.32892112266898e-01
0.00000000000000e+00
0.00000000000000e+00
2.11894535345323e+00
5.53063679296867e-01
1.12960914607549e+01
0.00000000000000e+00
4.43737353960192e+00
7.83734351460089e+00
0.00000000000000e+00
8.53998669718071e-01
2.07108895115824e+01
3.47792932507422e+00
2.07647101616388e+00
0.00000000000000e+00
2.31619651643592e+01
2.42937164064596e+00
3.88011807879181e+00
0.00000000000000e+00
6.98761317439210e+00
3.29487826612434e-01
0.00000000000000e+00
0.00000000000000e+00
3.20736071618452e+00
0.00000000000000e+00
5.71871515890820e+00
1.52592979098752e+00
3.85964631391790e+00
9.98820471058377e-01
2.41894599986941e+00
0.00000000000000e+00
1.64713274469832e+00
0.00000000000000e+00
1.02242434363894e+00
0.00000000000000e+00
0.00000000000000e+00
9.24990391886390e-01
3.57878799243861e-01
4.77204848590834e-01
0.00000000000000e+00
1.62563147888885e+00
0.00000000000000e+00
2.97626996811363e+00
7.64545324231020e-01
0.00000000000000e+00
0.00000000000000e+00
0.00000000000000e+00
0.00000000000000e+00
0.00000000000000e+00
1.40718343646436e+00
1.01018293895592e+00
9.31362391860513e-01
3.61977553243648e+00
0.00000000000000e+00
9.16584696257309e+00
3.39124233216946e+00
0.00000000000000e+00
4.26949743277663e+00
0.00000000000000e+00
0.00000000000000e+00
2.33848217835034e+00
6.20076057164471e+00
0.00000000000000e+00
0.00000000000000e+00
0.00000000000000e+00
1.92793387380848e+00
0.00000000000000e+00
0.00000000000000e+00
4.69971222997382e+00
4.31599915970439e+00
2.34717129725937e+00
0.00000000000000e+00
2.79821608248355e+00
0.00000000000000e+00
2.45532916166955e+00
8.06464907426137e-01
8.88612507132465e+00
1.05612600000887e+01
1.52703177949210e+00
2.60011998228384e+00
0.00000000000000e+00
2.47386454160154e+00
7.32716828104876e+00
2.80354253386134e+00
1.42298864049967e+00
1.42298864049967e+00
1.19675332202370e+00
0.00000000000000e+00
2.66075887950962e+00
0.00000000000000e+00
0.00000000000000e+00
0.00000000000000e+00
0.00000000000000e+00
3.81655413741270e+00
0.00000000000000e+00
1.19171497059473e+00
0.00000000000000e+00
0.00000000000000e+00
3.96385331639780e+00
1.80325610725458e+00
1.38028399740951e+01
0.00000000000000e+00
2.13008693121463e+00
0.00000000000000e+00
4.47883712346989e+00
2.36439435262248e+00
1.57307530224876e+00
9.39169874803293e-01
5.22473702843367e+00
5.31185255549339e+00
0.00000000000000e+00
1.47576210894386e+00
8.41064425342665e-01
1.00019998000400e+00
2.99910688824497e+00
1.92322407898183e+00
1.38540042547175e+01
4.55571915698652e+00
0.00000000000000e+00
0.00000000000000e+00
6.89388949818440e+00
0.00000000000000e+00
0.00000000000000e+00
0.00000000000000e+00
0.00000000000000e+00
7.22506512071617e-01
1.92322407898183e+00
1.14965337808449e+00
7.74475083559557e+00
8.17321359956481e-01
5.30287259067200e+00
0.00000000000000e+00
7.68558976027761e+00
6.14835892103507e+00
0.00000000000000e+00
4.33297940258200e-01
1.12646856506494e+01
0.00000000000000e+00
8.41546849950259e+00
2.72629177788836e+00
1.03306420862019e+00
0.00000000000000e+00
9.64813599920618e-01
0.00000000000000e+00
0.00000000000000e+00
0.00000000000000e+00
1.58700445069184e+01
3.46218494895422e+00
1.75958101049557e+00
2.29373599113688e+00
2.71451852357722e+01
3.24953395878333e+00
4.18158895237719e+00
3.05668459739085e+00
0.00000000000000e+00
0.00000000000000e+00
1.28803117941048e+00
0.00000000000000e+00
0.00000000000000e+00
1.28803117941048e+00
0.00000000000000e+00
2.46540741078730e+00
9.21495691931490e-01
0.00000000000000e+00
0.00000000000000e+00
0.00000000000000e+00
7.16583927356110e+00
0.00000000000000e+00
6.70123678327391e+00
5.14684364301738e+00
2.09362914423804e+00
9.91258055919365e+00
2.61588592274451e+01
6.45965001889556e+00
5.06242440889709e+00
9.20626906836009e+00
1.47757380877456e+01
1.27394244377752e+00
2.21636546125004e+00
0.00000000000000e+00
0.00000000000000e+00
0.00000000000000e+00
0.00000000000000e+00
7.46549150903160e-01
1.40741006412481e+01
6.47756843155519e+00
0.00000000000000e+00
0.00000000000000e+00
0.00000000000000e+00
0.00000000000000e+00
2.30380669020535e+00
0.00000000000000e+00
8.93566961808658e-01
0.00000000000000e+00
5.68349561672427e-01
5.26249499360145e+00
0.00000000000000e+00
1.03061808949236e+00
4.63453589306571e+00
0.00000000000000e+00
0.00000000000000e+00
0.00000000000000e+00
2.81043073195250e+01
1.54640293582073e+01
2.34573160759592e+00
3.34959843065369e+00
9.11317705216743e-01
1.17980647668657e+00
1.25527953643811e+00
1.10169014287040e+01
2.00504971871801e+00
8.90472916340311e-01
2.27577759641137e+00
1.32601553713178e+00
9.62848720120595e+00
3.67027921997724e+00
1.34337960267656e+00
8.54873970421870e+00
7.38598988931687e+00
9.62684137898341e+00
1.24556678226426e+00
2.93857657801295e+01
1.35633552018011e+00
6.46604445552403e+00
7.27345270490350e-01
9.19162346163981e-01
0.00000000000000e+00
2.24980236256738e+00
2.50699926417380e+00
8.04145772142287e+00
9.67683342665667e+00
7.80501307388970e+00
9.96547938679456e+00
4.57932776458658e+00
7.21398066370378e-01
0.00000000000000e+00
7.41206940225532e+00
1.36629836813418e+00
0.00000000000000e+00
1.57886469290136e+00
3.85622719397627e+00
0.00000000000000e+00
0.00000000000000e+00
3.05363539511742e+00
6.34058417176587e+00
7.91323629097733e+00
5.15460661654759e+00
8.96954198566218e+00
4.61597108039520e+00
5.70553185235271e+00
4.77749793042403e+00
6.77210682324511e+00
0.00000000000000e+00
1.56407180892976e+00
4.13868373790408e+00
2.59978764154918e+00
1.72423623748463e+01
4.09010593259342e+00
2.68784231691172e+00
1.05155319731622e+01
7.14067629825660e+00
0.00000000000000e+00
8.34070587517857e+00
4.27334489117709e+00
6.35019657339007e+00
0.00000000000000e+00
2.14150966337288e+01
3.32835249103494e+00
0.00000000000000e+00
0.00000000000000e+00
7.57953287884777e-01
9.75780617992905e+00
4.29052144649530e+00
3.22850242824626e+01
0.00000000000000e+00
0.00000000000000e+00
0.00000000000000e+00
0.00000000000000e+00
0.00000000000000e+00
0.00000000000000e+00
0.00000000000000e+00
0.00000000000000e+00
6.26361083055238e-01
3.49531961595665e+00
8.28228852737280e+00
0.00000000000000e+00
0.00000000000000e+00
1.24422259087452e+00
1.07974390684436e+01
8.97088255380994e+00
5.52674072390233e+00
1.31256826617326e+00
1.79445498899481e+00
1.48504716028644e+01
6.15342288503008e+00
1.07273110003752e+01
1.32461406048201e+00
5.67406450094358e+00
6.25130573077865e+00
4.55501451010726e+00
1.92304083218690e+01
1.90243378954919e+01
5.21351465398863e+00
8.86099796718421e+00
0.00000000000000e+00
1.30414235569560e+00
3.13868600525097e+00
1.76950389159610e+01
2.80311913994398e+00
6.56310459364878e+00
3.65346743113628e+00
0.00000000000000e+00
8.22585147856385e+00
0.00000000000000e+00
1.34803296352172e+00
7.19397808235058e+00
2.97915490868023e+00
1.32201795747548e+01
0.00000000000000e+00
0.00000000000000e+00
0.00000000000000e+00
6.32179492008886e+00
7.93803820789123e+00
1.59800993777540e+00
1.01699150065042e+00
1.28597518480923e+01
7.59486295782675e+00
7.12876902927070e+00
6.09580459831944e+00
0.00000000000000e+00
4.48220561558704e+00
1.07626486903886e+01
7.76456943893542e+00
0.00000000000000e+00
0.00000000000000e+00
0.00000000000000e+00
9.78146148525095e-01
1.66064008234268e+01
0.00000000000000e+00
2.65834628559018e+01
1.84188633997976e+00
2.21799533570148e+00
7.67026376448120e+00
2.47286673214120e+01
7.42358933324930e+00
5.90400140911359e+00
5.59077005905303e+00
1.95752222466765e+01
4.20260817257383e+00
5.55715743385563e+00
2.79948250847181e+01
9.22947642244768e+00
4.58799029488551e+00
7.76362506919746e+00
2.90403518597757e+00
5.69399193162982e+00
1.19346754554819e+01
9.59307232255407e+00
8.35910668092659e+00
1.21827194144443e+01
8.35654407865152e+00
1.79057887856173e+01
2.78419858499498e+01
3.78789497271426e+00
1.00234652627033e+00
9.90955804109520e+00
1.02313102786945e+01
1.51914046574402e+01
1.43691026129895e+01
3.37787725004706e+01
1.56309246922342e+01
2.24436385179764e+00
0.00000000000000e+00
0.00000000000000e+00
6.05632358987145e+00
3.86843571217232e+00
6.69521167819811e+00
2.17033421916457e+01
0.00000000000000e+00
1.53509028136995e+00
0.00000000000000e+00
1.99993894046946e+01
1.70509694404576e+01
6.32063971149847e+00
4.80855188168444e+00
1.11847305971457e+01
2.69297736075059e+01
2.49498257873207e+00
1.21194031660138e+01
0.00000000000000e+00
4.98143213647047e+00
0.00000000000000e+00
4.48738846390312e+00
4.92459348378282e+00
3.04660772002574e+00
1.12754283762825e+01
3.92715609975613e+00
1.28104471046400e+01
0.00000000000000e+00
1.80281789588364e+00
1.47509852941384e+01
0.00000000000000e+00
5.92183397360049e+01
5.23592288124063e+00
5.09420280678285e+00
1.16598914145414e+01
8.33713141564719e+00
1.25430820329248e+01
3.13991887006795e+00
2.22865240530510e+01
2.08162746323702e+00
3.93975778303432e+00
6.51373068628694e+00
1.51075421378300e+01
1.19365952999828e+01
3.59721820825716e+00
7.48278062594666e+00
2.60369694563574e+00
3.01081311789661e+00
1.60447156863590e+00
6.01319834067653e+00
1.37030574570727e+01
1.64959012878383e+00
3.20387621855660e+00
9.79787574730472e+00
1.50931278297545e+01
1.14164384334068e+01
2.20197821977465e+00
6.14425846212781e+00
5.32704561939624e+00
2.09027322585541e+01
4.92905261676375e+01
3.45638379049235e+01
6.99263217548087e+00
3.33794734432868e+00
1.57253364870847e+01
1.32209768974504e+01
2.37642174197678e+00
0.00000000000000e+00
2.92494862769181e+00
2.13800668860534e+01
1.68037668508404e+01
2.35823691612796e+01
1.36789953532206e+01
6.33327045659301e+00
1.35133715911972e+01
2.88206929997210e+01
6.22757625120307e+00
7.16663281669728e+00
2.26209742878389e+00
0.00000000000000e+00
1.73912037311504e+00
0.00000000000000e+00
9.04313245535854e+00
0.00000000000000e+00
2.02734641697341e+00
4.84898182141185e-01
8.30128793501033e+00
0.00000000000000e+00
8.68724689815423e+00
0.00000000000000e+00
0.00000000000000e+00
8.14434940876172e+00
0.00000000000000e+00
0.00000000000000e+00
0.00000000000000e+00
2.78417214015827e+00
0.00000000000000e+00
0.00000000000000e+00
2.51139536940294e+00
6.53406593626268e+00
1.76650847859357e+00
0.00000000000000e+00
0.00000000000000e+00
1.04047323948601e+00
5.75882686975486e+00
3.05908182410174e+00
0.00000000000000e+00
6.19231427594801e+00
0.00000000000000e+00
0.00000000000000e+00
1.15615593526911e+01
0.00000000000000e+00
1.24205873245222e+00
1.48217725407480e+00
0.00000000000000e+00
0.00000000000000e+00
2.46525310911649e+00
8.39679260452966e+00
9.60928758269890e+00
0.00000000000000e+00
1.23174200743978e+01
2.59529125554827e+01
3.99306889814663e+00
5.90260873672717e+00
2.54195429389734e+01
5.34732409554942e+00
3.81536724293338e+00
1.38697219055530e+01
1.33969219778980e+01
1.32604118013322e+01
1.60645045471660e+01
6.81230894360041e+00
6.77704073252573e+00
9.34254327232130e+00
4.71073366166797e+00
2.17949680057988e+01
0.00000000000000e+00
0.00000000000000e+00
0.00000000000000e+00
0.00000000000000e+00
1.00491819235895e+01
0.00000000000000e+00
0.00000000000000e+00
0.00000000000000e+00
0.00000000000000e+00
0.00000000000000e+00
0.00000000000000e+00
0.00000000000000e+00
0.00000000000000e+00
0.00000000000000e+00
0.00000000000000e+00
0.00000000000000e+00
0.00000000000000e+00
0.00000000000000e+00
0.00000000000000e+00
0.00000000000000e+00
0.00000000000000e+00
2.11395961637313e+00
1.36522179366544e+01
0.00000000000000e+00
0.00000000000000e+00
0.00000000000000e+00
0.00000000000000e+00
0.00000000000000e+00
0.00000000000000e+00
2.17890897784751e+01
1.91239566537340e+01
3.27817268075628e+01
1.06380654377953e+01
7.03073394702126e+00
1.63630010155242e+01
9.24772511610972e+00
1.15048666736426e+01
1.25145119634830e+01
0.00000000000000e+00
1.84884352927032e+01
4.98664180589787e+01
1.81290783112782e+00
4.69463832087507e+00
2.15891103385732e+01
6.09984855487719e+01
1.46790751771557e+01
1.79397294427717e+01
1.78582280538915e+01
1.11133213908202e+01
1.67735982458564e+01
4.53831744301159e+01
0.00000000000000e+00
0.00000000000000e+00
1.95956307862192e+00
8.93976250233097e+00
8.89806919881724e+00
1.19393312716246e+01
9.23540680869136e+00
1.22194613530510e+01
8.86907457405755e+00
1.34768105921991e+01
0.00000000000000e+00
2.05894216665319e+01
1.37150705203029e+01
9.53876123888742e+00
1.77964789445685e+01
1.68786668506143e+01
3.95096727573680e+01
3.87176402986225e+01
3.74652853903037e+01
1.29224485219467e+01
1.29848645783524e+01
5.38688663121643e+00
1.64589291215438e+01
1.67652386265469e+01
8.49746735605446e+00
8.84600161165435e+00
3.84053034902149e+00
0.00000000000000e+00
9.74241031071920e+00
5.90983467685867e+00
2.58531270502644e+01
4.28672760889613e+01
0.00000000000000e+00
0.00000000000000e+00
8.19536347776658e+00
1.88348406855349e+01
0.00000000000000e+00
0.00000000000000e+00
2.59376964473875e+01
2.32883225785523e+01
6.92819913836618e+00
1.97515120098975e+01
2.42593488737105e+01
5.35672054629731e+01
3.53367226368249e+01
1.37249748692592e+01
3.46690902321416e+01
1.41092011045650e+01
4.84003192511648e+00
8.76199937622671e+00
1.46958962568949e+01
1.14262922671930e+01
2.34285343935655e+01
1.39337289468338e+01
9.46848528055220e+00
7.54761768868146e+00
3.76531740294385e+01
1.45509110494261e+01
0.00000000000000e+00
0.00000000000000e+00
0.00000000000000e+00
1.78851863507292e+01
1.43109827200256e+01
3.44165929146529e+01
3.23062241745549e+01
3.27138408691718e+01
3.51652189743195e+01
2.17242251680230e+01
3.56602071133218e+01
0.00000000000000e+00
0.00000000000000e+00
3.01923691310169e+01
2.08135381625003e+01
1.24662045653348e+01
1.08666299238948e+01
1.52607761609292e+01
1.56593442279936e+01
2.58410706212272e+01
3.23589397274166e+01
4.03930421398659e+00
0.00000000000000e+00
3.72857565278330e+01
2.63250439752673e+01
8.90362039347027e+00
2.89912944249159e+01
9.86666546125113e+00
1.96502911498784e+01
2.65879284842090e+01
4.71635314716738e+01
1.38462701325500e+01
1.18503382737424e+01
0.00000000000000e+00
1.14021604605412e+01
6.02020936819641e+00
3.61486824069302e+00
0.00000000000000e+00
0.00000000000000e+00
0.00000000000000e+00
0.00000000000000e+00
3.60915987714616e+01
1.00629361094511e+01
3.45518960047345e+01
1.45822243008236e+01
1.23041946097683e+01
3.94075527817021e+01
1.62440673824998e+01
6.31298371196935e+00
2.56459114602088e+01
4.63981547113090e+01
0.00000000000000e+00
1.25966953197363e+01
1.22743237223382e+01
1.31890347937263e+01
0.00000000000000e+00
2.71554955822275e+01
2.26108321007837e+01
2.37759301696719e+01
2.25903051684013e+01
1.41436224707670e+01
0.00000000000000e+00
3.33888794843959e+01
5.35486764173191e+01
2.77525789445677e+01
2.40370343468200e+01
1.05939569885868e+01
1.46282552049296e+01
6.08385517175756e+00
0.00000000000000e+00
0.00000000000000e+00
8.49842224003893e+00
0.00000000000000e+00
1.19989592452411e+01
0.00000000000000e+00
9.68106415240841e+00
1.99890692227558e+01
0.00000000000000e+00
0.00000000000000e+00
1.56031539432021e+00
8.36510608857551e+00
5.70497875938005e-01
7.39746218255782e+00
4.24589371575500e+00
1.11383397222293e+01
8.79957836646634e+00
5.86160020157658e+00
3.36450989938881e+01
3.62730720712004e+01
1.60058403355875e+01
3.46035508809319e+01
1.54487429443944e+01
1.89952991028843e+01
3.76634363764485e+01
2.65276535472444e+01
3.23363866039247e+01
2.19215859607262e+01
2.58595185440469e+01
2.44649838039394e+01
7.30751371814924e+00
2.65330198967125e+01
3.70603873418966e+01
3.16530621141340e+01
0.00000000000000e+00
0.00000000000000e+00
4.24772855832967e+01
3.66775608051031e+01
1.32482713004100e+01
0.00000000000000e+00
4.43330574259575e+01
5.50383556030406e+01
4.16727715723448e+01
9.22550314314672e+00
4.35672927673730e+01
1.92064902132822e+01
0.00000000000000e+00
2.54430791013193e+01
0.00000000000000e+00
0.00000000000000e+00
2.23052306302077e+01
2.63569453553234e+01
3.21684999463481e+01
2.15444026816324e+01
3.56258661773692e+01
2.58404931314119e+01
4.28378463504241e+01
1.86969702110823e+01
3.52491941805433e+01
3.11683310588330e+01
3.20720768323999e+01
2.39596083799363e+01
5.08086648981024e+01
1.53564446449143e+01
3.33808728305419e+01
9.20415111171981e+00
2.72406660301550e+01
6.71214575763160e+00
2.69582020040965e+01
1.50758015307797e+01
3.82865150541830e+01
9.79852888359421e+00
0.00000000000000e+00
0.00000000000000e+00
2.37820631284344e+01
4.30120879795350e+01
4.51606104018513e+01
5.38285357998489e+01
2.53827351145935e+01
1.64501974117175e+01
2.49423658117298e+01
1.73116941983501e+01
9.23542055088301e+00
2.70643291740145e+00
4.18070259921618e+01
2.61284554145065e+01
0.00000000000000e+00
3.96370444956174e+01
6.43011460138083e+00
5.12894615465395e+01
4.45045805144311e+01
4.97938929299658e+01
4.80642457208993e+01
4.63434472099845e+01
5.48229048184565e+01
1.52646410983131e+01
0.00000000000000e+00
1.88418728109578e+01
3.93272169869821e+00
5.89020159714965e+01
2.84474823974412e+01
1.39820783619135e+01
2.16980273111640e+01
2.16226179864451e+01
5.47610790128525e+01
1.78940652476743e+01
2.18083415154716e+01
2.33818628347206e+01
2.42984077610443e+01
3.10981090602582e+01
2.18633876328169e+01
7.08551194557234e+01
1.66542510626038e+01
0.00000000000000e+00
0.00000000000000e+00
0.00000000000000e+00
0.00000000000000e+00
0.00000000000000e+00
9.69225463479252e+00
2.53994097511171e+01
0.00000000000000e+00
6.47848174783144e+00
0.00000000000000e+00
2.19608206142350e+01
0.00000000000000e+00
2.06779605025335e+01
2.93629434682036e+01
4.72613295166444e+01
2.87199666902761e+01
1.28948494738579e+01
1.10408838376591e+01
2.17534624045274e+01
7.10953494932081e+01
3.37979374128440e+01
1.51064188662136e+01
1.67694902885377e+01
7.94038266396215e+00
1.55590925487243e+01
0.00000000000000e+00
0.00000000000000e+00
9.48136250255071e+00
4.07142693575537e+01
8.88756004793695e+00
2.73714993338077e+00
5.69493876001858e+01
2.06237500257252e+01
4.98282837433171e+01
1.78997626595436e+01
3.00082236882016e+01
1.77872920452044e+01
3.25689128231934e+01
2.69909086011494e+01
2.21280587026487e+01
2.81566960272398e+01
2.70923810666158e+01
3.45665372042882e+01
4.27214527246435e+01
2.84415789408981e+00
3.68055389108016e+01
1.85270438146760e+01
5.69850710056233e+00
1.68225543639432e+01
5.78663772713412e+01
1.34183094632170e+01
7.34068974399607e+00
4.06988275691514e+01
3.79439394685835e+01
1.20753011587785e+01
7.34068974399607e+00
6.20045980305670e+01
0.00000000000000e+00
0.00000000000000e+00
2.10688783266941e+01
3.03728221650807e+01
6.23981043017546e+00
3.39197442317949e+01
2.83082160933286e+01
2.45655542928513e+00
2.33546821678237e+00
3.33834052999204e+00
2.07993681005849e+00
3.61667452483868e+01
0.00000000000000e+00
2.33546821678237e+00
8.21144980014231e+00
3.31163351584970e+01
6.04692568549757e+01
3.97650907349848e+00
2.28275276604897e+01
2.11538776843941e+01
2.44373678983120e+01
2.72380480314078e+01
1.37456489115489e+01
8.02269603661244e+00
2.78485177692200e+01
2.90215883640158e+01
3.69111593345430e+01
0.00000000000000e+00
3.28212933811602e+01
2.54375447232789e+01
2.06359073569505e+01
1.67822567394874e+01
2.45655542928513e+00
0.00000000000000e+00
1.61653536776248e+00
0.00000000000000e+00
0.00000000000000e+00
6.27655290395473e+00
3.81622521070910e+01
1.61201513256123e+01
1.85205479663984e+01
1.59480663310643e+01
1.83137809270819e+00
8.45990872737117e+00
2.00611439407001e+01
9.62773709220399e+00
2.46930614702807e+01
3.29384475287392e+00
1.71627960504247e+01
2.04212145914953e+01
1.39014889343650e+01
4.32864256606199e+01
5.57087301310907e+01
3.01292540869427e+01
1.85667611328327e+00
2.66689885651108e+01
1.90245322319216e+01
0.00000000000000e+00
0.00000000000000e+00
0.00000000000000e+00
0.00000000000000e+00
0.00000000000000e+00
9.42403221662138e+00
0.00000000000000e+00
5.40159832673764e+00
9.97640615310461e+00
1.26027023318810e+01
3.50653467851589e+01
7.18866167805532e+00
3.02784676315977e+01
1.56379751464098e+01
2.22219220550070e+01
4.87023187318592e+00
6.28208760519106e+00
0.00000000000000e+00
1.79785190540860e+00
3.78153794060995e+00
1.70782956503683e+01
2.10022592391600e+00
1.07565680841284e+01
0.00000000000000e+00
4.16091834762075e+00
1.54887135221292e+01
9.38105699754946e+00
2.83807558731188e+01
2.03531427098682e+01
1.65545942411860e+01
8.71508437972753e+00
0.00000000000000e+00
1.16866485364402e+01
5.68015347861272e+00
1.71840178843416e+01
1.91719126805615e+01
0.00000000000000e+00
1.13816578946363e+01
6.82899473678180e+00
3.09877271784395e+01
2.09247160018704e+01
0.00000000000000e+00
0.00000000000000e+00
2.00578179165461e+01
2.01071006214347e+01
0.00000000000000e+00
0.00000000000000e+00
4.88667542915684e+00
0.00000000000000e+00
2.95465643740045e+01
1.32754977949111e+01
2.29083969980220e+01
1.15860746376430e+01
2.26269691383961e+01
4.42867334358564e+01
1.03148469593625e+01
0.00000000000000e+00
0.00000000000000e+00
0.00000000000000e+00
2.73311958812788e+00
4.94822541124261e+00
5.40159832673764e+00
6.46868883589673e+00
9.26946152884548e+00
0.00000000000000e+00
7.09173034185381e+00
0.00000000000000e+00
0.00000000000000e+00
0.00000000000000e+00
1.00336826255142e+01
2.98238180512385e+00
3.18023096275222e+00
7.37892301278947e+00
8.70911539568792e+00
9.63052192753667e+00
0.00000000000000e+00
0.00000000000000e+00
0.00000000000000e+00
0.00000000000000e+00
0.00000000000000e+00
0.00000000000000e+00
0.00000000000000e+00
0.00000000000000e+00
0.00000000000000e+00
3.39626487503493e+00
9.77428742636462e+00
2.82489696266069e+00
0.00000000000000e+00
0.00000000000000e+00
2.28442587906197e+00
0.00000000000000e+00
0.00000000000000e+00
2.62095650891337e+00
0.00000000000000e+00
1.76369094080110e+01
1.41202773370025e+01
5.02165478738993e+00
6.36312964762366e+00
1.27099135614052e+01
2.56930674392661e+01
1.49335079644718e+01
4.86811400201035e+00
9.27843691356795e+00
2.80357903785237e+01
1.69103708300113e+01
1.86596587331641e+01
1.57770670546495e+01
2.16277059521455e+01
1.80100975330863e+01
2.24704757533316e+01
1.65201550919245e+01
3.38635004738856e+01
2.27028863047386e+01
3.49073862762228e+01
2.82823539724084e+01
1.88215420818823e+01
5.38068734829021e+00
0.00000000000000e+00
4.81831686753685e+00
0.00000000000000e+00
7.94192837275070e+00
1.32807467955858e+01
1.23490941260212e+01
2.06796785520714e+00
1.56419261704785e+00
4.94822541124261e+00
6.34462364763187e+00
5.21266598172165e+00
4.71446158776873e+00
7.03172022512607e+00
1.55171536826553e+01
1.91853360963137e+01
8.07750516915993e+00
1.37731914662339e+01
8.10035187240484e+00
1.66253745790516e+01
1.19892264240069e+01
1.77879655642676e+00
5.28405242657623e+00
3.58296678244018e+00
6.07080672827026e+00
5.78119283804031e+00
0.00000000000000e+00
6.07781031737671e+00
1.15222455117357e+01
6.59726365802398e+00
0.00000000000000e+00
0.00000000000000e+00
1.56387897212261e+00
0.00000000000000e+00
1.57525514077573e+01
4.86073749528531e+00
0.00000000000000e+00
9.48249842493649e+00
6.91115398121380e+00
9.34574149707128e+00
0.00000000000000e+00
3.32348686229762e+01
8.53268960971664e+00
6.07080672827026e+00
1.11617693705891e+01
0.00000000000000e+00
0.00000000000000e+00
5.78119283804031e+00
0.00000000000000e+00
0.00000000000000e+00
0.00000000000000e+00
0.00000000000000e+00
5.66164955499380e+00
0.00000000000000e+00
0.00000000000000e+00
8.18147512390395e+00
9.99958070699372e+00
2.91487318897931e+00
0.00000000000000e+00
0.00000000000000e+00
0.00000000000000e+00
0.00000000000000e+00
0.00000000000000e+00
8.67360945788295e+00
7.64651577033105e+00
8.99527692834092e+00
0.00000000000000e+00
7.07861915851877e+00
0.00000000000000e+00
6.32218896646735e+00
6.32218896646735e+00
0.00000000000000e+00
0.00000000000000e+00
0.00000000000000e+00
0.00000000000000e+00
0.00000000000000e+00
0.00000000000000e+00
0.00000000000000e+00
0.00000000000000e+00
0.00000000000000e+00
0.00000000000000e+00
0.00000000000000e+00
0.00000000000000e+00
0.00000000000000e+00
0.00000000000000e+00
0.00000000000000e+00
0.00000000000000e+00
0.00000000000000e+00
0.00000000000000e+00
0.00000000000000e+00
0.00000000000000e+00
0.00000000000000e+00
0.00000000000000e+00
0.00000000000000e+00
0.00000000000000e+00
0.00000000000000e+00
0.00000000000000e+00
0.00000000000000e+00
0.00000000000000e+00
0.00000000000000e+00
0.00000000000000e+00
0.00000000000000e+00
0.00000000000000e+00
0.00000000000000e+00
0.00000000000000e+00
0.00000000000000e+00
0.00000000000000e+00
0.00000000000000e+00
0.00000000000000e+00
0.00000000000000e+00
0.00000000000000e+00
0.00000000000000e+00
0.00000000000000e+00
0.00000000000000e+00
0.00000000000000e+00
0.00000000000000e+00
0.00000000000000e+00
0.00000000000000e+00
2.88377575833374e+01
2.64684777451054e+01
3.23019484157814e+01
3.61536527082993e+01
2.58055888854185e+01
2.95295157196956e+01
1.50403475867187e+01
2.43707026330376e+01
1.48826449563996e+01
1.96645104841171e+01
2.23866221337004e+01
3.37259579797472e+01
0.00000000000000e+00
0.00000000000000e+00
0.00000000000000e+00
0.00000000000000e+00
0.00000000000000e+00
0.00000000000000e+00
0.00000000000000e+00
0.00000000000000e+00
0.00000000000000e+00
3.96297517798121e+01
3.76002680916300e+01
1.30007427600294e+01
0.00000000000000e+00
0.00000000000000e+00
4.58062563751844e+00
0.00000000000000e+00
0.00000000000000e+00
0.00000000000000e+00
0.00000000000000e+00
0.00000000000000e+00
0.00000000000000e+00
0.00000000000000e+00
0.00000000000000e+00
0.00000000000000e+00
0.00000000000000e+00
0.00000000000000e+00
0.00000000000000e+00
0.00000000000000e+00
0.00000000000000e+00
0.00000000000000e+00
4.35568532903471e+00
0.00000000000000e+00
0.00000000000000e+00
0.00000000000000e+00
0.00000000000000e+00
2.84415789408981e+00
0.00000000000000e+00
0.00000000000000e+00
0.00000000000000e+00
0.00000000000000e+00
0.00000000000000e+00
0.00000000000000e+00
0.00000000000000e+00
0.00000000000000e+00
0.00000000000000e+00
0.00000000000000e+00
0.00000000000000e+00
0.00000000000000e+00
0.00000000000000e+00
0.00000000000000e+00
0.00000000000000e+00
0.00000000000000e+00
0.00000000000000e+00
0.00000000000000e+00
0.00000000000000e+00
0.00000000000000e+00
0.00000000000000e+00
0.00000000000000e+00
0.00000000000000e+00
0.00000000000000e+00
0.00000000000000e+00
0.00000000000000e+00
0.00000000000000e+00
0.00000000000000e+00
0.00000000000000e+00
0.00000000000000e+00
0.00000000000000e+00
0.00000000000000e+00
0.00000000000000e+00
0.00000000000000e+00
0.00000000000000e+00
0.00000000000000e+00
0.00000000000000e+00
0.00000000000000e+00
0.00000000000000e+00
0.00000000000000e+00
0.00000000000000e+00
0.00000000000000e+00
0.00000000000000e+00
0.00000000000000e+00
0.00000000000000e+00
0.00000000000000e+00
0.00000000000000e+00
0.00000000000000e+00
4.07228687654794e+01
3.70023670699619e+01
1.31124548229787e+01
2.14010996896436e+01
0.00000000000000e+00
0.00000000000000e+00
0.00000000000000e+00
0.00000000000000e+00
1.62150381071024e+01
0.00000000000000e+00
0.00000000000000e+00
0.00000000000000e+00
5.13254938519065e+00
0.00000000000000e+00
0.00000000000000e+00
0.00000000000000e+00
0.00000000000000e+00
0.00000000000000e+00
1.56419261704785e+00
0.00000000000000e+00
0.00000000000000e+00
0.00000000000000e+00
0.00000000000000e+00
0.00000000000000e+00
0.00000000000000e+00
0.00000000000000e+00
0.00000000000000e+00
0.00000000000000e+00
1.85667611328327e+00
1.61653536776248e+00
0.00000000000000e+00
4.26991767310161e+00
0.00000000000000e+00
0.00000000000000e+00
0.00000000000000e+00
0.00000000000000e+00
0.00000000000000e+00
0.00000000000000e+00
0.00000000000000e+00
0.00000000000000e+00
0.00000000000000e+00
0.00000000000000e+00
