3.24779939007566e+00
0.00000000000000e+00
0.00000000000000e+00
0.00000000000000e+00
0.00000000000000e+00
0.00000000000000e+00
0.00000000000000e+00
0.00000000000000e+00
0.00000000000000e+00
1.86431443974446e+00
0.00000000000000e+00
0.00000000000000e+00
1.00844154302721e+00
0.00000000000000e+00
4.28670268608734e+00
0.00000000000000e+00
0.00000000000000e+00
0.00000000000000e+00
7.50005999976000e-01
1.00000799996800e+00
7.50005999976000e-01
0.00000000000000e+00
4.10219837653213e-01
5.92643280637285e+00
0.00000000000000e+00
0.00000000000000e+00
7.50000000000000e-01
0.00000000000000e+00
7.05655152942430e+00
0.00000000000000e+00
2.25319772767505e+00
7.50000000000000e-01
0.00000000000000e+00
0.00000000000000e+00
1.00000000000000e+00
0.00000000000000e+00
0.00000000000000e+00
0.00000000000000e+00
0.00000000000000e+00
0.00000000000000e+00
0.00000000000000e+00
0.00000000000000e+00
0.00000000000000e+00
0.00000000000000e+00
7.47529932511069e-01
5.30929993793701e+00
7.40726670236735e-01
5.29552792634164e+00
1.02765264341624e+00
1.48248575035310e+00
0.00000000000000e+00
7.21114717483390e-01
0.00000000000000e+00
3.08323262763198e+00
1.99127697721839e+00
3.82908996086570e+00
4.37801793399032e+00
0.00000000000000e+00
1.01607086367044e+00
7.62053147752832e-01
3.05142527042943e+00
0.00000000000000e+00
0.00000000000000e+00
0.00000000000000e+00
1.17192386572905e+00
9.73267598647242e+00
1.39227046468153e+01
9.94585340732502e-01
0.00000000000000e+00
2.20206153115606e+00
0.00000000000000e+00
8.96850018579506e+00
9.91717701768002e-01
0.00000000000000e+00
0.00000000000000e+00
7.28791915684381e+00
0.00000000000000e+00
0.00000000000000e+00
7.47529932511066e-01
3.38874415554682e+00
0.00000000000000e+00
7.54361319262858e-01
0.00000000000000e+00
0.00000000000000e+00
6.17569043304688e+00
2.50800136362402e+00
0.00000000000000e+00
5.49474343997485e+00
0.00000000000000e+00
0.00000000000000e+00
0.00000000000000e+00
6.68305652707545e-01
0.00000000000000e+00
3.23280567507117e+00
4.85225300663540e+00
0.00000000000000e+00
3.04169032880843e+00
7.85457327039736e-01
0.00000000000000e+00
7.42159012611178e-01
9.28199240231696e+00
7.73116783064002e+00
0.00000000000000e+00
0.00000000000000e+00
0.00000000000000e+00
0.00000000000000e+00
3.75822047868215e-01
6.60008445678701e+00
7.02247460556678e-01
0.00000000000000e+00
4.10219837653213e-01
7.47295122424872e-01
0.00000000000000e+00
8.27445631510235e+00
2.54885340866557e+00
3.06804672384212e+00
0.00000000000000e+00
0.00000000000000e+00
2.02198174810779e+00
8.25345754404876e-01
4.43700662027874e+00
0.00000000000000e+00
0.00000000000000e+00
0.00000000000000e+00
1.83349377081904e+01
0.00000000000000e+00
7.38664335134706e-01
7.42159012611178e-01
0.00000000000000e+00
7.20624522689116e+00
7.71769255740744e-01
0.00000000000000e+00
0.00000000000000e+00
2.55750233374385e+00
2.11703904229818e+00
0.00000000000000e+00
5.10899115487283e+00
0.00000000000000e+00
0.00000000000000e+00
4.44234840493930e+00
0.00000000000000e+00
3.74146745732294e-01
2.02451928925530e+01
0.00000000000000e+00
4.48592631384404e+00
7.57314333681860e-01
8.20618564323269e+00
5.45652164897993e+00
2.15053594740850e+00
0.00000000000000e+00
9.08310869502862e-01
1.91283161720022e+00
0.00000000000000e+00
0.00000000000000e+00
2.02898922025236e+00
2.84285247838255e+00
0.00000000000000e+00
2.25319772767505e+00
0.00000000000000e+00
3.58093975078754e-01
1.62983505663949e+01
7.42159012611178e-01
2.00000000000000e+00
0.00000000000000e+00
1.19559778074942e+01
1.13834072487344e+01
0.00000000000000e+00
5.73834700427973e+00
0.00000000000000e+00
0.00000000000000e+00
6.35549781205400e-01
9.89545350148239e-01
7.43855450666566e-01
3.04588026813725e-01
4.51381681776834e-01
1.64498609475095e+00
0.00000000000000e+00
1.51015821078505e+01
0.00000000000000e+00
7.45160385420480e-01
3.75930955186216e+00
0.00000000000000e+00
4.25420687168406e+00
0.00000000000000e+00
7.45160385420480e-01
0.00000000000000e+00
1.30201396039897e+00
0.00000000000000e+00
0.00000000000000e+00
1.66990663923743e+01
2.99348538337176e+00
2.60935955694348e+00
0.00000000000000e+00
7.42159012611178e-01
0.00000000000000e+00
0.00000000000000e+00
8.71928657961389e+00
0.00000000000000e+00
1.35396546635334e+00
9.93547180560649e-01
0.00000000000000e+00
7.45939005549380e-01
3.88429699411076e-01
0.00000000000000e+00
0.00000000000000e+00
0.00000000000000e+00
3.50258238970999e+00
0.00000000000000e+00
1.62203259626975e+00
7.51175079458844e-01
0.00000000000000e+00
0.00000000000000e+00
0.00000000000000e+00
0.00000000000000e+00
4.83549340878763e+00
7.43788276325998e-01
0.00000000000000e+00
2.47823149743026e+00
5.83829420993796e-01
7.43788276325998e-01
0.00000000000000e+00
0.00000000000000e+00
2.23652590342306e+00
7.47295122424868e-01
1.09201077419323e+01
6.41595384010688e+00
0.00000000000000e+00
5.99712246380181e-01
0.00000000000000e+00
3.14947802078232e+00
0.00000000000000e+00
0.00000000000000e+00
0.00000000000000e+00
7.62053147752832e-01
0.00000000000000e+00
1.48248575035310e+00
7.51175079458844e-01
7.95760029096914e-01
1.25653789117731e+01
1.91366905765202e+01
9.89545350148239e-01
4.63051610341086e+00
0.00000000000000e+00
0.00000000000000e+00
0.00000000000000e+00
0.00000000000000e+00
2.38197700323434e+00
1.00179838290946e+00
4.07466626613408e+00
2.72760695722553e+00
0.00000000000000e+00
0.00000000000000e+00
0.00000000000000e+00
9.96706576681423e-01
3.03332655292144e-01
6.49700144921494e+00
0.00000000000000e+00
8.01032320181276e-01
8.65033643103701e+00
7.54361319262858e-01
0.00000000000000e+00
0.00000000000000e+00
0.00000000000000e+00
7.55744004276580e-01
4.41474442837400e+00
7.54361319262858e-01
0.00000000000000e+00
1.28730932915512e+01
3.12752708614324e+00
7.54361319262858e-01
9.87635560315646e-01
7.78689105547434e+00
1.00765867236877e+00
3.84667730849748e+00
0.00000000000000e+00
3.47789902008255e-01
1.92156946872659e+00
7.55744004276580e-01
1.01176403848890e+01
0.00000000000000e+00
1.50388860375133e+00
9.86517105781755e-01
1.48327475539766e+00
0.00000000000000e+00
0.00000000000000e+00
0.00000000000000e+00
0.00000000000000e+00
7.55380698720850e-01
4.16812211772392e+00
0.00000000000000e+00
0.00000000000000e+00
0.00000000000000e+00
7.59539334070330e-01
1.98391734667508e+00
7.30768845565940e-01
0.00000000000000e+00
1.00975244490915e+00
0.00000000000000e+00
1.01271911209377e+00
7.59539334070330e-01
0.00000000000000e+00
1.49951878380045e+00
3.00426363690006e+00
0.00000000000000e+00
0.00000000000000e+00
1.50000000000000e+00
0.00000000000000e+00
4.60304153033816e+00
6.74074520382513e+00
0.00000000000000e+00
2.30494924003684e+00
0.00000000000000e+00
0.00000000000000e+00
7.03752300992136e-01
0.00000000000000e+00
0.00000000000000e+00
1.13098669856936e+01
9.23567069763839e+00
1.00156677261179e+00
0.00000000000000e+00
5.74255809194478e-01
0.00000000000000e+00
5.36010375395906e+00
2.57954945556180e+00
9.55820028249587e-01
4.51381681776834e-01
4.23549198110149e-01
8.24860671334184e+00
1.15015172673545e+01
7.72440624902420e-01
8.32241922576417e+00
1.97769967386356e+00
8.66350846045057e-01
4.28985993660816e+00
9.51459883104850e-01
6.62170700400704e+00
7.98695216487073e-01
1.00581509235048e+00
0.00000000000000e+00
0.00000000000000e+00
0.00000000000000e+00
4.38033228404739e-01
0.00000000000000e+00
0.00000000000000e+00
0.00000000000000e+00
4.48592631384404e+00
0.00000000000000e+00
0.00000000000000e+00
2.36436047889615e+00
0.00000000000000e+00
2.74644126655999e+00
1.34695015179591e+00
0.00000000000000e+00
0.00000000000000e+00
4.43497850642607e+00
2.02418971442896e+00
0.00000000000000e+00
0.00000000000000e+00
2.63364537307260e+00
0.00000000000000e+00
7.39887829336310e-01
9.84885780179615e-01
7.76037903201510e-01
3.02875622182618e-01
0.00000000000000e+00
0.00000000000000e+00
1.49951878380045e+00
0.00000000000000e+00
0.00000000000000e+00
0.00000000000000e+00
1.00581509235048e+00
0.00000000000000e+00
1.00717426496113e+00
0.00000000000000e+00
1.27054193516053e+00
0.00000000000000e+00
0.00000000000000e+00
0.00000000000000e+00
1.97664766713748e+00
0.00000000000000e+00
0.00000000000000e+00
0.00000000000000e+00
1.38097869431301e+00
1.55832749946149e+01
0.00000000000000e+00
0.00000000000000e+00
2.83797677252332e+00
0.00000000000000e+00
2.36534272911148e+00
0.00000000000000e+00
3.26357858034184e+00
4.66002475855842e+00
0.00000000000000e+00
0.00000000000000e+00
0.00000000000000e+00
0.00000000000000e+00
9.88222544281585e+00
0.00000000000000e+00
0.00000000000000e+00
1.80709632722459e+00
6.54385518535829e-01
6.78519644678100e-01
1.11749575906921e+00
2.18868354227081e+00
0.00000000000000e+00
0.00000000000000e+00
7.88580639841578e-01
5.75366089778551e+00
0.00000000000000e+00
0.00000000000000e+00
0.00000000000000e+00
0.00000000000000e+00
0.00000000000000e+00
1.34799027451745e+00
9.66512629517431e-01
0.00000000000000e+00
2.56686231806250e+00
4.26013343174342e+00
0.00000000000000e+00
0.00000000000000e+00
0.00000000000000e+00
0.00000000000000e+00
0.00000000000000e+00
3.88429699411076e-01
0.00000000000000e+00
7.49491695518545e-01
5.26554708437434e+00
1.11400364866529e+01
1.72016247883812e+00
8.88836776217988e-01
0.00000000000000e+00
7.05423817666357e+00
1.05324410418405e+00
0.00000000000000e+00
8.74516981697903e-01
0.00000000000000e+00
2.12560026203089e+00
0.00000000000000e+00
4.02207461264326e+00
2.33291740471438e+00
9.85800990931327e-01
6.00931371765023e+00
0.00000000000000e+00
2.79240800229233e-01
0.00000000000000e+00
0.00000000000000e+00
4.69165266616363e+00
2.17577921808515e+00
4.05437247715692e+00
0.00000000000000e+00
0.00000000000000e+00
0.00000000000000e+00
0.00000000000000e+00
0.00000000000000e+00
7.52211861716045e-01
6.94862510126115e+00
0.00000000000000e+00
7.31013515013717e-01
0.00000000000000e+00
2.73503827779634e+00
4.10160803590054e+00
0.00000000000000e+00
0.00000000000000e+00
1.63023511752060e+00
1.01607086367044e+00
6.78523954348766e-01
1.03632148137660e+01
1.50526998191761e+01
2.81389198324788e+00
6.23099949013280e+00
6.87760977115480e-01
4.05137957048790e+00
6.74069852672018e+00
1.51814228582172e+00
6.36371922680699e+00
2.98559213600706e+00
4.70632601862195e+00
6.13748452956727e+00
0.00000000000000e+00
0.00000000000000e+00
0.00000000000000e+00
0.00000000000000e+00
5.40145324833623e-01
9.42303689617646e-01
5.39432725861832e+00
1.12246249969019e+00
2.04880384054463e+00
3.92348752365713e-01
5.31660850160161e+00
4.79082255616096e+00
0.00000000000000e+00
1.16489876428168e+00
2.28910692049607e+01
0.00000000000000e+00
3.58754473975640e+00
2.68714910441841e+00
8.14939010193926e-01
1.69838722684769e+00
2.69125178278742e+00
0.00000000000000e+00
0.00000000000000e+00
6.56887462416886e+00
6.76273284591627e-01
3.49386448699794e+00
1.51229779363938e+01
0.00000000000000e+00
1.81947174860906e+00
0.00000000000000e+00
3.89326024228118e+00
0.00000000000000e+00
0.00000000000000e+00
1.97190566104564e+00
0.00000000000000e+00
8.91382587428593e+00
6.98654857099304e+00
1.69719308487343e+00
0.00000000000000e+00
1.54205664384798e+01
9.91887078071494e+00
1.10457899457757e+01
3.34828663774104e+00
0.00000000000000e+00
0.00000000000000e+00
3.26201310091154e-01
1.51814228582172e+00
2.85203435602524e-01
2.33132998381954e+00
0.00000000000000e+00
0.00000000000000e+00
0.00000000000000e+00
1.50743777482154e+00
2.97908275880623e+00
3.96000215309057e-01
0.00000000000000e+00
0.00000000000000e+00
8.58408147149964e-01
0.00000000000000e+00
0.00000000000000e+00
4.11907248616194e+00
1.03779243117281e+01
2.41001639201087e+00
8.05188441972661e-01
6.12546415023945e+00
0.00000000000000e+00
0.00000000000000e+00
0.00000000000000e+00
0.00000000000000e+00
6.78523954348766e-01
9.96393496566489e-01
1.79488757197671e+00
7.49008411901095e-01
3.05343692697809e+00
1.46688390819437e+01
5.23436944207690e+00
1.17646633462426e+00
8.35937378168969e-01
0.00000000000000e+00
0.00000000000000e+00
1.05875309340364e+00
0.00000000000000e+00
7.71981216305461e+00
0.00000000000000e+00
5.84842717397271e+00
0.00000000000000e+00
0.00000000000000e+00
0.00000000000000e+00
6.34591273153597e+00
3.02001188065494e+01
1.48243165807512e+01
3.69299093576405e+00
3.06321413974241e-01
0.00000000000000e+00
4.43700662027874e+00
0.00000000000000e+00
6.32447435550601e-01
4.96413866062432e+00
8.65672367245236e+00
1.00987461664349e+00
0.00000000000000e+00
1.54689880213162e+00
4.73340130858144e+00
4.88579938021005e-01
9.50132010629042e-01
5.01061918256192e-01
9.46142449294104e-01
2.25276744109005e+00
1.54270737279372e+00
0.00000000000000e+00
3.74146745732294e-01
1.92156946872659e+00
0.00000000000000e+00
0.00000000000000e+00
0.00000000000000e+00
1.79488757197671e+00
2.18542639836530e+01
2.89806053221233e+00
0.00000000000000e+00
0.00000000000000e+00
0.00000000000000e+00
4.73456873729894e+00
3.05142527042943e+00
4.13938787250768e+00
1.13019109815270e+00
4.88579938021005e-01
2.51940075807841e+00
7.84353065947816e-01
1.37948520757805e+00
1.53650790785182e+00
9.17834810926129e-01
1.36528329748578e+00
6.68737534047889e-01
4.40687243231471e+00
0.00000000000000e+00
4.47404277109142e+00
1.32219740908436e+00
7.76263764123084e+00
0.00000000000000e+00
0.00000000000000e+00
3.96450380804409e+00
0.00000000000000e+00
2.62389922278730e+00
2.90046461270242e+01
7.24886593479726e+00
6.76875734365213e-01
7.89846984640317e-01
1.03795401948170e+00
4.31500176337763e-01
0.00000000000000e+00
5.39082736807493e+00
2.30878826425071e+00
3.20700987729560e+00
1.38774769385324e+00
0.00000000000000e+00
8.26019819387404e+00
9.24098566983429e-01
1.93095762804867e+00
1.22209040658391e+00
1.69408623400382e+00
5.71264760117733e+00
2.66961127196501e+00
1.11456255674648e+00
8.48241734410068e-01
2.97349696284156e+00
7.49260693084721e-01
0.00000000000000e+00
0.00000000000000e+00
0.00000000000000e+00
0.00000000000000e+00
1.83016379415231e+00
0.00000000000000e+00
1.94213402214630e+01
0.00000000000000e+00
0.00000000000000e+00
4.31611917427536e+00
1.14761960444912e+00
3.42510963223440e+00
2.55619350603176e+00
2.97552495064434e+00
1.47653629055599e+00
3.88334286413239e+00
1.51610503436696e+00
4.49369579416300e+00
0.00000000000000e+00
0.00000000000000e+00
1.44913835183011e+01
1.15116949643548e+00
2.54439040628109e+00
5.98929308802793e-01
0.00000000000000e+00
0.00000000000000e+00
4.40335062263075e+00
2.92358265451512e+00
6.44641609397083e+00
8.31412510115514e-01
7.58011795432023e-01
0.00000000000000e+00
1.92337685024280e+01
6.85749247158928e+00
1.30489209063599e+00
1.09171143249591e+00
9.09753856931997e+00
9.11315123519708e+00
1.97671825900388e+00
0.00000000000000e+00
4.99553155285216e+00
3.92205821035948e+00
3.73942680679234e+00
1.34143715385768e+00
3.00992313225961e-01
0.00000000000000e+00
5.62503144506048e+00
3.86371731649433e+00
0.00000000000000e+00
2.14327471962964e+00
8.82193661494508e+00
1.34579038454877e+01
6.61239519225263e+00
1.56176602361921e+00
8.02131656575245e-01
1.79850577086044e+00
2.57587977124056e+00
1.33125632634996e+00
1.11584810608645e+01
8.88818282729715e+00
1.09446557487135e+00
7.98063234043615e+00
4.07477203308173e+00
1.90349257202374e+00
0.00000000000000e+00
0.00000000000000e+00
0.00000000000000e+00
0.00000000000000e+00
8.29171426189528e+00
0.00000000000000e+00
0.00000000000000e+00
1.19267156155529e+00
0.00000000000000e+00
0.00000000000000e+00
3.28543579881312e-01
9.33189838466006e-01
1.38238078607595e+01
0.00000000000000e+00
0.00000000000000e+00
1.65033508878383e+00
0.00000000000000e+00
4.32223586446044e+00
9.56974569031712e+00
0.00000000000000e+00
2.22054193943025e+01
0.00000000000000e+00
1.38539127778219e+01
0.00000000000000e+00
0.00000000000000e+00
0.00000000000000e+00
0.00000000000000e+00
7.11191815076215e+00
0.00000000000000e+00
0.00000000000000e+00
7.25892722345421e-01
7.64620081229570e+00
1.18809903743596e+01
1.08222878893076e+00
0.00000000000000e+00
9.43324112195024e+00
0.00000000000000e+00
0.00000000000000e+00
0.00000000000000e+00
4.31927809224302e+00
5.72630793705409e+00
0.00000000000000e+00
8.76668534634209e-01
7.26726663633426e-01
6.11490087336178e+00
6.50656503213055e+00
4.05091053025715e+00
1.40690849248264e+00
9.25244532371559e+00
6.81170804536794e+00
1.54558373580310e+00
5.48078830814159e+00
2.18868354227081e+00
0.00000000000000e+00
0.00000000000000e+00
2.74516249237392e+00
2.61615747793246e+00
3.88124390886420e+00
2.16138806910061e+00
2.15891487697511e+00
4.94282480708965e+00
1.08657372134794e+01
0.00000000000000e+00
6.17044603290602e+00
1.31641164106719e+00
0.00000000000000e+00
1.89071311963792e+01
0.00000000000000e+00
1.24677885008125e+01
0.00000000000000e+00
0.00000000000000e+00
8.09722952093347e-01
0.00000000000000e+00
5.17514758167358e+00
1.39096896041944e+00
1.28818283718815e+01
1.19267156155529e+00
6.01665628589468e+00
4.36673393042161e+00
1.56759338768043e+01
4.19095814320516e+00
8.75151186467086e+00
7.59441522058109e+00
1.12670936021802e+01
7.65846902704705e+00
3.81017913199084e+00
5.02654584674633e+00
6.84440244190996e+00
0.00000000000000e+00
1.45164219526708e+00
5.89205720020738e+00
9.36865400411678e+00
1.70196576784389e+00
8.24462193595221e+00
0.00000000000000e+00
8.83317855936167e+00
1.33867312283026e+00
5.02186078122003e+00
4.68265130961850e+00
0.00000000000000e+00
4.42919009938477e+00
7.92483025674261e+00
2.50001012850542e+00
9.47702806499462e+00
5.80819782850990e+00
0.00000000000000e+00
4.37306525716837e+00
9.42303689617646e-01
7.67084178926969e+00
8.69001744033123e+00
1.40983674529015e+00
1.70888784771994e+01
9.14040115130701e-01
3.61044115922959e+00
9.17956793710864e-01
0.00000000000000e+00
8.04720616283800e+00
1.01681554654268e+00
1.15958951770841e+01
5.44699444851113e+00
2.09513598708951e+00
3.84457675838862e+00
0.00000000000000e+00
2.38635387166009e+00
4.24984253882598e+00
1.17335203210646e+01
8.05132671394811e-01
2.07500686918413e+00
6.76377090340876e+00
0.00000000000000e+00
0.00000000000000e+00
0.00000000000000e+00
1.07659656898587e+00
2.47862630834237e+00
1.90627385478108e+00
1.06673191563061e+00
4.67802203708427e+00
2.87710450161774e+00
3.96232113548039e-01
1.18887803744832e+00
0.00000000000000e+00
9.19475271932858e+00
0.00000000000000e+00
4.68977003314745e+00
1.18897548893343e+00
0.00000000000000e+00
1.75262690781943e+00
1.31890488584882e+01
2.50513396847311e+00
0.00000000000000e+00
1.41029552102167e+00
5.75500792880825e+00
4.00584791832878e+00
6.36747649137142e+00
0.00000000000000e+00
0.00000000000000e+00
0.00000000000000e+00
5.52256155103125e+00
4.16263329621505e-01
2.74353925266350e+00
5.47671457363112e+00
9.74561144592549e+00
1.88905395065033e+00
0.00000000000000e+00
8.92733235609432e-01
8.68773852462629e+00
5.57177849389100e+00
1.77792730811606e+00
0.00000000000000e+00
1.74612754581219e+01
7.70018513549811e+00
2.89577579926560e+00
4.92810055774360e+00
0.00000000000000e+00
2.36131743831291e+00
8.90828683966761e+00
7.36070032593459e+00
1.28993159427157e+00
0.00000000000000e+00
9.23362460550694e+00
6.36576214945016e+00
4.34669562535376e-01
5.15068994070304e+00
8.04289600099626e+00
7.09493767122575e+00
2.46881445861568e+00
1.25235737696148e+00
2.27452540415704e+00
5.22417612518016e+00
1.54270737279372e+00
3.58204143618427e+00
1.50608257024703e+01
6.09045881260224e+00
3.20798884023976e+00
4.38809277501809e+00
4.54807629095268e+00
1.14672132176310e+01
9.15395455263796e-01
0.00000000000000e+00
2.48865572357053e+00
1.08166249947605e+01
1.15783813505871e+01
0.00000000000000e+00
4.43352307045459e+00
3.46709150139620e+00
3.47533457499379e+00
1.76847935129115e+01
0.00000000000000e+00
0.00000000000000e+00
1.97135614342526e+00
0.00000000000000e+00
2.94009562915098e+00
7.53552403377410e-01
7.63389108139446e+00
1.00571892285891e+01
8.31237286579553e+00
3.96382287660028e+01
0.00000000000000e+00
4.94612251316315e+00
8.91691263099810e+00
6.39333729342844e+00
5.61052872423465e+00
6.35549781205400e-01
2.79470485210409e+00
0.00000000000000e+00
0.00000000000000e+00
0.00000000000000e+00
0.00000000000000e+00
0.00000000000000e+00
0.00000000000000e+00
3.56894799965331e+00
6.28108227714317e+00
9.04783231490404e+00
0.00000000000000e+00
3.56547469749308e+00
1.94670942249578e+01
0.00000000000000e+00
4.19413542944485e+00
5.21151352950715e+00
1.81319544621914e+00
3.01151071741412e+00
0.00000000000000e+00
3.97165093482710e+00
9.19085570836141e+00
7.55659121362813e+00
1.00475017356612e+01
1.06452680694603e+01
2.61330691701302e+00
1.30449148614733e+01
5.66664959709452e+00
1.44552235675016e+00
1.13667658009948e+01
1.52543007126827e+00
1.08293022855059e+01
2.46662760265915e+01
0.00000000000000e+00
9.22750124395055e+00
4.46537218034375e+00
1.78869418936331e+00
2.45153770813310e+00
4.85357845613173e+01
8.04399358629204e+00
6.10511260214719e+00
9.47665306874645e+00
1.51943229590657e+00
1.66911564686887e+01
1.17353730388312e+01
7.31842595113938e+00
5.89881016378723e-01
8.22830038129372e-01
0.00000000000000e+00
0.00000000000000e+00
1.83803986339796e+00
9.56722047061920e+00
1.07748464022482e+01
7.24611069672111e+00
1.10313746714966e+00
4.67802040438695e+00
5.66457546541527e+00
8.92079758040314e+00
2.27601155190643e+00
5.65167766803735e-01
5.60734594786614e+00
3.03157505160643e+00
2.90005431573016e+00
1.02577542919549e+00
1.54993168553227e+01
1.59307223581295e+01
8.16823430180586e+00
1.86431443974446e+00
8.60654446786469e-01
3.99558169865056e+00
1.20302885429516e+00
2.40477301361739e+00
0.00000000000000e+00
1.18731396072591e+00
1.49914107234810e+00
2.77039924169378e+00
0.00000000000000e+00
4.35409538427970e+01
4.99034924885808e+00
1.55285250145279e+01
1.21318995707581e+01
2.20089109949562e+00
3.05088854386562e+00
8.70219392572253e+00
6.48899041378335e+00
6.93818045738024e+00
4.36068171278730e+00
1.93538466428565e+01
0.00000000000000e+00
6.39472965778943e+00
5.67973578430244e+00
8.09722952093347e-01
0.00000000000000e+00
0.00000000000000e+00
0.00000000000000e+00
0.00000000000000e+00
8.01383537496991e+00
9.74171244821597e+00
5.67973578430244e+00
0.00000000000000e+00
5.16083126351234e+00
7.85532031541605e+00
3.84543839670314e+00
1.25408446594112e+00
8.97004466186250e+00
0.00000000000000e+00
7.93833184501901e-01
1.57683859914374e+01
1.13225492803316e+01
6.19932219314904e+00
7.92298246548957e+00
1.42848103856925e+01
4.02342729639205e+00
8.13025488402834e+00
7.61787037409350e+00
0.00000000000000e+00
8.02482060943450e+00
5.55695057703797e+00
3.84488742073895e+00
4.18533154928467e+00
2.86485544566875e+00
1.06332267997265e+01
9.80272573106466e+00
1.09429460249873e+01
8.59713481921142e+00
1.14853371667670e+01
1.02466410382996e+00
0.00000000000000e+00
4.82574586390821e+00
5.59740533758954e+00
2.04231813639498e+01
7.33052350517715e-01
1.80418135898942e+01
1.12622837544668e+01
7.50055639733111e-01
2.23017141415501e+00
8.06689904585772e+00
2.42293881894565e+01
0.00000000000000e+00
3.06841730791133e+00
5.05938853378518e+00
6.36675315315143e+00
3.63902804839263e+00
2.85253609051323e+01
7.76883620405874e-01
0.00000000000000e+00
1.65242861145523e+00
1.38799259920553e+01
1.08574262336746e+01
0.00000000000000e+00
2.94091434039419e+01
9.99643605222877e+00
8.31412510115514e-01
5.91636250389161e-01
2.03270415135038e+00
6.69052347343196e+00
0.00000000000000e+00
3.90773114979865e+00
4.81788564851924e+00
0.00000000000000e+00
0.00000000000000e+00
7.23351191643018e-01
2.33945659921160e-01
8.99423008749565e+00
1.01121482478770e+00
7.06139269860031e+00
1.39602759355774e+00
2.58593866691767e+00
3.66976223202414e+00
2.17683853034795e+00
0.00000000000000e+00
1.20874272081318e+01
8.32431328034929e+00
1.45999091082449e+00
3.38339670168519e+00
7.12228365743850e+00
1.32848066972603e+00
5.02675277481833e+00
2.68619172803293e+01
0.00000000000000e+00
3.15745970995534e+00
0.00000000000000e+00
0.00000000000000e+00
0.00000000000000e+00
2.87729984382122e+00
4.59514127426768e+00
5.91636250389161e-01
2.24428994239740e+00
2.84252396784820e+00
3.97558217116924e+00
0.00000000000000e+00
2.39936403252683e+01
0.00000000000000e+00
3.95877414617555e+00
1.56337044955095e+01
7.89353151113818e+00
1.14205062793703e+01
4.88386792986940e+00
5.57724713404803e+00
6.87389009576413e+00
2.19920752474905e+01
0.00000000000000e+00
3.46916660304269e+00
0.00000000000000e+00
3.54294991918695e+01
0.00000000000000e+00
6.67748481228659e-01
9.68870871509503e+00
4.46479959116644e+00
4.80212376089774e+00
2.70647970515526e+00
7.64773614245755e+00
5.28411209160934e+00
8.73159964341622e+00
0.00000000000000e+00
3.09630527413622e+01
6.63142311003781e+00
8.83871432469898e-01
1.11863270911678e+01
2.29623425144882e+01
1.94670942249578e+01
1.45211131482593e+01
8.68865271164024e+00
1.22369846061473e+00
8.10353883489717e+00
8.85806834930251e+00
2.70272293277302e+00
3.21949418536791e+01
0.00000000000000e+00
1.44007360870316e+00
1.01258101595657e+01
5.24372821485970e+00
2.82278630145099e+00
1.19548264230538e+01
2.59303093594776e+01
4.44767671281089e+00
0.00000000000000e+00
0.00000000000000e+00
0.00000000000000e+00
1.77281619733219e+01
5.64311946065588e+00
8.34827228609325e+00
1.85931371542785e+01
2.59184490281226e+01
4.73639670683250e+00
2.71296552935360e+00
2.24337258336417e+01
6.35702256824075e+00
0.00000000000000e+00
0.00000000000000e+00
4.04414098393959e+01
2.68388232528055e+01
2.67854298731010e+01
0.00000000000000e+00
1.76998398974032e+00
0.00000000000000e+00
0.00000000000000e+00
0.00000000000000e+00
2.97420055854661e+00
1.44962253788145e+01
1.82621334739206e+00
6.12616383974762e+00
2.38214963659169e+01
9.92073241835286e+00
5.42593105870720e+00
0.00000000000000e+00
7.46252077200249e+00
1.38023369746665e+01
9.92611482037254e+00
1.84500725922758e+01
0.00000000000000e+00
3.45447612567286e+01
0.00000000000000e+00
0.00000000000000e+00
0.00000000000000e+00
5.62507371193112e+00
0.00000000000000e+00
0.00000000000000e+00
0.00000000000000e+00
1.70103678462072e+01
1.34414755778178e+01
6.51256175583038e+00
0.00000000000000e+00
3.83020302427173e+01
1.01169206619280e+01
3.95522928152977e+00
2.35875700471013e+00
0.00000000000000e+00
2.70972964514110e+01
0.00000000000000e+00
0.00000000000000e+00
0.00000000000000e+00
0.00000000000000e+00
5.80620885893265e+01
9.48920751212639e+00
1.27326607443864e+01
6.15818742803109e+00
1.50388392283478e+01
1.77685827477844e+01
2.39396893663592e+00
3.32151343095284e+01
5.94599045210064e+00
0.00000000000000e+00
0.00000000000000e+00
0.00000000000000e+00
9.57517504850047e+00
2.97138591165992e+00
6.00170589595488e+00
3.26884891383704e+00
3.14535421916403e+00
1.34800895107031e+00
3.04005466754238e+01
0.00000000000000e+00
2.33950856389966e+00
0.00000000000000e+00
6.66887963132933e+00
8.51063161592229e+00
2.78119128154744e+00
3.56950876062598e+01
4.08732087926046e+00
1.14981223900715e+01
3.26013129402312e+00
2.12418067715202e+01
1.14598797271597e+01
1.60793124655410e+01
0.00000000000000e+00
0.00000000000000e+00
0.00000000000000e+00
0.00000000000000e+00
0.00000000000000e+00
0.00000000000000e+00
1.24182993188096e+01
1.23591276250707e+01
4.47322531678684e+00
7.32125246440610e+00
1.80398635220783e+01
1.99778118291929e+00
1.88834192993693e+01
8.11073865766048e+00
7.38168194499204e+00
1.25118587509621e+01
1.19994815204851e+00
2.00806046915883e+01
6.42746410812627e+00
5.82647514093383e+00
4.01963286512236e+01
1.68343811790338e+01
1.25199543779622e+01
7.93498683786190e+00
2.75290617802479e+01
3.13386606944276e+01
8.84242551573682e+00
2.02625491811633e+01
4.93579227214909e+00
1.39683881396982e+01
6.24581638635048e+00
3.70653796088151e+01
2.91264200202355e+01
3.96684777383072e+01
9.39336343258418e+00
1.87793727903873e+01
1.93506432165729e+01
3.43593700313920e+01
0.00000000000000e+00
0.00000000000000e+00
2.36687955466982e+01
1.85458398523076e+01
1.49059344146100e+01
2.25066593919442e+01
1.09361070197590e+01
5.10186369366847e+00
0.00000000000000e+00
0.00000000000000e+00
5.11796476893238e+01
7.43468565182376e+01
0.00000000000000e+00
7.36320942314275e+01
3.65412144611827e+01
2.61425208738247e+01
2.98350471313959e+01
4.95760076666743e+01
2.28343063666984e+01
7.12358892975730e+01
1.01152185198973e+01
2.53398577928363e+01
2.18737068879072e+01
2.75335466419782e+01
1.61749084267173e+01
0.00000000000000e+00
1.75645217972894e+01
4.94380311462367e+01
3.66724243127443e+01
2.60135669323080e+01
1.38762371223976e+01
4.98045736082694e+01
2.45441729887298e+01
1.99032290287320e+01
2.13224057663389e+01
2.76037449101896e+01
3.69175394750117e+01
9.07219346014866e+00
1.08732569202272e+01
4.72407622285198e+00
1.49789437970381e+01
1.61789773015374e+01
2.41360236246608e+01
1.97726903102971e+01
5.63703950022200e+01
0.00000000000000e+00
0.00000000000000e+00
1.58676481390123e+00
9.67146728299684e+00
7.58818535071208e+00
2.56792211837835e+01
2.70843864969154e+01
0.00000000000000e+00
0.00000000000000e+00
0.00000000000000e+00
2.93900953747521e+01
1.51307582176009e+01
9.75062693760181e+00
0.00000000000000e+00
1.42889125731948e+01
4.79323221029936e+01
6.03824577658826e+01
5.42019965910674e+01
0.00000000000000e+00
0.00000000000000e+00
1.63548860959445e+01
3.08742293583086e+01
5.39233880539252e+01
4.69709587707372e+01
9.27430497235799e+00
1.20905181906224e+01
6.69373824460251e+01
1.52723643987658e+00
0.00000000000000e+00
0.00000000000000e+00
5.79444362180496e+00
1.32852618556825e+01
2.42541891949380e+01
3.05299445435606e+01
1.94711367482465e+01
1.41339502697866e+01
7.47992662117773e+00
1.95987744129464e+01
2.45705833543216e+01
2.18009307573095e+01
4.48795597270664e+00
1.00949940861298e+01
1.42854905775627e+01
4.96972087321616e+01
0.00000000000000e+00
2.13767323671287e+01
1.45828540563416e+01
0.00000000000000e+00
0.00000000000000e+00
0.00000000000000e+00
3.35094174711629e+01
3.73460241675545e+01
4.55035391662745e+01
2.05712707388229e+01
4.66814840925650e+01
2.17317879698747e+01
6.64142077868119e+01
3.27155505079151e+01
9.32876223524286e+01
6.19457573659271e+01
5.57740418084136e+01
1.51502453409817e+01
3.38495340513065e+01
5.03528669682133e+01
2.17393815221441e+01
0.00000000000000e+00
5.02378197189945e+01
9.66990760168484e+00
3.58523477986640e+01
2.45733695341353e+01
2.96852581038347e+01
3.20473022101858e+01
8.02520255613517e+01
7.92663291128478e+01
0.00000000000000e+00
0.00000000000000e+00
0.00000000000000e+00
0.00000000000000e+00
0.00000000000000e+00
5.86357290377358e+00
0.00000000000000e+00
2.35024314395710e+01
3.53465457056717e+01
3.50047236907121e+01
4.52175341640245e+00
4.41793567774597e+01
5.26637050291363e+01
4.47815197478267e+01
8.90596509010717e+00
6.34606340758651e+01
0.00000000000000e+00
0.00000000000000e+00
1.33430587043064e+01
3.59115450505983e+01
4.00817947938229e+01
0.00000000000000e+00
0.00000000000000e+00
0.00000000000000e+00
0.00000000000000e+00
1.06470270391808e+01
0.00000000000000e+00
0.00000000000000e+00
0.00000000000000e+00
3.20376398929960e+01
0.00000000000000e+00
0.00000000000000e+00
0.00000000000000e+00
1.55877650243556e+01
1.21369737636499e+02
4.60679466589163e+01
2.14682149999668e+01
7.33106069161753e+00
6.80028290707854e+01
3.32420219867118e+01
5.41796703627241e+01
3.62643260265768e+01
1.59364048998787e+01
0.00000000000000e+00
0.00000000000000e+00
2.37598568277577e+01
0.00000000000000e+00
5.88329163295892e+00
2.36382312165324e+01
0.00000000000000e+00
0.00000000000000e+00
0.00000000000000e+00
4.49850445389765e+00
1.64959395901781e+01
0.00000000000000e+00
3.74683441604158e+01
1.59024105135714e+00
0.00000000000000e+00
0.00000000000000e+00
4.55159831656481e+01
3.55662028379841e+01
3.06317817321765e+01
3.49607990378316e+01
0.00000000000000e+00
2.77963303954756e+01
0.00000000000000e+00
0.00000000000000e+00
4.25159762970547e+00
0.00000000000000e+00
0.00000000000000e+00
0.00000000000000e+00
0.00000000000000e+00
0.00000000000000e+00
0.00000000000000e+00
4.65586681560217e+01
5.83601513805221e+01
2.82686668273644e+01
4.65535374905481e+01
0.00000000000000e+00
7.10045844713029e+00
0.00000000000000e+00
3.50767223385071e+01
0.00000000000000e+00
4.17148969946290e+00
0.00000000000000e+00
0.00000000000000e+00
0.00000000000000e+00
4.58542128810436e+01
8.44547439623160e+01
6.18880235494654e+01
1.34696240591123e+00
7.66932337105047e+01
0.00000000000000e+00
0.00000000000000e+00
0.00000000000000e+00
0.00000000000000e+00
0.00000000000000e+00
0.00000000000000e+00
0.00000000000000e+00
0.00000000000000e+00
0.00000000000000e+00
0.00000000000000e+00
0.00000000000000e+00
0.00000000000000e+00
0.00000000000000e+00
0.00000000000000e+00
0.00000000000000e+00
0.00000000000000e+00
0.00000000000000e+00
0.00000000000000e+00
0.00000000000000e+00
0.00000000000000e+00
0.00000000000000e+00
0.00000000000000e+00
3.20773370331696e+01
0.00000000000000e+00
3.30893590187315e+01
2.49560550927104e+01
4.42328868336150e+01
3.63849677734894e+00
0.00000000000000e+00
0.00000000000000e+00
3.72341924165813e+00
4.90263029749757e+01
0.00000000000000e+00
0.00000000000000e+00
9.81449032987591e+00
0.00000000000000e+00
0.00000000000000e+00
0.00000000000000e+00
8.59405338414284e+01
0.00000000000000e+00
4.48871051537416e+01
1.04474856875827e+02
4.72454030433346e+00
1.78855818982989e+00
7.38694055388667e+01
4.36386411469346e+01
2.79453174991365e+01
2.14114453172658e+01
0.00000000000000e+00
0.00000000000000e+00
0.00000000000000e+00
2.40206206036080e+00
0.00000000000000e+00
0.00000000000000e+00
0.00000000000000e+00
1.47535268625151e+01
0.00000000000000e+00
0.00000000000000e+00
0.00000000000000e+00
0.00000000000000e+00
0.00000000000000e+00
0.00000000000000e+00
0.00000000000000e+00
0.00000000000000e+00
0.00000000000000e+00
0.00000000000000e+00
0.00000000000000e+00
0.00000000000000e+00
2.03739180482352e+01
0.00000000000000e+00
0.00000000000000e+00
0.00000000000000e+00
0.00000000000000e+00
0.00000000000000e+00
0.00000000000000e+00
0.00000000000000e+00
3.65970645925605e+00
0.00000000000000e+00
0.00000000000000e+00
0.00000000000000e+00
0.00000000000000e+00
0.00000000000000e+00
0.00000000000000e+00
0.00000000000000e+00
0.00000000000000e+00
0.00000000000000e+00
0.00000000000000e+00
0.00000000000000e+00
0.00000000000000e+00
2.64983023513677e+01
0.00000000000000e+00
0.00000000000000e+00
0.00000000000000e+00
0.00000000000000e+00
0.00000000000000e+00
3.75022236037127e+00
0.00000000000000e+00
0.00000000000000e+00
1.46926921274722e+01
0.00000000000000e+00
0.00000000000000e+00
0.00000000000000e+00
0.00000000000000e+00
0.00000000000000e+00
0.00000000000000e+00
0.00000000000000e+00
0.00000000000000e+00
0.00000000000000e+00
2.16053182221606e+00
0.00000000000000e+00
0.00000000000000e+00
0.00000000000000e+00
0.00000000000000e+00
0.00000000000000e+00
0.00000000000000e+00
0.00000000000000e+00
0.00000000000000e+00
0.00000000000000e+00
0.00000000000000e+00
0.00000000000000e+00
0.00000000000000e+00
0.00000000000000e+00
0.00000000000000e+00
0.00000000000000e+00
0.00000000000000e+00
0.00000000000000e+00
0.00000000000000e+00
0.00000000000000e+00
0.00000000000000e+00
0.00000000000000e+00
2.48884515056100e+01
0.00000000000000e+00
2.04768291668113e+01
2.40206206036080e+00
0.00000000000000e+00
0.00000000000000e+00
0.00000000000000e+00
0.00000000000000e+00
0.00000000000000e+00
0.00000000000000e+00
0.00000000000000e+00
1.33960218168097e+01
0.00000000000000e+00
0.00000000000000e+00
0.00000000000000e+00
0.00000000000000e+00
0.00000000000000e+00
0.00000000000000e+00
0.00000000000000e+00
0.00000000000000e+00
0.00000000000000e+00
0.00000000000000e+00
1.97384614104689e+00
0.00000000000000e+00
0.00000000000000e+00
0.00000000000000e+00
0.00000000000000e+00
0.00000000000000e+00
0.00000000000000e+00
0.00000000000000e+00
0.00000000000000e+00
0.00000000000000e+00
0.00000000000000e+00
0.00000000000000e+00
0.00000000000000e+00
0.00000000000000e+00
0.00000000000000e+00
0.00000000000000e+00
1.64178562296971e+00
1.97384614104689e+00
1.93412206866903e+00
0.00000000000000e+00
0.00000000000000e+00
0.00000000000000e+00
0.00000000000000e+00
0.00000000000000e+00
0.00000000000000e+00
0.00000000000000e+00
0.00000000000000e+00
0.00000000000000e+00
0.00000000000000e+00
0.00000000000000e+00
0.00000000000000e+00
0.00000000000000e+00
0.00000000000000e+00
0.00000000000000e+00
0.00000000000000e+00
0.00000000000000e+00
0.00000000000000e+00
0.00000000000000e+00
0.00000000000000e+00
0.00000000000000e+00
0.00000000000000e+00
0.00000000000000e+00
0.00000000000000e+00
0.00000000000000e+00
0.00000000000000e+00
0.00000000000000e+00
0.00000000000000e+00
0.00000000000000e+00
0.00000000000000e+00
0.00000000000000e+00
0.00000000000000e+00
0.00000000000000e+00
0.00000000000000e+00
0.00000000000000e+00
0.00000000000000e+00
0.00000000000000e+00
0.00000000000000e+00
0.00000000000000e+00
0.00000000000000e+00
0.00000000000000e+00
0.00000000000000e+00
0.00000000000000e+00
0.00000000000000e+00
0.00000000000000e+00
0.00000000000000e+00
0.00000000000000e+00
0.00000000000000e+00
0.00000000000000e+00
0.00000000000000e+00
0.00000000000000e+00
0.00000000000000e+00
0.00000000000000e+00
0.00000000000000e+00
0.00000000000000e+00
0.00000000000000e+00
0.00000000000000e+00
0.00000000000000e+00
0.00000000000000e+00
0.00000000000000e+00
0.00000000000000e+00
0.00000000000000e+00
0.00000000000000e+00
0.00000000000000e+00
0.00000000000000e+00
0.00000000000000e+00
0.00000000000000e+00
0.00000000000000e+00
0.00000000000000e+00
0.00000000000000e+00
0.00000000000000e+00
0.00000000000000e+00
0.00000000000000e+00
0.00000000000000e+00
0.00000000000000e+00
0.00000000000000e+00
0.00000000000000e+00
1.78855818982989e+00
0.00000000000000e+00
0.00000000000000e+00
0.00000000000000e+00
0.00000000000000e+00
3.44101378946330e+00
0.00000000000000e+00
0.00000000000000e+00
0.00000000000000e+00
0.00000000000000e+00
0.00000000000000e+00
0.00000000000000e+00
0.00000000000000e+00
3.13329302709965e+00
0.00000000000000e+00
0.00000000000000e+00
0.00000000000000e+00
0.00000000000000e+00
0.00000000000000e+00
0.00000000000000e+00
0.00000000000000e+00
0.00000000000000e+00
0.00000000000000e+00
0.00000000000000e+00
0.00000000000000e+00
0.00000000000000e+00
0.00000000000000e+00
2.16053182221606e+00
0.00000000000000e+00
0.00000000000000e+00
0.00000000000000e+00
0.00000000000000e+00
0.00000000000000e+00
1.44880141514053e+00
0.00000000000000e+00
0.00000000000000e+00
0.00000000000000e+00
0.00000000000000e+00
0.00000000000000e+00
0.00000000000000e+00
0.00000000000000e+00
0.00000000000000e+00
0.00000000000000e+00
0.00000000000000e+00
0.00000000000000e+00
0.00000000000000e+00
0.00000000000000e+00
0.00000000000000e+00
0.00000000000000e+00
0.00000000000000e+00
0.00000000000000e+00
0.00000000000000e+00
0.00000000000000e+00
0.00000000000000e+00
0.00000000000000e+00
0.00000000000000e+00
0.00000000000000e+00
0.00000000000000e+00
0.00000000000000e+00
0.00000000000000e+00
0.00000000000000e+00
0.00000000000000e+00
0.00000000000000e+00
0.00000000000000e+00
0.00000000000000e+00
0.00000000000000e+00
0.00000000000000e+00
0.00000000000000e+00
0.00000000000000e+00
0.00000000000000e+00
0.00000000000000e+00
0.00000000000000e+00
0.00000000000000e+00
0.00000000000000e+00
0.00000000000000e+00
0.00000000000000e+00
0.00000000000000e+00
0.00000000000000e+00
0.00000000000000e+00
0.00000000000000e+00
0.00000000000000e+00
0.00000000000000e+00
0.00000000000000e+00
0.00000000000000e+00
0.00000000000000e+00
0.00000000000000e+00
0.00000000000000e+00
0.00000000000000e+00
0.00000000000000e+00
0.00000000000000e+00
0.00000000000000e+00
0.00000000000000e+00
0.00000000000000e+00
0.00000000000000e+00
0.00000000000000e+00
0.00000000000000e+00
0.00000000000000e+00
0.00000000000000e+00
0.00000000000000e+00
0.00000000000000e+00
0.00000000000000e+00
0.00000000000000e+00
0.00000000000000e+00
0.00000000000000e+00
0.00000000000000e+00
0.00000000000000e+00
0.00000000000000e+00
0.00000000000000e+00
0.00000000000000e+00
0.00000000000000e+00
0.00000000000000e+00
0.00000000000000e+00
0.00000000000000e+00
0.00000000000000e+00
0.00000000000000e+00
0.00000000000000e+00
0.00000000000000e+00
0.00000000000000e+00
0.00000000000000e+00
0.00000000000000e+00
0.00000000000000e+00
0.00000000000000e+00
0.00000000000000e+00
0.00000000000000e+00
0.00000000000000e+00
0.00000000000000e+00
0.00000000000000e+00
0.00000000000000e+00
0.00000000000000e+00
0.00000000000000e+00
0.00000000000000e+00
0.00000000000000e+00
1.19606605581335e+00
0.00000000000000e+00
0.00000000000000e+00
0.00000000000000e+00
0.00000000000000e+00
0.00000000000000e+00
0.00000000000000e+00
0.00000000000000e+00
0.00000000000000e+00
0.00000000000000e+00
4.12579545639051e+00
0.00000000000000e+00
4.84243950172830e+00
2.76930449266583e+00
2.89195149816201e+00
0.00000000000000e+00
0.00000000000000e+00
0.00000000000000e+00
4.66165263650591e+00
0.00000000000000e+00
1.52008168975679e+01
1.84063828448248e+00
0.00000000000000e+00
0.00000000000000e+00
0.00000000000000e+00
0.00000000000000e+00
0.00000000000000e+00
0.00000000000000e+00
0.00000000000000e+00
0.00000000000000e+00
0.00000000000000e+00
0.00000000000000e+00
0.00000000000000e+00
0.00000000000000e+00
0.00000000000000e+00
0.00000000000000e+00
0.00000000000000e+00
0.00000000000000e+00
0.00000000000000e+00
0.00000000000000e+00
0.00000000000000e+00
0.00000000000000e+00
0.00000000000000e+00
0.00000000000000e+00
0.00000000000000e+00
0.00000000000000e+00
0.00000000000000e+00
0.00000000000000e+00
0.00000000000000e+00
0.00000000000000e+00
0.00000000000000e+00
0.00000000000000e+00
0.00000000000000e+00
0.00000000000000e+00
0.00000000000000e+00
0.00000000000000e+00
0.00000000000000e+00
0.00000000000000e+00
0.00000000000000e+00
0.00000000000000e+00
0.00000000000000e+00
5.07481130637799e+01
7.00052939241221e+01
5.85577658244949e+01
2.24479446762703e+01
5.57138477294712e+01
4.38906885864773e+01
4.31201094952359e+01
4.01934942613628e+01
4.37117105851796e+00
1.85124242029690e+01
0.00000000000000e+00
9.94546130856612e+00
3.93315279167874e+00
0.00000000000000e+00
0.00000000000000e+00
0.00000000000000e+00
0.00000000000000e+00
0.00000000000000e+00
0.00000000000000e+00
4.08605341649380e+01
1.34591788034986e+01
1.78521184998050e+01
1.42889125731948e+01
0.00000000000000e+00
0.00000000000000e+00
0.00000000000000e+00
0.00000000000000e+00
0.00000000000000e+00
0.00000000000000e+00
0.00000000000000e+00
0.00000000000000e+00
0.00000000000000e+00
0.00000000000000e+00
0.00000000000000e+00
0.00000000000000e+00
0.00000000000000e+00
0.00000000000000e+00
0.00000000000000e+00
0.00000000000000e+00
0.00000000000000e+00
0.00000000000000e+00
0.00000000000000e+00
0.00000000000000e+00
0.00000000000000e+00
0.00000000000000e+00
0.00000000000000e+00
0.00000000000000e+00
0.00000000000000e+00
0.00000000000000e+00
0.00000000000000e+00
0.00000000000000e+00
1.65950874048859e+01
1.07342832812398e+01
1.82717987657054e+01
0.00000000000000e+00
0.00000000000000e+00
0.00000000000000e+00
0.00000000000000e+00
4.97176983764519e+00
2.68276045472531e+01
0.00000000000000e+00
0.00000000000000e+00
0.00000000000000e+00
0.00000000000000e+00
0.00000000000000e+00
0.00000000000000e+00
0.00000000000000e+00
0.00000000000000e+00
0.00000000000000e+00
0.00000000000000e+00
0.00000000000000e+00
0.00000000000000e+00
0.00000000000000e+00
0.00000000000000e+00
0.00000000000000e+00
0.00000000000000e+00
0.00000000000000e+00
0.00000000000000e+00
0.00000000000000e+00
0.00000000000000e+00
0.00000000000000e+00
0.00000000000000e+00
5.34453487341980e+00
0.00000000000000e+00
0.00000000000000e+00
0.00000000000000e+00
1.42596017736728e+00
0.00000000000000e+00
0.00000000000000e+00
0.00000000000000e+00
0.00000000000000e+00
0.00000000000000e+00
0.00000000000000e+00
0.00000000000000e+00
0.00000000000000e+00
0.00000000000000e+00
0.00000000000000e+00
0.00000000000000e+00
0.00000000000000e+00
0.00000000000000e+00
0.00000000000000e+00
0.00000000000000e+00
0.00000000000000e+00
0.00000000000000e+00
0.00000000000000e+00
0.00000000000000e+00
0.00000000000000e+00
0.00000000000000e+00
0.00000000000000e+00
0.00000000000000e+00
0.00000000000000e+00
0.00000000000000e+00
0.00000000000000e+00
0.00000000000000e+00
0.00000000000000e+00
0.00000000000000e+00
0.00000000000000e+00
0.00000000000000e+00
0.00000000000000e+00
0.00000000000000e+00
0.00000000000000e+00
0.00000000000000e+00
0.00000000000000e+00
0.00000000000000e+00
0.00000000000000e+00
0.00000000000000e+00
0.00000000000000e+00
0.00000000000000e+00
0.00000000000000e+00
0.00000000000000e+00
0.00000000000000e+00
0.00000000000000e+00
0.00000000000000e+00
0.00000000000000e+00
0.00000000000000e+00
0.00000000000000e+00
0.00000000000000e+00
0.00000000000000e+00
0.00000000000000e+00
0.00000000000000e+00
0.00000000000000e+00
0.00000000000000e+00
0.00000000000000e+00
0.00000000000000e+00
0.00000000000000e+00
0.00000000000000e+00
0.00000000000000e+00
0.00000000000000e+00
0.00000000000000e+00
0.00000000000000e+00
0.00000000000000e+00
0.00000000000000e+00
0.00000000000000e+00
0.00000000000000e+00
0.00000000000000e+00
0.00000000000000e+00
0.00000000000000e+00
0.00000000000000e+00
0.00000000000000e+00
0.00000000000000e+00
0.00000000000000e+00
0.00000000000000e+00
0.00000000000000e+00
0.00000000000000e+00
0.00000000000000e+00
0.00000000000000e+00
0.00000000000000e+00
0.00000000000000e+00
0.00000000000000e+00
0.00000000000000e+00
0.00000000000000e+00
0.00000000000000e+00
0.00000000000000e+00
0.00000000000000e+00
0.00000000000000e+00
0.00000000000000e+00
0.00000000000000e+00
0.00000000000000e+00
0.00000000000000e+00
0.00000000000000e+00
0.00000000000000e+00
0.00000000000000e+00
0.00000000000000e+00
0.00000000000000e+00
0.00000000000000e+00
0.00000000000000e+00
0.00000000000000e+00
0.00000000000000e+00
0.00000000000000e+00
0.00000000000000e+00
0.00000000000000e+00
0.00000000000000e+00
0.00000000000000e+00
0.00000000000000e+00
0.00000000000000e+00
0.00000000000000e+00
0.00000000000000e+00
0.00000000000000e+00
0.00000000000000e+00
0.00000000000000e+00
0.00000000000000e+00
0.00000000000000e+00
0.00000000000000e+00
0.00000000000000e+00
0.00000000000000e+00
0.00000000000000e+00
0.00000000000000e+00
0.00000000000000e+00
0.00000000000000e+00
0.00000000000000e+00
0.00000000000000e+00
0.00000000000000e+00
0.00000000000000e+00
0.00000000000000e+00
0.00000000000000e+00
0.00000000000000e+00
0.00000000000000e+00
0.00000000000000e+00
0.00000000000000e+00
0.00000000000000e+00
0.00000000000000e+00
0.00000000000000e+00
0.00000000000000e+00
0.00000000000000e+00
0.00000000000000e+00
0.00000000000000e+00
0.00000000000000e+00
0.00000000000000e+00
0.00000000000000e+00
0.00000000000000e+00
0.00000000000000e+00
0.00000000000000e+00
0.00000000000000e+00
0.00000000000000e+00
0.00000000000000e+00
0.00000000000000e+00
0.00000000000000e+00
0.00000000000000e+00
0.00000000000000e+00
0.00000000000000e+00
0.00000000000000e+00
0.00000000000000e+00
0.00000000000000e+00
0.00000000000000e+00
0.00000000000000e+00
0.00000000000000e+00
0.00000000000000e+00
0.00000000000000e+00
0.00000000000000e+00
0.00000000000000e+00
0.00000000000000e+00
0.00000000000000e+00
0.00000000000000e+00
0.00000000000000e+00
0.00000000000000e+00
0.00000000000000e+00
0.00000000000000e+00
0.00000000000000e+00
0.00000000000000e+00
0.00000000000000e+00
0.00000000000000e+00
0.00000000000000e+00
1.78829165396865e+01
0.00000000000000e+00
0.00000000000000e+00
0.00000000000000e+00
0.00000000000000e+00
0.00000000000000e+00
0.00000000000000e+00
0.00000000000000e+00
0.00000000000000e+00
