5.97301970894749e-01
0.00000000000000e+00
0.00000000000000e+00
7.20524077845436e-01
9.24090430541911e+00
2.17731580274490e+00
6.34971684315412e+00
0.00000000000000e+00
3.82169926455341e-01
0.00000000000000e+00
7.57314333681860e-01
0.00000000000000e+00
0.00000000000000e+00
0.00000000000000e+00
7.24256729343938e-01
7.79988230680437e-01
3.43308172493338e-01
1.00316307747046e+00
7.57314333681860e-01
8.47309865451426e-01
0.00000000000000e+00
8.76215366860172e+00
1.59150868848321e+01
0.00000000000000e+00
2.26215143150465e+00
0.00000000000000e+00
0.00000000000000e+00
7.54556717550112e-01
0.00000000000000e+00
7.50951955853369e-01
1.48946299047677e+00
7.57314333681860e-01
0.00000000000000e+00
0.00000000000000e+00
1.48946299047677e+00
2.01641916277345e+00
7.24886763422026e+00
0.00000000000000e+00
6.79833416306512e-01
1.00975244490915e+00
0.00000000000000e+00
7.47988865448339e+00
4.52444103155820e-01
0.00000000000000e+00
7.35291432018624e-01
0.00000000000000e+00
0.00000000000000e+00
0.00000000000000e+00
1.47019590531330e+00
0.00000000000000e+00
1.49144359598343e+00
0.00000000000000e+00
0.00000000000000e+00
0.00000000000000e+00
0.00000000000000e+00
0.00000000000000e+00
1.47019590531330e+00
0.00000000000000e+00
4.15289653132750e+00
0.00000000000000e+00
1.01963766113260e+00
0.00000000000000e+00
0.00000000000000e+00
0.00000000000000e+00
6.08734631814739e-01
1.47575473571997e+00
1.49144359598343e+00
0.00000000000000e+00
6.87289656940958e-01
0.00000000000000e+00
0.00000000000000e+00
1.72557077188498e+00
2.27566298455699e+00
1.39044205743316e+01
0.00000000000000e+00
0.00000000000000e+00
6.73875780948738e-01
7.47756240489274e+00
0.00000000000000e+00
5.37956832506596e+00
8.80798124980706e+00
0.00000000000000e+00
2.52717108544297e+00
0.00000000000000e+00
7.35382002771334e-01
0.00000000000000e+00
1.53047004544355e+00
7.35727048571697e-01
0.00000000000000e+00
0.00000000000000e+00
0.00000000000000e+00
0.00000000000000e+00
7.81572779720481e-01
7.38518110813796e-01
2.34204572309763e+01
0.00000000000000e+00
1.23704179336878e+00
6.10453763583493e-01
0.00000000000000e+00
1.42294906824014e+01
0.00000000000000e+00
0.00000000000000e+00
1.96026120708441e+00
8.58543661741741e-01
4.06307641668995e+00
0.00000000000000e+00
3.01252081432796e+00
6.69513829399066e+00
0.00000000000000e+00
0.00000000000000e+00
0.00000000000000e+00
0.00000000000000e+00
0.00000000000000e+00
0.00000000000000e+00
0.00000000000000e+00
1.10716531737586e+00
0.00000000000000e+00
0.00000000000000e+00
0.00000000000000e+00
1.42626176635076e+00
4.19752035537445e+00
0.00000000000000e+00
0.00000000000000e+00
0.00000000000000e+00
0.00000000000000e+00
1.95655372068379e+00
4.10794963921072e-01
0.00000000000000e+00
0.00000000000000e+00
5.80801123765289e+00
0.00000000000000e+00
0.00000000000000e+00
4.13972136229073e+00
0.00000000000000e+00
6.47447508119625e-01
5.14681717097832e+00
8.92145263861330e-01
6.88029673301332e+00
0.00000000000000e+00
0.00000000000000e+00
0.00000000000000e+00
0.00000000000000e+00
0.00000000000000e+00
2.09109867785148e+00
0.00000000000000e+00
1.47000783671383e+00
5.59577572157535e-01
1.00634181071841e+00
7.62481973557408e-01
1.03998430757392e+00
0.00000000000000e+00
0.00000000000000e+00
2.27589028901546e+01
0.00000000000000e+00
0.00000000000000e+00
1.01664263140988e+00
0.00000000000000e+00
0.00000000000000e+00
2.27579816612470e+00
2.69092939963205e+00
4.39206081293951e+00
9.99566066345791e+00
4.30060534930160e+00
0.00000000000000e+00
0.00000000000000e+00
0.00000000000000e+00
7.54014117904964e-01
0.00000000000000e+00
0.00000000000000e+00
0.00000000000000e+00
2.21503793995276e+01
0.00000000000000e+00
0.00000000000000e+00
8.22322624290070e-01
3.03748209663656e+00
2.56135414855777e+00
1.47015349791978e+00
0.00000000000000e+00
7.57216981780864e+00
0.00000000000000e+00
0.00000000000000e+00
9.30881535185224e-01
0.00000000000000e+00
0.00000000000000e+00
1.00975244490915e+00
1.15625699195413e+00
0.00000000000000e+00
0.00000000000000e+00
0.00000000000000e+00
7.61683930511863e-01
0.00000000000000e+00
1.16390745975894e+01
0.00000000000000e+00
2.64906576821006e+00
0.00000000000000e+00
9.05233583115407e-01
8.19704406288165e+00
3.96598735439304e-01
3.21393691280648e-01
7.51108940167803e-01
1.20606435228108e+01
0.00000000000000e+00
0.00000000000000e+00
3.92149170404241e+00
3.04957809773200e+00
0.00000000000000e+00
8.30373988031899e-01
6.53082394298543e-01
2.10508580347690e+00
4.37037919046924e+00
0.00000000000000e+00
0.00000000000000e+00
7.86736143824599e-01
9.44791072205927e+00
0.00000000000000e+00
0.00000000000000e+00
0.00000000000000e+00
2.44851998559939e+01
5.74033722224162e-01
1.57881435260768e+00
1.15359318611250e+00
0.00000000000000e+00
0.00000000000000e+00
9.36419126634879e-01
0.00000000000000e+00
0.00000000000000e+00
7.64728245849464e-01
0.00000000000000e+00
7.17390829288503e-01
0.00000000000000e+00
0.00000000000000e+00
1.25812353919896e+00
7.62430744395843e-01
7.64728245849464e-01
1.40545470240139e+00
0.00000000000000e+00
2.98013952299075e-01
7.52386036204832e-01
8.81106540300671e-01
0.00000000000000e+00
1.98858109013941e+01
1.01657432586113e+00
3.97090055743906e-01
0.00000000000000e+00
0.00000000000000e+00
0.00000000000000e+00
1.37372975795601e+01
0.00000000000000e+00
0.00000000000000e+00
1.71574152350695e+01
0.00000000000000e+00
1.05156548489526e+00
0.00000000000000e+00
0.00000000000000e+00
0.00000000000000e+00
0.00000000000000e+00
4.30199173192855e+00
2.55947782415084e+00
0.00000000000000e+00
1.53210107457120e+01
0.00000000000000e+00
0.00000000000000e+00
0.00000000000000e+00
9.65675639125268e-01
6.34971684315412e+00
0.00000000000000e+00
0.00000000000000e+00
0.00000000000000e+00
0.00000000000000e+00
0.00000000000000e+00
1.20109853779146e+00
0.00000000000000e+00
0.00000000000000e+00
4.98673232112450e+00
0.00000000000000e+00
0.00000000000000e+00
0.00000000000000e+00
7.86215011218122e+00
0.00000000000000e+00
0.00000000000000e+00
0.00000000000000e+00
0.00000000000000e+00
5.13335148961020e+00
0.00000000000000e+00
8.55029599882265e-01
0.00000000000000e+00
2.21976596679966e+01
0.00000000000000e+00
0.00000000000000e+00
7.35291432018624e-01
1.47575473571997e+00
4.59809328953870e-01
0.00000000000000e+00
0.00000000000000e+00
6.51747828025206e+00
8.16075690165292e-01
6.60907618518078e-01
0.00000000000000e+00
1.54354569993438e+00
3.50892255604612e+00
0.00000000000000e+00
0.00000000000000e+00
7.35449038140979e+00
0.00000000000000e+00
7.32019646342394e-01
9.41829368834944e-01
2.29046149132811e+00
0.00000000000000e+00
1.87492476362525e+01
7.06372026626194e-01
4.52068693347843e+00
4.15763700157346e+00
7.06372026626194e-01
0.00000000000000e+00
4.78170242345335e+00
1.03357950216973e+00
0.00000000000000e+00
0.00000000000000e+00
0.00000000000000e+00
0.00000000000000e+00
5.31014867544334e+00
0.00000000000000e+00
0.00000000000000e+00
0.00000000000000e+00
8.26677258668702e-01
3.00657087800095e-01
0.00000000000000e+00
6.43699283451931e-01
0.00000000000000e+00
0.00000000000000e+00
0.00000000000000e+00
0.00000000000000e+00
1.04898152509946e+00
0.00000000000000e+00
0.00000000000000e+00
0.00000000000000e+00
0.00000000000000e+00
0.00000000000000e+00
2.78617444541751e+00
0.00000000000000e+00
0.00000000000000e+00
1.62272305507434e+00
0.00000000000000e+00
2.72962966096884e+00
7.38518110813796e-01
2.29724213132194e+00
1.23796150937104e+00
0.00000000000000e+00
2.72962966096884e+00
3.28364581345925e-01
0.00000000000000e+00
0.00000000000000e+00
9.06220723665024e-01
0.00000000000000e+00
3.09335705401944e-01
1.03913987093728e+00
0.00000000000000e+00
0.00000000000000e+00
2.31119837822712e+01
0.00000000000000e+00
0.00000000000000e+00
6.91650737955894e+00
0.00000000000000e+00
2.78962606156390e+00
0.00000000000000e+00
0.00000000000000e+00
0.00000000000000e+00
8.49301599866553e-01
0.00000000000000e+00
1.90250803693135e+00
1.01714911513503e+00
6.78925187336584e-01
0.00000000000000e+00
1.12837447714891e+00
6.79665542748796e-01
1.34311224013305e+01
0.00000000000000e+00
2.91231279086964e+00
0.00000000000000e+00
0.00000000000000e+00
9.70416954773229e-01
0.00000000000000e+00
0.00000000000000e+00
0.00000000000000e+00
1.98047378881938e+00
0.00000000000000e+00
0.00000000000000e+00
1.72762983214408e+01
0.00000000000000e+00
2.08256487506035e+00
1.98595065396903e+00
0.00000000000000e+00
0.00000000000000e+00
0.00000000000000e+00
0.00000000000000e+00
0.00000000000000e+00
3.62103711753011e+00
3.45782649080211e+00
0.00000000000000e+00
5.30819188835792e-01
3.09305115606789e-01
2.71611527490308e+00
1.29170397649712e+00
8.12193122429974e-01
0.00000000000000e+00
0.00000000000000e+00
9.00958325491889e-01
3.57667299161278e+00
3.07545260585692e+00
6.85029987252133e+00
0.00000000000000e+00
0.00000000000000e+00
7.57066866267439e-01
7.58125642621327e-01
0.00000000000000e+00
0.00000000000000e+00
7.63972460290319e-01
7.86736143824599e-01
1.45757962411137e+01
1.00051186899507e+00
0.00000000000000e+00
0.00000000000000e+00
0.00000000000000e+00
1.25637438395646e+00
2.25019467439012e+01
0.00000000000000e+00
0.00000000000000e+00
0.00000000000000e+00
0.00000000000000e+00
0.00000000000000e+00
4.88162245358753e+00
0.00000000000000e+00
1.00942248835658e+00
0.00000000000000e+00
0.00000000000000e+00
0.00000000000000e+00
2.77752732160806e+00
0.00000000000000e+00
0.00000000000000e+00
1.38806984601256e+00
0.00000000000000e+00
0.00000000000000e+00
0.00000000000000e+00
3.06004106556424e+00
9.49151148920992e-01
0.00000000000000e+00
7.54556717550112e-01
0.00000000000000e+00
0.00000000000000e+00
0.00000000000000e+00
2.38502953593810e+00
3.89579074682639e+00
0.00000000000000e+00
8.06513920951316e-01
5.20605259559143e+00
0.00000000000000e+00
1.13856962240237e+00
0.00000000000000e+00
0.00000000000000e+00
1.00535215720662e+00
0.00000000000000e+00
0.00000000000000e+00
0.00000000000000e+00
0.00000000000000e+00
0.00000000000000e+00
9.22961355885333e+00
1.78672115892039e+00
1.98859146131125e+00
0.00000000000000e+00
0.00000000000000e+00
0.00000000000000e+00
1.23331904826421e+00
4.88141593575672e+00
6.84767574035174e+00
2.04062672725809e+00
0.00000000000000e+00
4.06819070735075e+00
0.00000000000000e+00
4.42673238529792e+00
2.19403983397427e+00
6.41817406134537e-01
1.90153718280073e+00
0.00000000000000e+00
0.00000000000000e+00
1.50151900383843e+00
0.00000000000000e+00
0.00000000000000e+00
0.00000000000000e+00
0.00000000000000e+00
0.00000000000000e+00
1.00126927447116e+00
1.05685578203305e+00
0.00000000000000e+00
2.38345268320667e+01
0.00000000000000e+00
8.40017278649828e-01
1.00122932438078e+00
5.25419616187873e+00
2.54242403547751e+00
1.18943173641241e+00
6.14298709889416e+00
0.00000000000000e+00
5.83110292170779e+00
0.00000000000000e+00
0.00000000000000e+00
0.00000000000000e+00
0.00000000000000e+00
0.00000000000000e+00
4.83094184369247e+00
7.62670419644054e-01
0.00000000000000e+00
1.26736992888729e+00
7.50302399036548e-01
0.00000000000000e+00
1.01557857401582e+00
7.50383901746299e-01
0.00000000000000e+00
1.43857925975450e+00
0.00000000000000e+00
2.98672326823255e+00
9.80509337028483e-01
2.59516261132445e+00
7.96251415472352e-01
0.00000000000000e+00
1.10223634489160e+00
0.00000000000000e+00
7.54014117904963e-01
0.00000000000000e+00
0.00000000000000e+00
0.00000000000000e+00
4.98896611207139e-01
0.00000000000000e+00
2.59516261132445e+00
0.00000000000000e+00
0.00000000000000e+00
6.68975063946316e-01
8.82749411007216e+00
9.16157225546487e-01
1.96001044895172e+00
0.00000000000000e+00
0.00000000000000e+00
0.00000000000000e+00
0.00000000000000e+00
0.00000000000000e+00
0.00000000000000e+00
0.00000000000000e+00
1.33842602709064e+00
0.00000000000000e+00
0.00000000000000e+00
1.72708691682709e+01
0.00000000000000e+00
0.00000000000000e+00
0.00000000000000e+00
5.47021421734262e+00
0.00000000000000e+00
5.70496108190622e+00
0.00000000000000e+00
0.00000000000000e+00
0.00000000000000e+00
5.66561269400612e-01
0.00000000000000e+00
0.00000000000000e+00
0.00000000000000e+00
7.64746514988962e-01
1.01083419016177e+00
0.00000000000000e+00
0.00000000000000e+00
1.65610810269386e+00
0.00000000000000e+00
4.39932808659690e-01
0.00000000000000e+00
0.00000000000000e+00
1.24117538024698e+00
8.11374302793066e-01
0.00000000000000e+00
9.15739478891037e-01
0.00000000000000e+00
0.00000000000000e+00
7.06772478742796e-01
3.32961916080189e+00
0.00000000000000e+00
0.00000000000000e+00
0.00000000000000e+00
7.87833503620527e-01
7.50302399036548e-01
0.00000000000000e+00
2.79958930516446e+00
0.00000000000000e+00
0.00000000000000e+00
0.00000000000000e+00
5.83644593331480e-01
0.00000000000000e+00
8.79079738140327e-01
1.61221124117163e+00
0.00000000000000e+00
0.00000000000000e+00
0.00000000000000e+00
0.00000000000000e+00
0.00000000000000e+00
0.00000000000000e+00
5.69846117253008e-01
4.52444103155820e-01
9.84690814418432e-01
1.52277175320604e+00
0.00000000000000e+00
0.00000000000000e+00
0.00000000000000e+00
0.00000000000000e+00
0.00000000000000e+00
9.80388576024823e-01
0.00000000000000e+00
0.00000000000000e+00
9.80969398095567e-01
0.00000000000000e+00
0.00000000000000e+00
7.07573617329180e-01
0.00000000000000e+00
0.00000000000000e+00
5.24877901614724e-01
0.00000000000000e+00
0.00000000000000e+00
0.00000000000000e+00
0.00000000000000e+00
0.00000000000000e+00
2.57844675458035e+00
0.00000000000000e+00
5.74033722224162e-01
0.00000000000000e+00
0.00000000000000e+00
0.00000000000000e+00
0.00000000000000e+00
0.00000000000000e+00
0.00000000000000e+00
0.00000000000000e+00
0.00000000000000e+00
0.00000000000000e+00
0.00000000000000e+00
8.16591959060571e-01
0.00000000000000e+00
0.00000000000000e+00
0.00000000000000e+00
8.09216593005956e-01
0.00000000000000e+00
0.00000000000000e+00
3.96598735439304e-01
5.25743352502067e+00
3.57447498319377e+00
0.00000000000000e+00
0.00000000000000e+00
0.00000000000000e+00
0.00000000000000e+00
0.00000000000000e+00
0.00000000000000e+00
4.07524660087482e-01
1.48896558819203e+00
4.07524660087482e-01
1.00040319871540e+00
0.00000000000000e+00
0.00000000000000e+00
0.00000000000000e+00
1.00147858689040e+00
0.00000000000000e+00
1.95655372068379e+00
0.00000000000000e+00
0.00000000000000e+00
0.00000000000000e+00
0.00000000000000e+00
2.05893525207191e+00
2.26215143150465e+00
3.14163771444858e+00
0.00000000000000e+00
0.00000000000000e+00
0.00000000000000e+00
1.63043303910407e+00
2.02774703770892e+01
0.00000000000000e+00
0.00000000000000e+00
0.00000000000000e+00
0.00000000000000e+00
6.66070817900556e+00
0.00000000000000e+00
2.43641452593791e+00
1.38258619728092e+00
6.74131961745069e-01
7.66173415423993e-01
0.00000000000000e+00
6.51903158861531e+00
1.16163335947638e+01
0.00000000000000e+00
0.00000000000000e+00
0.00000000000000e+00
1.28638026922619e+00
2.56101327601554e+01
5.93133289594175e+00
0.00000000000000e+00
0.00000000000000e+00
0.00000000000000e+00
5.55935950068170e-01
9.62699069401380e-01
6.97642846700614e-01
8.89012207835985e-01
1.84956498611158e+00
0.00000000000000e+00
0.00000000000000e+00
0.00000000000000e+00
1.24935090470035e+00
0.00000000000000e+00
7.08420356669833e-01
7.41168340364469e+00
5.75111847687746e-01
0.00000000000000e+00
2.19483751009891e+00
3.28882883250603e+00
3.60322048687706e-01
0.00000000000000e+00
0.00000000000000e+00
0.00000000000000e+00
0.00000000000000e+00
0.00000000000000e+00
7.51645714285210e-01
0.00000000000000e+00
0.00000000000000e+00
0.00000000000000e+00
6.93961939876028e-01
6.95673338066753e-01
0.00000000000000e+00
0.00000000000000e+00
0.00000000000000e+00
0.00000000000000e+00
7.86460077366823e-01
7.76683257841112e-01
7.79988230680437e-01
1.01868788222281e+00
0.00000000000000e+00
0.00000000000000e+00
3.07725781823972e+00
0.00000000000000e+00
0.00000000000000e+00
5.95955466516670e+00
1.46190652107121e+00
0.00000000000000e+00
1.65520911492693e+00
7.93771104442553e-01
0.00000000000000e+00
1.32149477195073e+00
4.42508014958065e+00
0.00000000000000e+00
0.00000000000000e+00
0.00000000000000e+00
0.00000000000000e+00
0.00000000000000e+00
0.00000000000000e+00
1.90153718280073e+00
0.00000000000000e+00
1.47248119552378e+00
0.00000000000000e+00
3.20851019285786e-01
1.37207373074399e+00
0.00000000000000e+00
0.00000000000000e+00
2.91892163978865e+01
6.76031835968465e+00
0.00000000000000e+00
0.00000000000000e+00
2.17295525895176e+01
0.00000000000000e+00
0.00000000000000e+00
0.00000000000000e+00
1.55686706569472e+01
0.00000000000000e+00
0.00000000000000e+00
0.00000000000000e+00
0.00000000000000e+00
8.04466889401893e+00
0.00000000000000e+00
0.00000000000000e+00
5.08580189162888e+00
2.56272961113616e+01
3.50870592001585e+01
4.54290663698476e-01
2.95857688670081e+00
1.67095866129637e+00
1.35206845427426e+00
0.00000000000000e+00
5.20605259559143e+00
9.45276930412529e-01
2.50608452982886e+00
0.00000000000000e+00
0.00000000000000e+00
0.00000000000000e+00
0.00000000000000e+00
1.01088123484823e+01
3.10854594339235e-01
0.00000000000000e+00
0.00000000000000e+00
0.00000000000000e+00
4.70373122410396e+00
3.90241988300728e-01
1.29769552143722e+00
7.55987764621786e-01
4.61863097684818e-01
1.25671906017160e+00
3.77182598989131e-01
1.09532920245434e+00
4.46965097369478e+00
9.84018014651469e-01
2.47530563814802e+00
0.00000000000000e+00
8.29923359501374e-01
0.00000000000000e+00
9.50279501058745e-01
1.46788723550649e+01
1.61593982914332e+00
0.00000000000000e+00
2.04785398072499e+00
4.19199996620339e-01
1.13929978322998e+00
0.00000000000000e+00
0.00000000000000e+00
1.65131014756952e+00
0.00000000000000e+00
1.11720031456264e+00
2.23810173130394e+00
6.81226727737422e-01
7.55238816075324e-01
0.00000000000000e+00
3.18581185543281e+00
5.03943175201267e-01
5.03943175201267e-01
0.00000000000000e+00
9.22065222056863e-01
0.00000000000000e+00
7.07573617329180e-01
0.00000000000000e+00
0.00000000000000e+00
0.00000000000000e+00
0.00000000000000e+00
0.00000000000000e+00
0.00000000000000e+00
0.00000000000000e+00
1.80111134600715e+00
0.00000000000000e+00
0.00000000000000e+00
0.00000000000000e+00
1.39747798866280e+00
1.00607562340015e+00
0.00000000000000e+00
4.52565357339601e-01
5.83644593331480e-01
0.00000000000000e+00
0.00000000000000e+00
6.72971559618657e+00
0.00000000000000e+00
0.00000000000000e+00
0.00000000000000e+00
6.51274153672803e-01
0.00000000000000e+00
0.00000000000000e+00
3.06271421977487e+00
9.94896485181079e-01
0.00000000000000e+00
0.00000000000000e+00
4.00996557851250e+00
0.00000000000000e+00
1.97131474380895e+00
1.32671374985145e+01
7.40282251125721e+00
0.00000000000000e+00
0.00000000000000e+00
0.00000000000000e+00
1.08348251822395e+00
4.19332138436138e+00
0.00000000000000e+00
2.00141151931723e+01
5.77130386746781e+00
0.00000000000000e+00
7.66479432926190e+00
6.06496538808536e+00
2.32126229075725e+00
1.93592356718057e+01
9.33762305354263e-01
3.70430294453032e+00
2.02338813330652e+01
0.00000000000000e+00
0.00000000000000e+00
5.59574884359673e-01
7.13174798465729e-01
3.31233368474443e+00
1.83081083888609e+01
2.15063452480337e+00
2.07891293977174e+01
2.44528766014684e+00
0.00000000000000e+00
6.26809542353269e+00
0.00000000000000e+00
0.00000000000000e+00
3.61832456132813e+00
6.45360349941705e-01
7.54365197978208e-01
5.62773531371885e+00
0.00000000000000e+00
1.24751964792587e+01
0.00000000000000e+00
9.15791075020676e+00
0.00000000000000e+00
8.77361787618199e-01
4.44521643997582e+00
1.64060530418515e+01
1.06225975045147e+00
0.00000000000000e+00
5.16123775035689e-01
4.80287732244618e+00
6.70086883396034e+00
3.43283382692684e+00
0.00000000000000e+00
0.00000000000000e+00
0.00000000000000e+00
0.00000000000000e+00
0.00000000000000e+00
9.00433958567154e-01
3.39557603029186e-01
2.29046149132811e+00
3.71212679076921e+01
0.00000000000000e+00
9.94724898274998e+00
4.54290663698476e-01
6.14909316771871e+00
0.00000000000000e+00
5.60180691842919e-01
0.00000000000000e+00
0.00000000000000e+00
6.18308349919729e+00
0.00000000000000e+00
0.00000000000000e+00
1.65207428809454e+00
6.43101679427178e+00
9.92617922163257e-01
6.87769490780155e+00
1.80508453170767e+00
0.00000000000000e+00
0.00000000000000e+00
0.00000000000000e+00
3.65069745036460e+00
0.00000000000000e+00
1.96767298096003e+00
0.00000000000000e+00
0.00000000000000e+00
1.61080279893669e+00
0.00000000000000e+00
1.80354222032979e+00
1.46456495291443e+01
4.19332138436138e+00
1.15191609966704e+01
3.19639549884504e+00
0.00000000000000e+00
4.52565357339601e-01
0.00000000000000e+00
7.06772478742796e-01
1.98459549329532e+00
1.46727804720635e+00
1.24249428489161e+00
1.89332904104116e+00
0.00000000000000e+00
0.00000000000000e+00
2.61925654150704e+00
0.00000000000000e+00
0.00000000000000e+00
4.39605753512296e+00
0.00000000000000e+00
1.69289145702473e+00
3.51447657383301e+00
0.00000000000000e+00
0.00000000000000e+00
0.00000000000000e+00
0.00000000000000e+00
0.00000000000000e+00
0.00000000000000e+00
4.23510720911809e+00
5.16123775035689e-01
0.00000000000000e+00
3.00254596173549e+00
0.00000000000000e+00
8.56568678920902e+00
0.00000000000000e+00
0.00000000000000e+00
1.01555809247301e+01
0.00000000000000e+00
0.00000000000000e+00
0.00000000000000e+00
3.49712287574575e+00
3.21466257428570e+00
4.32113251374453e+00
6.58576116945280e-01
0.00000000000000e+00
1.51127214702747e+00
7.17519879917061e+00
5.79311799198104e-01
3.50576888523528e+00
9.56038268018824e+00
7.42694403805888e-01
1.30675730351788e+00
4.26102179968122e+00
0.00000000000000e+00
1.22605263728994e+00
0.00000000000000e+00
9.97184426248737e-01
1.89253625946974e+00
1.60167436353384e+00
0.00000000000000e+00
4.38412247396307e+00
7.17560784409227e-01
1.30941571956629e+00
7.78312208322150e+00
1.00704930767431e+01
1.02719235168555e+01
0.00000000000000e+00
3.27825193662708e+00
1.02423341708720e+00
8.96460551054834e-01
0.00000000000000e+00
7.16211793015026e+00
0.00000000000000e+00
1.04954951546115e+01
7.51988820297221e+00
1.76252059100378e+00
0.00000000000000e+00
9.76301089219867e-01
0.00000000000000e+00
7.12440329376531e+00
0.00000000000000e+00
0.00000000000000e+00
0.00000000000000e+00
0.00000000000000e+00
4.19199996620339e-01
0.00000000000000e+00
7.20233506654997e-01
1.01835152313009e+00
6.60592292941528e-01
3.47880190590739e+00
9.84271754924814e-01
0.00000000000000e+00
3.98435412972679e+00
0.00000000000000e+00
0.00000000000000e+00
9.18201859818036e+00
0.00000000000000e+00
0.00000000000000e+00
0.00000000000000e+00
6.05598868466882e+00
5.69595153508076e+00
6.56806823212745e-01
7.06444771031098e-01
0.00000000000000e+00
6.41712149334718e+00
6.41712149334718e+00
2.86247392712310e+00
0.00000000000000e+00
1.15762505808117e+00
1.13750026501628e+00
9.65794484484854e-01
1.56910259164988e+00
5.24421316014968e-01
6.39217769003184e-01
0.00000000000000e+00
0.00000000000000e+00
0.00000000000000e+00
5.54361539379220e+00
1.76307277810354e+00
5.31779156687837e-01
4.67756583211780e-01
4.04332656294649e+00
9.88081339297967e-01
3.45085512818815e+00
2.11684360464853e+01
1.20763599682728e+01
0.00000000000000e+00
0.00000000000000e+00
0.00000000000000e+00
0.00000000000000e+00
0.00000000000000e+00
0.00000000000000e+00
0.00000000000000e+00
9.90802786790645e+00
4.39605753512296e+00
0.00000000000000e+00
0.00000000000000e+00
1.37561484777038e+00
2.85550813574315e+00
4.72941904914964e+00
1.06944578031314e+00
3.29971622416170e-01
2.15975542492417e+00
8.80211915059319e-01
0.00000000000000e+00
6.14860436090524e-01
1.19030007446625e+01
1.37799604491267e+01
0.00000000000000e+00
0.00000000000000e+00
0.00000000000000e+00
2.75287269229682e+00
0.00000000000000e+00
0.00000000000000e+00
1.00767339189484e+00
0.00000000000000e+00
0.00000000000000e+00
0.00000000000000e+00
0.00000000000000e+00
2.02599704401234e+01
4.67756583211780e-01
0.00000000000000e+00
4.23866862618660e-01
0.00000000000000e+00
0.00000000000000e+00
0.00000000000000e+00
0.00000000000000e+00
0.00000000000000e+00
0.00000000000000e+00
0.00000000000000e+00
3.27304845976663e-01
0.00000000000000e+00
5.06390630236704e+00
0.00000000000000e+00
2.27141610056124e+00
9.77847415349459e+00
1.16131682787236e+00
0.00000000000000e+00
0.00000000000000e+00
2.59160983566275e+00
3.39247738143514e+00
0.00000000000000e+00
0.00000000000000e+00
1.38742777268744e+01
0.00000000000000e+00
0.00000000000000e+00
0.00000000000000e+00
0.00000000000000e+00
1.00723101386018e+00
8.65091809619742e+00
0.00000000000000e+00
0.00000000000000e+00
0.00000000000000e+00
0.00000000000000e+00
0.00000000000000e+00
0.00000000000000e+00
8.62758817356546e-01
0.00000000000000e+00
0.00000000000000e+00
1.39507420867486e+00
1.08148878769483e+00
0.00000000000000e+00
0.00000000000000e+00
0.00000000000000e+00
9.80590519053399e-01
5.32043202468416e+00
0.00000000000000e+00
0.00000000000000e+00
0.00000000000000e+00
0.00000000000000e+00
3.42967829758492e+00
8.89012207835985e-01
1.16079011604967e+00
1.54471928294761e+00
3.57843668729383e+00
2.40881240116741e+01
1.54070087328307e+00
0.00000000000000e+00
1.55244869844956e+01
1.10802055281206e+01
0.00000000000000e+00
1.78762152910630e+01
0.00000000000000e+00
1.23843507068465e+00
1.83499065508907e+00
0.00000000000000e+00
0.00000000000000e+00
0.00000000000000e+00
2.06052145824108e+01
2.56299163245939e+00
9.80544360894662e-01
5.39749984942881e+00
0.00000000000000e+00
0.00000000000000e+00
3.32177103123812e+00
0.00000000000000e+00
7.34987745002998e-01
0.00000000000000e+00
2.13101616012198e+00
0.00000000000000e+00
3.22056417293846e+00
1.07905251826273e+01
0.00000000000000e+00
6.44139256639773e-01
6.44139256639773e-01
5.32394929688671e+00
5.67859939960975e+00
3.60886088004495e+00
6.11908363978468e+00
0.00000000000000e+00
2.00212523138447e+01
1.60892295121538e+01
5.81676189138026e+00
2.23149222169715e+00
0.00000000000000e+00
0.00000000000000e+00
0.00000000000000e+00
7.97267801495434e+00
9.35165656802527e+00
1.90280173254779e+00
0.00000000000000e+00
9.51519254502603e+00
8.16014651375447e+00
2.23635221636878e+01
1.29350384325033e+00
0.00000000000000e+00
0.00000000000000e+00
1.26090888263982e+01
1.08623127562428e+01
3.30351145081803e+00
4.85828194246158e+00
1.10812386171949e+00
0.00000000000000e+00
0.00000000000000e+00
6.65268344187551e+00
1.40998955091056e+00
4.76040788091881e+00
1.51606841795595e+01
5.07493185889820e+00
4.70981398688283e+00
5.57609126152442e+00
0.00000000000000e+00
4.23593248875873e+00
2.41753698176712e+00
1.74390254741213e+01
9.12360460902999e+00
1.74165262141343e+00
1.15050183681123e+01
2.67330916938646e+01
2.10509159067745e+00
0.00000000000000e+00
1.46208548613691e+01
1.06134630464623e+01
0.00000000000000e+00
1.15627897654388e+01
0.00000000000000e+00
5.74145308468263e+01
0.00000000000000e+00
1.15494923875938e+01
3.39845167461221e+00
7.22771039588673e+00
1.21336327095350e+01
3.45874781930661e+01
0.00000000000000e+00
4.58139042818421e+01
2.69266169488576e+00
0.00000000000000e+00
0.00000000000000e+00
0.00000000000000e+00
3.53277174961723e+00
1.16347285234823e+01
1.61321375348725e+00
6.41558702982159e-01
0.00000000000000e+00
0.00000000000000e+00
4.41955091327892e+00
0.00000000000000e+00
2.47522836137928e+01
1.41050968484638e+01
0.00000000000000e+00
7.60673631995837e-01
1.00396451271811e+00
1.76233940770874e+00
5.30046142306799e+00
8.07880742670600e-01
3.14208747509223e+01
3.91722973355983e+00
3.04755281254978e+00
1.58873392573734e+00
0.00000000000000e+00
8.53579508031234e+00
9.37456880127015e+00
1.37685059329443e+01
6.14864877753399e+01
4.05397498434963e+00
4.04812488707160e+00
1.84564958185607e+00
1.07618692940623e+01
7.50383901746299e-01
5.61568501063088e+00
1.00720456540365e+01
0.00000000000000e+00
2.56113932485144e+01
1.01137533780669e+01
2.96778304253619e+01
1.74395831006907e+00
0.00000000000000e+00
5.33553274690747e-01
0.00000000000000e+00
0.00000000000000e+00
4.94451523161607e+00
2.82119508098674e+00
0.00000000000000e+00
1.90942354047811e+01
3.43595537954476e+01
0.00000000000000e+00
1.72285383044507e+01
2.93026520225283e+01
1.40529235481992e+01
1.55595790540646e+01
9.43146246282190e-01
0.00000000000000e+00
1.24136008026151e+01
0.00000000000000e+00
0.00000000000000e+00
9.18664394309774e+00
1.94450056729146e+01
1.23470785936751e+01
5.25863004767198e+00
1.65501389811031e+00
1.21005495759346e+01
6.01260063468912e+00
0.00000000000000e+00
6.01260063468912e+00
3.07844319666019e+00
7.00597280880971e+00
4.50189205858647e+01
5.19659461428490e+00
8.07880742670600e-01
2.25654758570683e+01
1.14282797661028e+01
0.00000000000000e+00
4.67464458870663e+00
3.93219360298739e+00
0.00000000000000e+00
5.33553274690747e-01
1.86545034110643e+00
1.95468551676740e+00
2.16918797729018e+00
6.10489638453694e-01
7.05103991415286e-01
3.97410621179568e+00
8.00495493953466e-01
8.41562330428030e+00
5.43453082367492e+00
2.29254589356110e+00
5.52589741545589e+00
1.37563342062772e+00
7.95656402989611e-01
1.33489680476292e+00
6.41558702982159e-01
8.74564774758541e+00
2.04858083419667e+00
8.35977399496648e-01
9.85730347831222e-01
2.52096630455636e+00
9.23677540710274e-01
1.11733197449521e+01
2.56400354445727e+00
4.49626850239619e+00
1.94538644321662e+00
1.44972642226815e+00
0.00000000000000e+00
2.17222831150554e+00
3.91388215906494e+00
0.00000000000000e+00
0.00000000000000e+00
0.00000000000000e+00
0.00000000000000e+00
0.00000000000000e+00
1.07292604699793e+01
0.00000000000000e+00
3.33680860295322e+01
5.10173380865550e-01
5.68005127552894e+00
0.00000000000000e+00
2.35379745017971e+01
4.59230288965478e+01
1.81020375125053e+00
4.74152919400555e+01
2.06704149198887e+01
4.08629824704107e+00
2.90427398792698e+01
0.00000000000000e+00
0.00000000000000e+00
4.54695910487546e+01
3.52614106692493e+01
8.25539066136125e+00
0.00000000000000e+00
5.39045397706881e+01
1.92949089307662e+01
4.00929339765405e+01
2.53156348387147e+01
8.87751386997076e+00
1.98932641967598e+01
6.51274153672803e-01
8.15718966869957e-01
7.34987745002998e-01
8.16883779464105e-01
8.03661834464709e-01
8.03661834464709e-01
8.69843880082743e-01
4.37190396847745e+00
5.28757126810340e+00
5.35674043948607e+00
0.00000000000000e+00
6.51061957911166e+00
7.42519233349763e-01
2.96446837576173e+01
3.18646025019009e+00
0.00000000000000e+00
8.26332103662016e+00
2.71464195928946e+01
9.42961937139189e+00
3.70986867703530e+00
5.98253362332648e-01
3.51146876398936e+00
1.23113394756894e+01
4.54303057925902e+00
1.71799946713571e+01
2.48685547011297e+00
2.46362219360505e+00
1.93629707489194e+01
5.32634165107941e+00
5.84540875929439e+00
2.24723348305554e+00
2.45650832904850e+00
0.00000000000000e+00
5.61918573126305e+00
8.31384250021116e+01
3.46449834214115e+01
6.92955568759443e+00
1.55005608721969e+01
0.00000000000000e+00
9.30728471855833e+00
0.00000000000000e+00
7.05613869327089e-01
9.07828207247399e+00
1.22894117402818e+00
6.66381648206576e+00
0.00000000000000e+00
3.61124142563855e+00
3.82223959181407e+00
0.00000000000000e+00
8.98881391537629e+00
0.00000000000000e+00
0.00000000000000e+00
3.79217166521354e+00
1.04209703962731e+00
1.06737990814545e+01
3.95783707721735e+00
2.56276563051628e+00
7.05613869327089e-01
8.60358049269937e-01
2.67707150758077e+00
3.53789291348762e+00
1.62581188968970e+01
1.02722305464214e+01
1.14633664911532e+01
2.55753696471488e+00
1.62876581485721e+01
1.07139349376143e+00
2.08228778104398e+01
1.18859610947879e+01
1.32020456720378e+01
1.99036212215189e+01
2.26280252431303e+01
6.63986965325988e+00
4.83956054127271e+00
1.36959702090813e+00
3.07879138200493e+00
2.36713179852422e+01
1.31324789231763e+01
2.51312580577282e+01
3.40425066457499e+01
3.44603040002875e+00
1.20190694498847e+01
5.02194978314634e+00
9.90358446899968e-01
6.56006031899963e-01
1.89096154845087e+00
0.00000000000000e+00
5.42524746551065e-01
3.82422300053367e+00
7.44893747039658e-01
0.00000000000000e+00
0.00000000000000e+00
2.52980297266931e+00
6.11295351032555e+00
0.00000000000000e+00
3.77980736890569e+01
1.50917653512342e+01
2.87212861259598e+01
5.70520892583199e+00
0.00000000000000e+00
8.05040335714794e+00
1.40418866339508e+01
7.59484904777949e+00
2.62064939699997e+00
0.00000000000000e+00
1.07370296523305e+00
0.00000000000000e+00
3.16021675510262e+01
5.08996170209549e+01
1.33490661435896e+01
0.00000000000000e+00
0.00000000000000e+00
0.00000000000000e+00
0.00000000000000e+00
1.01838209376160e+00
1.99728982413694e+01
1.19235568849983e+01
1.24852422360711e+01
3.77363878635769e+01
7.16694372512667e+00
5.07493185889820e+00
3.38130560233125e+01
3.88462158698596e+01
1.37672542992990e+00
1.89608343470426e+00
8.98054619503869e+00
5.05571951023901e+00
1.31060859146852e+01
0.00000000000000e+00
0.00000000000000e+00
2.23429165700919e+00
2.75504956703694e+00
1.74578673396639e+00
7.35706954919043e+01
5.23152340657805e+00
7.26277428575763e+00
2.46872742918686e+00
1.69485900260422e+00
4.95749442236739e+00
3.89551372070337e+00
1.00396451271811e+00
4.83326711281442e+00
2.57727097003304e+00
1.23843507068465e+00
5.48504922699913e+00
4.41942562623929e+00
2.66186384797655e+00
2.40123656944614e+00
0.00000000000000e+00
0.00000000000000e+00
1.64328978299558e+00
0.00000000000000e+00
2.78512202135847e+00
7.96170987870475e+00
0.00000000000000e+00
0.00000000000000e+00
2.41915492775708e+00
6.65268230189939e+00
4.12232297830937e+01
5.48462943047507e+00
0.00000000000000e+00
2.73609386115613e+01
1.01125508711052e+01
1.42492876606590e+00
1.51385745479572e+01
0.00000000000000e+00
0.00000000000000e+00
8.30332874155159e+00
1.00488299177595e+01
1.13538081028104e+01
2.47829545863483e+01
1.72784934528642e+01
5.22876241763033e+00
0.00000000000000e+00
5.52253156205168e+00
5.91263477537545e+00
1.67818091388827e+00
5.99023606180531e-01
2.42034587111814e+00
4.37854390240874e+00
5.51054519586548e+00
4.49657534540758e+00
1.72405649750628e+01
2.42034587111814e+00
0.00000000000000e+00
7.37792700816352e+00
2.18627598669167e+01
1.90191663405454e+01
1.60891399494040e+01
2.10707361878176e+01
9.94808928290244e+00
5.48577773795683e+00
5.45542393455591e+00
8.33110613963444e+00
0.00000000000000e+00
7.48220085158511e+00
1.16759068607313e+01
4.60058328692284e+01
1.24539479993026e+02
2.12411517856685e+01
0.00000000000000e+00
1.61368668900517e+00
4.42422716124568e+00
4.76680354431696e+00
4.50687138926626e+00
1.98085117261952e+01
0.00000000000000e+00
1.46939042028190e+01
8.20570551100970e+00
1.16072721305368e+01
1.31620388536741e+01
0.00000000000000e+00
0.00000000000000e+00
0.00000000000000e+00
2.09122290132710e+00
2.37947530224845e+00
1.22483831982646e+00
3.44001567664817e+00
1.70346441236205e+00
1.30656051631093e+00
3.77432519893503e+00
4.91508758578820e+00
3.42254718531131e+00
1.54971300097313e+00
2.32525707012335e+00
3.97725283326959e+00
3.95938536273584e+00
6.15557530457166e+00
3.02243645379022e+00
2.44406569033371e+00
5.76275573466478e+00
4.54741208056532e+00
4.12836650828211e+00
1.89713003317683e+00
5.77868249773240e+00
3.25929239812254e+01
2.00523101238431e+00
1.62845924227577e+01
0.00000000000000e+00
8.36674236679815e+00
3.90215983905681e+00
0.00000000000000e+00
5.80868825973566e+00
1.75656528723933e+01
2.12406434162014e+00
1.50595787109012e+00
1.05408921153107e+01
1.69206867568238e+00
4.66905451084222e+00
3.82204532623287e+00
1.54360678993223e+01
2.45279197935744e+00
6.00112144619369e+00
0.00000000000000e+00
6.45951678939203e-01
1.15784557670699e+01
1.20130044840705e+00
2.66292966175754e+01
1.53462729138825e+01
2.93710896241124e+00
1.48143895156628e+00
1.76061817569585e+01
1.48681449685874e+01
1.67076619250626e+00
7.19772341381336e-01
6.71169678180556e-01
3.37653524297120e+00
1.00935545432911e+00
2.85709098364665e+00
0.00000000000000e+00
1.56316006438533e+00
6.14478225529608e-01
1.26430171649191e+00
8.36714848788275e+00
1.95421002487236e+01
0.00000000000000e+00
4.57461853522323e+01
0.00000000000000e+00
1.12149482618424e+01
1.34089783416879e+01
6.74591631560340e+00
0.00000000000000e+00
0.00000000000000e+00
0.00000000000000e+00
1.52422808700984e+01
2.30767042580406e+01
1.84247751982831e+01
3.89129948008404e+01
1.66237101408340e+01
0.00000000000000e+00
0.00000000000000e+00
3.81689053357297e+01
1.10374512356650e+01
2.45829156163699e+00
1.10373279632325e+01
0.00000000000000e+00
2.25880614940815e+00
0.00000000000000e+00
1.13780440751202e+01
0.00000000000000e+00
0.00000000000000e+00
1.59696632898083e+00
2.06058152903053e+01
0.00000000000000e+00
1.93819333939890e+00
2.04680115369144e+01
1.01141200835454e+01
2.20905151466628e+01
1.04888181825364e+01
6.84220498661370e+00
4.29006964538155e+00
0.00000000000000e+00
2.01542293415857e+01
1.42907142106981e+00
0.00000000000000e+00
0.00000000000000e+00
0.00000000000000e+00
0.00000000000000e+00
2.72920536360638e+00
2.29672333380451e+00
0.00000000000000e+00
0.00000000000000e+00
0.00000000000000e+00
3.52981683421794e+01
2.26505373733489e+01
8.15845913334887e+00
4.81782926221246e+01
0.00000000000000e+00
0.00000000000000e+00
0.00000000000000e+00
8.99055537026930e+00
3.06285423914143e+00
9.42693467507635e+00
1.56005396330073e+01
7.91770816839356e+00
8.28833430844809e+00
2.28727544249476e+01
1.14308139198039e+01
1.21040780932189e+01
6.42843868460589e+01
0.00000000000000e+00
1.97757528285631e+01
6.39291025618264e+00
2.25709761240689e+01
4.05397498434963e+00
5.07088977471818e+00
2.55669492280139e+01
0.00000000000000e+00
5.32428483482942e+00
2.34385130440986e+00
4.97782498988563e+00
2.65800803065157e+00
0.00000000000000e+00
5.40352458211220e+01
4.24199158892194e+01
3.55968535448772e+01
1.34433764990419e+01
8.91438928113109e+00
2.80303437961648e+00
3.53008076851340e+00
1.32227749033877e+01
0.00000000000000e+00
3.06985445632179e+01
0.00000000000000e+00
0.00000000000000e+00
0.00000000000000e+00
0.00000000000000e+00
0.00000000000000e+00
0.00000000000000e+00
0.00000000000000e+00
0.00000000000000e+00
0.00000000000000e+00
0.00000000000000e+00
0.00000000000000e+00
4.68431221289086e+00
0.00000000000000e+00
0.00000000000000e+00
3.21913579412548e+00
0.00000000000000e+00
4.51312129306291e+00
0.00000000000000e+00
0.00000000000000e+00
0.00000000000000e+00
0.00000000000000e+00
0.00000000000000e+00
1.21413458218993e+00
0.00000000000000e+00
0.00000000000000e+00
0.00000000000000e+00
0.00000000000000e+00
0.00000000000000e+00
0.00000000000000e+00
0.00000000000000e+00
1.73671649202791e+00
0.00000000000000e+00
0.00000000000000e+00
0.00000000000000e+00
0.00000000000000e+00
5.56284910585103e+00
0.00000000000000e+00
0.00000000000000e+00
0.00000000000000e+00
0.00000000000000e+00
0.00000000000000e+00
0.00000000000000e+00
0.00000000000000e+00
0.00000000000000e+00
0.00000000000000e+00
0.00000000000000e+00
0.00000000000000e+00
0.00000000000000e+00
5.41492999691762e+00
0.00000000000000e+00
0.00000000000000e+00
0.00000000000000e+00
6.84889807369437e+00
7.60909084389411e+00
0.00000000000000e+00
0.00000000000000e+00
0.00000000000000e+00
0.00000000000000e+00
0.00000000000000e+00
0.00000000000000e+00
3.23880064187120e+01
2.40476488504512e+01
5.32428483482942e+00
6.57614818271293e+00
0.00000000000000e+00
6.84889807369437e+00
2.28037291058706e+00
2.18147248838017e+01
0.00000000000000e+00
0.00000000000000e+00
0.00000000000000e+00
0.00000000000000e+00
6.18832257140701e+00
2.02854705040694e+01
4.41819892536322e+01
0.00000000000000e+00
0.00000000000000e+00
0.00000000000000e+00
1.84700436572872e+01
8.19712154639625e+00
0.00000000000000e+00
2.96488546039328e+01
3.85683201810558e+00
6.26356536747322e+00
1.34130860164841e+01
1.36904875809255e+01
0.00000000000000e+00
3.65084207463742e+01
1.92253091233028e+01
6.78555033960845e+01
5.29584795141726e+00
3.13031920486981e+00
1.26796656428074e+01
5.19481246566701e+00
3.58060239684637e+01
1.25352771153703e+01
1.42457782472872e+01
2.34667606830191e+01
4.51538495534377e+01
2.34148576035950e+01
8.05206426953220e+01
2.41997905074499e+01
1.51495822833498e+01
2.47620453166971e+01
9.93851453246490e-01
4.42713697840184e+01
2.40052513771786e+01
0.00000000000000e+00
0.00000000000000e+00
8.40853990690821e+00
3.09001736607397e+01
2.17659366275839e+01
1.49598998796065e+01
1.23785404439725e+01
2.55669492280139e+01
4.84623914260958e+00
1.47250900610832e+01
1.52019943888742e+01
0.00000000000000e+00
6.48017354991175e+00
2.31737064527162e+01
4.53938118408657e+01
0.00000000000000e+00
1.18990057140347e+01
5.15284419395947e+01
4.17198670455530e+01
0.00000000000000e+00
1.63890733807848e+01
2.39581141621657e+01
3.75801744090762e+01
5.65648483575722e+01
2.85995564749884e+01
0.00000000000000e+00
2.83022845625900e+01
0.00000000000000e+00
1.18432178631878e+01
4.91640752020334e+01
0.00000000000000e+00
7.18488395493785e+00
5.32317395503904e+01
8.41017276055902e+01
1.35483471167696e+01
4.33408618316913e+00
8.48080839903949e-01
5.05494245927610e+01
2.84818438779035e+01
1.15749787609900e+01
1.21747279867749e+01
6.59020686271499e+00
1.29313912034765e+01
2.71651342686638e+01
7.68496090525034e+00
9.17035395521785e+00
2.21924369934294e+01
9.59639946184140e+00
0.00000000000000e+00
6.43407899625151e+01
3.06536917914900e+00
9.89337833189954e+00
0.00000000000000e+00
3.32564589164924e+01
3.62359515021365e+01
2.15542566221718e+01
4.36650473936282e+00
4.38718036632020e+01
2.62697077090158e+01
1.74015589811072e+01
2.67953381825741e+01
5.15951728309330e+01
1.05840056930798e+01
9.98738234317469e+00
5.98934549910817e+01
0.00000000000000e+00
6.98779854335944e+00
1.78425335072428e+01
5.87653229327590e+01
7.16850772409650e+00
0.00000000000000e+00
6.74625146977820e+01
5.05639765688334e+01
0.00000000000000e+00
2.38950257469882e+01
3.35730144487657e+01
2.67657570442144e+01
1.15567927127072e+01
8.67162007214500e+01
8.30332874155159e+00
2.28744928302336e+01
2.47721601067845e+01
6.32845893545135e+01
2.08503081680236e+01
2.97168625271645e+01
3.21930374490037e+01
1.77713213328981e+01
9.39534745575530e+00
8.02523742872996e+00
1.82591025891937e+01
0.00000000000000e+00
0.00000000000000e+00
3.19291635644820e+01
4.89428006233676e+01
9.30730935838703e+00
0.00000000000000e+00
0.00000000000000e+00
5.34157544780760e+01
4.68711540026380e+01
1.24548026476592e+01
1.14045427947761e+01
0.00000000000000e+00
0.00000000000000e+00
2.90617590545309e+01
1.18425264844590e+01
5.78828790724011e+01
2.02573885963750e+01
0.00000000000000e+00
0.00000000000000e+00
7.43476522128160e+01
1.19288720149356e+01
3.84951177697745e+01
1.15880400909803e+01
0.00000000000000e+00
3.86196915679261e+01
1.08460125969036e+01
3.88083345975585e+01
0.00000000000000e+00
0.00000000000000e+00
2.84708411260022e+01
0.00000000000000e+00
0.00000000000000e+00
0.00000000000000e+00
1.23124036222065e+01
4.37435381288545e+01
2.94051460433945e+01
0.00000000000000e+00
1.98459668220818e+01
1.82594204166168e+01
8.14244115515641e+01
1.56082888651362e+01
2.41228963728464e+01
0.00000000000000e+00
4.46152199876590e+01
1.34614839245164e+01
6.88680970294616e+01
2.46290188717332e+01
2.37445640799683e+01
3.30741909098667e+01
4.21995305424741e+01
1.08072485281639e+01
0.00000000000000e+00
4.21518584158232e+01
2.17670814750715e+01
1.99380025700018e+01
3.80986090771997e+01
0.00000000000000e+00
0.00000000000000e+00
9.82465140981251e+00
3.80850816168126e+00
0.00000000000000e+00
8.94796362501476e+00
0.00000000000000e+00
0.00000000000000e+00
6.77682221616279e+01
2.02997163686545e+01
2.50006392836676e+01
2.74464735998710e+01
2.24168650757341e+01
2.78219261089979e+01
0.00000000000000e+00
0.00000000000000e+00
5.56562608796414e+01
3.81453078478600e+01
6.56409410305752e+00
0.00000000000000e+00
7.58739324025730e+01
3.68558492676707e+00
4.43037302833438e+01
2.17160832730653e+01
0.00000000000000e+00
2.98315965274702e+01
2.92053197233811e+01
1.92189615904215e+01
4.31676542653610e+01
0.00000000000000e+00
0.00000000000000e+00
4.73612797093040e+01
4.60289490630468e+01
3.35910887803299e+01
3.50095630551013e+01
4.68375077586859e+01
5.01250358001259e+01
5.85015720128123e+01
1.02692554187894e+02
3.42995966758133e+01
2.63708319757135e+01
0.00000000000000e+00
0.00000000000000e+00
6.74149822028429e+01
5.13425265129471e+01
8.03986185709030e+01
5.28583543506286e+01
2.84809461704445e+01
1.95438419104803e+01
1.14175869611041e+02
3.60301752737573e+01
1.64671710060504e+01
7.18479157178764e+01
8.32960940687728e+01
3.39308446602208e+01
2.25074675636478e+01
1.02869711691240e+02
1.86015699314185e+01
0.00000000000000e+00
8.99818390264806e+01
4.95344530204287e+01
2.56589120940271e+01
7.84187652627179e+01
0.00000000000000e+00
7.78479914333805e+00
2.55812084308384e+01
1.02880412369217e+02
7.69842939277373e+01
5.68054504458352e+01
7.48073809602072e+01
4.88803724944225e+01
9.77503179626655e+00
0.00000000000000e+00
8.33037633409432e+01
3.32206663140397e+01
3.20390649087775e+01
0.00000000000000e+00
0.00000000000000e+00
0.00000000000000e+00
5.07851786257670e+00
8.07105437783315e+01
0.00000000000000e+00
0.00000000000000e+00
5.55037234609121e+01
2.78594870322754e+01
1.52051336975853e+01
2.28444679261385e+01
0.00000000000000e+00
0.00000000000000e+00
3.42692323491579e+01
2.99942504547741e+01
6.91218620980233e+01
0.00000000000000e+00
3.72322365659370e+00
9.30730935838703e+00
6.75602193736450e+01
2.19744825720625e+01
0.00000000000000e+00
9.82899406683716e+01
0.00000000000000e+00
0.00000000000000e+00
1.45974353219475e+01
1.73713312797484e+01
3.29562246742723e+01
0.00000000000000e+00
2.96254186507043e+01
1.21920755610326e+01
3.07556773737627e+01
7.84945866320404e+01
0.00000000000000e+00
0.00000000000000e+00
0.00000000000000e+00
8.95299289493404e+00
3.22719138315110e+01
1.21920755610326e+01
0.00000000000000e+00
0.00000000000000e+00
2.75402340701229e+01
0.00000000000000e+00
0.00000000000000e+00
1.03779281509715e+02
4.96536071817187e+01
8.92364867193140e+00
8.78465502722150e+01
0.00000000000000e+00
8.10364551363181e+01
1.29088687192164e+01
3.65929548011519e+01
0.00000000000000e+00
6.43061403609615e+01
6.10207029961804e+01
3.81198381632657e+01
7.43286988823153e+01
6.02380058043029e+01
0.00000000000000e+00
1.93827125171377e+01
2.77504086479744e+01
8.40769518877747e+00
1.01943314016129e+01
9.67070224132046e+00
1.49277276288084e+01
8.73799834423960e+00
9.07339445198859e+00
6.03357601381641e+01
3.69786959952650e+01
2.31681576442649e+01
4.43694933034362e+01
3.03729654860205e+01
2.72726650032114e+01
1.22201549482394e+01
0.00000000000000e+00
0.00000000000000e+00
0.00000000000000e+00
0.00000000000000e+00
0.00000000000000e+00
0.00000000000000e+00
3.62616702963214e+01
0.00000000000000e+00
2.40850773214955e+01
0.00000000000000e+00
7.60749478952561e+01
0.00000000000000e+00
0.00000000000000e+00
0.00000000000000e+00
0.00000000000000e+00
0.00000000000000e+00
1.61838887991313e+02
0.00000000000000e+00
0.00000000000000e+00
0.00000000000000e+00
0.00000000000000e+00
0.00000000000000e+00
0.00000000000000e+00
0.00000000000000e+00
0.00000000000000e+00
0.00000000000000e+00
0.00000000000000e+00
0.00000000000000e+00
0.00000000000000e+00
0.00000000000000e+00
0.00000000000000e+00
0.00000000000000e+00
0.00000000000000e+00
0.00000000000000e+00
0.00000000000000e+00
0.00000000000000e+00
5.81823120596222e+01
4.23825318180039e+01
4.66481495342166e+01
1.28985764567593e+01
0.00000000000000e+00
0.00000000000000e+00
0.00000000000000e+00
0.00000000000000e+00
0.00000000000000e+00
0.00000000000000e+00
1.75134984691734e+01
1.77053796642030e+01
0.00000000000000e+00
0.00000000000000e+00
0.00000000000000e+00
0.00000000000000e+00
5.13260198798884e+00
4.82509781202311e+01
0.00000000000000e+00
5.87653229327590e+01
0.00000000000000e+00
4.14957088972904e+01
0.00000000000000e+00
0.00000000000000e+00
4.77875617469996e+01
5.15211371764093e+00
2.33894831048248e+01
0.00000000000000e+00
2.01703488353291e+01
1.33927080219580e+01
4.49559696916028e+01
7.28359449112546e+01
5.19622942778821e+01
5.47853745706303e+01
0.00000000000000e+00
1.60970230275725e+01
0.00000000000000e+00
0.00000000000000e+00
1.41506956565192e+01
2.11382361727943e+01
5.30254591805533e+01
4.73028710252743e+01
1.73713312797484e+01
0.00000000000000e+00
8.03010545694094e+00
0.00000000000000e+00
7.18356430562303e+00
0.00000000000000e+00
0.00000000000000e+00
0.00000000000000e+00
4.02072130362777e+01
0.00000000000000e+00
0.00000000000000e+00
4.02072130362777e+01
0.00000000000000e+00
0.00000000000000e+00
0.00000000000000e+00
0.00000000000000e+00
0.00000000000000e+00
0.00000000000000e+00
0.00000000000000e+00
4.10780977505854e+01
2.66246661931375e+01
8.42607474776238e+01
4.76818581913117e+01
0.00000000000000e+00
4.82821639088924e+01
0.00000000000000e+00
7.89609322427845e+00
1.38709515790949e+01
0.00000000000000e+00
3.53559602057116e+00
1.54546909262495e+01
7.55823257482099e+00
1.31793579847937e+01
2.41214036841690e+01
8.84384459681007e+00
2.76301357180608e+01
2.33119930086293e+01
0.00000000000000e+00
9.13193704446716e+00
0.00000000000000e+00
2.64507965544833e+01
0.00000000000000e+00
3.55591406158151e+01
0.00000000000000e+00
0.00000000000000e+00
0.00000000000000e+00
0.00000000000000e+00
0.00000000000000e+00
0.00000000000000e+00
4.78643745819855e+01
0.00000000000000e+00
5.34882919871924e+01
6.22212118287561e+01
0.00000000000000e+00
0.00000000000000e+00
0.00000000000000e+00
0.00000000000000e+00
3.29126991562666e+01
3.79673401156288e+01
8.00278620403995e+01
1.23317739403246e+01
0.00000000000000e+00
0.00000000000000e+00
0.00000000000000e+00
3.29526782792015e+00
0.00000000000000e+00
0.00000000000000e+00
2.36663699494555e+01
4.76979939831961e+01
0.00000000000000e+00
2.40488469485411e+01
1.95805228566688e+01
1.61875706004191e+00
0.00000000000000e+00
0.00000000000000e+00
0.00000000000000e+00
0.00000000000000e+00
0.00000000000000e+00
0.00000000000000e+00
0.00000000000000e+00
0.00000000000000e+00
0.00000000000000e+00
0.00000000000000e+00
0.00000000000000e+00
0.00000000000000e+00
0.00000000000000e+00
0.00000000000000e+00
0.00000000000000e+00
0.00000000000000e+00
0.00000000000000e+00
0.00000000000000e+00
0.00000000000000e+00
0.00000000000000e+00
2.86481645183416e+01
7.55823257482099e+00
5.96902163633028e+00
1.23234293251756e+01
5.96902163633028e+00
9.98986858964900e+00
0.00000000000000e+00
1.29019167244339e+01
0.00000000000000e+00
0.00000000000000e+00
0.00000000000000e+00
1.91553615226988e+01
1.19368194411764e+01
0.00000000000000e+00
0.00000000000000e+00
0.00000000000000e+00
0.00000000000000e+00
0.00000000000000e+00
0.00000000000000e+00
0.00000000000000e+00
0.00000000000000e+00
0.00000000000000e+00
0.00000000000000e+00
0.00000000000000e+00
0.00000000000000e+00
0.00000000000000e+00
1.11603553411340e+01
0.00000000000000e+00
0.00000000000000e+00
0.00000000000000e+00
0.00000000000000e+00
1.20269227305299e+01
0.00000000000000e+00
0.00000000000000e+00
0.00000000000000e+00
0.00000000000000e+00
0.00000000000000e+00
0.00000000000000e+00
0.00000000000000e+00
1.67240068537879e+01
5.02467221948965e+01
0.00000000000000e+00
0.00000000000000e+00
4.56596852223358e+01
1.20547005119891e+01
0.00000000000000e+00
0.00000000000000e+00
0.00000000000000e+00
0.00000000000000e+00
2.64507965544833e+01
0.00000000000000e+00
0.00000000000000e+00
0.00000000000000e+00
1.27988281838110e+01
0.00000000000000e+00
0.00000000000000e+00
0.00000000000000e+00
0.00000000000000e+00
0.00000000000000e+00
0.00000000000000e+00
0.00000000000000e+00
2.57000264169058e+01
2.33894831048248e+01
5.38105175539298e+01
0.00000000000000e+00
8.80625775391092e+01
3.31693416290889e+01
0.00000000000000e+00
0.00000000000000e+00
0.00000000000000e+00
0.00000000000000e+00
0.00000000000000e+00
0.00000000000000e+00
0.00000000000000e+00
0.00000000000000e+00
0.00000000000000e+00
0.00000000000000e+00
0.00000000000000e+00
0.00000000000000e+00
0.00000000000000e+00
0.00000000000000e+00
8.00278620403995e+01
0.00000000000000e+00
0.00000000000000e+00
0.00000000000000e+00
0.00000000000000e+00
0.00000000000000e+00
0.00000000000000e+00
0.00000000000000e+00
0.00000000000000e+00
0.00000000000000e+00
0.00000000000000e+00
0.00000000000000e+00
0.00000000000000e+00
0.00000000000000e+00
0.00000000000000e+00
0.00000000000000e+00
0.00000000000000e+00
0.00000000000000e+00
0.00000000000000e+00
0.00000000000000e+00
0.00000000000000e+00
0.00000000000000e+00
0.00000000000000e+00
0.00000000000000e+00
0.00000000000000e+00
0.00000000000000e+00
0.00000000000000e+00
0.00000000000000e+00
0.00000000000000e+00
0.00000000000000e+00
0.00000000000000e+00
0.00000000000000e+00
0.00000000000000e+00
0.00000000000000e+00
0.00000000000000e+00
0.00000000000000e+00
0.00000000000000e+00
0.00000000000000e+00
0.00000000000000e+00
0.00000000000000e+00
0.00000000000000e+00
7.63634294667661e+01
0.00000000000000e+00
0.00000000000000e+00
0.00000000000000e+00
0.00000000000000e+00
0.00000000000000e+00
0.00000000000000e+00
0.00000000000000e+00
0.00000000000000e+00
0.00000000000000e+00
0.00000000000000e+00
0.00000000000000e+00
0.00000000000000e+00
0.00000000000000e+00
0.00000000000000e+00
0.00000000000000e+00
0.00000000000000e+00
1.63008733577179e+01
0.00000000000000e+00
0.00000000000000e+00
1.11603553411340e+01
0.00000000000000e+00
0.00000000000000e+00
0.00000000000000e+00
0.00000000000000e+00
0.00000000000000e+00
0.00000000000000e+00
0.00000000000000e+00
0.00000000000000e+00
0.00000000000000e+00
1.45171283381600e+01
0.00000000000000e+00
0.00000000000000e+00
0.00000000000000e+00
0.00000000000000e+00
0.00000000000000e+00
0.00000000000000e+00
0.00000000000000e+00
0.00000000000000e+00
0.00000000000000e+00
0.00000000000000e+00
0.00000000000000e+00
0.00000000000000e+00
0.00000000000000e+00
0.00000000000000e+00
0.00000000000000e+00
0.00000000000000e+00
0.00000000000000e+00
3.81198381632657e+01
4.14957088972904e+01
0.00000000000000e+00
4.82821639088924e+01
0.00000000000000e+00
0.00000000000000e+00
0.00000000000000e+00
0.00000000000000e+00
0.00000000000000e+00
0.00000000000000e+00
0.00000000000000e+00
8.06858241506205e+01
0.00000000000000e+00
1.97334468103157e+01
0.00000000000000e+00
0.00000000000000e+00
0.00000000000000e+00
0.00000000000000e+00
0.00000000000000e+00
0.00000000000000e+00
0.00000000000000e+00
4.76979939831961e+01
0.00000000000000e+00
0.00000000000000e+00
0.00000000000000e+00
0.00000000000000e+00
0.00000000000000e+00
0.00000000000000e+00
0.00000000000000e+00
0.00000000000000e+00
0.00000000000000e+00
0.00000000000000e+00
0.00000000000000e+00
0.00000000000000e+00
0.00000000000000e+00
0.00000000000000e+00
0.00000000000000e+00
0.00000000000000e+00
0.00000000000000e+00
5.94533617450700e+01
0.00000000000000e+00
5.94533617450700e+01
0.00000000000000e+00
7.63634294667661e+01
0.00000000000000e+00
0.00000000000000e+00
0.00000000000000e+00
0.00000000000000e+00
0.00000000000000e+00
0.00000000000000e+00
0.00000000000000e+00
0.00000000000000e+00
0.00000000000000e+00
0.00000000000000e+00
0.00000000000000e+00
0.00000000000000e+00
0.00000000000000e+00
0.00000000000000e+00
0.00000000000000e+00
0.00000000000000e+00
0.00000000000000e+00
0.00000000000000e+00
0.00000000000000e+00
0.00000000000000e+00
0.00000000000000e+00
0.00000000000000e+00
0.00000000000000e+00
0.00000000000000e+00
0.00000000000000e+00
0.00000000000000e+00
0.00000000000000e+00
0.00000000000000e+00
7.88927831095487e+01
1.71649107073423e+02
0.00000000000000e+00
8.70538993521636e+01
0.00000000000000e+00
0.00000000000000e+00
0.00000000000000e+00
0.00000000000000e+00
0.00000000000000e+00
0.00000000000000e+00
0.00000000000000e+00
0.00000000000000e+00
0.00000000000000e+00
0.00000000000000e+00
0.00000000000000e+00
0.00000000000000e+00
0.00000000000000e+00
0.00000000000000e+00
0.00000000000000e+00
0.00000000000000e+00
0.00000000000000e+00
0.00000000000000e+00
0.00000000000000e+00
0.00000000000000e+00
0.00000000000000e+00
0.00000000000000e+00
0.00000000000000e+00
0.00000000000000e+00
0.00000000000000e+00
0.00000000000000e+00
0.00000000000000e+00
0.00000000000000e+00
0.00000000000000e+00
0.00000000000000e+00
0.00000000000000e+00
0.00000000000000e+00
0.00000000000000e+00
0.00000000000000e+00
0.00000000000000e+00
0.00000000000000e+00
0.00000000000000e+00
0.00000000000000e+00
0.00000000000000e+00
0.00000000000000e+00
0.00000000000000e+00
0.00000000000000e+00
0.00000000000000e+00
0.00000000000000e+00
0.00000000000000e+00
0.00000000000000e+00
0.00000000000000e+00
0.00000000000000e+00
0.00000000000000e+00
0.00000000000000e+00
0.00000000000000e+00
0.00000000000000e+00
0.00000000000000e+00
0.00000000000000e+00
0.00000000000000e+00
0.00000000000000e+00
0.00000000000000e+00
0.00000000000000e+00
0.00000000000000e+00
0.00000000000000e+00
0.00000000000000e+00
0.00000000000000e+00
0.00000000000000e+00
0.00000000000000e+00
0.00000000000000e+00
0.00000000000000e+00
0.00000000000000e+00
0.00000000000000e+00
0.00000000000000e+00
0.00000000000000e+00
0.00000000000000e+00
0.00000000000000e+00
0.00000000000000e+00
0.00000000000000e+00
0.00000000000000e+00
0.00000000000000e+00
0.00000000000000e+00
0.00000000000000e+00
0.00000000000000e+00
0.00000000000000e+00
0.00000000000000e+00
0.00000000000000e+00
0.00000000000000e+00
0.00000000000000e+00
0.00000000000000e+00
0.00000000000000e+00
0.00000000000000e+00
0.00000000000000e+00
0.00000000000000e+00
0.00000000000000e+00
0.00000000000000e+00
0.00000000000000e+00
0.00000000000000e+00
0.00000000000000e+00
0.00000000000000e+00
0.00000000000000e+00
0.00000000000000e+00
0.00000000000000e+00
0.00000000000000e+00
0.00000000000000e+00
0.00000000000000e+00
0.00000000000000e+00
0.00000000000000e+00
0.00000000000000e+00
0.00000000000000e+00
0.00000000000000e+00
0.00000000000000e+00
0.00000000000000e+00
0.00000000000000e+00
0.00000000000000e+00
0.00000000000000e+00
0.00000000000000e+00
0.00000000000000e+00
0.00000000000000e+00
0.00000000000000e+00
0.00000000000000e+00
0.00000000000000e+00
0.00000000000000e+00
0.00000000000000e+00
0.00000000000000e+00
0.00000000000000e+00
0.00000000000000e+00
0.00000000000000e+00
0.00000000000000e+00
0.00000000000000e+00
0.00000000000000e+00
0.00000000000000e+00
0.00000000000000e+00
0.00000000000000e+00
0.00000000000000e+00
0.00000000000000e+00
0.00000000000000e+00
0.00000000000000e+00
0.00000000000000e+00
0.00000000000000e+00
0.00000000000000e+00
0.00000000000000e+00
0.00000000000000e+00
0.00000000000000e+00
0.00000000000000e+00
0.00000000000000e+00
0.00000000000000e+00
0.00000000000000e+00
0.00000000000000e+00
0.00000000000000e+00
0.00000000000000e+00
0.00000000000000e+00
0.00000000000000e+00
0.00000000000000e+00
0.00000000000000e+00
0.00000000000000e+00
0.00000000000000e+00
0.00000000000000e+00
5.28615044865063e+01
0.00000000000000e+00
0.00000000000000e+00
0.00000000000000e+00
0.00000000000000e+00
0.00000000000000e+00
0.00000000000000e+00
0.00000000000000e+00
0.00000000000000e+00
0.00000000000000e+00
0.00000000000000e+00
0.00000000000000e+00
0.00000000000000e+00
0.00000000000000e+00
0.00000000000000e+00
0.00000000000000e+00
0.00000000000000e+00
0.00000000000000e+00
0.00000000000000e+00
0.00000000000000e+00
0.00000000000000e+00
0.00000000000000e+00
0.00000000000000e+00
0.00000000000000e+00
0.00000000000000e+00
0.00000000000000e+00
0.00000000000000e+00
0.00000000000000e+00
0.00000000000000e+00
0.00000000000000e+00
0.00000000000000e+00
0.00000000000000e+00
0.00000000000000e+00
0.00000000000000e+00
0.00000000000000e+00
0.00000000000000e+00
0.00000000000000e+00
0.00000000000000e+00
0.00000000000000e+00
0.00000000000000e+00
0.00000000000000e+00
0.00000000000000e+00
0.00000000000000e+00
0.00000000000000e+00
0.00000000000000e+00
0.00000000000000e+00
0.00000000000000e+00
0.00000000000000e+00
0.00000000000000e+00
0.00000000000000e+00
0.00000000000000e+00
0.00000000000000e+00
0.00000000000000e+00
0.00000000000000e+00
0.00000000000000e+00
0.00000000000000e+00
0.00000000000000e+00
0.00000000000000e+00
0.00000000000000e+00
0.00000000000000e+00
0.00000000000000e+00
0.00000000000000e+00
0.00000000000000e+00
0.00000000000000e+00
0.00000000000000e+00
0.00000000000000e+00
0.00000000000000e+00
0.00000000000000e+00
0.00000000000000e+00
0.00000000000000e+00
0.00000000000000e+00
0.00000000000000e+00
2.39528822955268e+01
0.00000000000000e+00
2.49961878327610e+01
0.00000000000000e+00
0.00000000000000e+00
0.00000000000000e+00
0.00000000000000e+00
0.00000000000000e+00
0.00000000000000e+00
0.00000000000000e+00
0.00000000000000e+00
0.00000000000000e+00
0.00000000000000e+00
0.00000000000000e+00
0.00000000000000e+00
0.00000000000000e+00
0.00000000000000e+00
0.00000000000000e+00
0.00000000000000e+00
0.00000000000000e+00
0.00000000000000e+00
0.00000000000000e+00
0.00000000000000e+00
0.00000000000000e+00
0.00000000000000e+00
0.00000000000000e+00
0.00000000000000e+00
0.00000000000000e+00
0.00000000000000e+00
0.00000000000000e+00
0.00000000000000e+00
0.00000000000000e+00
0.00000000000000e+00
0.00000000000000e+00
0.00000000000000e+00
0.00000000000000e+00
0.00000000000000e+00
0.00000000000000e+00
0.00000000000000e+00
0.00000000000000e+00
0.00000000000000e+00
0.00000000000000e+00
0.00000000000000e+00
0.00000000000000e+00
0.00000000000000e+00
0.00000000000000e+00
0.00000000000000e+00
0.00000000000000e+00
0.00000000000000e+00
0.00000000000000e+00
0.00000000000000e+00
0.00000000000000e+00
0.00000000000000e+00
0.00000000000000e+00
0.00000000000000e+00
0.00000000000000e+00
0.00000000000000e+00
0.00000000000000e+00
0.00000000000000e+00
0.00000000000000e+00
0.00000000000000e+00
0.00000000000000e+00
0.00000000000000e+00
0.00000000000000e+00
0.00000000000000e+00
0.00000000000000e+00
0.00000000000000e+00
0.00000000000000e+00
0.00000000000000e+00
0.00000000000000e+00
0.00000000000000e+00
0.00000000000000e+00
0.00000000000000e+00
0.00000000000000e+00
0.00000000000000e+00
0.00000000000000e+00
0.00000000000000e+00
0.00000000000000e+00
0.00000000000000e+00
0.00000000000000e+00
0.00000000000000e+00
0.00000000000000e+00
0.00000000000000e+00
0.00000000000000e+00
0.00000000000000e+00
0.00000000000000e+00
0.00000000000000e+00
0.00000000000000e+00
0.00000000000000e+00
0.00000000000000e+00
0.00000000000000e+00
0.00000000000000e+00
0.00000000000000e+00
0.00000000000000e+00
0.00000000000000e+00
0.00000000000000e+00
0.00000000000000e+00
0.00000000000000e+00
0.00000000000000e+00
0.00000000000000e+00
0.00000000000000e+00
0.00000000000000e+00
0.00000000000000e+00
0.00000000000000e+00
0.00000000000000e+00
0.00000000000000e+00
0.00000000000000e+00
0.00000000000000e+00
0.00000000000000e+00
0.00000000000000e+00
0.00000000000000e+00
0.00000000000000e+00
0.00000000000000e+00
0.00000000000000e+00
0.00000000000000e+00
0.00000000000000e+00
0.00000000000000e+00
0.00000000000000e+00
0.00000000000000e+00
0.00000000000000e+00
0.00000000000000e+00
0.00000000000000e+00
0.00000000000000e+00
0.00000000000000e+00
0.00000000000000e+00
0.00000000000000e+00
0.00000000000000e+00
0.00000000000000e+00
0.00000000000000e+00
0.00000000000000e+00
0.00000000000000e+00
0.00000000000000e+00
0.00000000000000e+00
0.00000000000000e+00
0.00000000000000e+00
0.00000000000000e+00
0.00000000000000e+00
0.00000000000000e+00
0.00000000000000e+00
0.00000000000000e+00
0.00000000000000e+00
0.00000000000000e+00
0.00000000000000e+00
0.00000000000000e+00
0.00000000000000e+00
0.00000000000000e+00
0.00000000000000e+00
0.00000000000000e+00
0.00000000000000e+00
0.00000000000000e+00
0.00000000000000e+00
0.00000000000000e+00
0.00000000000000e+00
0.00000000000000e+00
0.00000000000000e+00
0.00000000000000e+00
0.00000000000000e+00
0.00000000000000e+00
0.00000000000000e+00
0.00000000000000e+00
0.00000000000000e+00
0.00000000000000e+00
0.00000000000000e+00
0.00000000000000e+00
0.00000000000000e+00
0.00000000000000e+00
0.00000000000000e+00
0.00000000000000e+00
0.00000000000000e+00
0.00000000000000e+00
0.00000000000000e+00
0.00000000000000e+00
0.00000000000000e+00
0.00000000000000e+00
0.00000000000000e+00
0.00000000000000e+00
0.00000000000000e+00
0.00000000000000e+00
0.00000000000000e+00
0.00000000000000e+00
2.03010358830232e+01
0.00000000000000e+00
0.00000000000000e+00
0.00000000000000e+00
0.00000000000000e+00
0.00000000000000e+00
0.00000000000000e+00
0.00000000000000e+00
0.00000000000000e+00
0.00000000000000e+00
0.00000000000000e+00
0.00000000000000e+00
0.00000000000000e+00
0.00000000000000e+00
0.00000000000000e+00
0.00000000000000e+00
3.64825183930489e+00
0.00000000000000e+00
0.00000000000000e+00
0.00000000000000e+00
0.00000000000000e+00
0.00000000000000e+00
0.00000000000000e+00
0.00000000000000e+00
0.00000000000000e+00
0.00000000000000e+00
0.00000000000000e+00
0.00000000000000e+00
0.00000000000000e+00
0.00000000000000e+00
0.00000000000000e+00
0.00000000000000e+00
2.32430143319450e+00
3.91659774879093e+01
0.00000000000000e+00
3.77901682398232e+01
0.00000000000000e+00
0.00000000000000e+00
0.00000000000000e+00
0.00000000000000e+00
0.00000000000000e+00
0.00000000000000e+00
0.00000000000000e+00
0.00000000000000e+00
0.00000000000000e+00
1.73699575103461e+01
4.03946345619046e+01
1.07076405098166e+01
3.53052239804550e+01
1.06468498135993e+01
0.00000000000000e+00
1.07045822854029e+01
2.12268959246743e+01
4.40369268669362e+00
0.00000000000000e+00
1.56876469877083e+01
0.00000000000000e+00
1.50323744709774e+01
0.00000000000000e+00
0.00000000000000e+00
0.00000000000000e+00
0.00000000000000e+00
0.00000000000000e+00
0.00000000000000e+00
2.10365104323924e+01
0.00000000000000e+00
0.00000000000000e+00
0.00000000000000e+00
8.29695399371628e+00
0.00000000000000e+00
1.52827491192067e+01
0.00000000000000e+00
0.00000000000000e+00
0.00000000000000e+00
0.00000000000000e+00
0.00000000000000e+00
0.00000000000000e+00
0.00000000000000e+00
0.00000000000000e+00
0.00000000000000e+00
0.00000000000000e+00
0.00000000000000e+00
0.00000000000000e+00
0.00000000000000e+00
0.00000000000000e+00
0.00000000000000e+00
0.00000000000000e+00
0.00000000000000e+00
0.00000000000000e+00
0.00000000000000e+00
0.00000000000000e+00
0.00000000000000e+00
0.00000000000000e+00
0.00000000000000e+00
0.00000000000000e+00
0.00000000000000e+00
0.00000000000000e+00
0.00000000000000e+00
0.00000000000000e+00
0.00000000000000e+00
0.00000000000000e+00
0.00000000000000e+00
2.18423778140636e+01
0.00000000000000e+00
0.00000000000000e+00
0.00000000000000e+00
0.00000000000000e+00
0.00000000000000e+00
0.00000000000000e+00
1.45171283381600e+01
0.00000000000000e+00
0.00000000000000e+00
0.00000000000000e+00
8.29695399371628e+00
0.00000000000000e+00
0.00000000000000e+00
0.00000000000000e+00
0.00000000000000e+00
0.00000000000000e+00
0.00000000000000e+00
0.00000000000000e+00
0.00000000000000e+00
0.00000000000000e+00
0.00000000000000e+00
0.00000000000000e+00
2.05003092273018e+01
1.37579041186196e+01
6.04190281248069e+01
7.28975853627857e+01
0.00000000000000e+00
0.00000000000000e+00
0.00000000000000e+00
0.00000000000000e+00
0.00000000000000e+00
0.00000000000000e+00
0.00000000000000e+00
0.00000000000000e+00
0.00000000000000e+00
0.00000000000000e+00
0.00000000000000e+00
0.00000000000000e+00
0.00000000000000e+00
0.00000000000000e+00
0.00000000000000e+00
0.00000000000000e+00
0.00000000000000e+00
0.00000000000000e+00
0.00000000000000e+00
0.00000000000000e+00
0.00000000000000e+00
0.00000000000000e+00
0.00000000000000e+00
0.00000000000000e+00
0.00000000000000e+00
0.00000000000000e+00
1.45335006322770e+01
1.82218526646200e+01
0.00000000000000e+00
0.00000000000000e+00
1.12599533559122e+01
0.00000000000000e+00
0.00000000000000e+00
0.00000000000000e+00
0.00000000000000e+00
0.00000000000000e+00
0.00000000000000e+00
0.00000000000000e+00
0.00000000000000e+00
0.00000000000000e+00
0.00000000000000e+00
0.00000000000000e+00
0.00000000000000e+00
0.00000000000000e+00
0.00000000000000e+00
0.00000000000000e+00
0.00000000000000e+00
0.00000000000000e+00
0.00000000000000e+00
0.00000000000000e+00
0.00000000000000e+00
0.00000000000000e+00
0.00000000000000e+00
0.00000000000000e+00
0.00000000000000e+00
0.00000000000000e+00
0.00000000000000e+00
0.00000000000000e+00
0.00000000000000e+00
0.00000000000000e+00
0.00000000000000e+00
0.00000000000000e+00
0.00000000000000e+00
0.00000000000000e+00
0.00000000000000e+00
0.00000000000000e+00
0.00000000000000e+00
0.00000000000000e+00
0.00000000000000e+00
0.00000000000000e+00
0.00000000000000e+00
0.00000000000000e+00
0.00000000000000e+00
0.00000000000000e+00
0.00000000000000e+00
0.00000000000000e+00
0.00000000000000e+00
0.00000000000000e+00
0.00000000000000e+00
0.00000000000000e+00
0.00000000000000e+00
0.00000000000000e+00
0.00000000000000e+00
0.00000000000000e+00
0.00000000000000e+00
0.00000000000000e+00
0.00000000000000e+00
0.00000000000000e+00
0.00000000000000e+00
0.00000000000000e+00
0.00000000000000e+00
0.00000000000000e+00
0.00000000000000e+00
0.00000000000000e+00
0.00000000000000e+00
0.00000000000000e+00
0.00000000000000e+00
0.00000000000000e+00
0.00000000000000e+00
0.00000000000000e+00
0.00000000000000e+00
0.00000000000000e+00
0.00000000000000e+00
0.00000000000000e+00
0.00000000000000e+00
0.00000000000000e+00
0.00000000000000e+00
0.00000000000000e+00
0.00000000000000e+00
0.00000000000000e+00
0.00000000000000e+00
0.00000000000000e+00
0.00000000000000e+00
0.00000000000000e+00
0.00000000000000e+00
0.00000000000000e+00
0.00000000000000e+00
0.00000000000000e+00
0.00000000000000e+00
0.00000000000000e+00
0.00000000000000e+00
0.00000000000000e+00
0.00000000000000e+00
0.00000000000000e+00
0.00000000000000e+00
0.00000000000000e+00
0.00000000000000e+00
0.00000000000000e+00
0.00000000000000e+00
0.00000000000000e+00
0.00000000000000e+00
0.00000000000000e+00
0.00000000000000e+00
0.00000000000000e+00
0.00000000000000e+00
0.00000000000000e+00
0.00000000000000e+00
0.00000000000000e+00
0.00000000000000e+00
0.00000000000000e+00
0.00000000000000e+00
0.00000000000000e+00
0.00000000000000e+00
0.00000000000000e+00
0.00000000000000e+00
0.00000000000000e+00
0.00000000000000e+00
0.00000000000000e+00
0.00000000000000e+00
0.00000000000000e+00
0.00000000000000e+00
0.00000000000000e+00
0.00000000000000e+00
0.00000000000000e+00
0.00000000000000e+00
0.00000000000000e+00
0.00000000000000e+00
0.00000000000000e+00
0.00000000000000e+00
0.00000000000000e+00
0.00000000000000e+00
0.00000000000000e+00
0.00000000000000e+00
0.00000000000000e+00
0.00000000000000e+00
0.00000000000000e+00
0.00000000000000e+00
6.38459299440480e+01
0.00000000000000e+00
0.00000000000000e+00
0.00000000000000e+00
0.00000000000000e+00
2.75381620108797e+01
0.00000000000000e+00
0.00000000000000e+00
1.12961963640660e+01
1.16868029963587e+01
0.00000000000000e+00
0.00000000000000e+00
0.00000000000000e+00
0.00000000000000e+00
0.00000000000000e+00
0.00000000000000e+00
0.00000000000000e+00
0.00000000000000e+00
0.00000000000000e+00
0.00000000000000e+00
0.00000000000000e+00
0.00000000000000e+00
0.00000000000000e+00
0.00000000000000e+00
0.00000000000000e+00
0.00000000000000e+00
0.00000000000000e+00
0.00000000000000e+00
0.00000000000000e+00
0.00000000000000e+00
0.00000000000000e+00
0.00000000000000e+00
0.00000000000000e+00
0.00000000000000e+00
0.00000000000000e+00
0.00000000000000e+00
0.00000000000000e+00
