0.00000000000000e+00
0.00000000000000e+00
0.00000000000000e+00
0.00000000000000e+00
0.00000000000000e+00
0.00000000000000e+00
0.00000000000000e+00
0.00000000000000e+00
0.00000000000000e+00
0.00000000000000e+00
4.06123185465374e-01
0.00000000000000e+00
5.71547801765732e-01
0.00000000000000e+00
0.00000000000000e+00
0.00000000000000e+00
0.00000000000000e+00
0.00000000000000e+00
3.92468786369382e-01
0.00000000000000e+00
5.90049933584644e+00
8.93034450334881e+00
0.00000000000000e+00
3.39627892212554e+00
0.00000000000000e+00
3.57978760591037e+00
0.00000000000000e+00
3.00021599222456e+00
0.00000000000000e+00
0.00000000000000e+00
0.00000000000000e+00
0.00000000000000e+00
2.02225632401039e+00
2.40234118332472e+01
0.00000000000000e+00
0.00000000000000e+00
6.54785011234548e+00
7.45782381127362e-01
1.00253151571409e+00
0.00000000000000e+00
0.00000000000000e+00
3.18809554626674e+01
1.38149790986511e+01
0.00000000000000e+00
7.46096079603692e-01
1.55047147560732e+01
0.00000000000000e+00
0.00000000000000e+00
6.94922894183572e-01
0.00000000000000e+00
0.00000000000000e+00
1.74468600397161e+00
0.00000000000000e+00
9.94376508169826e-01
6.20642586453336e+00
7.51898636785571e-01
4.82780317894240e-01
0.00000000000000e+00
4.71236934501568e-01
1.04357510072424e+01
1.25309377143133e+00
1.87110697396950e+00
0.00000000000000e+00
0.00000000000000e+00
0.00000000000000e+00
2.10555476216317e+01
8.02935383264514e-01
1.00839166993779e+00
1.47676547866354e+00
0.00000000000000e+00
1.00253151571409e+00
3.26725259069378e+00
1.01118742080783e+00
5.50071717631429e-01
2.51064817180983e-01
9.97569526398999e-01
0.00000000000000e+00
7.58390565605876e-01
6.17684560868256e-01
3.33152217650672e+00
0.00000000000000e+00
0.00000000000000e+00
4.59522302628887e-01
3.83121171576562e+00
0.00000000000000e+00
3.61128443437670e+00
2.22258093215977e+00
5.99190052327153e-01
0.00000000000000e+00
1.51669224300779e+00
6.44943677416182e-01
0.00000000000000e+00
0.00000000000000e+00
0.00000000000000e+00
0.00000000000000e+00
6.73283651429448e-01
0.00000000000000e+00
8.00016022090405e-01
0.00000000000000e+00
2.38923650895549e+01
8.09752521080097e+00
3.68029756703669e+00
1.07364105270787e+00
5.90830528651832e+00
2.18097237337986e+00
8.23006551584636e-01
7.40526225058924e-01
7.50034559203774e-01
0.00000000000000e+00
5.27028615248440e+00
2.42456562874858e-01
0.00000000000000e+00
0.00000000000000e+00
7.41114745607508e-01
2.25016199416842e+00
0.00000000000000e+00
3.67269084053094e+00
1.56699327830688e+01
4.11843629719077e-01
9.87368300078509e-01
3.10634318061432e+00
0.00000000000000e+00
7.40526225058924e-01
0.00000000000000e+00
2.22258093215977e+00
7.34805786538667e-01
0.00000000000000e+00
4.43978313375491e+00
0.00000000000000e+00
1.92649001160522e+00
1.22659335152285e+00
1.51669224300779e+00
0.00000000000000e+00
0.00000000000000e+00
7.55009410537375e-01
4.94233614409693e+00
0.00000000000000e+00
7.54018892336256e-01
0.00000000000000e+00
0.00000000000000e+00
2.88881984089084e+00
2.66106800058800e+00
0.00000000000000e+00
3.80752250058034e+00
1.89312115935392e+01
2.66865911019967e+00
0.00000000000000e+00
3.12499636790562e+00
0.00000000000000e+00
3.16024597952573e+00
0.00000000000000e+00
8.02165499627051e-01
3.44153438023752e+00
0.00000000000000e+00
9.99368561336540e-01
2.25015137490792e+00
0.00000000000000e+00
3.61446278500890e-01
5.53459687413801e-01
4.63178354265522e+00
7.56293752453384e-01
0.00000000000000e+00
1.09813771713250e+01
0.00000000000000e+00
1.47603640758790e+00
5.15288699162114e+00
9.81464701352033e-01
7.86244542349427e-01
0.00000000000000e+00
2.06004137773168e+00
0.00000000000000e+00
2.32216400280224e+00
1.00535852311499e+00
6.12107301041499e-01
0.00000000000000e+00
0.00000000000000e+00
6.21131167541523e+00
2.22456010266484e+00
2.25290134937152e+00
0.00000000000000e+00
1.12753384596074e+00
3.00386846582869e+00
0.00000000000000e+00
0.00000000000000e+00
1.21830686208047e+01
3.98874814872639e+00
1.50184398657118e+00
7.21082477284076e+00
7.55017616621107e-01
2.01206361728450e+00
2.96344124287969e+00
7.50207911570825e+00
0.00000000000000e+00
9.04299187691117e-01
9.94794772804931e-01
0.00000000000000e+00
7.50034559203774e-01
3.66146236436646e+00
0.00000000000000e+00
0.00000000000000e+00
2.01188930112966e+00
0.00000000000000e+00
7.50034559203774e-01
0.00000000000000e+00
3.92566011165525e+00
0.00000000000000e+00
4.75125401770992e-01
0.00000000000000e+00
0.00000000000000e+00
2.51327754137899e-01
0.00000000000000e+00
4.60366624756796e+00
0.00000000000000e+00
0.00000000000000e+00
1.41054317643459e+00
7.84242933655330e-01
7.35559832278219e+00
7.24236932363315e-01
0.00000000000000e+00
0.00000000000000e+00
0.00000000000000e+00
0.00000000000000e+00
0.00000000000000e+00
1.79956571744374e+00
7.45782381127362e-01
0.00000000000000e+00
0.00000000000000e+00
1.99649693212880e+00
0.00000000000000e+00
1.88972245897103e+01
0.00000000000000e+00
0.00000000000000e+00
1.42493328347456e+00
0.00000000000000e+00
1.26110298624152e+00
0.00000000000000e+00
5.54924877200972e-01
0.00000000000000e+00
4.30619604611758e-01
0.00000000000000e+00
0.00000000000000e+00
2.51276918955960e-01
0.00000000000000e+00
0.00000000000000e+00
1.00412819898658e+00
7.53096149239936e-01
0.00000000000000e+00
0.00000000000000e+00
1.99352186821153e+00
3.61730543048943e+00
0.00000000000000e+00
1.80376889341115e+00
2.33185997645193e+00
0.00000000000000e+00
3.15835875625070e+00
0.00000000000000e+00
2.51513068995284e+00
1.18701677532936e+01
9.80979063587864e-01
7.48177144799292e-01
1.08132535806785e+00
8.08618020581026e-01
6.45920170669020e+00
0.00000000000000e+00
7.87076162518511e-01
0.00000000000000e+00
0.00000000000000e+00
4.06123185465374e-01
1.26718214204100e+00
7.48177144799292e-01
0.00000000000000e+00
0.00000000000000e+00
4.75125401770992e-01
3.36462037706313e+00
0.00000000000000e+00
0.00000000000000e+00
7.50000000000000e-01
1.83417594466932e+00
0.00000000000000e+00
0.00000000000000e+00
5.50990654745957e-01
0.00000000000000e+00
7.50863502908485e-01
1.22105002479956e+00
4.21584051648894e+00
3.33471544679750e-01
0.00000000000000e+00
3.36161413964909e+00
2.56224075977637e+00
7.50000000000000e-01
4.11843629719077e-01
1.65664360962773e+01
0.00000000000000e+00
7.50005999976000e-01
0.00000000000000e+00
0.00000000000000e+00
1.00000799996800e+00
3.01172172476731e+00
3.17175710720540e+00
6.88081084366821e+00
9.80979063587864e-01
3.54675110722940e+00
2.27417167178178e+00
1.00667921404986e+00
0.00000000000000e+00
0.00000000000000e+00
0.00000000000000e+00
7.59257989728932e+00
7.45679147028570e+00
7.39825990075702e-01
1.50000000000000e+00
2.00918217424400e+00
1.08448139313177e+01
0.00000000000000e+00
0.00000000000000e+00
9.81464701351976e-01
4.37054152581803e+00
0.00000000000000e+00
0.00000000000000e+00
8.38421255674914e-01
0.00000000000000e+00
1.00829749578184e+00
1.27419171428168e+01
1.50904771296338e+00
1.50891697584725e+00
2.00245864876157e+00
1.50184398657118e+00
8.73443877076022e+00
3.92468786369382e-01
0.00000000000000e+00
0.00000000000000e+00
1.12878880008277e+00
3.43061617347737e+00
2.65443872266803e+00
1.00115133721131e+00
4.34439192598527e+00
1.08580567181731e+00
0.00000000000000e+00
4.46026802921503e+00
9.24296159997258e-01
4.85334373482284e+00
0.00000000000000e+00
0.00000000000000e+00
3.57038044012624e-01
1.08389165133893e+00
0.00000000000000e+00
3.57038044012624e-01
0.00000000000000e+00
0.00000000000000e+00
1.00395418222144e+00
7.52965636666123e-01
3.09934912230928e+00
1.80350983958788e+01
2.16462216707591e+00
8.24406533992171e-01
0.00000000000000e+00
0.00000000000000e+00
0.00000000000000e+00
0.00000000000000e+00
0.00000000000000e+00
3.59459658003737e+00
7.09441788629687e-01
0.00000000000000e+00
0.00000000000000e+00
3.87451208550366e+00
0.00000000000000e+00
5.71547801765732e-01
4.24169592718164e-01
4.47306447750123e+00
9.33803253786289e+00
4.63113464650054e+00
2.40767294080849e+00
0.00000000000000e+00
1.47480921362638e+00
2.68926086088654e+00
8.89659247876250e-01
1.82066146239217e+00
0.00000000000000e+00
8.82864209054925e-01
6.43766559959711e-01
0.00000000000000e+00
2.69081086679205e+00
0.00000000000000e+00
4.01793923704045e+00
9.31228929601608e-01
5.64594816537331e-01
0.00000000000000e+00
0.00000000000000e+00
1.00004607893837e+00
6.40790887463384e-01
1.00004607893837e+00
0.00000000000000e+00
0.00000000000000e+00
3.26435973119393e-01
5.12593736063413e-01
0.00000000000000e+00
0.00000000000000e+00
1.80223398180553e+00
0.00000000000000e+00
1.00000000000000e+00
0.00000000000000e+00
0.00000000000000e+00
0.00000000000000e+00
0.00000000000000e+00
0.00000000000000e+00
1.24121671671940e+00
0.00000000000000e+00
0.00000000000000e+00
2.01403580202722e+00
1.59020722145086e+00
2.62546269551674e-01
0.00000000000000e+00
1.03764350533036e+01
4.49015346293444e-01
0.00000000000000e+00
2.25015137490792e+00
0.00000000000000e+00
6.42095221353337e-01
2.13555269955900e+00
5.75072930295130e+00
0.00000000000000e+00
3.73893686118679e+00
9.78343547473555e+00
0.00000000000000e+00
0.00000000000000e+00
2.55392216938958e+00
0.00000000000000e+00
0.00000000000000e+00
0.00000000000000e+00
0.00000000000000e+00
0.00000000000000e+00
1.15900139572159e+00
0.00000000000000e+00
7.64459416379815e-01
2.63311712706768e-01
1.46910945212556e+00
4.44890109622748e+00
0.00000000000000e+00
0.00000000000000e+00
0.00000000000000e+00
0.00000000000000e+00
0.00000000000000e+00
2.37656339712075e+00
0.00000000000000e+00
6.74192744273806e+00
3.64418197717284e+00
1.48832959913149e+00
1.64827452352880e+00
0.00000000000000e+00
0.00000000000000e+00
3.57573923515793e+00
0.00000000000000e+00
2.08543539330837e+00
0.00000000000000e+00
0.00000000000000e+00
0.00000000000000e+00
0.00000000000000e+00
0.00000000000000e+00
0.00000000000000e+00
9.89082960565588e-01
7.99776948024035e+00
0.00000000000000e+00
1.01649877447631e+00
5.67800739227471e-01
6.17684560868256e-01
5.36945696784078e+00
2.66968585375849e+00
0.00000000000000e+00
0.00000000000000e+00
1.47684414359087e+01
1.73912946291187e+00
2.15517791010420e+00
0.00000000000000e+00
1.03431317367761e+00
7.15616313179269e-01
0.00000000000000e+00
7.91065158381459e-01
0.00000000000000e+00
3.90342939310234e-01
0.00000000000000e+00
0.00000000000000e+00
0.00000000000000e+00
0.00000000000000e+00
6.25226235809256e-01
0.00000000000000e+00
8.58085166309136e-01
4.29756475321525e+00
0.00000000000000e+00
3.63886806459376e-01
3.30240391440153e+00
1.14614002458939e+00
1.25373254168893e+00
0.00000000000000e+00
7.22610049842492e+00
1.87867845063135e+00
0.00000000000000e+00
4.85264839590335e-01
3.58282594544331e+00
3.18452776213923e-01
0.00000000000000e+00
0.00000000000000e+00
4.82780317894240e-01
1.65397183672278e+00
0.00000000000000e+00
6.76464600547532e-01
0.00000000000000e+00
1.03571094792684e+00
1.13281995683594e+00
0.00000000000000e+00
0.00000000000000e+00
0.00000000000000e+00
2.38700298566662e+00
6.28935093365232e+00
1.89088173722109e+00
0.00000000000000e+00
3.24439972654915e+00
0.00000000000000e+00
0.00000000000000e+00
0.00000000000000e+00
1.68002630420142e+01
4.93033608107130e-01
0.00000000000000e+00
8.02025218599381e-01
0.00000000000000e+00
0.00000000000000e+00
5.50071717631429e-01
8.61399975410928e-01
0.00000000000000e+00
0.00000000000000e+00
5.44607496603452e+00
2.50931212466290e-01
3.51508040581197e+00
0.00000000000000e+00
2.54179408278302e+00
6.31257228476039e+00
5.56030744534511e-01
0.00000000000000e+00
0.00000000000000e+00
1.32692278618560e+00
8.17513552462567e-01
8.61335480422353e-01
0.00000000000000e+00
9.45021355986928e+00
4.63113464650054e+00
0.00000000000000e+00
5.52992512797453e+00
0.00000000000000e+00
3.90342939310234e-01
2.23629431903591e+00
3.40360618093136e+00
0.00000000000000e+00
2.85777604689835e+00
0.00000000000000e+00
0.00000000000000e+00
0.00000000000000e+00
6.96301420124948e-01
4.08600721262523e+00
2.09948600199998e+00
1.12500000000000e+00
0.00000000000000e+00
4.02441730738374e+00
6.31862830264300e+00
8.73240906938570e-01
4.53008117534888e-01
6.71830554794684e-01
4.59522302628887e-01
0.00000000000000e+00
0.00000000000000e+00
0.00000000000000e+00
0.00000000000000e+00
7.36570139194843e-01
1.17154710130563e+00
0.00000000000000e+00
3.91928143322247e+00
0.00000000000000e+00
1.00819963862380e+00
5.52390361611495e+00
0.00000000000000e+00
0.00000000000000e+00
0.00000000000000e+00
4.45644518562807e+00
1.56172850835372e+00
3.28483150902177e-01
0.00000000000000e+00
2.85777604689835e+00
2.29570574693276e+00
2.62137621878852e+00
7.89446797163492e-01
6.86148033147496e+00
7.95924150888931e+00
0.00000000000000e+00
1.83417594466932e+00
7.23845124468282e-01
5.71251741546498e+00
5.63608275460984e+00
0.00000000000000e+00
7.73825847078641e-01
4.49243853048007e+00
0.00000000000000e+00
2.24186153836805e+00
0.00000000000000e+00
0.00000000000000e+00
2.34849784676381e+00
0.00000000000000e+00
7.33357071325548e+00
0.00000000000000e+00
0.00000000000000e+00
0.00000000000000e+00
0.00000000000000e+00
0.00000000000000e+00
0.00000000000000e+00
0.00000000000000e+00
6.35080745122894e-01
0.00000000000000e+00
0.00000000000000e+00
0.00000000000000e+00
0.00000000000000e+00
3.71560218790575e+00
7.78933504841004e-01
0.00000000000000e+00
0.00000000000000e+00
0.00000000000000e+00
6.88271952472177e-01
0.00000000000000e+00
0.00000000000000e+00
0.00000000000000e+00
0.00000000000000e+00
0.00000000000000e+00
0.00000000000000e+00
1.35131800801581e+00
0.00000000000000e+00
0.00000000000000e+00
0.00000000000000e+00
0.00000000000000e+00
0.00000000000000e+00
1.40021273293365e+00
8.08878470302310e+00
6.47257638909861e-01
2.99886975492013e+00
7.09632763396385e-01
8.69227355071927e-01
2.81737564853412e+00
9.62033729093058e-01
0.00000000000000e+00
1.42846390609108e+00
6.01197058449962e-01
0.00000000000000e+00
1.08746000939551e+00
0.00000000000000e+00
3.14163187680205e+00
2.01515253699807e+00
7.00649367150008e+00
2.28997507096219e+00
0.00000000000000e+00
3.23916226004793e+00
8.28736486385602e-01
0.00000000000000e+00
8.06918424954827e+00
7.71167361440110e-01
1.13351391919300e+01
0.00000000000000e+00
3.23060004090150e+00
0.00000000000000e+00
1.38007583969907e+01
5.29336197667243e-01
4.01040175858598e+00
1.47296019778256e+00
0.00000000000000e+00
4.36821083001753e+00
3.73455065493239e+00
1.20679874536977e+01
0.00000000000000e+00
4.54584641157414e+00
0.00000000000000e+00
4.82627749258912e+00
3.34199067894843e+00
3.28843857483907e+00
7.06948941549642e-01
3.41961759442555e-01
3.80099666214842e+00
1.16050236687493e+00
0.00000000000000e+00
4.00110356210402e+00
6.92751339039360e+00
0.00000000000000e+00
2.01515253699807e+00
6.50332723900007e-01
2.40767294080849e+00
4.58871250698337e+00
0.00000000000000e+00
0.00000000000000e+00
1.58042174338082e+01
1.16958063805995e+01
6.05962005682562e+00
7.58672502327150e+00
5.73716900014859e+00
0.00000000000000e+00
4.93613846210371e+00
8.92451124525478e+00
1.26356363673966e+01
0.00000000000000e+00
1.83927014947199e+01
2.57108419253415e+00
9.50734858731534e+00
1.90906334480561e+00
1.37055832637824e+00
0.00000000000000e+00
2.89824604983393e+00
7.24405870326798e+00
2.63887160328268e+01
2.35498038340664e+01
0.00000000000000e+00
0.00000000000000e+00
1.16792104324703e+00
1.37425239356906e+00
0.00000000000000e+00
0.00000000000000e+00
3.59877772351835e+00
0.00000000000000e+00
1.44981948607959e+00
3.86987825417658e+00
8.20941741262469e+00
0.00000000000000e+00
0.00000000000000e+00
0.00000000000000e+00
4.53366601715041e-01
1.32627982454074e+00
4.42253902224012e+00
7.35852034562697e+00
0.00000000000000e+00
0.00000000000000e+00
3.67592127587079e+00
0.00000000000000e+00
0.00000000000000e+00
3.98181103364675e+00
0.00000000000000e+00
0.00000000000000e+00
1.79270090753408e+01
0.00000000000000e+00
3.15699737778518e-01
0.00000000000000e+00
0.00000000000000e+00
3.89821312512298e+00
0.00000000000000e+00
4.85264839590335e-01
5.85715475818264e+00
0.00000000000000e+00
0.00000000000000e+00
0.00000000000000e+00
1.30965542103657e+00
1.31179003196537e+00
3.12348336587507e-01
6.93420393656454e+00
0.00000000000000e+00
1.70511043030780e+01
0.00000000000000e+00
2.93872123989061e+00
0.00000000000000e+00
5.36139665578149e+00
0.00000000000000e+00
6.25226235809256e-01
0.00000000000000e+00
5.74687495791061e-01
5.74687495791061e-01
0.00000000000000e+00
2.75448753843125e+00
9.74106843219561e-01
4.50788806002097e+00
0.00000000000000e+00
6.31862830264300e+00
2.27330490854281e+00
4.78087791173747e+00
2.42865190680538e+00
7.21147826037868e+00
8.55424404134279e-01
7.66312421770897e+00
1.71052278010760e+00
2.21707064428858e+00
0.00000000000000e+00
0.00000000000000e+00
0.00000000000000e+00
1.16668769702585e+00
2.37485905191485e+00
0.00000000000000e+00
0.00000000000000e+00
0.00000000000000e+00
1.12500000000000e+00
1.88562337668958e+00
1.38041700183880e+00
8.91256304180346e+00
1.51568415596452e+00
0.00000000000000e+00
0.00000000000000e+00
1.50000000000000e+00
0.00000000000000e+00
1.41605679173870e+00
1.70996004626430e+01
4.75297673506772e+00
0.00000000000000e+00
1.29315219724675e+01
1.93469093056210e+00
2.68608445076263e+00
3.46056139526526e+00
0.00000000000000e+00
9.39581785200936e-01
2.74520614560421e+00
2.26480867603380e+01
3.23090528483872e+00
8.21789907995899e+00
3.94754980716632e+00
6.99129113424258e+00
1.66017147896078e+01
1.42522737774112e+01
0.00000000000000e+00
7.79899658356501e-01
2.47199879815352e+00
3.92532297800820e+01
0.00000000000000e+00
2.56921869912072e+00
4.68153874005576e+00
3.20577326511294e+00
3.59120149561276e+00
0.00000000000000e+00
9.45316880897467e+00
0.00000000000000e+00
3.72101805371414e+00
0.00000000000000e+00
1.08173722428991e+00
1.96468293231677e+00
0.00000000000000e+00
0.00000000000000e+00
1.38530216545387e+01
1.19111900042071e+01
2.21831900494531e+01
3.91443086880645e+00
0.00000000000000e+00
8.61399975410928e-01
4.33991976042776e+00
0.00000000000000e+00
4.22233082950064e+00
0.00000000000000e+00
1.04664681604565e+01
9.17441302498842e-01
0.00000000000000e+00
3.19780124463104e+00
1.64596986631345e+01
1.87070322510159e+01
1.48750219170791e+01
1.27810228733183e+01
4.93613846210371e+00
0.00000000000000e+00
0.00000000000000e+00
0.00000000000000e+00
0.00000000000000e+00
0.00000000000000e+00
7.11962790347933e+00
9.89853626987531e+00
1.41605679173870e+00
8.55981430398827e+00
0.00000000000000e+00
0.00000000000000e+00
0.00000000000000e+00
0.00000000000000e+00
0.00000000000000e+00
2.25111308875795e+01
2.33512619960014e+00
8.34981832198576e+00
7.21464729132627e+00
0.00000000000000e+00
0.00000000000000e+00
0.00000000000000e+00
0.00000000000000e+00
0.00000000000000e+00
0.00000000000000e+00
1.42055111056688e+01
1.59428373982542e+00
1.50236562013732e+00
4.26075901060440e+00
5.67156648421173e+00
0.00000000000000e+00
4.62922821184406e+00
4.88951537993045e+01
0.00000000000000e+00
0.00000000000000e+00
1.54057818763703e+01
2.33512619960014e+00
3.35210541543878e+01
6.02716938885505e+00
0.00000000000000e+00
3.87802713519042e+00
3.37536122310620e+01
2.98350379404221e+00
0.00000000000000e+00
1.20722198148331e+00
4.19009259669704e+00
9.55035356296002e+00
2.82111552768488e+01
0.00000000000000e+00
0.00000000000000e+00
0.00000000000000e+00
3.79018304630410e+00
1.61686060419482e+01
3.11973105885650e+00
2.12164938294263e+01
1.78253986718344e+01
2.99653833339610e+01
8.74999579387537e+00
3.45520684579125e+00
9.12479522703145e+00
1.78273741087783e+01
3.25836532338203e+00
0.00000000000000e+00
0.00000000000000e+00
0.00000000000000e+00
5.15749611244651e+00
3.54649207888980e+00
0.00000000000000e+00
2.50117287843037e+00
1.92517464463265e+01
0.00000000000000e+00
2.56921869912072e+00
1.93603769089491e+01
5.58201459779585e+00
2.47866956293376e+00
5.92787483606272e+00
4.04089227682830e+01
1.06825871302762e+01
0.00000000000000e+00
0.00000000000000e+00
1.91674993636375e+01
0.00000000000000e+00
5.50275117778882e+00
2.60581644952089e+01
5.54802633387235e+00
1.84577657682708e+01
3.33575319140366e+00
1.02278303468614e+01
8.03442252868829e+00
5.58277438188413e+01
8.28313676682248e+00
5.02276400394069e+01
7.23694344709891e+00
3.10776169064369e+01
5.46317482634159e+01
4.72536252309563e+01
4.06207098999135e+00
1.48484661685501e+01
6.90842139204904e+00
4.93695328526991e+01
0.00000000000000e+00
3.11271673389547e+01
3.32170525200383e+01
1.25860090283213e+01
1.17453631243120e+01
2.26578320416893e+01
2.51820053816604e+01
3.81209272290194e+00
2.56601505762423e+00
1.82668762715671e+01
2.09990829786001e+01
1.82202212824719e+01
3.89275510935968e+01
2.42156108042166e+01
2.86468850929739e+00
0.00000000000000e+00
3.69378089128737e+01
1.07333874635568e+01
7.31827669988759e+00
1.59661344793087e+01
3.32351262817475e+00
6.90082715551185e+01
3.59835312173317e+01
2.41234672437210e+01
3.87049429705319e+01
3.14533765515638e+01
5.87374954773645e+01
3.85804360842183e+01
0.00000000000000e+00
3.02548122584564e+01
3.92501591058248e+01
3.63373977054172e+01
3.52903025108663e+01
5.58490128392828e+00
3.27656334747514e+00
7.77536559888391e-01
0.00000000000000e+00
1.20498982904142e+01
6.02393960740746e+00
0.00000000000000e+00
3.19687764198865e+01
9.17441302498842e-01
3.67590730250228e+00
0.00000000000000e+00
6.76655035829191e+01
1.40178033347234e+01
2.90154072576547e+01
2.26188020728609e+01
0.00000000000000e+00
1.00989720804417e+01
3.69909788578199e+01
6.77080058422083e+00
4.16194980316965e-01
0.00000000000000e+00
8.34981832198576e+00
2.05381349079142e+00
2.14358833548914e+01
1.00783934527285e+01
1.41109628055501e+01
7.46629720153332e+00
0.00000000000000e+00
3.82687405154300e+00
9.38086015023823e+00
0.00000000000000e+00
3.72125550083567e+01
2.06361993302589e+01
0.00000000000000e+00
1.53311427096278e+01
0.00000000000000e+00
1.33396637427899e+01
4.26294888698742e+00
3.95014267225406e+01
9.56889582152997e+00
6.67745512061346e+00
1.60049339113986e+01
1.51541088489807e+01
1.95241515119175e+00
1.79004759220289e+00
1.22971866994724e+01
0.00000000000000e+00
1.44749931614936e+01
2.11966035245351e+01
4.31793613564042e+01
1.05507638745100e+01
3.43478042716674e+01
0.00000000000000e+00
0.00000000000000e+00
2.06774390497837e+01
1.79470643367064e+01
2.57438295619137e+01
0.00000000000000e+00
7.97045752914728e+00
0.00000000000000e+00
0.00000000000000e+00
2.19769350405924e+01
6.32747493179165e+00
1.35113377619562e+01
4.84248902506204e+01
0.00000000000000e+00
7.66211183129573e+00
7.80969767527040e+00
6.83687528983789e+00
0.00000000000000e+00
1.17788247539541e+01
8.41581006703473e+00
8.91443439818876e-01
1.97883246430328e+01
3.46508570495903e+00
7.90158434158550e+00
4.10110512901655e+01
1.92649001160522e+00
1.70305981879151e+01
1.04475944613155e+01
1.55843615450910e+01
1.90927377532349e+01
9.44384293145560e+00
2.56660799358979e+00
8.21031489466473e+00
8.21031489466473e+00
0.00000000000000e+00
0.00000000000000e+00
0.00000000000000e+00
3.00020183321056e+00
0.00000000000000e+00
0.00000000000000e+00
7.00504079129695e-01
1.41071872661617e+01
1.65650052281067e+01
0.00000000000000e+00
4.32130571168005e+00
5.93649739290991e+00
2.41094552605501e+01
4.96370545022668e+00
0.00000000000000e+00
5.07970375777879e+00
0.00000000000000e+00
9.55540318008439e+00
3.27526593087425e+00
1.91632726077902e+00
2.77608054856958e+01
1.99865347550210e+01
0.00000000000000e+00
1.78288687963780e+00
2.19916115795738e+01
0.00000000000000e+00
1.73912946291187e+00
2.88651422760338e+01
0.00000000000000e+00
4.51255508068075e+01
3.52774070138752e+00
2.89819675593424e+01
5.01261793284295e+01
7.98548829922728e+00
2.22591573208328e+01
0.00000000000000e+00
0.00000000000000e+00
8.12010292886518e+00
1.60874147525236e+01
7.22610049842492e+00
0.00000000000000e+00
1.58520221157981e+00
7.07341104870586e+01
1.76457095053997e+00
6.50564954529385e+01
2.72259176160285e+01
2.72259176160285e+01
0.00000000000000e+00
9.62965226693571e+00
1.96002127464518e+01
4.52992108986870e+01
1.32670702933090e+00
0.00000000000000e+00
1.56122120754102e+01
1.66214430199707e+00
0.00000000000000e+00
0.00000000000000e+00
2.51245997701498e+00
0.00000000000000e+00
6.09849959962197e+00
0.00000000000000e+00
4.34171302028496e+01
4.50936301117749e+01
1.62121828448893e+01
4.77599117459376e+00
9.81773135119721e-01
0.00000000000000e+00
1.89294835562575e+00
0.00000000000000e+00
0.00000000000000e+00
0.00000000000000e+00
3.91443086880645e+00
4.64786665961266e+01
4.70471445224706e+01
1.75434508657957e+01
0.00000000000000e+00
1.34595042666804e+00
3.49967673882784e+01
3.80847631770937e+00
3.41253402948576e+00
9.16599052334897e+00
1.45766393875329e+01
8.02616591748652e+00
2.02673809531090e+01
2.35147545154535e+01
2.91200171379066e+01
1.65342650598801e+01
5.89619666048453e+00
3.53691277930785e+01
3.02771416687272e+00
1.56548018046408e+01
1.39683974355911e+01
0.00000000000000e+00
0.00000000000000e+00
5.39344973688910e+01
7.72255351918282e+00
3.42904654700191e+00
5.30869452145826e+01
0.00000000000000e+00
0.00000000000000e+00
4.60490341211061e+00
0.00000000000000e+00
1.76480489057198e+01
2.90088899898409e+01
0.00000000000000e+00
3.78095506369331e+01
1.91776091801886e+01
1.00599783758960e+01
3.82554581114807e+01
0.00000000000000e+00
0.00000000000000e+00
0.00000000000000e+00
1.96394275142003e+01
6.10941380113661e+01
0.00000000000000e+00
0.00000000000000e+00
4.59446653780974e+01
0.00000000000000e+00
0.00000000000000e+00
0.00000000000000e+00
1.69852141284901e+01
4.01308006558029e+01
0.00000000000000e+00
0.00000000000000e+00
0.00000000000000e+00
0.00000000000000e+00
0.00000000000000e+00
1.52023860418583e+00
8.22452110524652e+00
3.59840473410868e+01
0.00000000000000e+00
3.81131284571522e+00
0.00000000000000e+00
1.54412161627151e+01
0.00000000000000e+00
5.36707996769189e+00
4.14464135713690e+01
0.00000000000000e+00
1.36325996781944e+01
0.00000000000000e+00
0.00000000000000e+00
0.00000000000000e+00
0.00000000000000e+00
0.00000000000000e+00
0.00000000000000e+00
0.00000000000000e+00
0.00000000000000e+00
0.00000000000000e+00
6.13966524677325e+01
0.00000000000000e+00
0.00000000000000e+00
0.00000000000000e+00
0.00000000000000e+00
1.92333355283994e+00
0.00000000000000e+00
0.00000000000000e+00
0.00000000000000e+00
0.00000000000000e+00
0.00000000000000e+00
0.00000000000000e+00
0.00000000000000e+00
0.00000000000000e+00
0.00000000000000e+00
4.51765021167049e+00
0.00000000000000e+00
6.95127444614589e+01
3.60618948874767e+01
1.73296382191692e+01
3.10889281451838e+01
3.13179148013941e+01
2.60378534432023e+01
1.61570057910072e+01
6.98874599345003e+01
9.85173153640503e+01
7.43989216944010e+01
0.00000000000000e+00
0.00000000000000e+00
0.00000000000000e+00
0.00000000000000e+00
0.00000000000000e+00
0.00000000000000e+00
0.00000000000000e+00
0.00000000000000e+00
0.00000000000000e+00
0.00000000000000e+00
3.18169992366268e+01
4.86547594281863e+01
4.60490341211061e+00
6.73755475753224e+01
8.48282839802206e+00
7.94905235271543e+01
5.00891694867281e+00
0.00000000000000e+00
4.82536331836020e+00
2.77907537271925e+01
0.00000000000000e+00
3.47935673055885e+01
3.47051268830068e+01
2.22415242386852e+01
3.49039544955088e+00
1.61414380118801e+01
5.53293657967701e+01
2.27207841447584e+01
0.00000000000000e+00
0.00000000000000e+00
8.67990119649452e+00
0.00000000000000e+00
1.58742347701453e+00
0.00000000000000e+00
0.00000000000000e+00
2.01921360853652e+01
0.00000000000000e+00
0.00000000000000e+00
2.28852748531288e+01
0.00000000000000e+00
0.00000000000000e+00
0.00000000000000e+00
2.26361674324114e+01
2.74987114524532e+00
0.00000000000000e+00
0.00000000000000e+00
1.87020513405259e+01
0.00000000000000e+00
1.79575776821018e+01
1.52487789262119e+00
0.00000000000000e+00
0.00000000000000e+00
0.00000000000000e+00
0.00000000000000e+00
0.00000000000000e+00
0.00000000000000e+00
0.00000000000000e+00
0.00000000000000e+00
8.63630298776488e+01
4.06889602312240e+01
1.84362981648987e+01
0.00000000000000e+00
0.00000000000000e+00
0.00000000000000e+00
0.00000000000000e+00
4.39369905631729e+01
3.86114120641434e+01
0.00000000000000e+00
0.00000000000000e+00
0.00000000000000e+00
0.00000000000000e+00
0.00000000000000e+00
0.00000000000000e+00
0.00000000000000e+00
2.57010840317384e+01
0.00000000000000e+00
0.00000000000000e+00
0.00000000000000e+00
0.00000000000000e+00
0.00000000000000e+00
0.00000000000000e+00
0.00000000000000e+00
0.00000000000000e+00
0.00000000000000e+00
0.00000000000000e+00
0.00000000000000e+00
0.00000000000000e+00
2.08675660869381e+01
4.82281317466192e+01
9.36491630279449e+00
2.04144501983677e+01
3.05031748851641e+01
3.79271172313232e+01
2.23731270417275e+01
9.99260348679760e+00
4.72251091127114e+01
4.13386813901536e+01
5.17992637378023e+01
1.87148997692102e+01
0.00000000000000e+00
1.03199500848182e+01
3.18510885344024e+01
2.56937052890034e+01
0.00000000000000e+00
2.25218973659470e+01
0.00000000000000e+00
5.57258266509735e+00
0.00000000000000e+00
3.46353182894736e+01
0.00000000000000e+00
0.00000000000000e+00
0.00000000000000e+00
4.52654285497532e+00
0.00000000000000e+00
4.38119891622586e+00
0.00000000000000e+00
4.82536331836020e+00
0.00000000000000e+00
2.53510083952163e+01
0.00000000000000e+00
0.00000000000000e+00
0.00000000000000e+00
2.66549787588158e+01
0.00000000000000e+00
2.51013126541740e+01
0.00000000000000e+00
3.15698583975667e+01
0.00000000000000e+00
0.00000000000000e+00
0.00000000000000e+00
0.00000000000000e+00
0.00000000000000e+00
3.02771416687272e+00
0.00000000000000e+00
0.00000000000000e+00
0.00000000000000e+00
0.00000000000000e+00
0.00000000000000e+00
0.00000000000000e+00
0.00000000000000e+00
0.00000000000000e+00
0.00000000000000e+00
0.00000000000000e+00
0.00000000000000e+00
0.00000000000000e+00
0.00000000000000e+00
0.00000000000000e+00
1.55152474036613e+00
0.00000000000000e+00
0.00000000000000e+00
0.00000000000000e+00
0.00000000000000e+00
0.00000000000000e+00
0.00000000000000e+00
0.00000000000000e+00
0.00000000000000e+00
0.00000000000000e+00
0.00000000000000e+00
0.00000000000000e+00
0.00000000000000e+00
0.00000000000000e+00
0.00000000000000e+00
0.00000000000000e+00
0.00000000000000e+00
1.84087834636844e+01
1.98744467126791e+01
1.75592819056654e+01
4.66818028748505e+01
2.61081740802127e+01
1.40745780867622e+01
4.32998842825002e+00
2.66979788135232e+01
1.64944402573542e+01
5.83162172179424e+00
4.65959765824659e+01
3.37650748478326e+00
5.57258266509735e+00
6.01954120364165e+01
0.00000000000000e+00
1.12696535499795e+01
1.32935654955720e+01
0.00000000000000e+00
0.00000000000000e+00
3.57357115038148e+01
0.00000000000000e+00
3.19200969479793e+00
0.00000000000000e+00
0.00000000000000e+00
0.00000000000000e+00
0.00000000000000e+00
4.17085989880016e+01
0.00000000000000e+00
0.00000000000000e+00
2.19972800410243e+00
3.74576308196518e+00
0.00000000000000e+00
0.00000000000000e+00
3.39870187514323e+01
0.00000000000000e+00
0.00000000000000e+00
0.00000000000000e+00
0.00000000000000e+00
0.00000000000000e+00
0.00000000000000e+00
0.00000000000000e+00
0.00000000000000e+00
0.00000000000000e+00
0.00000000000000e+00
0.00000000000000e+00
0.00000000000000e+00
0.00000000000000e+00
0.00000000000000e+00
0.00000000000000e+00
0.00000000000000e+00
0.00000000000000e+00
0.00000000000000e+00
0.00000000000000e+00
0.00000000000000e+00
0.00000000000000e+00
0.00000000000000e+00
0.00000000000000e+00
2.96703918903707e+01
2.54463444670566e+01
3.33020314770394e+01
3.02478984337599e+00
4.76755551757378e+01
4.35675609156158e+01
0.00000000000000e+00
0.00000000000000e+00
1.65920748782399e+00
0.00000000000000e+00
9.84072310920054e+00
3.91094115092980e+01
6.75676416070179e+01
2.58214100393997e+01
2.93795022243546e+01
2.25796925351265e+01
7.51532870839416e+01
2.06580070682334e+00
0.00000000000000e+00
1.61753938864711e+01
1.19119483438642e+01
2.98353727383194e+01
4.27732867137151e+01
6.99410490388906e+00
2.71126341989017e+01
4.65009859033479e+01
2.55464278134663e+00
0.00000000000000e+00
1.16920988700417e+01
1.13880440246692e+01
2.36449433577750e+01
4.92766143794005e+01
9.72861815258967e+00
1.82134030201578e+01
5.87256761674065e+01
3.80208553937161e+01
1.25591167766858e+01
2.22475068615499e+01
4.27732867137151e+01
3.35452361046178e+01
5.46395569396449e+00
6.14661883407287e+01
2.18449745117015e+01
2.32862567183208e+01
1.83565903759951e+01
0.00000000000000e+00
2.91472965145514e+00
1.67671314235208e+01
0.00000000000000e+00
0.00000000000000e+00
2.01855423908945e+01
8.26409091443653e+00
0.00000000000000e+00
4.75250387083275e+01
1.22413836214457e+01
2.36605785583316e+01
1.47594862994902e+01
1.10875626225340e+01
1.92196281997149e+01
1.41912100648886e+00
2.42317303001194e+01
2.45569901273799e+01
3.37345546482667e+01
2.15033574890867e+01
2.68229268820667e+01
4.59396584256748e+01
1.95966037267466e+00
0.00000000000000e+00
4.36985451205104e+01
0.00000000000000e+00
0.00000000000000e+00
0.00000000000000e+00
2.09166503044937e+00
3.73033644739224e+00
0.00000000000000e+00
0.00000000000000e+00
0.00000000000000e+00
0.00000000000000e+00
4.24047953145679e+01
0.00000000000000e+00
0.00000000000000e+00
0.00000000000000e+00
1.48428835680066e+00
0.00000000000000e+00
0.00000000000000e+00
6.27927857597338e+01
0.00000000000000e+00
0.00000000000000e+00
3.87012193441430e+00
3.38631796359786e+01
0.00000000000000e+00
0.00000000000000e+00
0.00000000000000e+00
0.00000000000000e+00
3.05396383221494e+00
6.69353632990193e+00
8.97366266434937e+01
4.46304229284432e+01
6.70674296398082e+00
0.00000000000000e+00
0.00000000000000e+00
0.00000000000000e+00
0.00000000000000e+00
0.00000000000000e+00
1.07351523188775e+00
0.00000000000000e+00
0.00000000000000e+00
0.00000000000000e+00
0.00000000000000e+00
0.00000000000000e+00
0.00000000000000e+00
0.00000000000000e+00
0.00000000000000e+00
0.00000000000000e+00
0.00000000000000e+00
0.00000000000000e+00
0.00000000000000e+00
0.00000000000000e+00
0.00000000000000e+00
0.00000000000000e+00
3.51937617229234e+01
3.25179674884511e+01
1.43391095083845e+01
3.57342128122051e+01
2.32622950947713e+01
2.06989036359222e+01
2.42264166136227e+01
1.43608852157315e+01
0.00000000000000e+00
0.00000000000000e+00
0.00000000000000e+00
0.00000000000000e+00
0.00000000000000e+00
0.00000000000000e+00
0.00000000000000e+00
0.00000000000000e+00
0.00000000000000e+00
0.00000000000000e+00
0.00000000000000e+00
1.04491043880535e+00
0.00000000000000e+00
0.00000000000000e+00
3.15698583975667e+01
0.00000000000000e+00
2.79667855361551e+00
0.00000000000000e+00
0.00000000000000e+00
0.00000000000000e+00
0.00000000000000e+00
0.00000000000000e+00
0.00000000000000e+00
0.00000000000000e+00
0.00000000000000e+00
0.00000000000000e+00
0.00000000000000e+00
0.00000000000000e+00
0.00000000000000e+00
0.00000000000000e+00
0.00000000000000e+00
0.00000000000000e+00
0.00000000000000e+00
0.00000000000000e+00
0.00000000000000e+00
0.00000000000000e+00
0.00000000000000e+00
0.00000000000000e+00
3.84220516681799e+00
1.05173918330393e+01
0.00000000000000e+00
0.00000000000000e+00
0.00000000000000e+00
0.00000000000000e+00
0.00000000000000e+00
0.00000000000000e+00
4.23829910710017e+00
0.00000000000000e+00
0.00000000000000e+00
0.00000000000000e+00
0.00000000000000e+00
3.94536817751079e+00
0.00000000000000e+00
4.85201983407798e+00
0.00000000000000e+00
0.00000000000000e+00
0.00000000000000e+00
3.23353860421177e+00
0.00000000000000e+00
0.00000000000000e+00
0.00000000000000e+00
0.00000000000000e+00
0.00000000000000e+00
0.00000000000000e+00
0.00000000000000e+00
0.00000000000000e+00
2.51390067323078e+00
2.51390067323078e+00
0.00000000000000e+00
0.00000000000000e+00
0.00000000000000e+00
0.00000000000000e+00
0.00000000000000e+00
0.00000000000000e+00
0.00000000000000e+00
0.00000000000000e+00
0.00000000000000e+00
0.00000000000000e+00
0.00000000000000e+00
3.28355517423333e+00
0.00000000000000e+00
0.00000000000000e+00
0.00000000000000e+00
0.00000000000000e+00
0.00000000000000e+00
0.00000000000000e+00
0.00000000000000e+00
0.00000000000000e+00
0.00000000000000e+00
0.00000000000000e+00
0.00000000000000e+00
0.00000000000000e+00
0.00000000000000e+00
0.00000000000000e+00
0.00000000000000e+00
0.00000000000000e+00
0.00000000000000e+00
0.00000000000000e+00
0.00000000000000e+00
0.00000000000000e+00
1.22562370425589e+00
0.00000000000000e+00
0.00000000000000e+00
0.00000000000000e+00
0.00000000000000e+00
0.00000000000000e+00
0.00000000000000e+00
0.00000000000000e+00
0.00000000000000e+00
0.00000000000000e+00
0.00000000000000e+00
0.00000000000000e+00
0.00000000000000e+00
0.00000000000000e+00
0.00000000000000e+00
0.00000000000000e+00
0.00000000000000e+00
0.00000000000000e+00
0.00000000000000e+00
0.00000000000000e+00
0.00000000000000e+00
0.00000000000000e+00
0.00000000000000e+00
0.00000000000000e+00
0.00000000000000e+00
0.00000000000000e+00
0.00000000000000e+00
0.00000000000000e+00
0.00000000000000e+00
0.00000000000000e+00
0.00000000000000e+00
0.00000000000000e+00
0.00000000000000e+00
0.00000000000000e+00
0.00000000000000e+00
0.00000000000000e+00
0.00000000000000e+00
0.00000000000000e+00
0.00000000000000e+00
0.00000000000000e+00
0.00000000000000e+00
0.00000000000000e+00
0.00000000000000e+00
0.00000000000000e+00
0.00000000000000e+00
0.00000000000000e+00
0.00000000000000e+00
0.00000000000000e+00
0.00000000000000e+00
0.00000000000000e+00
0.00000000000000e+00
0.00000000000000e+00
0.00000000000000e+00
0.00000000000000e+00
0.00000000000000e+00
0.00000000000000e+00
0.00000000000000e+00
0.00000000000000e+00
0.00000000000000e+00
0.00000000000000e+00
0.00000000000000e+00
0.00000000000000e+00
0.00000000000000e+00
0.00000000000000e+00
0.00000000000000e+00
0.00000000000000e+00
0.00000000000000e+00
0.00000000000000e+00
0.00000000000000e+00
0.00000000000000e+00
0.00000000000000e+00
0.00000000000000e+00
0.00000000000000e+00
0.00000000000000e+00
0.00000000000000e+00
0.00000000000000e+00
0.00000000000000e+00
0.00000000000000e+00
0.00000000000000e+00
0.00000000000000e+00
0.00000000000000e+00
0.00000000000000e+00
0.00000000000000e+00
0.00000000000000e+00
0.00000000000000e+00
0.00000000000000e+00
0.00000000000000e+00
0.00000000000000e+00
0.00000000000000e+00
0.00000000000000e+00
0.00000000000000e+00
0.00000000000000e+00
0.00000000000000e+00
0.00000000000000e+00
0.00000000000000e+00
0.00000000000000e+00
0.00000000000000e+00
0.00000000000000e+00
0.00000000000000e+00
0.00000000000000e+00
0.00000000000000e+00
0.00000000000000e+00
0.00000000000000e+00
0.00000000000000e+00
0.00000000000000e+00
0.00000000000000e+00
0.00000000000000e+00
0.00000000000000e+00
0.00000000000000e+00
0.00000000000000e+00
0.00000000000000e+00
0.00000000000000e+00
0.00000000000000e+00
0.00000000000000e+00
0.00000000000000e+00
3.34675997938767e+00
0.00000000000000e+00
0.00000000000000e+00
0.00000000000000e+00
0.00000000000000e+00
0.00000000000000e+00
0.00000000000000e+00
0.00000000000000e+00
0.00000000000000e+00
0.00000000000000e+00
0.00000000000000e+00
0.00000000000000e+00
0.00000000000000e+00
0.00000000000000e+00
0.00000000000000e+00
0.00000000000000e+00
0.00000000000000e+00
0.00000000000000e+00
0.00000000000000e+00
0.00000000000000e+00
0.00000000000000e+00
0.00000000000000e+00
0.00000000000000e+00
0.00000000000000e+00
0.00000000000000e+00
0.00000000000000e+00
0.00000000000000e+00
0.00000000000000e+00
0.00000000000000e+00
0.00000000000000e+00
0.00000000000000e+00
0.00000000000000e+00
0.00000000000000e+00
0.00000000000000e+00
0.00000000000000e+00
0.00000000000000e+00
0.00000000000000e+00
0.00000000000000e+00
0.00000000000000e+00
0.00000000000000e+00
0.00000000000000e+00
0.00000000000000e+00
0.00000000000000e+00
0.00000000000000e+00
0.00000000000000e+00
0.00000000000000e+00
0.00000000000000e+00
0.00000000000000e+00
0.00000000000000e+00
0.00000000000000e+00
0.00000000000000e+00
0.00000000000000e+00
0.00000000000000e+00
0.00000000000000e+00
1.67315080712665e+01
1.11161424991996e+01
3.44384905389711e+01
1.90015453567627e+01
3.51688704331743e+01
2.33479851261340e+01
0.00000000000000e+00
2.39433787512975e+00
0.00000000000000e+00
2.10983398519188e+00
0.00000000000000e+00
0.00000000000000e+00
0.00000000000000e+00
0.00000000000000e+00
0.00000000000000e+00
0.00000000000000e+00
0.00000000000000e+00
0.00000000000000e+00
0.00000000000000e+00
0.00000000000000e+00
0.00000000000000e+00
0.00000000000000e+00
2.95669360712036e+00
0.00000000000000e+00
0.00000000000000e+00
0.00000000000000e+00
0.00000000000000e+00
0.00000000000000e+00
0.00000000000000e+00
0.00000000000000e+00
0.00000000000000e+00
0.00000000000000e+00
3.62438013614779e+00
0.00000000000000e+00
0.00000000000000e+00
0.00000000000000e+00
2.55464278134663e+00
0.00000000000000e+00
0.00000000000000e+00
2.42012614781969e+00
4.45593308055887e+00
0.00000000000000e+00
0.00000000000000e+00
0.00000000000000e+00
0.00000000000000e+00
0.00000000000000e+00
0.00000000000000e+00
0.00000000000000e+00
3.57357115038148e+01
0.00000000000000e+00
0.00000000000000e+00
0.00000000000000e+00
0.00000000000000e+00
0.00000000000000e+00
0.00000000000000e+00
0.00000000000000e+00
0.00000000000000e+00
0.00000000000000e+00
0.00000000000000e+00
0.00000000000000e+00
0.00000000000000e+00
0.00000000000000e+00
0.00000000000000e+00
0.00000000000000e+00
0.00000000000000e+00
0.00000000000000e+00
0.00000000000000e+00
0.00000000000000e+00
0.00000000000000e+00
0.00000000000000e+00
0.00000000000000e+00
0.00000000000000e+00
0.00000000000000e+00
0.00000000000000e+00
0.00000000000000e+00
0.00000000000000e+00
0.00000000000000e+00
0.00000000000000e+00
0.00000000000000e+00
0.00000000000000e+00
0.00000000000000e+00
0.00000000000000e+00
0.00000000000000e+00
0.00000000000000e+00
0.00000000000000e+00
0.00000000000000e+00
0.00000000000000e+00
0.00000000000000e+00
0.00000000000000e+00
0.00000000000000e+00
0.00000000000000e+00
0.00000000000000e+00
0.00000000000000e+00
0.00000000000000e+00
0.00000000000000e+00
0.00000000000000e+00
0.00000000000000e+00
0.00000000000000e+00
0.00000000000000e+00
0.00000000000000e+00
0.00000000000000e+00
0.00000000000000e+00
0.00000000000000e+00
0.00000000000000e+00
6.12051361625509e+01
2.67355984833532e+00
1.66064081574299e+00
1.65920748782399e+00
2.09166503044937e+00
3.12542772023619e+00
5.36857821172449e+01
2.79667855361551e+00
0.00000000000000e+00
0.00000000000000e+00
0.00000000000000e+00
0.00000000000000e+00
0.00000000000000e+00
0.00000000000000e+00
0.00000000000000e+00
0.00000000000000e+00
0.00000000000000e+00
2.42012614781969e+00
0.00000000000000e+00
0.00000000000000e+00
1.75988704823808e+00
1.75988704823808e+00
3.16685938485251e+00
0.00000000000000e+00
0.00000000000000e+00
2.10080091720333e+00
0.00000000000000e+00
0.00000000000000e+00
0.00000000000000e+00
0.00000000000000e+00
0.00000000000000e+00
2.85692602264722e+00
0.00000000000000e+00
1.57987159292317e+00
0.00000000000000e+00
0.00000000000000e+00
0.00000000000000e+00
0.00000000000000e+00
0.00000000000000e+00
0.00000000000000e+00
0.00000000000000e+00
0.00000000000000e+00
0.00000000000000e+00
0.00000000000000e+00
0.00000000000000e+00
0.00000000000000e+00
0.00000000000000e+00
2.10080091720333e+00
0.00000000000000e+00
2.81899016605005e+00
