0.00000000000000e+00
1.96441950713184e+00
3.21265384084214e+00
1.47331463034886e+00
5.33306499508656e-01
0.00000000000000e+00
6.20913391663849e+00
2.65112550548775e+00
2.00366064991054e+00
0.00000000000000e+00
1.50274548743292e+00
1.27020791734426e+00
0.00000000000000e+00
4.55476424098480e-01
0.00000000000000e+00
0.00000000000000e+00
0.00000000000000e+00
0.00000000000000e+00
1.11376763737943e+01
2.01341103602816e+00
4.13329829577068e+00
3.36790092235029e+01
2.86707998961272e-01
0.00000000000000e+00
0.00000000000000e+00
1.51005827702112e+00
1.85046918773153e+00
6.69669343965644e-01
1.50151123871918e+00
4.40855982999978e+00
7.54689340059869e-01
0.00000000000000e+00
7.51372743716459e-01
8.90756315116976e-01
2.32171836004089e+00
0.00000000000000e+00
2.00850810402773e+01
7.18675932541029e+00
7.51372743716459e-01
9.82209753565909e-01
1.81271080727544e+01
7.46427491455139e-01
0.00000000000000e+00
3.38690287890143e-01
0.00000000000000e+00
5.51492980375387e+00
0.00000000000000e+00
8.36793660408184e+00
7.36657315174428e-01
5.45938010424664e-01
4.08741577008244e+00
0.00000000000000e+00
9.89949493661185e-01
2.79833945338162e+00
3.52440551548602e-01
1.47331463034886e+00
0.00000000000000e+00
0.00000000000000e+00
0.00000000000000e+00
0.00000000000000e+00
1.52924552108643e+00
1.01409391422324e-01
8.22056885330154e-01
1.68026452943840e+00
0.00000000000000e+00
0.00000000000000e+00
5.84919029569614e+00
2.30270888789150e+00
1.39299154891609e+01
0.00000000000000e+00
7.38816621361485e-01
0.00000000000000e+00
1.99999999999999e+00
2.01341103602816e+00
5.18691166734602e+00
4.41360391785956e+00
0.00000000000000e+00
7.50149985002999e-01
7.42462120245860e-01
7.46427491455127e-01
1.47159181760921e+00
7.53936841048289e-01
5.11814763889472e+00
0.00000000000000e+00
9.63603932871415e+00
3.19721112641311e-01
6.17552085538857e+00
1.00000000000000e+00
7.53211288465681e+00
0.00000000000000e+00
7.50000000000000e-01
1.12450479044590e+01
0.00000000000000e+00
0.00000000000000e+00
2.01610463475408e+01
1.00064779018394e+00
7.91637836728690e-01
0.00000000000000e+00
6.41078012788875e+00
7.51372743716459e-01
0.00000000000000e+00
5.41348232192083e-01
2.53787093037824e+00
7.50000000000000e-01
0.00000000000000e+00
7.50000000000000e-01
7.50000000000000e-01
0.00000000000000e+00
3.90620617184185e-01
7.99002295340591e+00
7.67226956258784e+00
2.00129558036788e+00
4.05005347707121e-01
5.79175799629544e+00
0.00000000000000e+00
0.00000000000000e+00
5.34455535908608e-01
1.51005827702112e+00
7.50000000000014e-01
8.84815898300967e+00
0.00000000000000e+00
0.00000000000000e+00
7.41522801111528e+00
9.95236655273514e-01
1.94369865264313e+01
0.00000000000000e+00
5.47391491782654e+00
2.25064790671486e+00
7.19346612478616e+00
3.89854364467654e-01
3.78484032082311e+00
0.00000000000000e+00
0.00000000000000e+00
1.47239804400845e+00
1.31409987445185e+00
3.91728950878856e-01
0.00000000000000e+00
0.00000000000000e+00
0.00000000000000e+00
1.98989729772376e+01
3.30708584787266e-01
0.00000000000000e+00
0.00000000000000e+00
0.00000000000000e+00
9.10875896056341e-01
1.77735785216739e+01
5.05291198542249e+00
6.10317834803172e-01
0.00000000000000e+00
1.20137325365984e+00
2.69544588137407e+00
0.00000000000000e+00
0.00000000000000e+00
0.00000000000000e+00
1.38128892788115e+00
1.55369804898699e+00
0.00000000000000e+00
4.47762783143449e+00
1.00625245341316e+00
1.22329974183799e+00
0.00000000000000e+00
0.00000000000000e+00
0.00000000000000e+00
0.00000000000000e+00
1.97150459055031e+00
0.00000000000000e+00
0.00000000000000e+00
0.00000000000000e+00
9.95236655273503e-01
3.21267146816639e+00
1.39039147753903e+00
3.94763871931418e+00
1.00183032495528e+00
6.08922367382097e+00
7.51372743716459e-01
1.50151123871918e+00
2.30652258323144e+00
6.98482792987542e+00
7.94040613766200e-01
0.00000000000000e+00
0.00000000000000e+00
1.33627716041586e+00
0.00000000000000e+00
3.28744216164683e+00
1.65273603976638e+00
1.98974793385115e+01
7.50485842637954e-01
0.00000000000000e+00
8.48771966699211e-01
7.50000000000000e-01
5.00255934497533e-01
0.00000000000000e+00
3.60117380563875e+00
3.18317966475156e-01
7.08432840966108e-01
1.48745955697941e+00
4.97283599282572e-01
4.56042387197169e-01
7.50725648955729e-01
4.02506200444974e+00
3.54815656622055e+00
0.00000000000000e+00
4.97581889125062e+00
8.64407306747548e+00
5.00483765970486e-01
9.02409488787988e+00
0.00000000000000e+00
6.38878614585575e-01
6.38180875829722e+00
0.00000000000000e+00
0.00000000000000e+00
0.00000000000000e+00
4.22993550267957e-01
0.00000000000000e+00
2.72953827154374e+00
0.00000000000000e+00
7.02682868539770e+00
7.39350480851186e-01
3.25609681292486e+00
2.65093077346407e+00
7.72502530728981e+00
8.50686671451854e-01
4.57876469302788e-01
0.00000000000000e+00
1.47411397276499e+00
7.50000000000000e-01
5.46747230985635e-01
7.54045091489892e-01
7.50000000000000e-01
4.19506660283316e-01
6.37433052513085e-01
1.45306843004446e+00
1.00183032495528e+00
0.00000000000000e+00
0.00000000000000e+00
8.65286645583990e+00
1.00000000000000e+00
1.80517384414602e+01
0.00000000000000e+00
0.00000000000000e+00
0.00000000000000e+00
0.00000000000000e+00
0.00000000000000e+00
1.00539345531986e+00
6.23727166350330e+00
7.36657315174428e-01
3.15205499583057e+00
0.00000000000000e+00
0.00000000000000e+00
2.71316581987049e+00
4.22656524771495e+00
2.25718851671720e+00
3.30762771564503e+00
3.00059994001200e+00
5.20851560029298e+00
7.71653364503613e-01
9.37243177205210e+00
3.00958468895627e+00
0.00000000000000e+00
0.00000000000000e+00
0.00000000000000e+00
3.04208008595869e-01
2.25044995500900e+00
1.00941104162368e+01
2.00461866697883e+00
7.38816621361485e-01
1.55159163914063e+00
3.05953693943484e+00
3.41895872443668e+00
0.00000000000000e+00
2.73099518016909e+00
0.00000000000000e+00
0.00000000000000e+00
1.35050525725490e+01
8.33801826300408e-01
1.50346400023413e+00
0.00000000000000e+00
0.00000000000000e+00
2.25064790671486e+00
1.50076780349260e+00
7.50863502908485e-01
0.00000000000000e+00
2.00638979263751e+00
1.50097168527591e+00
1.99881564932838e+00
1.14516493224198e+01
0.00000000000000e+00
4.22993550267957e-01
1.76429584133676e+01
0.00000000000000e+00
1.50479234447813e+00
2.66174136244982e+00
0.00000000000000e+00
5.32794441346375e+00
8.02876064190758e+00
7.63432178733414e+00
1.50346400023413e+00
2.38952050426029e+00
1.22711220599856e+00
4.46580401850008e+00
0.00000000000000e+00
3.00086387561982e+00
2.25064790671486e+00
2.53462924419749e+00
7.42462120245860e-01
0.00000000000000e+00
9.84703617126575e-01
2.00201498495888e+00
0.00000000000000e+00
2.64546769699513e-01
0.00000000000000e+00
7.42043799246392e-01
0.00000000000000e+00
0.00000000000000e+00
0.00000000000000e+00
0.00000000000000e+00
5.03126226706579e-01
7.76567728725527e-01
1.00064779018394e+00
0.00000000000000e+00
0.00000000000000e+00
1.82290445654018e+01
0.00000000000000e+00
6.86575171605949e-01
1.54955373961547e+00
1.00179838290946e+00
7.51175079458844e-01
0.00000000000000e+00
2.51055770696473e-01
7.42043799246392e-01
0.00000000000000e+00
3.83066053368715e+00
1.00156677261179e+00
7.24700907409522e-01
0.00000000000000e+00
7.51175079458844e-01
3.00021599222456e+00
0.00000000000000e+00
4.58614834214548e+00
0.00000000000000e+00
4.37463359156247e+00
2.04550312147660e+00
1.22369235291552e+00
2.02260593237414e+00
0.00000000000000e+00
3.79533590488818e-01
0.00000000000000e+00
1.62950495338910e+01
4.94309795774314e-01
1.90884780113704e+01
0.00000000000000e+00
6.53448868366485e-01
5.70943973673271e+00
0.00000000000000e+00
2.51055770696473e-01
7.90443701691444e-01
4.20232040362781e+00
0.00000000000000e+00
0.00000000000000e+00
1.50043193780991e+00
9.94125362896217e+00
6.00407816934536e+00
0.00000000000000e+00
0.00000000000000e+00
5.12540792781429e-01
0.00000000000000e+00
1.08283977453482e+00
0.00000000000000e+00
0.00000000000000e+00
3.34140085756331e-01
0.00000000000000e+00
2.03057869360256e+00
7.54045091489892e-01
0.00000000000000e+00
2.94922780758735e+00
0.00000000000000e+00
7.50863502908485e-01
1.04425874510897e+01
1.50145129791146e+00
3.71702556159789e+00
0.00000000000000e+00
5.37786739565158e-01
0.00000000000000e+00
0.00000000000000e+00
0.00000000000000e+00
1.50029997000600e+00
0.00000000000000e+00
1.47239804400845e+00
1.59069367318242e+01
3.74613837819626e+00
3.04813128460770e+00
6.70901971206674e-01
2.28663301296488e+00
0.00000000000000e+00
0.00000000000000e+00
7.55380698720850e-01
1.00717426496113e+00
3.78484032082311e+00
1.97844317990267e+00
0.00000000000000e+00
1.96367003338141e+00
1.00000000000000e+00
0.00000000000000e+00
1.31960933607684e+00
1.51942819242907e+00
0.00000000000000e+00
6.97651702511955e+00
0.00000000000000e+00
2.25064790671486e+00
1.47275252503600e+00
3.00290259582292e+00
3.11739439229686e+00
4.41131477993172e+00
9.58977986228519e-01
7.40131069473494e-01
7.62303057795157e-01
0.00000000000000e+00
3.56516052658417e-01
9.78166604338077e+00
0.00000000000000e+00
1.00765867236877e+00
9.04294300437433e-01
1.48408759849278e+00
1.04507631241982e+00
0.00000000000000e+00
0.00000000000000e+00
1.97878346465699e+00
3.00021599222456e+00
1.30573476326318e+01
0.00000000000000e+00
1.13162268631780e+00
8.60669390594597e+00
3.62827805752563e+00
0.00000000000000e+00
9.13221512447585e-01
0.00000000000000e+00
3.66544939347078e+00
1.50076780349260e+00
7.95186107030233e+00
2.90941844200818e-01
0.00000000000000e+00
7.42462120245860e-01
0.00000000000000e+00
2.25016199416842e+00
5.66251262096363e+00
7.50383901746299e-01
7.50725648955729e-01
0.00000000000000e+00
0.00000000000000e+00
1.45279747879202e+00
3.63077649320513e+00
0.00000000000000e+00
0.00000000000000e+00
0.00000000000000e+00
0.00000000000000e+00
0.00000000000000e+00
2.90656258494086e+00
0.00000000000000e+00
9.85088828481984e-01
3.15146679902363e+00
2.25016199416842e+00
7.51348787182092e-01
0.00000000000000e+00
4.14596421771469e+00
1.63250136163384e+00
0.00000000000000e+00
4.01958270216020e+00
3.00290259582292e+00
6.74483207173727e+00
2.00193506388194e+00
0.00000000000000e+00
2.81149863744001e-01
0.00000000000000e+00
0.00000000000000e+00
2.54017715917611e-01
2.86312404872657e-01
0.00000000000000e+00
1.14230651805886e+01
1.75488129249571e+00
7.42462120245860e-01
0.00000000000000e+00
0.00000000000000e+00
3.24752888800267e+00
0.00000000000000e+00
0.00000000000000e+00
9.33354889842211e-01
2.85136053600483e+00
2.75516893632370e+00
5.03126226706579e-01
2.45183584929234e+00
0.00000000000000e+00
4.33296404484149e+00
0.00000000000000e+00
0.00000000000000e+00
7.82607181594423e-01
7.54689340059869e-01
0.00000000000000e+00
6.36612623030230e-01
4.02329638959919e-01
4.10955540664349e+00
2.96793193401200e+00
1.50029997000600e+00
2.09838798059595e+00
1.15278923369848e+00
1.85977136329601e+00
8.92391562422828e-01
9.58922070915498e-01
1.00019998000399e+00
0.00000000000000e+00
2.43888773383654e-01
0.00000000000000e+00
1.26019839707881e+00
0.00000000000000e+00
0.00000000000000e+00
1.85010493458121e+01
0.00000000000000e+00
1.00000000000000e+00
3.33717112403752e-01
2.50287834302828e-01
1.63462477501767e+01
0.00000000000000e+00
5.54619079116380e-01
1.48029980713616e+00
1.00000000000000e+00
1.23916502071776e+00
1.57538923556265e+00
0.00000000000000e+00
0.00000000000000e+00
4.38755284353021e+00
0.00000000000000e+00
4.05005347707121e-01
5.50938623018463e-01
0.00000000000000e+00
6.71669700239395e+00
2.16951584375322e+00
1.20832227970161e+00
0.00000000000000e+00
2.50161947545985e-01
0.00000000000000e+00
5.95286131759036e-01
4.54849615617361e+00
1.00000000000000e+00
7.50000000000000e-01
0.00000000000000e+00
1.10367021382137e+00
1.29076634973749e+00
1.97150459055031e+00
3.26623716105074e+00
0.00000000000000e+00
0.00000000000000e+00
3.00086387561982e+00
2.00517729889404e+00
2.32880919033786e+00
0.00000000000000e+00
1.00539345531986e+00
1.34424005049736e+01
1.50076780349260e+00
0.00000000000000e+00
9.89391732328495e-01
0.00000000000000e+00
1.88907133884605e+00
0.00000000000000e+00
0.00000000000000e+00
0.00000000000000e+00
0.00000000000000e+00
4.71561491734227e+00
0.00000000000000e+00
5.46073959505024e+00
1.96178678136366e+00
7.39761527367773e-01
6.33811464165297e-01
0.00000000000000e+00
0.00000000000000e+00
0.00000000000000e+00
0.00000000000000e+00
3.00086387561982e+00
0.00000000000000e+00
1.06112747166659e+00
0.00000000000000e+00
3.34741027595307e-01
0.00000000000000e+00
3.78669671125348e+00
8.76191770988039e+00
1.96319739201134e+00
0.00000000000000e+00
2.01289315075889e+00
9.89949493661185e-01
0.00000000000000e+00
3.17790506583308e+00
6.00605872875308e-01
0.00000000000000e+00
0.00000000000000e+00
0.00000000000000e+00
7.60578670583202e-01
0.00000000000000e+00
1.48524147762701e+01
7.50725648955729e-01
6.69669343965644e-01
0.00000000000000e+00
5.33306499508656e-01
9.85088828481984e-01
9.86489123957630e-01
6.52881584798093e-01
4.10955540664349e+00
0.00000000000000e+00
1.18155408388539e+01
0.00000000000000e+00
7.50149985002999e-01
0.00000000000000e+00
0.00000000000000e+00
1.19136985584147e+00
5.63548083088338e-01
5.54619079116380e-01
8.35430554208725e-01
0.00000000000000e+00
1.00115133721131e+00
6.65929556147861e-01
5.13947084564987e+00
0.00000000000000e+00
0.00000000000000e+00
0.00000000000000e+00
9.31741603855893e+00
0.00000000000000e+00
0.00000000000000e+00
0.00000000000000e+00
7.01973730798629e-01
1.93398217076608e+00
0.00000000000000e+00
1.31960933607684e+00
0.00000000000000e+00
2.19659574662163e+00
2.00057591707988e+00
8.91759578741637e-01
2.06171564289282e+00
2.77847073432941e-01
7.50485842637954e-01
3.30001196551414e+00
0.00000000000000e+00
0.00000000000000e+00
0.00000000000000e+00
0.00000000000000e+00
0.00000000000000e+00
0.00000000000000e+00
0.00000000000000e+00
0.00000000000000e+00
7.71373657497240e-01
0.00000000000000e+00
8.50742885291759e-01
1.00096753194097e+00
0.00000000000000e+00
2.18492516067269e+00
0.00000000000000e+00
2.30652258323144e+00
2.93574684577898e+00
8.43107876630009e-01
0.00000000000000e+00
7.84974665240543e-01
2.10143651183596e+01
3.86831391639886e-01
1.01371799911487e+00
9.32791488654076e-01
0.00000000000000e+00
0.00000000000000e+00
0.00000000000000e+00
1.00042764280456e+00
1.87664317511823e+00
0.00000000000000e+00
4.23833519162099e+00
1.42177821953651e+00
2.00102373799013e+00
0.00000000000000e+00
1.23223579107506e+00
0.00000000000000e+00
0.00000000000000e+00
0.00000000000000e+00
0.00000000000000e+00
3.35271697450169e-01
0.00000000000000e+00
2.74152635069626e-01
0.00000000000000e+00
0.00000000000000e+00
0.00000000000000e+00
0.00000000000000e+00
2.16414378093595e+01
2.08599044963336e+00
0.00000000000000e+00
0.00000000000000e+00
1.60002620836322e+00
0.00000000000000e+00
5.23466335301235e-01
0.00000000000000e+00
6.40507290024046e-01
4.98745583151507e-01
0.00000000000000e+00
3.58266974634836e+00
0.00000000000000e+00
8.93682040984137e-01
0.00000000000000e+00
7.59823343610928e-01
7.98762240476847e-01
0.00000000000000e+00
3.70590467216749e+00
4.23161843071885e+00
8.05467385362512e-01
1.10826471796133e+00
0.00000000000000e+00
0.00000000000000e+00
0.00000000000000e+00
5.74515683696311e+00
7.31636145969925e-01
1.39227750205228e+00
0.00000000000000e+00
2.95341517796520e-01
0.00000000000000e+00
6.73444324733981e-01
2.66197514163398e-01
3.86626305070729e+00
9.28688030938915e-01
1.05688440694842e+01
0.00000000000000e+00
7.94040613766200e-01
0.00000000000000e+00
8.31291831570790e+00
0.00000000000000e+00
0.00000000000000e+00
0.00000000000000e+00
0.00000000000000e+00
5.43852007746577e-01
6.33811464165297e-01
4.53828438392534e+00
2.05235274035069e+00
7.55744004276580e-01
0.00000000000000e+00
1.24984697989057e+00
5.22556089128519e-01
9.35796716318693e-01
5.39896872069166e-01
0.00000000000000e+00
1.11768120090463e+00
7.83706359607614e+00
1.44669644275242e+00
0.00000000000000e+00
8.16606141948777e-01
1.98266706426475e+00
1.74153894986556e+00
0.00000000000000e+00
0.00000000000000e+00
0.00000000000000e+00
1.67251212557651e+00
2.05461470964855e+00
2.14420818888295e+00
0.00000000000000e+00
0.00000000000000e+00
0.00000000000000e+00
0.00000000000000e+00
9.02955546939193e+00
3.18461343788759e+00
0.00000000000000e+00
0.00000000000000e+00
4.58614834214548e+00
1.06703271199546e+00
0.00000000000000e+00
8.47384108803008e-01
0.00000000000000e+00
0.00000000000000e+00
0.00000000000000e+00
1.22181307008040e+00
5.34455535908608e-01
8.14381570190424e+00
9.54339460558368e-01
5.60530523802841e-01
0.00000000000000e+00
2.74907155844372e+00
1.18855649711849e+00
6.21299046712889e-01
0.00000000000000e+00
0.00000000000000e+00
1.00051186899507e+00
0.00000000000000e+00
6.98602410953053e-01
0.00000000000000e+00
0.00000000000000e+00
6.00680649511955e+00
1.36304628199746e+00
5.02043815351794e-01
2.11050693488169e+00
3.65412491753975e+00
9.52460224391627e+00
0.00000000000000e+00
0.00000000000000e+00
2.83942183854658e+00
0.00000000000000e+00
0.00000000000000e+00
0.00000000000000e+00
1.61878483846335e+01
0.00000000000000e+00
2.75204954467765e-01
0.00000000000000e+00
0.00000000000000e+00
0.00000000000000e+00
0.00000000000000e+00
0.00000000000000e+00
0.00000000000000e+00
1.83624288782833e+00
0.00000000000000e+00
0.00000000000000e+00
0.00000000000000e+00
1.05243766707396e+01
0.00000000000000e+00
3.82465700504732e+00
0.00000000000000e+00
0.00000000000000e+00
0.00000000000000e+00
0.00000000000000e+00
4.30704760952162e-01
2.00102373799013e+00
7.39181587688773e-01
4.23178866731061e-01
0.00000000000000e+00
2.00039996000800e+00
0.00000000000000e+00
0.00000000000000e+00
7.88232796863979e-01
1.06999115967478e+01
0.00000000000000e+00
2.78190670766025e-01
8.75104716454264e-01
0.00000000000000e+00
1.06881270611309e+00
4.60333428274507e-01
1.77670720193635e+00
4.91303138295987e-01
2.72701258196989e+00
2.28137457082659e+00
3.25447667425802e+00
0.00000000000000e+00
3.56516052658417e-01
0.00000000000000e+00
3.05290502195262e+00
6.74483207173727e+00
7.45620633863871e+00
1.73220686185730e+00
3.82145419463003e-01
0.00000000000000e+00
0.00000000000000e+00
0.00000000000000e+00
0.00000000000000e+00
5.12982820423264e-01
5.12982820423264e-01
1.21079802174639e+00
4.02329638959919e-01
0.00000000000000e+00
6.71240289547908e-01
0.00000000000000e+00
2.65681876308673e+00
0.00000000000000e+00
0.00000000000000e+00
1.32655201768413e+00
0.00000000000000e+00
4.00387012776389e+00
0.00000000000000e+00
5.67612279298910e-01
0.00000000000000e+00
6.00605872875308e-01
3.84212733917969e+00
0.00000000000000e+00
0.00000000000000e+00
2.07645484178514e+01
1.25159426978002e+00
6.38545230674375e-01
1.31782601814376e+00
6.74515526525826e-01
1.01771396220109e+00
0.00000000000000e+00
2.42988051264988e+00
0.00000000000000e+00
2.17163552853595e+00
7.87090109292325e-01
3.75376388590956e+00
0.00000000000000e+00
2.61205140149101e-01
0.00000000000000e+00
3.65412491753975e+00
5.42140322758209e+00
4.56286225228895e+00
6.57334101616597e-01
1.05231793824662e+01
0.00000000000000e+00
2.09672674791881e+01
0.00000000000000e+00
0.00000000000000e+00
2.57799880032351e+01
0.00000000000000e+00
0.00000000000000e+00
1.00037541030633e+00
0.00000000000000e+00
2.71116718257760e+00
1.79740894502842e+01
0.00000000000000e+00
8.15103767291051e+00
4.72196661468254e-01
3.04138755172994e+00
2.30183772741771e+00
0.00000000000000e+00
3.26832959893826e-01
2.98877083009020e+00
0.00000000000000e+00
0.00000000000000e+00
6.52991487939147e+00
0.00000000000000e+00
0.00000000000000e+00
3.13151814169555e+00
9.35901103040013e+00
2.16937311307242e+00
1.77470608132990e+00
5.83902239346632e-01
6.65359141892285e-01
0.00000000000000e+00
0.00000000000000e+00
1.12200319922845e+01
0.00000000000000e+00
2.91344350417230e-01
4.18905238539750e-01
4.29610620775007e-01
9.20376879409949e-01
0.00000000000000e+00
2.61408148735000e+00
0.00000000000000e+00
0.00000000000000e+00
0.00000000000000e+00
6.11924486585755e+00
0.00000000000000e+00
1.23891561310297e+00
0.00000000000000e+00
8.24855283082514e+00
8.58209073729918e+00
3.30965816655316e+00
1.50219939446677e+00
8.41978702014601e+00
2.97664744508335e+00
1.64981976723674e+00
5.16201848872732e+00
2.84673968028478e+00
0.00000000000000e+00
4.93329576270275e+00
3.24399369289750e+00
0.00000000000000e+00
0.00000000000000e+00
3.04860871906017e+00
0.00000000000000e+00
9.52460224391627e+00
3.23451442236064e+00
1.29344539001368e+00
9.70146214596764e-01
8.57777917287080e-01
0.00000000000000e+00
0.00000000000000e+00
1.21109216063332e+00
0.00000000000000e+00
0.00000000000000e+00
1.82206248787518e+00
8.06478336476915e-01
1.83670997582835e+00
0.00000000000000e+00
1.78926210287885e+00
5.62913404930046e+00
0.00000000000000e+00
2.53025493206849e+00
1.49495101341883e+00
0.00000000000000e+00
9.86841425964697e-01
9.02555998152804e+00
4.88221759671710e-01
1.61599324207853e+00
4.27019553614047e+00
0.00000000000000e+00
2.33500367356706e+00
9.93253659127186e+00
3.18214638643274e-01
1.74565652947135e+01
0.00000000000000e+00
3.75537107416630e+00
3.94305701901610e+00
0.00000000000000e+00
0.00000000000000e+00
2.98496348723379e+00
0.00000000000000e+00
0.00000000000000e+00
0.00000000000000e+00
0.00000000000000e+00
0.00000000000000e+00
1.06112747166659e+00
0.00000000000000e+00
2.71116718257760e+00
0.00000000000000e+00
4.41360391785956e+00
0.00000000000000e+00
5.49391195335525e+00
0.00000000000000e+00
0.00000000000000e+00
0.00000000000000e+00
3.54854725486213e+00
0.00000000000000e+00
0.00000000000000e+00
0.00000000000000e+00
0.00000000000000e+00
4.23842520396314e+00
6.57061416324803e-01
0.00000000000000e+00
1.80455455298123e+00
8.41636318460908e-01
8.97694001721961e+00
0.00000000000000e+00
1.52354085993495e+00
9.95546662106924e+00
0.00000000000000e+00
7.33371788329736e-01
0.00000000000000e+00
8.68693808003763e-01
0.00000000000000e+00
8.76540546956250e-01
0.00000000000000e+00
9.61915499695671e+00
0.00000000000000e+00
6.79490112155585e+00
0.00000000000000e+00
5.37880321871953e+00
8.74309474405771e+00
0.00000000000000e+00
3.34124907402313e-01
0.00000000000000e+00
8.48010506834869e-01
1.22766684200282e+00
4.37590140635728e+00
4.52755894495183e+00
4.16771148784668e+00
1.46049804629319e+01
9.86379237413268e-01
0.00000000000000e+00
9.10838263307874e-01
4.90627039345885e+00
7.26948052444483e-01
8.40044355392144e+00
5.14376220129505e-01
6.39852257853299e+00
2.20278289449503e+00
1.07967129090154e+01
6.00066327956185e-01
1.33258773362101e+00
0.00000000000000e+00
2.56000474630660e+00
0.00000000000000e+00
6.50087952955440e-01
1.23874964112128e+01
1.13067388039699e+01
7.04111357981593e+00
1.04301063803601e+00
6.68418176147941e+00
6.17061269869322e+00
1.44525502499530e+00
0.00000000000000e+00
1.48064794510011e+00
7.39784428059972e-01
1.85046918773153e+00
8.64451574044081e+00
5.32126258227648e+00
4.38907571765565e+00
4.01492980375388e+00
2.39539359956599e+01
0.00000000000000e+00
7.05725626707297e+00
6.88121700946598e+00
7.88869802606032e-01
0.00000000000000e+00
0.00000000000000e+00
1.34562582283618e+00
0.00000000000000e+00
1.26571229802407e+01
1.50660375854672e+01
0.00000000000000e+00
7.57819660752766e+00
0.00000000000000e+00
3.01975036234956e+00
0.00000000000000e+00
1.51584790801323e+00
2.16610276099135e+00
0.00000000000000e+00
3.00425785618685e+00
0.00000000000000e+00
0.00000000000000e+00
0.00000000000000e+00
0.00000000000000e+00
0.00000000000000e+00
0.00000000000000e+00
8.14287447263720e-01
8.71578426503308e+00
0.00000000000000e+00
1.18428846132885e+00
1.31433977363977e+01
3.77757006473962e+00
2.90351872571006e+00
3.20287058448602e+00
6.43409535330984e+00
0.00000000000000e+00
6.49283273941706e-01
3.55981651588464e+00
7.30463838425848e+00
9.51865491206407e+00
1.32682695629266e+01
2.94609238697770e+00
2.89078454975244e+00
0.00000000000000e+00
1.01125753238674e+01
2.07946131389544e+00
6.21299046712889e-01
2.56090426617881e+00
8.63813620544966e-01
8.31778109678416e+00
2.13550188871309e+00
0.00000000000000e+00
0.00000000000000e+00
0.00000000000000e+00
0.00000000000000e+00
0.00000000000000e+00
0.00000000000000e+00
1.99080082175778e+00
0.00000000000000e+00
0.00000000000000e+00
0.00000000000000e+00
1.21079802174639e+00
3.01515436182005e+00
0.00000000000000e+00
0.00000000000000e+00
1.03037402285547e+00
2.08712541355025e+00
6.28020093838399e+00
1.94250485858330e+00
5.62902704525288e+01
9.34863263924391e-01
3.36372901345058e+00
0.00000000000000e+00
0.00000000000000e+00
0.00000000000000e+00
1.33807132199799e+00
4.66656933337050e+00
1.81707611660818e+00
1.19143787317172e+00
0.00000000000000e+00
5.10552514729914e+00
4.34803964145502e+00
7.46154423328063e+00
0.00000000000000e+00
1.63566242224668e+00
1.48908874368066e+01
3.71648664809649e+01
9.86256075325887e+00
8.91487940043260e-01
6.16170564609451e+00
1.32709108751154e+00
3.87203675873431e-01
0.00000000000000e+00
1.30516121906487e+00
8.59797653941898e+00
3.87203675873431e-01
9.44658516198012e-01
5.39113345170017e+00
1.14569461318557e+01
8.99131431756494e+00
1.92487539358209e+00
1.30306542314743e+01
8.70878516572385e-01
0.00000000000000e+00
0.00000000000000e+00
2.55188500879852e+00
0.00000000000000e+00
8.44969359038079e+01
0.00000000000000e+00
6.08161600594608e-01
0.00000000000000e+00
7.57658424825918e+00
1.73169377899997e+01
0.00000000000000e+00
1.99080082175778e+00
8.28493238781199e+00
9.25775526107037e+00
2.25812609658681e+00
6.09915338603679e+00
0.00000000000000e+00
0.00000000000000e+00
5.27730909930942e-01
3.06808231730403e+00
0.00000000000000e+00
1.06662693755855e+01
0.00000000000000e+00
0.00000000000000e+00
4.17911593529841e+00
2.85564840122158e+00
1.42825060710003e+00
0.00000000000000e+00
1.49911173699628e+00
0.00000000000000e+00
0.00000000000000e+00
0.00000000000000e+00
8.25783393130740e+00
0.00000000000000e+00
9.08863824134632e-01
7.54894822593139e-01
3.71295710245496e-01
2.01525804644773e+00
0.00000000000000e+00
2.90387085198091e+00
5.11726404111284e+00
4.55138153914324e+00
0.00000000000000e+00
1.39434472408982e+01
0.00000000000000e+00
3.92088875594082e+00
9.14696685612537e+00
1.11014442813133e+01
4.29723501821745e+00
0.00000000000000e+00
1.12181079916623e+00
0.00000000000000e+00
0.00000000000000e+00
7.90747103372642e+00
7.90747103372642e+00
1.50890711275596e+01
0.00000000000000e+00
0.00000000000000e+00
3.23451442236064e+00
1.27990352716408e+00
0.00000000000000e+00
0.00000000000000e+00
2.72391862785693e+00
6.18415397139931e+00
0.00000000000000e+00
1.89308188347815e+00
7.27685301898736e+00
6.75980108157375e+00
8.69141889968183e-01
7.77528716230490e-01
0.00000000000000e+00
1.36927826639737e+01
0.00000000000000e+00
5.16507174356961e-01
0.00000000000000e+00
2.76384793427537e+00
0.00000000000000e+00
7.87090109292325e-01
0.00000000000000e+00
5.45456060667334e-01
5.15506158187796e+00
2.82278333186099e+00
3.13921369832976e-01
6.00811975869437e-01
7.99980495759342e+00
1.65091079070556e+00
6.33019723196372e+00
7.65377400811511e+00
0.00000000000000e+00
0.00000000000000e+00
4.91440322880255e+00
4.94494319531566e+00
0.00000000000000e+00
0.00000000000000e+00
5.29864616752357e+00
1.62988952283323e+01
1.61634611198257e+00
1.02115660526154e+00
1.34887649037403e+00
1.35919877922084e+00
0.00000000000000e+00
0.00000000000000e+00
0.00000000000000e+00
0.00000000000000e+00
0.00000000000000e+00
0.00000000000000e+00
3.73160521496427e+00
4.61298987080992e+01
1.06270667678515e+00
9.33709603348134e+00
4.98745583151507e-01
0.00000000000000e+00
1.89779689491763e+00
0.00000000000000e+00
6.05888601580265e+00
1.59401670764253e+00
2.75338024348490e+00
6.80674363465667e+00
9.19635327544263e+00
9.44658516198012e-01
1.40131690142534e+00
2.26423717085427e+01
0.00000000000000e+00
0.00000000000000e+00
5.51422939005183e+00
1.10864264595861e+00
1.21096238010786e+01
2.57353024373976e+01
7.31173971366900e+00
4.05277337552251e+00
1.04151598672171e+01
2.22041049479783e+00
6.97312030496046e-01
2.05468968275680e+00
2.91697975652970e+01
4.41853577807968e+01
4.98021636840906e+00
3.04716765357248e+00
2.50602435616892e+01
0.00000000000000e+00
1.27990352716408e+00
0.00000000000000e+00
2.37011824302940e+00
3.94472304660947e+01
0.00000000000000e+00
3.70244245272915e+00
1.53981614886559e+00
1.64635641836238e+01
4.91303138295987e-01
1.83287474041692e+00
5.22740346665391e+00
7.00122977613610e+00
4.47018565948663e+00
5.00735994983073e+00
5.39672100738395e+00
5.18878646975009e+00
8.23752758179432e+00
2.30679160721877e+00
7.06315328763262e-01
3.12712485056540e+00
8.58452940597679e+00
1.77478317133695e+00
2.11758039944018e+00
1.45969948999848e+01
1.06967849554595e+00
1.05422901012539e+00
6.95376225710152e+00
5.63013412534005e+00
0.00000000000000e+00
7.11300344765721e+00
1.53430209762287e+01
1.53430209762287e+01
1.44572777041913e+01
1.64436232659472e+01
0.00000000000000e+00
1.01847470480602e+00
1.14171244258678e+00
0.00000000000000e+00
0.00000000000000e+00
4.47095788404970e+00
0.00000000000000e+00
0.00000000000000e+00
0.00000000000000e+00
0.00000000000000e+00
0.00000000000000e+00
0.00000000000000e+00
0.00000000000000e+00
0.00000000000000e+00
0.00000000000000e+00
0.00000000000000e+00
0.00000000000000e+00
0.00000000000000e+00
0.00000000000000e+00
0.00000000000000e+00
0.00000000000000e+00
0.00000000000000e+00
0.00000000000000e+00
5.23466335301235e-01
0.00000000000000e+00
0.00000000000000e+00
2.29546950209465e+01
2.14051842337686e+00
4.06025247091096e+00
4.24844438129001e+00
2.37144630018865e+01
3.26687343318235e+00
4.85113150061656e+00
7.77300135809041e+00
8.34771015611174e-01
2.87063453667518e+00
1.14363091564653e+01
2.31940862076167e+00
0.00000000000000e+00
6.39098536778314e+00
1.29005982592272e+00
3.31094990206876e+00
1.55291745066432e+01
1.07931593103291e+00
9.47503848674635e-01
2.14225512225922e+01
1.26571050376169e+01
1.94937286992328e+00
8.56919710033092e-01
0.00000000000000e+00
3.09584112882236e+00
1.02625612540366e+01
7.28947641869800e+00
6.66791090320097e+00
4.72661964806380e+01
1.38937264774945e+00
2.94344347891278e+01
1.71650643297752e+00
0.00000000000000e+00
0.00000000000000e+00
1.52004559534604e+00
0.00000000000000e+00
9.34507232220546e-01
0.00000000000000e+00
9.54657114491057e-01
1.49558423084988e+00
5.74131243816886e+00
1.49137583787821e+01
3.45562707095560e+01
4.85113150061656e+00
1.41655567680282e+01
8.15216835879040e+00
2.87915318276283e+00
2.21479960361226e+01
4.64038894013780e+01
1.29349493267008e+01
3.70210492336971e+00
0.00000000000000e+00
0.00000000000000e+00
5.93261173215864e+00
1.65218122888319e+00
1.95580861608635e+01
6.97397396116840e+00
6.79545136338660e+00
0.00000000000000e+00
3.13516521136632e+01
9.77846620931712e+00
1.35838339865656e+01
8.70359016587583e+00
2.17179870594198e+00
1.33103982263578e+01
2.32352887198323e+00
3.09584112882236e+00
1.96650012105400e+01
9.58127277564967e+00
3.19236886896766e+00
3.80406416417385e+01
2.93279132886197e+00
3.42953364188079e+00
2.53967622267050e+01
0.00000000000000e+00
1.26571229802407e+01
1.65031648519067e+00
9.57106380405893e-01
1.80437171140552e+01
3.07641668589225e+01
1.26653262443734e+01
7.11639168103614e+00
2.44385295257473e+01
3.72884918147808e+01
3.26434913656202e+01
2.32230846689779e+01
2.32083551717733e+00
6.52156715070262e+00
0.00000000000000e+00
0.00000000000000e+00
8.94048510579179e+00
1.42988164567444e+01
0.00000000000000e+00
0.00000000000000e+00
0.00000000000000e+00
8.39145958774538e-01
3.11064251329715e+00
3.70398934573801e+01
2.64649078479603e+01
1.95719542795466e+00
2.50962390646630e+01
2.28406194930830e+01
4.05533757099739e+01
0.00000000000000e+00
1.02002836940083e+01
0.00000000000000e+00
8.56919710033092e-01
0.00000000000000e+00
7.40564928816583e+00
1.50000000000000e+00
3.56833166557192e+01
1.41691297349347e+01
3.38548471207038e+01
1.63383270836179e+01
1.12075424305181e+01
3.90105081593764e+00
6.70901971206674e-01
1.29434539752713e+01
1.38569259315856e+00
4.65473109065975e+00
1.49363449982797e+01
6.81461613490932e+00
2.45302711256614e+01
5.24870669028694e+01
4.40276333007619e+00
1.17003862719509e+01
0.00000000000000e+00
0.00000000000000e+00
3.05220443108579e+00
0.00000000000000e+00
0.00000000000000e+00
0.00000000000000e+00
1.58554767550534e+01
5.84509112545319e+00
7.01803822159726e+00
7.22823215453567e+00
4.66082486344294e+00
5.15283338891640e+01
1.80468304709708e+01
2.02699850148483e+01
1.02773473384330e+01
2.73686806969230e+01
9.79187078578353e+00
3.96158253397932e+00
8.43148721455872e-01
7.28758103489452e-01
1.82706735595271e+01
6.89926424025902e+00
1.24665654180971e+01
1.44343753389959e+01
1.24232574462300e+01
7.19035344390785e+00
1.13826687357212e+00
2.62248683517675e+00
3.42953364188079e+00
0.00000000000000e+00
2.09253162098167e+00
0.00000000000000e+00
1.92939572322781e+01
3.68198113137986e+00
1.04160754896429e+01
4.90649508809625e+01
1.08187246975171e+01
4.92780986605494e+01
3.59483166699326e+01
1.13295001603462e+00
2.01393977119023e+00
0.00000000000000e+00
0.00000000000000e+00
0.00000000000000e+00
3.82329516756306e+01
8.14818201579997e+01
1.30598975440258e+00
4.91107219438480e+00
0.00000000000000e+00
0.00000000000000e+00
6.40818956346082e+00
6.44025104811871e+01
4.39355266194810e+01
0.00000000000000e+00
5.63179619805247e+00
0.00000000000000e+00
0.00000000000000e+00
2.69113091613145e+01
2.66868723606014e+01
0.00000000000000e+00
2.89747311769133e+01
4.42297125719815e+01
1.12844369146715e+01
1.15938203172791e+01
1.86120556356258e+01
1.44276113297314e+01
8.71262522491874e+00
8.58831432438882e+00
1.36775018110974e+01
2.82502347236373e+01
5.84061525239125e+00
8.80908754508429e+00
2.13550188871309e+00
3.90765837750822e+00
0.00000000000000e+00
1.47207831399587e+00
2.45075269492178e+01
4.39518335331133e+01
1.76828436541042e+00
1.85768841432866e+01
1.68060674305349e+00
0.00000000000000e+00
1.62104400929105e+01
6.85434998597134e+01
2.89244841491025e+00
4.32980435880400e+00
2.27984454127745e+00
9.36308022639973e+00
7.18477274255138e+00
3.31094990206876e+00
1.48801293648496e+01
1.31802707781332e+01
4.28058246949278e+01
4.42369252088020e+00
4.00910633142425e+00
6.83273629171174e-01
0.00000000000000e+00
1.26698227947985e+01
9.17380640031978e-01
1.45730509333685e+00
1.26019839707881e+00
1.34087823854239e+00
1.72783880197812e+00
1.15313006881415e+01
7.11913792219672e+00
9.39005865413294e+00
2.13792762283583e+00
1.34280322432104e+01
0.00000000000000e+00
1.12976996858894e+00
5.40870685608693e+00
1.85227429862634e+01
2.53039585989016e+00
4.91107219438480e+00
1.56456165512354e+01
0.00000000000000e+00
0.00000000000000e+00
0.00000000000000e+00
3.41232857992702e+01
2.32018096617929e+01
2.19775256525803e+00
1.04320599023251e+01
5.10618696416512e+00
3.71155970274652e+00
3.86253600213592e+00
5.74433883078564e+00
9.69356447395621e+00
4.18882868445655e+00
0.00000000000000e+00
2.51553270917154e+01
5.69982973505175e+00
4.40153630207858e+00
0.00000000000000e+00
5.04405105762908e+00
1.29005982592272e+00
2.14051842337686e+00
6.52465539568834e+00
0.00000000000000e+00
5.25842310267406e+00
7.46035047641758e-01
4.52156753939350e+00
6.90948318903029e+00
1.07361694243082e+01
7.38147021405449e+00
1.74982151901605e+00
5.03050207972509e+00
8.05739536128635e+00
1.05911391015455e+01
1.39802548668774e+01
1.42443791667416e+01
2.60053316779608e+00
2.13669207790567e+01
6.95492177585600e+01
1.38307767819247e+01
6.13885283387282e+00
9.93979083445825e+00
3.29924711795821e+00
3.43937585016943e+01
1.31403016070759e+00
1.31403016070759e+00
2.42489275227733e+01
2.76212312231192e+01
1.77902840213556e+01
3.73188096715761e+01
3.03825277492730e+01
5.96336897567390e+00
0.00000000000000e+00
1.59983991743417e+01
1.91024067116468e+01
0.00000000000000e+00
1.27411016251892e+01
3.63762761919747e+01
0.00000000000000e+00
0.00000000000000e+00
0.00000000000000e+00
0.00000000000000e+00
9.30644861759589e+00
0.00000000000000e+00
3.42885425848206e+01
3.78439105776825e+01
1.31256495026943e+01
1.43063700061780e+01
7.28800845974826e+00
9.26526536849284e-01
1.22576785065327e+00
3.71260960501417e+01
2.39254228613433e+01
5.35697867739449e+01
7.70380544350649e+00
1.26863695966058e+01
3.09635701284735e+01
0.00000000000000e+00
0.00000000000000e+00
0.00000000000000e+00
1.03881519919927e+01
1.37216965268905e+01
1.15417581791960e+01
6.66850039369635e+00
3.14918244419840e+00
1.02984802335536e+01
5.18435147296119e+01
4.27107303481573e+01
7.61244623665144e+01
1.02446042935362e+01
8.58840236909444e+00
4.02343557102852e+01
5.52771127245282e+01
2.69779445975664e+01
2.85192814217353e+00
3.60253454398970e+00
3.82221896630206e+00
2.40439979247137e+01
2.75220999553940e+01
1.34687250913176e+01
3.93371014924154e+01
0.00000000000000e+00
0.00000000000000e+00
5.74527127717528e+00
8.07210184705974e+00
0.00000000000000e+00
0.00000000000000e+00
2.59812755319676e+01
1.07121342721211e+01
4.86334555200723e+00
8.01503353125491e+00
1.46974020208724e+01
0.00000000000000e+00
0.00000000000000e+00
0.00000000000000e+00
1.71994058481810e+01
8.61719242198847e+01
2.00130245150356e+01
0.00000000000000e+00
3.56189488400808e+01
4.24791745016033e+01
2.16849299794639e+01
3.13508922980351e+01
3.99202872418382e+01
2.94230072803529e+01
1.23507584163118e+01
3.15453546096015e+01
2.28985417094699e+01
9.09579312243088e+01
0.00000000000000e+00
9.33240565184203e+00
4.83073563786746e+01
1.55244875641180e+00
0.00000000000000e+00
0.00000000000000e+00
7.77437944190072e+00
9.33376192502740e+00
8.01751957930052e-01
2.40885533316201e+01
1.44388736631783e+01
9.98695464446101e+00
0.00000000000000e+00
1.90564936754923e+00
3.18479294311664e+01
6.71772396659345e+00
6.47685280717530e-01
4.30866199080828e+00
1.15757311728666e+01
0.00000000000000e+00
3.47401812039210e+01
1.17439287992193e+01
1.65969397439556e+00
1.20373904498814e+01
8.06769241810799e+00
0.00000000000000e+00
2.90936374336328e+01
3.21868855171066e+01
3.78733829449901e+01
1.92906548480100e+01
9.24431327528137e+00
1.86745712456423e+01
1.61848087572012e+01
6.55555252476551e+00
3.61985149596651e+00
1.11405530347368e+01
4.82845989730010e+00
0.00000000000000e+00
7.13347494940035e+00
2.17906774662636e+01
1.18970218142509e+01
0.00000000000000e+00
6.48905523638649e+00
0.00000000000000e+00
4.36079644315320e+01
3.77156921319490e+01
3.22991517578944e+00
3.26313877796952e+01
1.64717842183173e+01
3.01749107724895e+01
4.45203601561320e+00
2.56573174023019e+01
5.84268236069731e+00
6.00377157731230e+01
5.62970283199934e+01
1.25363844483201e+00
0.00000000000000e+00
4.76610703535429e+01
3.88493026763162e+01
2.61525720188225e+01
8.62807613064817e+01
2.00812751374740e+01
6.42046688253853e+01
0.00000000000000e+00
0.00000000000000e+00
0.00000000000000e+00
2.65163034155293e+01
1.77156967506964e+01
2.74084825769474e+01
0.00000000000000e+00
0.00000000000000e+00
0.00000000000000e+00
0.00000000000000e+00
0.00000000000000e+00
5.68681306359562e+00
0.00000000000000e+00
0.00000000000000e+00
0.00000000000000e+00
0.00000000000000e+00
0.00000000000000e+00
0.00000000000000e+00
0.00000000000000e+00
0.00000000000000e+00
4.61112160346318e+01
1.32883331894394e+01
8.33114614744035e+00
1.49585355103986e+01
4.73821422901746e+01
1.12239781844247e+00
2.05899290447989e+01
3.41110039731454e+01
4.22401132297592e-01
0.00000000000000e+00
0.00000000000000e+00
8.61615288234709e+00
3.00894126760442e+01
8.65064083005706e+00
1.85784159510119e+01
1.94619398091718e+01
4.32249334261624e+01
2.46637361607733e+01
2.25400685826321e+01
4.16912708798632e+01
4.57446906083009e+01
2.65797859044837e+01
0.00000000000000e+00
0.00000000000000e+00
2.62641808643321e-01
2.05461470964855e+00
3.10608302950815e+01
2.17211188840952e+01
1.05764798247823e+01
5.36373872813963e+01
4.47867239921518e+01
0.00000000000000e+00
0.00000000000000e+00
3.76437534451362e+00
6.08524258470228e+01
1.83055210085529e+01
1.67125888288176e+00
3.01729012911633e+01
2.23920409710706e+01
5.90497250021662e+01
1.21064580946488e+01
2.19017274165127e+01
1.23907493865927e+01
6.64723933192762e+00
1.50291990799141e+01
4.53641513591395e+01
8.01777626771655e+01
7.17275183443694e+01
6.24686439406993e+00
3.03122815775745e+01
1.61513653171047e+01
1.88136474303709e+01
4.45366577460652e+00
0.00000000000000e+00
3.44580795489748e+01
4.37180400233516e+01
2.24687528913991e+01
0.00000000000000e+00
0.00000000000000e+00
0.00000000000000e+00
0.00000000000000e+00
5.25569893315488e+01
0.00000000000000e+00
0.00000000000000e+00
0.00000000000000e+00
1.64123374046457e+01
7.82820065265665e+00
2.84578962773064e+01
2.91841741624464e+01
6.80966638938082e+01
0.00000000000000e+00
1.01347537835974e+01
3.63576448774556e+01
1.06406163125902e+02
6.67349874467086e+01
1.11288142867915e+02
6.26418853905728e+01
1.81085476050552e+01
3.56586731874791e+01
0.00000000000000e+00
0.00000000000000e+00
5.36602515655956e+01
2.88248676854759e+01
9.56638162555485e+00
3.01451470639964e+01
0.00000000000000e+00
0.00000000000000e+00
0.00000000000000e+00
8.33402626089433e+01
3.81939511726088e+01
1.83067680616101e+01
2.22838670845094e+01
1.54756862860786e+01
2.65362113109145e+01
3.52163334474363e+01
1.70557851945203e+01
2.30367127688241e+01
0.00000000000000e+00
1.75673472542165e+01
4.18026677178968e+01
2.62577648592109e+01
1.32885402526395e+01
9.36327575683847e+00
3.02287179274569e+01
0.00000000000000e+00
3.01896617008810e+01
1.11144308776746e+01
2.14294544459002e+01
3.99115117661251e+00
0.00000000000000e+00
0.00000000000000e+00
9.16084513105925e+01
0.00000000000000e+00
0.00000000000000e+00
0.00000000000000e+00
1.98839941446654e+01
0.00000000000000e+00
0.00000000000000e+00
1.42440970201568e+01
0.00000000000000e+00
0.00000000000000e+00
1.51677345042695e+01
4.54232951707395e+00
1.19671902416649e+01
1.84463021089653e+01
2.94052986076204e+00
1.43466161195499e+01
1.02925307202098e+01
1.73202542605777e+01
4.47174979052298e+01
2.24552364887400e+00
4.70889719870600e+00
1.49495131536526e+01
5.67539312806301e+00
1.29600329278870e+01
2.69919960698381e+01
1.39387686057747e+01
2.92391225253531e+01
2.41575678286393e+01
2.11847691023657e+01
2.30001827698677e+01
2.02796711744688e+01
1.75511018072255e+01
0.00000000000000e+00
8.73076963453148e+00
2.90466490406553e+00
0.00000000000000e+00
2.96241733228170e+01
2.92441859843744e+01
4.23935984858550e+01
1.35378104919240e+01
0.00000000000000e+00
0.00000000000000e+00
3.79771554984906e+01
8.20027563353040e+01
7.86520187947109e+00
1.91304297920364e+01
5.50790079396236e+01
2.37014052620806e+01
8.16907414241181e+01
5.17332040098229e+01
0.00000000000000e+00
0.00000000000000e+00
0.00000000000000e+00
0.00000000000000e+00
5.55159588343183e+00
2.29934336663542e+00
2.41058186063085e+01
3.94935480231747e+01
1.12024141283743e+01
2.26398369853618e+01
6.56547960904904e+00
7.60906679745944e+01
0.00000000000000e+00
0.00000000000000e+00
0.00000000000000e+00
0.00000000000000e+00
0.00000000000000e+00
0.00000000000000e+00
0.00000000000000e+00
0.00000000000000e+00
3.22864203898927e+01
4.30848695171303e+01
9.30493486205017e+00
1.52470474393220e+01
3.29540399723847e+01
6.59914542086700e+01
4.23220956286608e+01
7.47703635507325e+00
0.00000000000000e+00
0.00000000000000e+00
0.00000000000000e+00
3.59735090308800e+01
3.45086330330305e+01
4.52264248047732e+01
4.04246107757384e+01
1.70792148975538e+01
5.36513452214935e+00
9.44257784410188e+00
5.59580405326308e+00
0.00000000000000e+00
4.10035536437127e+00
1.13825699461617e+01
4.34624237593697e+01
0.00000000000000e+00
0.00000000000000e+00
3.40175201047474e+01
7.21561631112725e+01
1.35772151753889e+01
4.97891128155305e+01
1.25520932372141e+01
3.49532909316833e+01
0.00000000000000e+00
0.00000000000000e+00
6.23459464769434e+00
0.00000000000000e+00
0.00000000000000e+00
0.00000000000000e+00
0.00000000000000e+00
0.00000000000000e+00
3.86481534348889e+01
3.18459531414606e+01
0.00000000000000e+00
5.23877161364853e+01
1.81239501889659e+01
4.96846665965855e+01
3.64321495834650e+01
1.86925908876830e+01
4.19595255636543e+01
0.00000000000000e+00
8.89148430883657e+00
0.00000000000000e+00
0.00000000000000e+00
1.64477878105463e+00
0.00000000000000e+00
1.17861944813773e+01
5.31318175909541e+00
0.00000000000000e+00
1.64477878105463e+00
0.00000000000000e+00
3.07668052804009e+00
0.00000000000000e+00
1.29551845635944e+01
5.10103198447719e+00
4.54533203703396e+00
6.23018032084286e+00
9.16264190220716e+00
2.41370725503090e+00
3.25767960897648e+01
4.06932191089524e+00
0.00000000000000e+00
4.09971562725056e+01
6.82775575734788e+00
0.00000000000000e+00
0.00000000000000e+00
0.00000000000000e+00
0.00000000000000e+00
0.00000000000000e+00
0.00000000000000e+00
0.00000000000000e+00
0.00000000000000e+00
1.83963000011116e+01
0.00000000000000e+00
0.00000000000000e+00
1.25421080605680e+01
0.00000000000000e+00
2.27707789675518e+00
0.00000000000000e+00
1.45986018723570e+01
0.00000000000000e+00
0.00000000000000e+00
0.00000000000000e+00
0.00000000000000e+00
0.00000000000000e+00
0.00000000000000e+00
0.00000000000000e+00
0.00000000000000e+00
0.00000000000000e+00
0.00000000000000e+00
0.00000000000000e+00
0.00000000000000e+00
0.00000000000000e+00
0.00000000000000e+00
0.00000000000000e+00
0.00000000000000e+00
0.00000000000000e+00
0.00000000000000e+00
0.00000000000000e+00
0.00000000000000e+00
0.00000000000000e+00
0.00000000000000e+00
0.00000000000000e+00
0.00000000000000e+00
0.00000000000000e+00
0.00000000000000e+00
0.00000000000000e+00
0.00000000000000e+00
0.00000000000000e+00
0.00000000000000e+00
0.00000000000000e+00
4.79174109589537e+00
0.00000000000000e+00
0.00000000000000e+00
0.00000000000000e+00
0.00000000000000e+00
1.84662875305473e+01
1.25333622486856e+01
0.00000000000000e+00
0.00000000000000e+00
0.00000000000000e+00
0.00000000000000e+00
0.00000000000000e+00
0.00000000000000e+00
0.00000000000000e+00
0.00000000000000e+00
0.00000000000000e+00
0.00000000000000e+00
0.00000000000000e+00
0.00000000000000e+00
0.00000000000000e+00
0.00000000000000e+00
0.00000000000000e+00
0.00000000000000e+00
0.00000000000000e+00
0.00000000000000e+00
0.00000000000000e+00
0.00000000000000e+00
0.00000000000000e+00
2.22076103144295e+01
7.49554848728245e+00
0.00000000000000e+00
0.00000000000000e+00
3.44408090989847e+01
4.10354026437102e+00
4.39563020964891e+01
2.42391507537507e+01
1.31963283510328e+00
0.00000000000000e+00
2.45602773586905e+01
7.23704068793363e+01
0.00000000000000e+00
0.00000000000000e+00
4.66542304565415e+01
1.60807191528685e+01
4.16996950690468e+01
2.46956827203867e+01
6.21485107411604e+01
3.78574883472529e+01
5.08647650173103e+01
7.33332285040992e+01
9.70941375088382e+01
2.55704496157638e+01
1.53941125136485e+02
4.03320197241228e+01
8.27935956170654e+01
0.00000000000000e+00
0.00000000000000e+00
0.00000000000000e+00
0.00000000000000e+00
0.00000000000000e+00
0.00000000000000e+00
0.00000000000000e+00
0.00000000000000e+00
0.00000000000000e+00
2.72450725480138e+00
3.22501019870094e+00
0.00000000000000e+00
0.00000000000000e+00
0.00000000000000e+00
0.00000000000000e+00
0.00000000000000e+00
0.00000000000000e+00
0.00000000000000e+00
0.00000000000000e+00
8.35203542659322e-01
0.00000000000000e+00
0.00000000000000e+00
0.00000000000000e+00
0.00000000000000e+00
0.00000000000000e+00
0.00000000000000e+00
0.00000000000000e+00
0.00000000000000e+00
0.00000000000000e+00
0.00000000000000e+00
0.00000000000000e+00
0.00000000000000e+00
0.00000000000000e+00
0.00000000000000e+00
0.00000000000000e+00
0.00000000000000e+00
0.00000000000000e+00
0.00000000000000e+00
4.47062667398741e+00
8.20775645302191e+00
1.47908760410880e+01
3.17988450188757e+01
2.99929675389397e+00
1.32601328970333e+01
2.64014791784813e+01
0.00000000000000e+00
0.00000000000000e+00
2.27700934896655e+01
5.06169963308435e+01
2.31963024065086e+01
1.49099815496381e+01
2.82292160187251e+01
4.84617693177661e+01
4.05212106418988e+00
8.63580102575495e+00
0.00000000000000e+00
0.00000000000000e+00
0.00000000000000e+00
0.00000000000000e+00
0.00000000000000e+00
0.00000000000000e+00
0.00000000000000e+00
4.27156750155681e+00
4.40764631914922e+00
2.47592381869018e+01
7.92063352432923e+01
2.98059876674022e+01
8.82206940634535e+01
0.00000000000000e+00
1.54744689440016e+01
1.79086506609548e+01
2.22373634589786e+01
3.24273846199278e+01
3.25958730189133e+01
1.37043801080839e+01
2.23044052323226e+01
0.00000000000000e+00
3.65617873649275e+01
2.19274465536042e+01
0.00000000000000e+00
1.84185856872538e+01
3.97667632649783e+01
2.66218965726281e+01
1.44917152849752e+01
0.00000000000000e+00
0.00000000000000e+00
0.00000000000000e+00
0.00000000000000e+00
2.94172691736278e+01
0.00000000000000e+00
3.06300259969661e+01
0.00000000000000e+00
0.00000000000000e+00
0.00000000000000e+00
1.46351660249121e+01
9.36765169627242e+00
0.00000000000000e+00
6.17678820018159e+00
0.00000000000000e+00
0.00000000000000e+00
1.01158978691125e+01
0.00000000000000e+00
1.23216842320251e+01
7.00716131058532e+00
4.29873717728227e+01
6.49036861840976e+00
2.55937480662415e+01
2.31479548751589e+01
0.00000000000000e+00
5.05373580014856e+00
0.00000000000000e+00
0.00000000000000e+00
0.00000000000000e+00
0.00000000000000e+00
0.00000000000000e+00
0.00000000000000e+00
2.22287107720915e+01
5.93041082312189e+00
0.00000000000000e+00
0.00000000000000e+00
0.00000000000000e+00
0.00000000000000e+00
0.00000000000000e+00
0.00000000000000e+00
0.00000000000000e+00
0.00000000000000e+00
0.00000000000000e+00
0.00000000000000e+00
0.00000000000000e+00
0.00000000000000e+00
0.00000000000000e+00
0.00000000000000e+00
1.30300598062081e+01
0.00000000000000e+00
3.36479155575886e+01
0.00000000000000e+00
0.00000000000000e+00
0.00000000000000e+00
0.00000000000000e+00
0.00000000000000e+00
0.00000000000000e+00
0.00000000000000e+00
0.00000000000000e+00
0.00000000000000e+00
0.00000000000000e+00
0.00000000000000e+00
0.00000000000000e+00
0.00000000000000e+00
0.00000000000000e+00
0.00000000000000e+00
0.00000000000000e+00
0.00000000000000e+00
0.00000000000000e+00
0.00000000000000e+00
0.00000000000000e+00
0.00000000000000e+00
0.00000000000000e+00
0.00000000000000e+00
0.00000000000000e+00
0.00000000000000e+00
0.00000000000000e+00
0.00000000000000e+00
0.00000000000000e+00
0.00000000000000e+00
0.00000000000000e+00
0.00000000000000e+00
0.00000000000000e+00
0.00000000000000e+00
0.00000000000000e+00
0.00000000000000e+00
0.00000000000000e+00
0.00000000000000e+00
0.00000000000000e+00
0.00000000000000e+00
0.00000000000000e+00
0.00000000000000e+00
0.00000000000000e+00
0.00000000000000e+00
0.00000000000000e+00
0.00000000000000e+00
0.00000000000000e+00
0.00000000000000e+00
0.00000000000000e+00
2.34324264937811e+00
0.00000000000000e+00
8.54023608768082e+01
4.96081953676958e+01
8.63762773944066e+00
0.00000000000000e+00
0.00000000000000e+00
0.00000000000000e+00
0.00000000000000e+00
0.00000000000000e+00
0.00000000000000e+00
0.00000000000000e+00
0.00000000000000e+00
0.00000000000000e+00
0.00000000000000e+00
0.00000000000000e+00
0.00000000000000e+00
0.00000000000000e+00
0.00000000000000e+00
0.00000000000000e+00
0.00000000000000e+00
0.00000000000000e+00
0.00000000000000e+00
0.00000000000000e+00
0.00000000000000e+00
0.00000000000000e+00
0.00000000000000e+00
0.00000000000000e+00
0.00000000000000e+00
0.00000000000000e+00
0.00000000000000e+00
0.00000000000000e+00
0.00000000000000e+00
0.00000000000000e+00
0.00000000000000e+00
0.00000000000000e+00
0.00000000000000e+00
0.00000000000000e+00
0.00000000000000e+00
0.00000000000000e+00
0.00000000000000e+00
0.00000000000000e+00
0.00000000000000e+00
0.00000000000000e+00
0.00000000000000e+00
0.00000000000000e+00
0.00000000000000e+00
0.00000000000000e+00
0.00000000000000e+00
0.00000000000000e+00
0.00000000000000e+00
0.00000000000000e+00
0.00000000000000e+00
0.00000000000000e+00
0.00000000000000e+00
4.76540501694265e+01
0.00000000000000e+00
4.73636280454975e+01
1.53379210515792e+01
0.00000000000000e+00
0.00000000000000e+00
0.00000000000000e+00
2.91818977019898e+01
0.00000000000000e+00
0.00000000000000e+00
0.00000000000000e+00
0.00000000000000e+00
0.00000000000000e+00
0.00000000000000e+00
0.00000000000000e+00
8.58073472763615e+01
0.00000000000000e+00
0.00000000000000e+00
0.00000000000000e+00
1.03197976499739e+02
0.00000000000000e+00
4.79500875166616e+00
0.00000000000000e+00
6.37420156852984e+01
0.00000000000000e+00
2.59128832183220e+01
0.00000000000000e+00
0.00000000000000e+00
0.00000000000000e+00
3.74235199155738e+01
8.78227911176043e+01
0.00000000000000e+00
1.25483415622632e+01
0.00000000000000e+00
0.00000000000000e+00
0.00000000000000e+00
0.00000000000000e+00
0.00000000000000e+00
0.00000000000000e+00
0.00000000000000e+00
0.00000000000000e+00
0.00000000000000e+00
0.00000000000000e+00
0.00000000000000e+00
0.00000000000000e+00
0.00000000000000e+00
0.00000000000000e+00
0.00000000000000e+00
0.00000000000000e+00
0.00000000000000e+00
0.00000000000000e+00
0.00000000000000e+00
0.00000000000000e+00
0.00000000000000e+00
0.00000000000000e+00
1.58957634278679e+01
0.00000000000000e+00
0.00000000000000e+00
0.00000000000000e+00
0.00000000000000e+00
4.37085001584411e+01
0.00000000000000e+00
0.00000000000000e+00
0.00000000000000e+00
0.00000000000000e+00
0.00000000000000e+00
0.00000000000000e+00
0.00000000000000e+00
0.00000000000000e+00
0.00000000000000e+00
0.00000000000000e+00
0.00000000000000e+00
0.00000000000000e+00
0.00000000000000e+00
0.00000000000000e+00
0.00000000000000e+00
0.00000000000000e+00
0.00000000000000e+00
0.00000000000000e+00
0.00000000000000e+00
0.00000000000000e+00
0.00000000000000e+00
0.00000000000000e+00
0.00000000000000e+00
0.00000000000000e+00
0.00000000000000e+00
0.00000000000000e+00
0.00000000000000e+00
0.00000000000000e+00
0.00000000000000e+00
0.00000000000000e+00
0.00000000000000e+00
0.00000000000000e+00
1.90564936754923e+00
0.00000000000000e+00
0.00000000000000e+00
0.00000000000000e+00
0.00000000000000e+00
0.00000000000000e+00
0.00000000000000e+00
0.00000000000000e+00
0.00000000000000e+00
0.00000000000000e+00
0.00000000000000e+00
0.00000000000000e+00
0.00000000000000e+00
2.72305975626258e+01
0.00000000000000e+00
0.00000000000000e+00
0.00000000000000e+00
0.00000000000000e+00
0.00000000000000e+00
0.00000000000000e+00
0.00000000000000e+00
0.00000000000000e+00
0.00000000000000e+00
0.00000000000000e+00
0.00000000000000e+00
0.00000000000000e+00
2.19113157879701e+00
0.00000000000000e+00
0.00000000000000e+00
0.00000000000000e+00
0.00000000000000e+00
0.00000000000000e+00
0.00000000000000e+00
0.00000000000000e+00
0.00000000000000e+00
0.00000000000000e+00
0.00000000000000e+00
0.00000000000000e+00
0.00000000000000e+00
0.00000000000000e+00
0.00000000000000e+00
0.00000000000000e+00
0.00000000000000e+00
0.00000000000000e+00
0.00000000000000e+00
0.00000000000000e+00
0.00000000000000e+00
0.00000000000000e+00
0.00000000000000e+00
0.00000000000000e+00
0.00000000000000e+00
0.00000000000000e+00
0.00000000000000e+00
0.00000000000000e+00
0.00000000000000e+00
0.00000000000000e+00
0.00000000000000e+00
0.00000000000000e+00
0.00000000000000e+00
0.00000000000000e+00
0.00000000000000e+00
0.00000000000000e+00
0.00000000000000e+00
0.00000000000000e+00
0.00000000000000e+00
0.00000000000000e+00
0.00000000000000e+00
0.00000000000000e+00
0.00000000000000e+00
0.00000000000000e+00
0.00000000000000e+00
0.00000000000000e+00
0.00000000000000e+00
0.00000000000000e+00
0.00000000000000e+00
0.00000000000000e+00
0.00000000000000e+00
0.00000000000000e+00
0.00000000000000e+00
0.00000000000000e+00
0.00000000000000e+00
0.00000000000000e+00
0.00000000000000e+00
0.00000000000000e+00
0.00000000000000e+00
0.00000000000000e+00
0.00000000000000e+00
0.00000000000000e+00
0.00000000000000e+00
0.00000000000000e+00
0.00000000000000e+00
0.00000000000000e+00
0.00000000000000e+00
0.00000000000000e+00
0.00000000000000e+00
0.00000000000000e+00
0.00000000000000e+00
0.00000000000000e+00
0.00000000000000e+00
0.00000000000000e+00
0.00000000000000e+00
0.00000000000000e+00
0.00000000000000e+00
0.00000000000000e+00
0.00000000000000e+00
0.00000000000000e+00
0.00000000000000e+00
0.00000000000000e+00
0.00000000000000e+00
0.00000000000000e+00
0.00000000000000e+00
0.00000000000000e+00
0.00000000000000e+00
0.00000000000000e+00
0.00000000000000e+00
0.00000000000000e+00
0.00000000000000e+00
0.00000000000000e+00
0.00000000000000e+00
0.00000000000000e+00
0.00000000000000e+00
0.00000000000000e+00
0.00000000000000e+00
0.00000000000000e+00
0.00000000000000e+00
0.00000000000000e+00
0.00000000000000e+00
0.00000000000000e+00
0.00000000000000e+00
0.00000000000000e+00
0.00000000000000e+00
0.00000000000000e+00
0.00000000000000e+00
0.00000000000000e+00
0.00000000000000e+00
0.00000000000000e+00
0.00000000000000e+00
0.00000000000000e+00
2.26426355896262e+01
2.89628711807769e+00
0.00000000000000e+00
0.00000000000000e+00
0.00000000000000e+00
0.00000000000000e+00
0.00000000000000e+00
0.00000000000000e+00
0.00000000000000e+00
0.00000000000000e+00
0.00000000000000e+00
0.00000000000000e+00
0.00000000000000e+00
0.00000000000000e+00
0.00000000000000e+00
0.00000000000000e+00
2.29533777731540e+00
8.14216557795270e+00
0.00000000000000e+00
3.56373748122853e+00
3.73042343714857e+01
2.29533777731540e+00
3.11328502030833e+01
2.41717397704062e+01
1.34325119602837e+01
2.97014536284210e+01
1.42902619115980e+01
0.00000000000000e+00
4.26241043889762e+01
0.00000000000000e+00
2.04146598737115e+00
0.00000000000000e+00
2.43988784250771e+00
0.00000000000000e+00
0.00000000000000e+00
0.00000000000000e+00
0.00000000000000e+00
0.00000000000000e+00
0.00000000000000e+00
0.00000000000000e+00
0.00000000000000e+00
0.00000000000000e+00
5.07626327077595e+01
4.67790906123776e+01
0.00000000000000e+00
0.00000000000000e+00
0.00000000000000e+00
0.00000000000000e+00
0.00000000000000e+00
0.00000000000000e+00
0.00000000000000e+00
0.00000000000000e+00
5.00623415526596e+01
4.04493535206751e+01
1.23126002164036e+01
0.00000000000000e+00
2.88797387971394e+01
0.00000000000000e+00
0.00000000000000e+00
1.34241434499595e+01
2.73267413856976e+01
1.65271754197761e+01
1.76793277519696e+01
0.00000000000000e+00
0.00000000000000e+00
0.00000000000000e+00
0.00000000000000e+00
0.00000000000000e+00
0.00000000000000e+00
0.00000000000000e+00
0.00000000000000e+00
0.00000000000000e+00
0.00000000000000e+00
0.00000000000000e+00
0.00000000000000e+00
0.00000000000000e+00
0.00000000000000e+00
0.00000000000000e+00
0.00000000000000e+00
0.00000000000000e+00
0.00000000000000e+00
0.00000000000000e+00
0.00000000000000e+00
0.00000000000000e+00
0.00000000000000e+00
0.00000000000000e+00
0.00000000000000e+00
0.00000000000000e+00
0.00000000000000e+00
0.00000000000000e+00
0.00000000000000e+00
0.00000000000000e+00
0.00000000000000e+00
0.00000000000000e+00
0.00000000000000e+00
0.00000000000000e+00
0.00000000000000e+00
0.00000000000000e+00
0.00000000000000e+00
0.00000000000000e+00
0.00000000000000e+00
0.00000000000000e+00
0.00000000000000e+00
0.00000000000000e+00
0.00000000000000e+00
0.00000000000000e+00
0.00000000000000e+00
0.00000000000000e+00
0.00000000000000e+00
0.00000000000000e+00
0.00000000000000e+00
0.00000000000000e+00
0.00000000000000e+00
0.00000000000000e+00
0.00000000000000e+00
0.00000000000000e+00
0.00000000000000e+00
0.00000000000000e+00
0.00000000000000e+00
0.00000000000000e+00
0.00000000000000e+00
0.00000000000000e+00
0.00000000000000e+00
0.00000000000000e+00
0.00000000000000e+00
0.00000000000000e+00
0.00000000000000e+00
0.00000000000000e+00
0.00000000000000e+00
0.00000000000000e+00
0.00000000000000e+00
0.00000000000000e+00
0.00000000000000e+00
0.00000000000000e+00
0.00000000000000e+00
0.00000000000000e+00
0.00000000000000e+00
0.00000000000000e+00
0.00000000000000e+00
0.00000000000000e+00
0.00000000000000e+00
0.00000000000000e+00
0.00000000000000e+00
0.00000000000000e+00
0.00000000000000e+00
0.00000000000000e+00
0.00000000000000e+00
0.00000000000000e+00
0.00000000000000e+00
0.00000000000000e+00
0.00000000000000e+00
0.00000000000000e+00
0.00000000000000e+00
0.00000000000000e+00
0.00000000000000e+00
0.00000000000000e+00
0.00000000000000e+00
0.00000000000000e+00
0.00000000000000e+00
0.00000000000000e+00
0.00000000000000e+00
0.00000000000000e+00
0.00000000000000e+00
0.00000000000000e+00
0.00000000000000e+00
0.00000000000000e+00
5.36489023996944e+01
0.00000000000000e+00
0.00000000000000e+00
0.00000000000000e+00
1.61087043047144e+01
2.46664043049156e+01
0.00000000000000e+00
0.00000000000000e+00
0.00000000000000e+00
0.00000000000000e+00
