2.72788679969315e+00
6.39146747425599e-01
0.00000000000000e+00
2.55876696413068e-01
0.00000000000000e+00
0.00000000000000e+00
0.00000000000000e+00
0.00000000000000e+00
2.80053894770235e-01
0.00000000000000e+00
0.00000000000000e+00
0.00000000000000e+00
0.00000000000000e+00
0.00000000000000e+00
0.00000000000000e+00
0.00000000000000e+00
3.56609174080101e+00
0.00000000000000e+00
1.46319691372316e-01
0.00000000000000e+00
0.00000000000000e+00
0.00000000000000e+00
0.00000000000000e+00
0.00000000000000e+00
1.13251806354877e-01
6.22219919831712e-01
0.00000000000000e+00
0.00000000000000e+00
0.00000000000000e+00
3.44567910954132e+00
7.26319372299013e-02
1.67652261655539e-01
1.46668848601224e-01
0.00000000000000e+00
0.00000000000000e+00
0.00000000000000e+00
0.00000000000000e+00
0.00000000000000e+00
7.28542828895642e-02
0.00000000000000e+00
4.85924164481525e+00
1.40340491687486e-01
0.00000000000000e+00
0.00000000000000e+00
6.33096208959722e-01
0.00000000000000e+00
0.00000000000000e+00
3.09114361667216e-01
0.00000000000000e+00
0.00000000000000e+00
0.00000000000000e+00
0.00000000000000e+00
3.94072923689748e-01
5.08501847146249e+00
1.05243156921680e+00
6.63208145823792e-02
3.52522544358353e-02
2.64839876151611e-01
0.00000000000000e+00
1.98629907113708e-01
1.87254439163258e+00
0.00000000000000e+00
0.00000000000000e+00
4.58783835751392e-01
0.00000000000000e+00
3.44118048664280e-01
0.00000000000000e+00
0.00000000000000e+00
4.86400000000000e-01
6.13744140979128e-01
1.33037375711079e+00
0.00000000000000e+00
0.00000000000000e+00
4.38056391737690e-01
0.00000000000000e+00
0.00000000000000e+00
1.95000000000000e-01
0.00000000000000e+00
0.00000000000000e+00
5.86527119116048e-02
0.00000000000000e+00
0.00000000000000e+00
0.00000000000000e+00
0.00000000000000e+00
0.00000000000000e+00
2.03967965418907e+00
1.30285408176121e-01
7.91095629860990e-02
0.00000000000000e+00
0.00000000000000e+00
0.00000000000000e+00
1.68719590679590e+00
0.00000000000000e+00
0.00000000000000e+00
0.00000000000000e+00
0.00000000000000e+00
0.00000000000000e+00
0.00000000000000e+00
0.00000000000000e+00
0.00000000000000e+00
0.00000000000000e+00
5.41210864254957e-01
0.00000000000000e+00
4.87928426006282e+00
0.00000000000000e+00
3.02134988641931e+00
0.00000000000000e+00
0.00000000000000e+00
0.00000000000000e+00
0.00000000000000e+00
0.00000000000000e+00
0.00000000000000e+00
0.00000000000000e+00
2.76281847904740e-01
2.26828630845124e-01
2.85488560048714e+00
2.21150856654884e-01
3.71668884896220e-01
0.00000000000000e+00
1.91954752111632e-01
9.57003255762960e-01
0.00000000000000e+00
4.02922277374416e-01
0.00000000000000e+00
0.00000000000000e+00
0.00000000000000e+00
0.00000000000000e+00
0.00000000000000e+00
7.38146955078335e+00
0.00000000000000e+00
3.22516604223723e-01
1.19597831843427e+00
0.00000000000000e+00
5.02146209548632e-01
8.87453168164780e-02
1.06906820648065e-01
0.00000000000000e+00
0.00000000000000e+00
9.04000931890767e-01
0.00000000000000e+00
0.00000000000000e+00
0.00000000000000e+00
3.09370286348449e-01
2.98043226569019e-01
2.55434715747711e-01
0.00000000000000e+00
3.69313080629319e-01
2.19173702551652e-01
4.73918719750311e-01
0.00000000000000e+00
1.53176949258043e-01
3.41218343662448e+00
0.00000000000000e+00
0.00000000000000e+00
0.00000000000000e+00
7.57418910700219e-01
4.63187767283144e-01
3.01422503879985e-01
0.00000000000000e+00
6.01697468629714e-01
0.00000000000000e+00
1.64484713951434e+00
9.17151292064226e-01
0.00000000000000e+00
2.52022571872751e-01
0.00000000000000e+00
0.00000000000000e+00
0.00000000000000e+00
1.82281548490990e+00
0.00000000000000e+00
0.00000000000000e+00
1.51307707216720e+00
0.00000000000000e+00
0.00000000000000e+00
6.67254407587158e-02
4.62737702777843e+00
1.58150725096354e-01
0.00000000000000e+00
0.00000000000000e+00
0.00000000000000e+00
2.98477692740466e-01
0.00000000000000e+00
2.74388138292245e-02
0.00000000000000e+00
4.00000000000006e-01
0.00000000000000e+00
0.00000000000000e+00
3.88179133905984e-01
8.31748024926528e-01
2.99999999999997e-01
1.79231750917009e+00
0.00000000000000e+00
1.27050566771044e-01
0.00000000000000e+00
3.98184198265104e-01
0.00000000000000e+00
1.95000000000000e-01
2.07551537413794e+00
1.00047024357654e+00
0.00000000000000e+00
6.50841758505143e-01
1.44970243967538e-01
4.56187512298681e-01
0.00000000000000e+00
4.00351470224269e-01
3.00000000000004e-01
5.60795652199652e-01
0.00000000000000e+00
2.38211479327956e-01
0.00000000000000e+00
1.06972644112318e+00
4.78706761523259e-01
2.30896889011952e-02
0.00000000000000e+00
0.00000000000000e+00
3.55514702242687e-02
0.00000000000000e+00
4.07631651661539e-01
8.69050352569206e-01
9.71502457617197e-01
0.00000000000000e+00
6.04331841449051e+00
0.00000000000000e+00
0.00000000000000e+00
1.64151732553231e-01
0.00000000000000e+00
0.00000000000000e+00
5.13900887494974e-02
0.00000000000000e+00
8.49352580084529e-01
7.11159951026641e-02
0.00000000000000e+00
0.00000000000000e+00
7.11159951026641e-02
0.00000000000000e+00
0.00000000000000e+00
0.00000000000000e+00
5.90398023138281e-02
0.00000000000000e+00
5.90398023138281e-02
2.87128759717026e-01
0.00000000000000e+00
0.00000000000000e+00
0.00000000000000e+00
0.00000000000000e+00
2.52263812517410e-01
3.01649216806539e-01
2.06054285626266e+00
0.00000000000000e+00
9.75548110465072e-01
0.00000000000000e+00
1.42106340895692e+00
2.74996572853286e-01
7.89868415778385e-01
0.00000000000000e+00
1.00047790599883e+00
4.27762596288896e-01
3.00183693761001e-01
3.12458308339253e-01
0.00000000000000e+00
2.15850738729832e-01
2.05655099022095e+00
1.41797347827136e-01
2.46457486954067e+00
5.46400559277841e+00
0.00000000000000e+00
0.00000000000000e+00
0.00000000000000e+00
4.86351942708407e-01
0.00000000000000e+00
0.00000000000000e+00
1.21574393467658e-01
2.59999999999998e-01
0.00000000000000e+00
0.00000000000000e+00
6.21534790597756e-01
2.62979522807535e-01
0.00000000000000e+00
0.00000000000000e+00
0.00000000000000e+00
0.00000000000000e+00
0.00000000000000e+00
6.93038084260487e-01
0.00000000000000e+00
2.74494303088509e-01
0.00000000000000e+00
5.73609956030571e-01
0.00000000000000e+00
2.67822150672364e+00
0.00000000000000e+00
0.00000000000000e+00
0.00000000000000e+00
0.00000000000000e+00
0.00000000000000e+00
1.88744599416083e-02
2.56398650856047e-01
0.00000000000000e+00
0.00000000000000e+00
6.34689063282135e-01
0.00000000000000e+00
0.00000000000000e+00
2.06404017981360e+00
5.40499222167735e-01
0.00000000000000e+00
1.22632352860055e+00
4.00000000000006e-01
3.73101062955923e+00
8.15356783587137e-01
0.00000000000000e+00
0.00000000000000e+00
0.00000000000000e+00
5.73658730270070e-01
0.00000000000000e+00
1.52484557551963e+00
4.29571153818298e-01
0.00000000000000e+00
0.00000000000000e+00
0.00000000000000e+00
0.00000000000000e+00
2.50520158431069e+00
0.00000000000000e+00
0.00000000000000e+00
0.00000000000000e+00
0.00000000000000e+00
0.00000000000000e+00
0.00000000000000e+00
7.90478148591923e-01
0.00000000000000e+00
0.00000000000000e+00
0.00000000000000e+00
0.00000000000000e+00
1.71648229254144e+00
0.00000000000000e+00
0.00000000000000e+00
0.00000000000000e+00
1.54068495769583e-01
3.03574166489756e+00
0.00000000000000e+00
0.00000000000000e+00
0.00000000000000e+00
0.00000000000000e+00
1.72892431890484e-01
4.49649128356176e-01
0.00000000000000e+00
2.99578464291111e-01
0.00000000000000e+00
0.00000000000000e+00
0.00000000000000e+00
0.00000000000000e+00
0.00000000000000e+00
0.00000000000000e+00
0.00000000000000e+00
0.00000000000000e+00
0.00000000000000e+00
0.00000000000000e+00
3.02415680223194e-01
0.00000000000000e+00
0.00000000000000e+00
0.00000000000000e+00
2.73734701130806e+00
3.74970100046461e-01
1.33333333333333e-01
4.15497638207828e-01
0.00000000000000e+00
0.00000000000000e+00
0.00000000000000e+00
0.00000000000000e+00
2.05585100818759e+00
2.66423056274104e+00
2.19710189736716e-01
0.00000000000000e+00
8.14915357567900e-01
6.11186518175911e-01
0.00000000000000e+00
3.50133373533970e+00
5.77465582781689e-01
0.00000000000000e+00
2.66651543174342e-01
0.00000000000000e+00
0.00000000000000e+00
8.78330499818354e-02
0.00000000000000e+00
2.83485860705685e-01
2.57492759588936e-01
3.09810505367743e-01
0.00000000000000e+00
0.00000000000000e+00
0.00000000000000e+00
0.00000000000000e+00
2.70267920580611e+00
8.23092315600137e-01
4.00145773437630e-01
8.65332306111357e-01
0.00000000000000e+00
1.75962621530453e+00
0.00000000000000e+00
5.72216879227887e-01
1.03667956267937e+00
4.42431357596284e-01
2.82730292911368e-01
4.46678228706078e-01
1.29036141797399e+00
2.54640938250714e+00
9.35341070353604e-01
0.00000000000000e+00
0.00000000000000e+00
3.70809573194792e-01
2.80679439394982e+00
2.68787178263909e-01
6.74161771847667e-01
7.86260326880983e-01
9.85442059423315e-01
0.00000000000000e+00
8.65787968213463e-01
1.37116400866836e+00
4.62239807118692e-01
8.69388314691732e-01
0.00000000000000e+00
8.18420768120931e-01
0.00000000000000e+00
0.00000000000000e+00
6.58829332882232e-01
7.43376027534520e-01
2.04026937039396e+00
0.00000000000000e+00
4.51319549607453e+00
0.00000000000000e+00
0.00000000000000e+00
8.06325393374161e-01
9.58464555860160e-01
9.77677132014404e-01
2.04171961245381e-01
1.52795858176314e+00
0.00000000000000e+00
0.00000000000000e+00
6.16121605572322e-01
0.00000000000000e+00
0.00000000000000e+00
0.00000000000000e+00
2.85464451709542e+00
2.13427480004532e-01
0.00000000000000e+00
1.13733851773719e-01
1.82073569947849e+00
4.30022138964960e-01
2.41173801413605e+00
0.00000000000000e+00
0.00000000000000e+00
0.00000000000000e+00
5.19641923383538e-01
1.16852818678548e+00
9.27144647090553e-01
3.18463045466367e+00
7.24100135031193e-01
1.00036367301989e+00
0.00000000000000e+00
0.00000000000000e+00
2.20751060303303e+00
2.35087683735737e-01
0.00000000000000e+00
9.71619233799843e+00
0.00000000000000e+00
1.11139627591367e+00
0.00000000000000e+00
1.64739642413801e+00
0.00000000000000e+00
8.25840916958722e-01
2.05984557629657e+00
4.73296767597251e-01
0.00000000000000e+00
8.45784911277349e-01
0.00000000000000e+00
8.62547901037675e-01
5.03102773428186e-01
0.00000000000000e+00
1.56095243311881e-01
5.48027979715412e-01
0.00000000000000e+00
3.45944789724110e-01
7.58137172631149e-01
3.65043085622287e+00
5.58883573579146e-01
0.00000000000000e+00
0.00000000000000e+00
4.44351961889672e-01
3.26768084989226e-01
2.36949672916945e+00
7.13837378180385e-01
0.00000000000000e+00
0.00000000000000e+00
1.16344591796517e+00
0.00000000000000e+00
1.86471937503695e+00
5.48139035170501e-01
1.78827878029519e+00
6.26141937384963e-01
1.07075480268047e+00
0.00000000000000e+00
6.63457367078632e-01
0.00000000000000e+00
0.00000000000000e+00
3.13202180264626e-01
3.39702865956562e-01
3.29092127883067e-01
2.04240490259152e+00
2.02164358278556e+00
0.00000000000000e+00
0.00000000000000e+00
0.00000000000000e+00
1.96224223778383e+00
4.23263512009081e-01
0.00000000000000e+00
0.00000000000000e+00
9.18497769658004e-01
1.22142048774715e-01
0.00000000000000e+00
0.00000000000000e+00
8.85561728243707e-01
6.83071594742587e-01
3.47102165943712e-01
1.80993939920292e+00
2.34654397660480e+00
2.70269094837249e+00
1.45964688498740e+00
1.06493012325573e+00
0.00000000000000e+00
3.75808690660411e+00
2.67624498139761e-01
2.67457714884184e+00
0.00000000000000e+00
2.70264534507894e-01
3.04006280685525e-01
0.00000000000000e+00
3.40242946267683e-01
3.22516604223717e-01
9.55967429073698e-01
2.02698490330815e+00
5.43260702103620e-01
1.00248823692193e+00
0.00000000000000e+00
0.00000000000000e+00
1.50748079708545e-01
3.40512831327369e-01
1.37485356672595e+00
0.00000000000000e+00
1.08392333100965e+00
8.16589597332912e-01
0.00000000000000e+00
6.27243848819421e-01
0.00000000000000e+00
2.39245323515913e-01
2.81322934517027e-01
3.59228494574459e-01
1.25343279354673e+00
0.00000000000000e+00
6.24966424796572e-01
4.00000000000006e-01
2.00838930014898e+00
0.00000000000000e+00
2.98314318737301e+00
3.03823528875174e-01
2.44328589593305e+00
0.00000000000000e+00
1.99725035013376e-01
7.28108234907333e+00
1.30196771326316e-01
2.07677529809659e+00
4.54935407094870e-01
1.53139611404103e+00
3.42414971082414e+00
0.00000000000000e+00
5.41103315772570e-01
2.80944819173296e-01
1.12369030916169e+00
4.00244925014677e-01
1.01293710908147e+00
1.68442982701718e+00
6.37961281623201e-01
4.02198955742061e-01
1.96864449603308e+00
1.53408083831294e+00
0.00000000000000e+00
2.35903341937268e+00
2.14033865563454e+00
7.32355040492253e-01
2.39291065964839e+00
3.37152261946466e-01
0.00000000000000e+00
0.00000000000000e+00
5.63788617119354e-01
3.32245958730012e-01
0.00000000000000e+00
2.77787109954423e-01
6.00480772152047e-01
5.84344462668801e-01
1.05634459091066e+01
7.27425857691205e-01
2.25631071046418e-01
5.18437874925527e-01
0.00000000000000e+00
2.79520955367941e+00
1.65948890351889e+00
0.00000000000000e+00
3.71736447757683e-01
7.92115598291241e-01
0.00000000000000e+00
6.59535475738912e-01
1.13998776049544e-01
3.63709548833917e-01
8.04656578068339e-01
0.00000000000000e+00
0.00000000000000e+00
9.69956622815241e-01
2.28978577521924e+00
7.74626869577734e-01
0.00000000000000e+00
0.00000000000000e+00
8.65868146996601e-01
1.48667223823481e+00
3.32735743430483e+00
3.08551346423116e+00
9.35464636921533e-01
3.31783251549058e+00
1.02621141553886e+00
7.24026144969442e-01
2.32172890096474e+00
1.61827475721028e+00
1.12372823152497e+00
1.13740124880229e-01
2.38070042208309e+00
0.00000000000000e+00
1.59779104077010e-01
0.00000000000000e+00
1.80508674922890e+00
9.50575968048394e-01
2.75063314139279e+00
4.00039198079394e-01
2.41102558877390e+00
3.86324485426553e-01
1.10346855736726e-01
2.71642086527587e+00
2.27994572747541e+00
6.85236723700841e-01
0.00000000000000e+00
0.00000000000000e+00
2.24853613170780e-01
3.13231033397524e+00
2.65338356968866e+00
0.00000000000000e+00
4.82391786747022e+00
5.05636726960961e+00
6.56785154808746e-01
0.00000000000000e+00
9.49610099972442e-01
2.32031353952964e-01
2.52312465814422e+00
1.10523625152123e+00
1.01612830381803e+00
8.29556999379842e-01
4.05696627913633e-01
2.56720505184374e+00
1.69856106002032e-01
9.77952175808061e-01
1.86302601913499e+00
2.78864549472658e-01
3.03192988056333e-01
7.66920688769810e-01
2.20416293207968e+00
4.40430238170008e-01
1.34757088262108e+00
0.00000000000000e+00
0.00000000000000e+00
4.19633956245313e-01
7.47721304531943e-01
1.39587821304868e+00
1.85454268207440e+00
6.21066422120090e-01
3.33509878463369e+00
3.98938959641158e-01
4.02300441767748e+00
1.92140340104286e+00
1.36316435078693e+00
2.30538583681838e-01
0.00000000000000e+00
1.14409202806093e-01
2.16388386112097e+00
3.89206945589915e-01
9.05999611802948e-01
3.58973411900174e-01
4.97424481009759e+00
4.27493578616099e+00
5.32468870773108e-01
1.40463022035667e+00
5.67842783639789e+00
1.11342097773120e-01
7.58145244107725e-01
1.54843909332022e+00
2.71508832381212e+00
5.57543549988842e-01
5.55902132633498e+00
4.88940238606095e-01
1.10622579935694e+00
4.99270458198224e-01
2.35795833082050e+00
4.46403920942131e+00
2.12455634788558e+00
8.34492758006467e-01
9.28001844793480e-01
6.54239360166435e-01
1.23194491401279e+00
1.09488686190492e+00
1.98152294846181e+00
3.08888509667103e-01
1.20738121867065e+00
8.89571647034916e-01
4.12848867082519e+00
4.56922014612170e-01
2.56910532488478e+00
3.37514513338806e+00
1.87812960252222e+00
2.61477209315879e+00
3.48367705665348e+00
1.54512846844447e+00
2.24489565206395e+00
3.65225963852320e+00
3.17367965195910e-01
3.38039824271691e-01
2.81458769304727e+00
0.00000000000000e+00
4.08134048268278e-01
0.00000000000000e+00
0.00000000000000e+00
0.00000000000000e+00
0.00000000000000e+00
7.28391590681091e-01
2.70346522751892e+00
3.11231938010568e-01
6.34488011498155e-01
3.72486038064623e-01
6.13274951335276e-01
0.00000000000000e+00
9.78195785416212e-01
5.69033875195794e-01
0.00000000000000e+00
1.26349765717978e+00
0.00000000000000e+00
2.09899309834348e+00
1.85359927483516e+00
2.09473365352339e-01
0.00000000000000e+00
3.73901712588998e-01
0.00000000000000e+00
2.32990123198781e+00
6.45194803602399e-01
0.00000000000000e+00
3.63009365146148e-01
0.00000000000000e+00
0.00000000000000e+00
8.94755867815680e-01
1.06374682627673e+00
0.00000000000000e+00
0.00000000000000e+00
5.74816417718319e-01
5.02146209548632e-01
1.10159127895823e+00
6.69435252021880e-01
3.71034526012130e-01
0.00000000000000e+00
1.51549333269836e+00
1.22651079770632e+00
6.25024773689951e-01
1.81013047675463e-01
2.09473365352339e-01
3.39944837736342e+00
0.00000000000000e+00
4.11656958453671e-01
1.51990721627337e+00
2.32031353952964e-01
2.12413252087442e+00
2.59198608985577e+00
9.78549367018916e-01
2.69961293756349e+00
3.55509268914636e+00
1.75165470852376e+00
2.86123950388823e+00
3.63258265394750e+00
5.17556371023082e-01
2.37859891667806e-01
3.93613864698972e-01
1.97436463698735e-01
1.01404057093631e+00
5.64450527666077e-01
8.31781418562917e+00
1.28481074033608e+00
1.42186521097466e+00
2.27444466378688e-01
4.47971267431840e+00
5.32097762154950e-01
1.34207619812890e+00
2.56318911120157e-01
1.13970111626888e+00
1.28250113855197e+00
5.01586000209415e+00
3.48237027729735e+00
4.28661896252340e+00
5.02191179350054e-01
6.15364325917878e-01
2.70486361201517e+00
3.02166994669120e+00
8.10908965118563e-01
3.48728187965753e-01
2.20751060303303e+00
7.43606680432737e-01
1.97751888160143e+00
9.79364718369192e-01
0.00000000000000e+00
2.88417615402647e+00
1.19457666382468e+00
0.00000000000000e+00
4.19226765178377e-01
1.68453309572431e+00
6.06413001168188e-01
5.15862740457615e-01
3.62689147510692e+00
8.17123202591062e-01
5.11518327641649e-01
0.00000000000000e+00
1.17076281907686e+00
1.32189384927180e+00
1.66902783178455e+00
2.23984731367281e+00
1.07792816967757e+00
2.08959670992892e+00
2.72436396231236e+00
0.00000000000000e+00
5.82794608962853e+00
0.00000000000000e+00
0.00000000000000e+00
1.02363185636343e+01
1.00587181482324e+00
2.21232799256977e+00
8.11551215865176e-01
1.23851644722540e+00
0.00000000000000e+00
3.10563873742789e+00
0.00000000000000e+00
1.26115318798500e+00
2.13783088023206e+00
2.46524123156415e+00
1.77799738733185e+00
5.62283549804130e+00
2.80757069211748e+00
3.05642518965317e-01
5.57425020557524e+00
6.50922356579083e-01
1.17652681909352e+00
1.96237466887376e+00
2.96030662527563e+00
0.00000000000000e+00
3.50804110904115e-01
2.28471364984742e-01
3.69674767705537e-01
9.44624364657271e-01
1.45189366704273e+00
4.40709103174414e+00
2.96939968158718e-01
4.79909516719734e+00
4.54008293050192e+00
9.50463576756241e-01
6.35211716880781e+00
1.09483085254320e+00
4.25458321816047e+00
5.24124098639337e-01
1.32379447169161e+00
1.59922220792389e+00
1.81775083017679e+00
1.83060002331108e+00
1.20992261668816e+00
0.00000000000000e+00
4.33258768054419e-01
1.40885308981349e+00
8.99459996392837e-01
7.63724107112968e-01
1.04356105863083e+01
2.33215522772717e+00
1.19881960015774e+00
2.88660184976250e+00
2.97430705895527e+00
4.50218711565172e-01
9.42256119470640e-01
1.80767780475794e+00
2.11981659205658e+00
1.31229641431038e+00
1.50741836295784e+00
9.13297409806847e+00
6.01754227306850e+00
2.29526028638685e+00
2.27728441022363e+00
2.23965681568266e-01
5.11198660939977e-01
5.73408328024563e-01
8.49977819981200e-01
1.98585783760367e+00
1.08670183496746e+00
0.00000000000000e+00
2.03551886997547e+01
8.45823939302158e+00
9.24886682071805e+00
1.65824668995265e+00
3.76093573916166e+00
1.74334723983209e+00
5.92248704116983e+00
1.98132695783129e+00
2.27616005685640e-01
5.07122707471543e-01
4.81994492360657e+00
4.52694175967180e-01
2.50185083664420e-01
5.97176321231014e-01
3.56960383414877e-01
0.00000000000000e+00
8.65730171391466e-01
5.71248809878295e-01
1.14851043557881e+00
7.26800858505627e+00
1.34515641900968e+01
2.63096506840896e+00
3.29540041803714e+00
5.54203010007797e-01
3.97634552453729e+00
9.99075538090290e-01
1.20524971363039e+00
2.63259512959227e+00
0.00000000000000e+00
2.24057926636220e-01
3.40652877155414e+00
0.00000000000000e+00
0.00000000000000e+00
3.98981388516871e-01
1.94396246637679e+00
2.16829372869424e+01
4.64657699287983e+00
1.60736289496098e+00
1.52315448066226e+00
2.06033774338688e+00
8.04356513389602e+00
2.38284698336156e+00
6.94621645278275e+00
4.87755735550648e+00
6.45651509725535e-01
3.46690876100911e+00
3.40611570741113e+00
1.52824373696322e+00
9.62475805188379e-01
4.71391544249807e+00
3.88271043195109e+00
2.18449302241789e+00
5.36609470250322e+00
2.74488556244488e+00
3.56993846926874e+00
1.05941960664392e+00
2.68813074285060e+00
4.57549685420489e+00
2.28496505762495e-01
0.00000000000000e+00
0.00000000000000e+00
1.70534180158306e+00
6.11648772420565e-01
5.44299173689669e-01
1.33829228043066e+00
5.77897167992474e-01
1.80501136105371e+00
4.58672673683278e+00
1.82585300429805e+00
6.27687500496900e-01
7.55417336484285e-01
2.08761354715157e+00
4.65337878256835e+00
3.08476979698579e+01
3.72705356729619e-01
4.18677634025624e+00
4.50360631043134e+00
5.31905777702654e+00
8.16112083844163e-01
1.49513877257464e+00
2.21474675521820e+00
2.64834005745812e+00
5.94812727255575e+00
2.27876242492175e+00
1.40583129725583e+00
4.43576089915579e+00
2.40195467388210e+00
1.33063687126259e+00
3.47284381346666e+00
3.63716880535335e+00
3.86748050761677e+00
1.90850390192835e+00
9.73723642877768e-01
4.50218711565172e-01
0.00000000000000e+00
0.00000000000000e+00
1.30077540169240e+00
0.00000000000000e+00
7.69888628585396e+00
4.10244215992238e+00
2.53861950383047e+00
1.16841008423198e+01
1.88471632403285e+00
5.22605534036803e+00
6.82549921891284e-01
0.00000000000000e+00
8.58622004109585e-01
4.78781769402998e-01
6.28537480458101e+00
7.73227648474870e+00
1.01955056718859e+01
1.40138556629995e+00
1.11093039406701e+01
1.60266236183175e+00
4.48448251527923e+00
0.00000000000000e+00
1.65217751286522e+00
2.00033629534808e+00
2.34786275843898e+00
0.00000000000000e+00
7.10305737554307e+00
0.00000000000000e+00
2.04548344766032e-01
0.00000000000000e+00
1.04849705013151e+00
8.09720605218556e-01
0.00000000000000e+00
1.04141927013493e+00
3.05981560261410e-01
2.80855214669850e-01
3.27899642841944e+00
5.38154953587695e+00
9.28234517922891e-01
1.47420776170518e+01
2.06408783968357e+00
2.24057926636220e-01
6.60272972291428e+00
3.88512679713010e+00
2.15748660622838e+00
0.00000000000000e+00
9.61335561456290e-01
2.36441010930668e+00
1.62268865506365e+00
2.66947406225117e-01
1.40610095089788e+01
2.15796339815976e-01
9.21310457491585e-01
1.00214959733963e+00
1.33402870811585e+00
7.83438946094677e+00
8.94102317930993e+00
2.04863021159407e+00
2.50649612822960e+00
9.99602319881719e+00
3.43224762329324e+00
0.00000000000000e+00
0.00000000000000e+00
7.53076763676415e-01
1.91075234870964e+01
1.47476277805319e+01
0.00000000000000e+00
1.13374549608920e+00
1.56755865200071e-01
0.00000000000000e+00
1.44251673885833e+00
1.91699336386684e+00
1.54415431093468e+00
9.39271068097342e-01
9.19944870144340e-01
1.29943083709854e+00
1.84838420293667e+01
5.30755920165421e+00
7.00446734253972e+00
1.53978993855922e+01
3.90854769642909e+00
1.37545312248957e+00
7.31675061020526e-01
2.98093918170265e+00
1.45548126772107e+00
3.38130813251599e+00
0.00000000000000e+00
9.18038006010987e-01
3.25845608111483e+00
4.96627666273480e+00
8.42725975420550e-01
3.59875629733983e+00
6.12975998285000e+00
6.78112681797627e+00
1.18233185214367e+00
4.79060054063370e-01
3.08306577786778e+00
1.48361505625003e+00
6.96582710743365e+00
9.17163065176695e-01
2.07238165633342e+00
1.52928901204430e+00
2.19493741101317e+00
1.75660681363475e+00
2.57755884189505e+00
1.56386204431896e+01
1.19840320403057e+00
4.16070428528750e+00
6.70307598983972e+00
2.01598057043964e+00
1.99379298777027e+00
3.93748440142560e+00
7.17583550840846e+00
1.23451989882029e+00
6.98994263167208e+01
5.46989875201128e+00
1.21182703133631e+01
4.73602826298604e+00
9.42022605179027e-01
2.36753931107015e+00
3.35657121703476e+00
4.55603584338708e+00
1.78385401683362e+00
2.49655598192909e+00
3.42390768313337e+00
1.89101534528288e+00
4.38625156598768e-01
5.23245705410259e-01
8.62654763647708e+00
5.87480091301004e+00
1.05642023261966e+00
5.63335354861723e+00
4.45237698595714e+00
4.87515596420594e+00
1.59293877241626e+00
2.83485860705685e-01
0.00000000000000e+00
1.44825970867355e+01
7.38090561310501e+00
9.29339575916292e+00
3.65320113697820e+00
5.90198972733611e+00
6.58824634875866e+00
0.00000000000000e+00
1.62999279809745e+01
8.20947318772837e+00
2.73251052629325e+00
2.29171217275434e+00
9.83927960215557e+00
5.27709345977101e+01
3.78552872787815e+00
3.23487652425581e+00
6.69727939496041e+00
4.76410089884118e+00
2.49964778304506e-01
0.00000000000000e+00
1.13218357683158e+00
3.55583428395093e+00
2.52591346702700e+00
4.04843587560049e+00
5.63189554721671e+00
2.03204690051401e+00
1.59735397233860e+01
2.25549993859881e+00
9.73652637189386e+00
7.13546928276112e+00
4.53827863303238e+00
3.40421501941804e+00
0.00000000000000e+00
4.56948029992998e+00
1.16765436423396e+00
0.00000000000000e+00
1.68395414122508e+00
4.00732732019155e+00
7.13887245885630e+00
7.28320101879318e-01
4.44728253196790e+00
7.14585663390395e+00
5.02075086427615e+00
3.70257273646514e+00
1.96864339860326e+01
6.83801185878803e+00
1.29344427243686e+01
6.30551846773290e+00
2.75052433324876e+00
8.62625489540714e-01
5.58465152860592e+00
6.61877764104286e+00
6.15008853027658e+00
6.35112341484968e+00
7.86967976757445e+00
3.07359641242215e+00
1.43147944199224e+01
3.16647570375776e-01
9.34889171272860e-01
9.94919374106166e+00
1.15003041841640e+01
3.90890814895985e+00
3.22055113616302e+00
4.25812384967631e+00
1.33383318488604e+00
4.12421099885392e+00
1.57269986030661e+01
1.29688331168785e+01
5.50284018776065e+00
0.00000000000000e+00
4.51035703516916e+00
3.23711454693440e+00
7.07275248583918e+00
6.47389019447914e-01
3.03804936376245e+00
0.00000000000000e+00
1.65993579486079e+00
1.06200042794890e+01
6.55376850386331e-01
6.70810538427304e-01
2.44840279750188e+00
5.61564794033572e-01
8.77250313197534e-01
8.94422197912297e-01
0.00000000000000e+00
2.13532152084696e+00
3.99706492286219e+00
4.56412520049398e+00
1.31303232808066e+00
1.37062797717923e+01
1.04796973801084e+01
1.21580250800334e+01
1.08195416197514e+01
3.49749088298643e+00
5.23836168618496e+00
1.12670703992276e+00
2.04249429466614e+00
6.50788732921736e+00
2.61249501548375e+00
3.34514863175799e+00
3.27949917119088e+00
5.74263243486376e+00
2.12697134209156e+00
5.18906693721181e+00
1.44536377313802e+00
6.62924317533160e+00
4.19124076952325e+00
7.87388760544355e+00
2.47331949686128e+00
2.79790184564106e+00
7.95636307698433e+00
1.40245049030745e+00
6.73289515147809e+00
4.10739875913088e+00
6.28757599975184e+00
1.32843591912581e+00
2.50978202257212e+00
7.67483049821525e+00
9.52025015459706e+00
2.86867295436512e+00
2.95744887915787e+00
1.93786677723539e+00
4.79467276787494e+00
3.19230356674435e+00
1.39365928315607e+01
1.45065525432794e+00
4.73487451655757e+00
2.07639237527134e+00
0.00000000000000e+00
1.70979180512169e+00
3.94412153172630e+00
4.45787669454921e+00
3.57746537506168e+00
0.00000000000000e+00
1.33088107004971e+00
8.61587179492165e+00
8.91812726494946e+00
3.49221262160801e+00
5.97450997823653e+00
2.43998701004656e+01
3.54793722618451e+00
9.37184167264703e+00
6.21410315734489e+00
0.00000000000000e+00
1.97455145066671e+01
8.71545965357690e+00
1.31254463225371e+01
1.23622219878008e+01
5.66432036658707e+00
1.25028484188329e+01
6.55017024218427e+00
1.77291400447239e+00
1.54743225843845e+01
2.85739435729735e+00
9.71990321937108e+00
1.38846080613013e+01
2.10259122088564e+01
1.84232690086809e+01
1.60136756647932e+00
7.17306643895775e+00
2.48782383055589e+00
7.79383608067487e+00
2.72447763476555e+00
1.37967027077343e+01
1.42785196889323e+01
3.77527069186653e+01
0.00000000000000e+00
3.75313343157055e-01
1.15003041841640e+01
5.73336443597247e+00
4.01862895241952e+00
0.00000000000000e+00
0.00000000000000e+00
0.00000000000000e+00
0.00000000000000e+00
0.00000000000000e+00
0.00000000000000e+00
0.00000000000000e+00
2.93988197260425e+00
1.49929979426780e+00
0.00000000000000e+00
0.00000000000000e+00
0.00000000000000e+00
0.00000000000000e+00
4.60062545975714e+00
1.96812556820544e+00
2.93988197260425e+00
0.00000000000000e+00
0.00000000000000e+00
3.40421501941804e+00
8.02994077202525e+00
4.11887108022478e+00
0.00000000000000e+00
0.00000000000000e+00
0.00000000000000e+00
0.00000000000000e+00
0.00000000000000e+00
0.00000000000000e+00
0.00000000000000e+00
0.00000000000000e+00
0.00000000000000e+00
0.00000000000000e+00
0.00000000000000e+00
0.00000000000000e+00
7.06629686234564e-01
0.00000000000000e+00
0.00000000000000e+00
0.00000000000000e+00
3.83574470884926e+00
0.00000000000000e+00
1.62329418366350e+01
0.00000000000000e+00
2.38877334104794e+01
1.65281633957042e+01
0.00000000000000e+00
4.95967554652486e+00
1.61101667788771e+01
0.00000000000000e+00
0.00000000000000e+00
0.00000000000000e+00
0.00000000000000e+00
0.00000000000000e+00
0.00000000000000e+00
0.00000000000000e+00
2.00173193691169e+01
1.22159416783707e+01
1.08331012615980e+01
5.02308838111352e+00
7.79752955336673e+00
9.17633404843717e+00
0.00000000000000e+00
1.53882680426092e+01
6.55142619901039e+00
9.00430790947758e+00
8.60409430086256e+00
7.95445681033789e+00
9.77939754620067e+00
0.00000000000000e+00
0.00000000000000e+00
0.00000000000000e+00
0.00000000000000e+00
0.00000000000000e+00
0.00000000000000e+00
0.00000000000000e+00
0.00000000000000e+00
0.00000000000000e+00
2.49587071050997e+01
4.95967554652486e+00
5.72288689989500e+01
1.50302490168333e+01
3.27144023302620e+01
1.16312247683717e+01
7.77778903327233e+00
5.64229116381165e+01
2.00157558061272e+00
9.46071735741121e+00
2.21630523232249e+01
2.89169436390572e+00
1.04097065808925e+01
2.49918730828756e+01
5.64370063605098e+01
4.94191773241256e+01
0.00000000000000e+00
1.90932029971414e+01
2.62610608851223e+01
1.35770460665693e+01
1.33091012901445e+01
2.31118734359203e+01
6.08935880071932e+00
1.24160636378425e+01
4.27998394857945e+01
0.00000000000000e+00
6.14895519197192e+01
2.01174158017344e+01
1.06108533607750e+01
5.96716144535033e+01
4.36590559738250e+01
2.02190322346223e+01
2.10648608061787e+01
2.19378802602736e+01
1.50927967751953e+01
1.66181480196900e+01
0.00000000000000e+00
0.00000000000000e+00
0.00000000000000e+00
0.00000000000000e+00
4.14404902920627e+01
2.21603433789665e+01
0.00000000000000e+00
0.00000000000000e+00
4.77955227047813e+01
3.18992653548353e+01
0.00000000000000e+00
0.00000000000000e+00
4.59036302155260e+01
2.30439209024834e+01
0.00000000000000e+00
0.00000000000000e+00
0.00000000000000e+00
0.00000000000000e+00
4.19871477389030e+01
2.47840320206087e+01
0.00000000000000e+00
0.00000000000000e+00
0.00000000000000e+00
0.00000000000000e+00
0.00000000000000e+00
5.97175896203708e+00
0.00000000000000e+00
5.87807432128828e+01
6.27167639036176e+01
0.00000000000000e+00
0.00000000000000e+00
0.00000000000000e+00
0.00000000000000e+00
3.28606759788758e+01
5.64632880169483e+01
0.00000000000000e+00
0.00000000000000e+00
1.75809303885289e+01
7.56899749785033e+01
0.00000000000000e+00
0.00000000000000e+00
5.07475941092176e+01
4.27625608016301e+01
3.86813788625915e+01
5.15469698394993e+01
4.33038112442762e+01
1.06028523247678e+02
1.91862433766667e+01
2.05906353747102e+01
0.00000000000000e+00
7.62871635215348e+01
2.46491173979396e+01
1.92837822603897e+01
0.00000000000000e+00
0.00000000000000e+00
0.00000000000000e+00
0.00000000000000e+00
3.88161495756530e+01
6.22388388787719e+01
0.00000000000000e+00
3.06917290024239e+01
0.00000000000000e+00
3.80310087614460e+01
0.00000000000000e+00
0.00000000000000e+00
2.32450320022638e+01
0.00000000000000e+00
1.64327449319597e+01
0.00000000000000e+00
0.00000000000000e+00
4.95186033438854e+00
6.52343284600229e+01
0.00000000000000e+00
0.00000000000000e+00
0.00000000000000e+00
0.00000000000000e+00
0.00000000000000e+00
1.54743225843845e+01
1.92551683759452e+01
0.00000000000000e+00
0.00000000000000e+00
0.00000000000000e+00
0.00000000000000e+00
0.00000000000000e+00
0.00000000000000e+00
0.00000000000000e+00
0.00000000000000e+00
0.00000000000000e+00
0.00000000000000e+00
0.00000000000000e+00
0.00000000000000e+00
0.00000000000000e+00
0.00000000000000e+00
0.00000000000000e+00
3.70279225215581e+01
0.00000000000000e+00
0.00000000000000e+00
0.00000000000000e+00
0.00000000000000e+00
0.00000000000000e+00
0.00000000000000e+00
0.00000000000000e+00
0.00000000000000e+00
0.00000000000000e+00
0.00000000000000e+00
0.00000000000000e+00
0.00000000000000e+00
0.00000000000000e+00
0.00000000000000e+00
0.00000000000000e+00
0.00000000000000e+00
2.19759444744058e+01
0.00000000000000e+00
0.00000000000000e+00
0.00000000000000e+00
0.00000000000000e+00
0.00000000000000e+00
0.00000000000000e+00
0.00000000000000e+00
0.00000000000000e+00
0.00000000000000e+00
0.00000000000000e+00
0.00000000000000e+00
0.00000000000000e+00
0.00000000000000e+00
0.00000000000000e+00
0.00000000000000e+00
0.00000000000000e+00
0.00000000000000e+00
0.00000000000000e+00
0.00000000000000e+00
0.00000000000000e+00
0.00000000000000e+00
0.00000000000000e+00
0.00000000000000e+00
0.00000000000000e+00
0.00000000000000e+00
0.00000000000000e+00
0.00000000000000e+00
0.00000000000000e+00
0.00000000000000e+00
0.00000000000000e+00
0.00000000000000e+00
0.00000000000000e+00
0.00000000000000e+00
0.00000000000000e+00
0.00000000000000e+00
0.00000000000000e+00
0.00000000000000e+00
0.00000000000000e+00
0.00000000000000e+00
0.00000000000000e+00
0.00000000000000e+00
0.00000000000000e+00
0.00000000000000e+00
0.00000000000000e+00
0.00000000000000e+00
0.00000000000000e+00
0.00000000000000e+00
0.00000000000000e+00
0.00000000000000e+00
0.00000000000000e+00
0.00000000000000e+00
0.00000000000000e+00
0.00000000000000e+00
0.00000000000000e+00
0.00000000000000e+00
0.00000000000000e+00
0.00000000000000e+00
0.00000000000000e+00
0.00000000000000e+00
0.00000000000000e+00
0.00000000000000e+00
0.00000000000000e+00
0.00000000000000e+00
0.00000000000000e+00
0.00000000000000e+00
0.00000000000000e+00
0.00000000000000e+00
0.00000000000000e+00
0.00000000000000e+00
0.00000000000000e+00
0.00000000000000e+00
0.00000000000000e+00
0.00000000000000e+00
0.00000000000000e+00
0.00000000000000e+00
0.00000000000000e+00
0.00000000000000e+00
0.00000000000000e+00
0.00000000000000e+00
0.00000000000000e+00
0.00000000000000e+00
0.00000000000000e+00
0.00000000000000e+00
0.00000000000000e+00
0.00000000000000e+00
0.00000000000000e+00
0.00000000000000e+00
0.00000000000000e+00
0.00000000000000e+00
0.00000000000000e+00
0.00000000000000e+00
0.00000000000000e+00
0.00000000000000e+00
0.00000000000000e+00
0.00000000000000e+00
0.00000000000000e+00
0.00000000000000e+00
0.00000000000000e+00
0.00000000000000e+00
0.00000000000000e+00
0.00000000000000e+00
0.00000000000000e+00
0.00000000000000e+00
0.00000000000000e+00
0.00000000000000e+00
0.00000000000000e+00
0.00000000000000e+00
0.00000000000000e+00
0.00000000000000e+00
0.00000000000000e+00
0.00000000000000e+00
0.00000000000000e+00
0.00000000000000e+00
0.00000000000000e+00
0.00000000000000e+00
0.00000000000000e+00
0.00000000000000e+00
0.00000000000000e+00
0.00000000000000e+00
0.00000000000000e+00
0.00000000000000e+00
0.00000000000000e+00
0.00000000000000e+00
0.00000000000000e+00
0.00000000000000e+00
0.00000000000000e+00
0.00000000000000e+00
0.00000000000000e+00
0.00000000000000e+00
0.00000000000000e+00
0.00000000000000e+00
0.00000000000000e+00
0.00000000000000e+00
0.00000000000000e+00
0.00000000000000e+00
0.00000000000000e+00
0.00000000000000e+00
0.00000000000000e+00
0.00000000000000e+00
0.00000000000000e+00
0.00000000000000e+00
0.00000000000000e+00
0.00000000000000e+00
0.00000000000000e+00
0.00000000000000e+00
0.00000000000000e+00
0.00000000000000e+00
0.00000000000000e+00
0.00000000000000e+00
0.00000000000000e+00
0.00000000000000e+00
0.00000000000000e+00
0.00000000000000e+00
0.00000000000000e+00
0.00000000000000e+00
0.00000000000000e+00
0.00000000000000e+00
0.00000000000000e+00
0.00000000000000e+00
0.00000000000000e+00
0.00000000000000e+00
0.00000000000000e+00
0.00000000000000e+00
0.00000000000000e+00
0.00000000000000e+00
0.00000000000000e+00
0.00000000000000e+00
0.00000000000000e+00
0.00000000000000e+00
0.00000000000000e+00
0.00000000000000e+00
0.00000000000000e+00
0.00000000000000e+00
0.00000000000000e+00
0.00000000000000e+00
0.00000000000000e+00
0.00000000000000e+00
0.00000000000000e+00
0.00000000000000e+00
0.00000000000000e+00
0.00000000000000e+00
0.00000000000000e+00
0.00000000000000e+00
0.00000000000000e+00
0.00000000000000e+00
0.00000000000000e+00
0.00000000000000e+00
0.00000000000000e+00
0.00000000000000e+00
0.00000000000000e+00
0.00000000000000e+00
0.00000000000000e+00
0.00000000000000e+00
0.00000000000000e+00
0.00000000000000e+00
0.00000000000000e+00
0.00000000000000e+00
0.00000000000000e+00
0.00000000000000e+00
0.00000000000000e+00
0.00000000000000e+00
0.00000000000000e+00
0.00000000000000e+00
0.00000000000000e+00
0.00000000000000e+00
0.00000000000000e+00
0.00000000000000e+00
0.00000000000000e+00
0.00000000000000e+00
0.00000000000000e+00
0.00000000000000e+00
0.00000000000000e+00
0.00000000000000e+00
0.00000000000000e+00
0.00000000000000e+00
0.00000000000000e+00
0.00000000000000e+00
0.00000000000000e+00
0.00000000000000e+00
0.00000000000000e+00
0.00000000000000e+00
0.00000000000000e+00
0.00000000000000e+00
0.00000000000000e+00
0.00000000000000e+00
0.00000000000000e+00
0.00000000000000e+00
0.00000000000000e+00
0.00000000000000e+00
0.00000000000000e+00
0.00000000000000e+00
0.00000000000000e+00
0.00000000000000e+00
0.00000000000000e+00
0.00000000000000e+00
0.00000000000000e+00
0.00000000000000e+00
0.00000000000000e+00
0.00000000000000e+00
0.00000000000000e+00
0.00000000000000e+00
0.00000000000000e+00
0.00000000000000e+00
0.00000000000000e+00
0.00000000000000e+00
0.00000000000000e+00
0.00000000000000e+00
0.00000000000000e+00
0.00000000000000e+00
0.00000000000000e+00
