0.00000000000000e+00
0.00000000000000e+00
1.07910557652238e+00
0.00000000000000e+00
2.94605024420451e+00
1.06704399962219e+00
1.45870269787956e+01
6.27210926827708e-01
0.00000000000000e+00
3.29526909007556e-01
0.00000000000000e+00
0.00000000000000e+00
0.00000000000000e+00
3.01509466393047e+00
0.00000000000000e+00
0.00000000000000e+00
0.00000000000000e+00
0.00000000000000e+00
2.82953716578140e+00
3.90595857065603e+00
9.81835016690690e-01
1.26172673331245e+00
0.00000000000000e+00
0.00000000000000e+00
7.36376262518014e-01
0.00000000000000e+00
2.26494467892747e+00
7.50149985002999e-01
1.52410629550566e+00
0.00000000000000e+00
0.00000000000000e+00
0.00000000000000e+00
0.00000000000000e+00
0.00000000000000e+00
7.55454753495086e-01
2.03214172734089e+00
9.81835016690690e-01
6.98232760490356e-01
0.00000000000000e+00
1.12881896216594e+00
5.04761421890238e+00
0.00000000000000e+00
0.00000000000000e+00
2.90520079940004e+00
1.53031168971167e+00
0.00000000000000e+00
1.00019998000400e+00
1.85771824587547e+00
7.40380070866090e+00
1.49709823915046e+00
0.00000000000000e+00
1.20958979901731e+00
0.00000000000000e+00
7.36376262518014e-01
6.18764349400160e-01
8.39478133094885e+00
0.00000000000000e+00
1.00019998000399e+00
7.50149985003013e-01
0.00000000000000e+00
9.41488183675202e-01
0.00000000000000e+00
6.77661419884602e-01
0.00000000000000e+00
7.50149985002984e-01
0.00000000000000e+00
0.00000000000000e+00
1.80709711969220e+00
1.88717423443354e+01
5.85554573124489e-01
0.00000000000000e+00
2.52038633108560e+00
0.00000000000000e+00
0.00000000000000e+00
0.00000000000000e+00
0.00000000000000e+00
0.00000000000000e+00
2.19275210856897e+00
1.25602547744861e+00
3.95695804281471e+00
0.00000000000000e+00
4.05506896138533e+00
0.00000000000000e+00
0.00000000000000e+00
0.00000000000000e+00
0.00000000000000e+00
0.00000000000000e+00
0.00000000000000e+00
0.00000000000000e+00
2.81639108287912e-01
2.62389855662522e+00
0.00000000000000e+00
0.00000000000000e+00
0.00000000000000e+00
0.00000000000000e+00
0.00000000000000e+00
0.00000000000000e+00
1.23061875214747e+01
8.49264297677415e-01
0.00000000000000e+00
0.00000000000000e+00
0.00000000000000e+00
0.00000000000000e+00
2.19275210856897e+00
0.00000000000000e+00
0.00000000000000e+00
1.02652587798886e+00
0.00000000000000e+00
1.38230062064420e+01
0.00000000000000e+00
0.00000000000000e+00
8.90051789793013e-01
0.00000000000000e+00
0.00000000000000e+00
0.00000000000000e+00
1.76530034755306e+00
4.77176610993709e+00
1.71360753232229e+01
1.85500930641561e+00
0.00000000000000e+00
0.00000000000000e+00
7.97151137536826e-01
8.04563550847555e-01
2.51793566240283e-01
2.51793566240283e-01
6.83840354943847e-01
0.00000000000000e+00
4.50113577128748e+00
1.01980390271856e+00
5.46257170718755e-01
2.10378267932520e+00
7.50149985002999e-01
0.00000000000000e+00
2.28941966164613e+00
1.23485257122146e+00
2.09661548041217e+00
0.00000000000000e+00
0.00000000000000e+00
6.77661419884602e-01
2.38925351307523e+00
0.00000000000000e+00
1.50935250408266e+00
3.96885641237477e+00
0.00000000000000e+00
0.00000000000000e+00
3.49631552369627e+00
0.00000000000000e+00
2.41069962349770e+00
0.00000000000000e+00
3.55287852249090e-01
5.76889334723136e-01
0.00000000000000e+00
9.80204060387446e-01
9.42019108086455e-01
1.66753164902207e+00
0.00000000000000e+00
0.00000000000000e+00
0.00000000000000e+00
1.00019998000400e+00
1.52970585407783e+00
0.00000000000000e+00
0.00000000000000e+00
0.00000000000000e+00
7.51348787182092e-01
0.00000000000000e+00
0.00000000000000e+00
4.75568170732812e+00
9.02799368238072e-01
0.00000000000000e+00
5.72822134050178e+00
0.00000000000000e+00
1.00179838290946e+00
7.35153045290556e-01
2.81639108287912e-01
0.00000000000000e+00
4.54280286160887e-01
0.00000000000000e+00
0.00000000000000e+00
2.67021754527955e+00
2.23070500199337e+01
6.87803198361649e+00
1.19782958661580e+00
0.00000000000000e+00
0.00000000000000e+00
1.20958979901731e+00
2.98354094199137e+00
0.00000000000000e+00
0.00000000000000e+00
2.00159936051149e+00
0.00000000000000e+00
8.06586041278939e-01
9.42019108086455e-01
0.00000000000000e+00
2.75586110973131e+00
0.00000000000000e+00
0.00000000000000e+00
0.00000000000000e+00
0.00000000000000e+00
0.00000000000000e+00
9.41488183675202e-01
0.00000000000000e+00
0.00000000000000e+00
0.00000000000000e+00
7.06116137756387e-01
1.52085502267641e+00
0.00000000000000e+00
0.00000000000000e+00
0.00000000000000e+00
0.00000000000000e+00
0.00000000000000e+00
0.00000000000000e+00
0.00000000000000e+00
1.79666447097484e+00
8.46973675698797e-01
0.00000000000000e+00
9.80204060387446e-01
2.31710265693795e+00
1.50748134316813e+00
0.00000000000000e+00
2.19194217960179e+00
0.00000000000000e+00
0.00000000000000e+00
3.15398483920184e+00
1.09054833321845e+00
2.71541583248372e+00
0.00000000000000e+00
0.00000000000000e+00
1.32517899530255e+01
0.00000000000000e+00
0.00000000000000e+00
0.00000000000000e+00
6.80551038687601e-01
7.35153045290556e-01
0.00000000000000e+00
7.06116137756387e-01
0.00000000000000e+00
1.98595065396906e+00
0.00000000000000e+00
2.96195881132745e+00
1.48946299047674e+00
0.00000000000000e+00
1.48946299047680e+00
1.33570455812749e+00
8.65599835120889e-01
0.00000000000000e+00
0.00000000000000e+00
0.00000000000000e+00
0.00000000000000e+00
2.45823728741283e+00
2.71243090102160e-01
7.64852927038917e-01
0.00000000000000e+00
0.00000000000000e+00
1.70479846535877e+00
0.00000000000000e+00
9.32205052285225e-01
3.68792598005317e+00
4.67317928715794e+00
0.00000000000000e+00
0.00000000000000e+00
0.00000000000000e+00
1.03559927788270e+00
1.72832071785294e+01
0.00000000000000e+00
7.64852927038917e-01
0.00000000000000e+00
6.07880421781049e+00
0.00000000000000e+00
0.00000000000000e+00
0.00000000000000e+00
0.00000000000000e+00
0.00000000000000e+00
1.12377802412521e+00
1.82314412027036e+00
0.00000000000000e+00
0.00000000000000e+00
0.00000000000000e+00
9.30591209930563e-01
0.00000000000000e+00
6.97943407447908e-01
2.38676139309370e+00
0.00000000000000e+00
6.97943407447908e-01
0.00000000000000e+00
0.00000000000000e+00
0.00000000000000e+00
0.00000000000000e+00
0.00000000000000e+00
0.00000000000000e+00
0.00000000000000e+00
0.00000000000000e+00
2.67795191860537e+00
9.30591209930563e-01
1.56840437122655e+01
0.00000000000000e+00
1.55368366874531e+00
0.00000000000000e+00
0.00000000000000e+00
3.42827856622725e+00
3.35724754987040e-01
0.00000000000000e+00
0.00000000000000e+00
7.56101736987505e+00
0.00000000000000e+00
0.00000000000000e+00
8.87966535525836e-01
1.98595065396900e+00
0.00000000000000e+00
0.00000000000000e+00
0.00000000000000e+00
0.00000000000000e+00
1.48351468460507e+00
0.00000000000000e+00
3.42481461881239e+00
8.67204997090319e-01
2.00997512422418e+00
2.07391134098885e+00
0.00000000000000e+00
9.03548559846099e-01
2.88765863034115e+00
1.52085502267636e+00
0.00000000000000e+00
0.00000000000000e+00
0.00000000000000e+00
0.00000000000000e+00
0.00000000000000e+00
5.82690508927870e+00
0.00000000000000e+00
0.00000000000000e+00
8.26031469494234e-01
0.00000000000000e+00
1.13496115756496e+00
0.00000000000000e+00
0.00000000000000e+00
7.35153045290556e-01
0.00000000000000e+00
0.00000000000000e+00
2.89934861306027e+00
1.66431199739014e+00
0.00000000000000e+00
1.62688930783178e+01
0.00000000000000e+00
0.00000000000000e+00
0.00000000000000e+00
0.00000000000000e+00
7.86745079866344e-01
0.00000000000000e+00
0.00000000000000e+00
1.54094536634986e+00
0.00000000000000e+00
0.00000000000000e+00
0.00000000000000e+00
0.00000000000000e+00
0.00000000000000e+00
7.38282307568405e+00
0.00000000000000e+00
4.51887578459523e-01
0.00000000000000e+00
0.00000000000000e+00
1.59109595344542e+00
4.55659232626751e+00
0.00000000000000e+00
0.00000000000000e+00
0.00000000000000e+00
1.50748134316813e+00
0.00000000000000e+00
9.18284642992126e-01
0.00000000000000e+00
0.00000000000000e+00
0.00000000000000e+00
0.00000000000000e+00
0.00000000000000e+00
7.48540519503193e+00
0.00000000000000e+00
0.00000000000000e+00
2.03960780543711e+00
2.02780669690185e+00
0.00000000000000e+00
0.00000000000000e+00
4.80580001938041e-01
0.00000000000000e+00
0.00000000000000e+00
5.86558485556689e-01
0.00000000000000e+00
1.04847792254635e+00
1.49647400191400e+00
0.00000000000000e+00
0.00000000000000e+00
0.00000000000000e+00
6.70139509290405e-01
0.00000000000000e+00
0.00000000000000e+00
0.00000000000000e+00
0.00000000000000e+00
0.00000000000000e+00
0.00000000000000e+00
0.00000000000000e+00
1.55798052303335e+00
0.00000000000000e+00
0.00000000000000e+00
9.72418673669623e-01
1.07394608446461e+00
6.34968618764388e-01
2.23636315080133e+00
0.00000000000000e+00
2.44496448665309e+00
4.67675452621948e-01
0.00000000000000e+00
0.00000000000000e+00
0.00000000000000e+00
0.00000000000000e+00
1.27723700839557e+00
0.00000000000000e+00
0.00000000000000e+00
2.74475745455359e+00
0.00000000000000e+00
4.75766897041686e+00
5.60498840019779e-01
0.00000000000000e+00
0.00000000000000e+00
0.00000000000000e+00
5.26795208293841e+00
0.00000000000000e+00
1.50011671622413e+01
0.00000000000000e+00
0.00000000000000e+00
0.00000000000000e+00
0.00000000000000e+00
1.49647400191400e+00
0.00000000000000e+00
0.00000000000000e+00
0.00000000000000e+00
0.00000000000000e+00
0.00000000000000e+00
5.78740639708038e-01
6.99779861056812e-01
0.00000000000000e+00
0.00000000000000e+00
0.00000000000000e+00
0.00000000000000e+00
0.00000000000000e+00
0.00000000000000e+00
1.25602547744861e+00
0.00000000000000e+00
1.23920148985134e+01
2.03868072189190e+00
0.00000000000000e+00
9.71939444600443e+00
0.00000000000000e+00
0.00000000000000e+00
5.34647317581479e+00
0.00000000000000e+00
0.00000000000000e+00
0.00000000000000e+00
0.00000000000000e+00
0.00000000000000e+00
5.02249736195368e-01
0.00000000000000e+00
0.00000000000000e+00
0.00000000000000e+00
0.00000000000000e+00
5.48559559728907e+00
5.42930251269458e+00
1.48111774635832e+00
0.00000000000000e+00
1.67880824491912e+00
0.00000000000000e+00
1.55904452608680e+00
0.00000000000000e+00
0.00000000000000e+00
2.07259735952783e+00
2.61328488213502e+00
0.00000000000000e+00
0.00000000000000e+00
4.63711386207679e-01
0.00000000000000e+00
0.00000000000000e+00
0.00000000000000e+00
3.20566569994587e+00
0.00000000000000e+00
0.00000000000000e+00
0.00000000000000e+00
1.44785136308549e+01
0.00000000000000e+00
1.74327383055765e+00
0.00000000000000e+00
0.00000000000000e+00
2.73290367679516e-01
2.88153024805952e-01
0.00000000000000e+00
0.00000000000000e+00
0.00000000000000e+00
8.71137330961051e-01
0.00000000000000e+00
0.00000000000000e+00
3.12557996820048e+00
9.88820960162970e-01
1.14006415767357e+00
0.00000000000000e+00
1.00019998000402e+00
0.00000000000000e+00
0.00000000000000e+00
0.00000000000000e+00
0.00000000000000e+00
0.00000000000000e+00
3.26698800552345e-01
0.00000000000000e+00
1.32197912716107e+01
0.00000000000000e+00
0.00000000000000e+00
0.00000000000000e+00
0.00000000000000e+00
0.00000000000000e+00
5.35865329959030e+00
2.38791071374401e+00
0.00000000000000e+00
2.93492241907388e+01
0.00000000000000e+00
1.47918203239228e+00
0.00000000000000e+00
7.88462271285305e+00
6.96380725715870e+00
9.63554281950409e+00
1.11743944126553e+00
1.03373187039555e+00
0.00000000000000e+00
0.00000000000000e+00
6.86744372902353e+00
6.80995339218709e-01
0.00000000000000e+00
1.20982049769569e+00
0.00000000000000e+00
0.00000000000000e+00
5.55635857155190e+00
0.00000000000000e+00
1.05440434973889e+00
0.00000000000000e+00
0.00000000000000e+00
0.00000000000000e+00
5.34502950446310e+00
4.80580001938041e-01
2.44194075298589e+00
0.00000000000000e+00
8.17131567643577e+00
0.00000000000000e+00
0.00000000000000e+00
1.10421870987691e+00
1.76752373381679e+01
1.21398692368238e+01
0.00000000000000e+00
5.52070773180742e+00
1.10399500109559e+00
5.43756870291408e+00
2.61866252480738e+00
1.22539102558143e+00
0.00000000000000e+00
2.10378267932520e+00
7.71727571311737e+00
0.00000000000000e+00
0.00000000000000e+00
1.50518525381571e+00
1.69355290299176e+00
0.00000000000000e+00
0.00000000000000e+00
8.95970383612650e+00
0.00000000000000e+00
0.00000000000000e+00
0.00000000000000e+00
9.88820960162970e-01
0.00000000000000e+00
0.00000000000000e+00
1.90997017892195e+00
8.70594690464150e-01
4.22719635642017e+00
7.54080398897153e-01
7.31795161152875e-01
3.76258343452498e-01
1.07767178931984e+00
1.42921606715234e+00
7.15600074321804e+00
0.00000000000000e+00
0.00000000000000e+00
2.47767532025754e+00
1.63394357907131e+00
0.00000000000000e+00
7.33901841292220e+00
2.88885618162176e+00
0.00000000000000e+00
0.00000000000000e+00
0.00000000000000e+00
3.40549308657234e+00
4.08583709002956e+00
9.93942594351379e-01
9.56438559489351e-01
0.00000000000000e+00
1.05187305214743e+01
0.00000000000000e+00
0.00000000000000e+00
0.00000000000000e+00
0.00000000000000e+00
1.24037674411578e+00
0.00000000000000e+00
0.00000000000000e+00
0.00000000000000e+00
9.85359554893867e-01
5.93275927970391e-01
0.00000000000000e+00
7.86053100950363e-01
4.11875050456091e+00
1.01875795229901e+01
4.48137948620028e+00
4.43320778430140e+00
5.54233557791176e+00
0.00000000000000e+00
0.00000000000000e+00
9.55588586301333e-01
1.77903199586942e+00
5.40539707390684e+00
4.49832987079239e+00
0.00000000000000e+00
0.00000000000000e+00
8.20610855484561e+00
1.10738770958500e+00
2.92310952757084e+00
7.38501528138287e+00
0.00000000000000e+00
0.00000000000000e+00
0.00000000000000e+00
0.00000000000000e+00
4.86324505230750e+00
9.19559144296774e+00
0.00000000000000e+00
0.00000000000000e+00
5.31442617474289e+00
0.00000000000000e+00
0.00000000000000e+00
5.48854136438925e+00
2.16089014657964e+00
1.43192811261947e+00
0.00000000000000e+00
9.91968032873354e+00
0.00000000000000e+00
0.00000000000000e+00
0.00000000000000e+00
1.61823414820399e+00
0.00000000000000e+00
8.87747490496034e-01
3.87130270804694e+00
0.00000000000000e+00
0.00000000000000e+00
4.34311204457373e-01
0.00000000000000e+00
0.00000000000000e+00
0.00000000000000e+00
5.40903645001878e-01
2.15192106944313e+00
0.00000000000000e+00
0.00000000000000e+00
0.00000000000000e+00
6.94948770919577e-01
6.60548761033240e+00
3.46204335227085e+00
1.72158940708083e+01
0.00000000000000e+00
1.26210850500438e+00
8.50990447039857e+00
2.75555463953463e+01
0.00000000000000e+00
0.00000000000000e+00
5.49353812216560e+00
0.00000000000000e+00
0.00000000000000e+00
0.00000000000000e+00
0.00000000000000e+00
4.00508592175138e+00
1.41579900567520e+00
0.00000000000000e+00
3.17179461132032e+00
2.33684467199201e+00
0.00000000000000e+00
9.91890889703050e-01
0.00000000000000e+00
1.43216264343388e+01
1.02798150090091e+00
8.49618287096015e+00
0.00000000000000e+00
3.18297827169991e+00
0.00000000000000e+00
0.00000000000000e+00
0.00000000000000e+00
0.00000000000000e+00
1.05570827980357e+00
0.00000000000000e+00
7.35395228582029e-01
0.00000000000000e+00
9.57585640681819e-01
2.63388320217531e+00
0.00000000000000e+00
0.00000000000000e+00
7.45615114038730e-01
3.11707743132420e-01
4.59864273704283e+00
0.00000000000000e+00
0.00000000000000e+00
0.00000000000000e+00
4.06922444951176e-01
0.00000000000000e+00
0.00000000000000e+00
0.00000000000000e+00
0.00000000000000e+00
0.00000000000000e+00
0.00000000000000e+00
2.08865950182889e+00
0.00000000000000e+00
0.00000000000000e+00
0.00000000000000e+00
0.00000000000000e+00
0.00000000000000e+00
0.00000000000000e+00
0.00000000000000e+00
7.66127640772549e+00
4.24290837151923e+00
2.11696793303657e+00
0.00000000000000e+00
3.47528432184294e+00
2.97987569614191e+00
0.00000000000000e+00
2.30463971376979e+00
0.00000000000000e+00
0.00000000000000e+00
0.00000000000000e+00
0.00000000000000e+00
3.31269043372975e+00
6.37728921378652e+00
2.15424419177708e+00
0.00000000000000e+00
1.46725047900727e+01
6.24137344262426e+00
2.37838703265981e+00
7.18740965003660e+00
2.07330340871529e+01
1.68415814283664e+00
6.84600128982849e+00
7.84949170562660e-01
4.68461917029585e+00
1.55904452608680e+00
5.21340033654257e+00
2.46428504113379e+00
2.49823427396259e+00
8.94067546312164e+00
0.00000000000000e+00
0.00000000000000e+00
0.00000000000000e+00
0.00000000000000e+00
0.00000000000000e+00
2.51799051459073e+00
0.00000000000000e+00
6.63736530966810e-01
2.58658696510349e+00
7.63890565284182e+00
0.00000000000000e+00
7.33886656047183e-01
4.51347588398417e+00
0.00000000000000e+00
0.00000000000000e+00
0.00000000000000e+00
0.00000000000000e+00
0.00000000000000e+00
0.00000000000000e+00
0.00000000000000e+00
0.00000000000000e+00
5.10548456675679e+00
1.61823414820399e+00
0.00000000000000e+00
4.32433813844336e+00
0.00000000000000e+00
0.00000000000000e+00
0.00000000000000e+00
0.00000000000000e+00
0.00000000000000e+00
0.00000000000000e+00
0.00000000000000e+00
0.00000000000000e+00
9.64550509171564e-01
0.00000000000000e+00
0.00000000000000e+00
6.71672931405516e+00
0.00000000000000e+00
0.00000000000000e+00
0.00000000000000e+00
1.58134713039788e+01
2.21822068502025e+01
1.60005784868580e+01
2.12072031825682e+01
0.00000000000000e+00
4.99679926599552e+00
0.00000000000000e+00
0.00000000000000e+00
5.21992607936100e+00
0.00000000000000e+00
0.00000000000000e+00
8.65503791642035e+00
3.93627650441860e+00
5.22935550688894e+00
5.68270628963852e+00
1.04047366237024e+01
1.21303909912736e+01
1.45625081390635e+00
2.94536641111566e+00
5.18055257649622e+00
9.77306437416619e+00
2.20731466604343e+01
2.24525009934689e+00
0.00000000000000e+00
0.00000000000000e+00
0.00000000000000e+00
8.31766374224802e+00
9.39227953337214e-01
2.12878604896934e+00
0.00000000000000e+00
0.00000000000000e+00
0.00000000000000e+00
8.04973604228989e-01
3.93734860524776e+00
6.49298297609391e+00
1.53757141639406e+01
3.66125897165086e+00
1.07364821473067e+00
0.00000000000000e+00
0.00000000000000e+00
2.86794074992752e+01
5.79011796161761e+00
3.91029690077291e+00
0.00000000000000e+00
1.02205371039824e+00
8.90301172299715e-01
2.95854315269230e+00
5.63024225952529e-01
2.93531571652572e+00
0.00000000000000e+00
0.00000000000000e+00
0.00000000000000e+00
6.57224375611103e+00
1.51154480362232e+00
0.00000000000000e+00
0.00000000000000e+00
2.82231048640875e+00
2.77575785236935e+00
3.91439020741665e+00
2.64176210600324e+00
6.37333108519884e+00
0.00000000000000e+00
0.00000000000000e+00
0.00000000000000e+00
0.00000000000000e+00
0.00000000000000e+00
0.00000000000000e+00
0.00000000000000e+00
0.00000000000000e+00
0.00000000000000e+00
1.27108887961559e+00
0.00000000000000e+00
0.00000000000000e+00
2.43664100305147e+01
1.27108887961559e+00
1.38919497111326e+01
3.67754536614813e+00
0.00000000000000e+00
1.90672795317938e+01
6.37666597309596e+00
8.86720194327612e-01
0.00000000000000e+00
3.43535376772074e+01
1.04756850692646e+01
4.51192234124131e+00
7.84949170562660e-01
0.00000000000000e+00
0.00000000000000e+00
1.62067631143909e+01
1.07149886421151e+01
1.66462857869522e+01
1.22971057135693e+01
2.85637924117478e+01
1.09218671559259e+00
0.00000000000000e+00
1.11763865228793e+00
1.48095732390629e+00
4.43320778430140e+00
8.37264605924130e+00
0.00000000000000e+00
0.00000000000000e+00
0.00000000000000e+00
3.01800202158794e+01
2.98044615571426e+00
6.70126049727852e+00
1.56534079929147e+00
4.37164100506140e+00
3.22338132168051e+00
5.85391206568760e-01
3.35172710884166e+01
6.94976292743370e+00
2.44561285479404e+00
2.73731092377172e+00
0.00000000000000e+00
0.00000000000000e+00
5.97044030487383e+00
0.00000000000000e+00
1.10566157957239e+01
3.35117265110121e+00
6.99738508101924e+00
3.94073655599576e+00
7.41026232645411e+00
0.00000000000000e+00
9.57895761085350e+00
1.58442976925348e+01
1.27341495175639e+01
4.15254645457442e+00
0.00000000000000e+00
0.00000000000000e+00
1.25102849696755e+01
1.46698480474182e+01
1.96035609532662e+01
1.20345919503225e+01
1.04933908172391e+01
1.88464759402096e+01
5.71499094186231e+00
4.15798042400401e+00
0.00000000000000e+00
2.06149519790286e+01
2.62507624604687e+01
3.35681857140733e+00
3.80217042504587e+00
1.55093945859639e+01
7.24631517136754e+00
1.30481668949333e+01
4.63766497447957e+00
9.83002981055590e-01
5.71742529125792e+00
1.96184322826618e+00
9.87560000020008e+00
3.17034656850842e+00
5.88602758409761e+00
0.00000000000000e+00
2.47668188171651e+00
2.68074574136430e+00
6.19582055543043e+00
2.91840710411567e+00
2.10537912126115e+00
4.15254645457442e+00
0.00000000000000e+00
7.63890565284182e+00
1.90044005549725e+01
0.00000000000000e+00
0.00000000000000e+00
0.00000000000000e+00
1.01826645648960e+01
0.00000000000000e+00
1.25870711796565e+01
0.00000000000000e+00
6.92213706182206e+00
0.00000000000000e+00
0.00000000000000e+00
0.00000000000000e+00
0.00000000000000e+00
0.00000000000000e+00
2.94337655413700e+00
3.67749195893078e+00
0.00000000000000e+00
0.00000000000000e+00
7.45246276506678e+00
1.57550865292809e+01
8.36371471088087e+00
6.41950811913292e+00
2.82914913415800e+01
6.81753030109719e+00
8.57709793705984e+00
1.17843546863261e+01
5.11566762725464e+00
3.44272042927451e+01
2.86905305039346e+00
1.47555402349403e+01
1.38775151771070e+01
4.38483279380544e+00
0.00000000000000e+00
0.00000000000000e+00
1.06091722863838e+01
9.14311398171501e+00
1.01387615085754e+00
7.76355037683297e+00
2.08625553661315e+00
1.39034463806228e+01
0.00000000000000e+00
0.00000000000000e+00
0.00000000000000e+00
0.00000000000000e+00
2.86790071130905e+01
9.32950131371954e+00
1.14032668696636e+01
6.92213706182206e+00
0.00000000000000e+00
0.00000000000000e+00
3.22557491563296e+01
2.01376904178699e+00
1.92707186198735e+01
5.51510055664567e+01
0.00000000000000e+00
0.00000000000000e+00
0.00000000000000e+00
3.54754506665687e+01
0.00000000000000e+00
0.00000000000000e+00
0.00000000000000e+00
0.00000000000000e+00
0.00000000000000e+00
0.00000000000000e+00
0.00000000000000e+00
0.00000000000000e+00
9.61391891850229e+00
8.49126588262217e+00
1.92871228799481e+01
1.00483203486866e+01
1.75693499599484e+01
3.26154943438354e+00
0.00000000000000e+00
4.78172427559245e+00
9.15198403618295e+00
5.11563825943968e+00
0.00000000000000e+00
9.76086369368430e+00
3.41406677843133e+00
2.37462613426375e+01
4.14125841818551e+01
1.19693730066258e+01
1.35795151897548e+01
2.48001859885028e+01
2.77882119018891e+01
1.40346861286481e+01
1.05503425177153e+01
5.04448238556394e+01
1.79438922472421e+01
4.77541017549082e+01
3.60261895770718e+00
5.75939785162012e+01
2.84960443172670e+01
2.20458362099341e+01
0.00000000000000e+00
0.00000000000000e+00
0.00000000000000e+00
0.00000000000000e+00
4.90292144454415e+00
1.25870711796565e+01
2.58241773051632e+00
6.69033434522931e+00
0.00000000000000e+00
0.00000000000000e+00
3.62385136166669e+00
2.77202690953555e+01
7.92345085643450e+00
3.95683368326930e+01
0.00000000000000e+00
0.00000000000000e+00
5.92213382253532e+00
5.33465375342353e+00
2.26872436705230e+01
4.83789464153485e+00
0.00000000000000e+00
0.00000000000000e+00
0.00000000000000e+00
0.00000000000000e+00
0.00000000000000e+00
0.00000000000000e+00
8.61818196757365e+00
9.96819523888916e+00
0.00000000000000e+00
0.00000000000000e+00
1.02028542214873e+01
2.74106704936669e+00
0.00000000000000e+00
0.00000000000000e+00
3.73907491064768e+00
2.78989798872075e+00
4.90211599223794e+00
1.80649484626288e+01
2.87185025838697e+00
4.62312828813390e+00
1.85505559571294e+01
3.32265116075621e+01
4.08981713094349e+01
5.00121200383962e+01
1.73025803968864e+01
0.00000000000000e+00
2.61837184172329e+01
3.82929802196215e+01
0.00000000000000e+00
0.00000000000000e+00
0.00000000000000e+00
1.07054732357298e+01
5.03771076358256e+00
2.97601301807544e+01
7.39117061821820e+01
2.39283323018412e+01
1.18439266682363e+01
1.90044005549725e+01
0.00000000000000e+00
0.00000000000000e+00
2.61331746163868e+01
1.15520808558611e+01
1.36660650042074e+01
3.21670479189784e+01
3.19024371887831e+01
0.00000000000000e+00
2.19507621406421e+01
4.16188766625968e+00
8.03568107079431e+00
3.67001679983175e+01
3.08230303763440e+01
2.30046008318940e+01
0.00000000000000e+00
0.00000000000000e+00
0.00000000000000e+00
0.00000000000000e+00
0.00000000000000e+00
2.41998915723917e+01
1.97787778412097e+01
2.30412617776796e+01
2.84852227600085e+01
0.00000000000000e+00
1.30743026014804e+01
4.75521176618240e+01
2.28776681935428e+01
0.00000000000000e+00
5.17868574521047e+00
5.38657365314926e+00
0.00000000000000e+00
0.00000000000000e+00
0.00000000000000e+00
0.00000000000000e+00
0.00000000000000e+00
0.00000000000000e+00
0.00000000000000e+00
2.27395050325781e+01
0.00000000000000e+00
0.00000000000000e+00
4.12789624094361e+01
0.00000000000000e+00
0.00000000000000e+00
0.00000000000000e+00
0.00000000000000e+00
0.00000000000000e+00
0.00000000000000e+00
1.00390813303884e+01
0.00000000000000e+00
1.09548849301105e+01
0.00000000000000e+00
2.99199187207228e+01
2.17790508389548e+01
0.00000000000000e+00
0.00000000000000e+00
1.00140252352571e+01
1.37295975486497e+01
0.00000000000000e+00
0.00000000000000e+00
1.71508860532283e+01
0.00000000000000e+00
1.44057848745011e+01
0.00000000000000e+00
2.71409179235217e+01
0.00000000000000e+00
2.12877705961735e+01
0.00000000000000e+00
0.00000000000000e+00
0.00000000000000e+00
0.00000000000000e+00
0.00000000000000e+00
0.00000000000000e+00
0.00000000000000e+00
0.00000000000000e+00
0.00000000000000e+00
5.75935751899500e+00
0.00000000000000e+00
0.00000000000000e+00
0.00000000000000e+00
0.00000000000000e+00
0.00000000000000e+00
2.96299720739532e+00
0.00000000000000e+00
0.00000000000000e+00
0.00000000000000e+00
0.00000000000000e+00
0.00000000000000e+00
4.11761046892384e+01
0.00000000000000e+00
0.00000000000000e+00
3.25215941823293e+01
0.00000000000000e+00
0.00000000000000e+00
0.00000000000000e+00
2.42860127972662e+01
0.00000000000000e+00
0.00000000000000e+00
0.00000000000000e+00
0.00000000000000e+00
0.00000000000000e+00
0.00000000000000e+00
0.00000000000000e+00
0.00000000000000e+00
0.00000000000000e+00
0.00000000000000e+00
0.00000000000000e+00
0.00000000000000e+00
0.00000000000000e+00
0.00000000000000e+00
0.00000000000000e+00
0.00000000000000e+00
0.00000000000000e+00
0.00000000000000e+00
0.00000000000000e+00
0.00000000000000e+00
0.00000000000000e+00
0.00000000000000e+00
0.00000000000000e+00
0.00000000000000e+00
0.00000000000000e+00
0.00000000000000e+00
0.00000000000000e+00
0.00000000000000e+00
0.00000000000000e+00
0.00000000000000e+00
0.00000000000000e+00
0.00000000000000e+00
0.00000000000000e+00
0.00000000000000e+00
0.00000000000000e+00
0.00000000000000e+00
1.52286685932202e+01
0.00000000000000e+00
0.00000000000000e+00
0.00000000000000e+00
0.00000000000000e+00
0.00000000000000e+00
0.00000000000000e+00
0.00000000000000e+00
1.75076019877502e+01
3.16381615645243e+01
0.00000000000000e+00
8.82525087247058e+00
4.60820915075529e+00
0.00000000000000e+00
0.00000000000000e+00
8.89979113981538e+00
0.00000000000000e+00
0.00000000000000e+00
0.00000000000000e+00
0.00000000000000e+00
0.00000000000000e+00
0.00000000000000e+00
0.00000000000000e+00
0.00000000000000e+00
0.00000000000000e+00
0.00000000000000e+00
0.00000000000000e+00
0.00000000000000e+00
0.00000000000000e+00
0.00000000000000e+00
0.00000000000000e+00
0.00000000000000e+00
0.00000000000000e+00
1.79805073910495e+01
1.03609133826358e+01
3.00498183406070e+01
0.00000000000000e+00
0.00000000000000e+00
0.00000000000000e+00
0.00000000000000e+00
0.00000000000000e+00
0.00000000000000e+00
0.00000000000000e+00
0.00000000000000e+00
3.28671223061231e+01
3.70216501609256e+00
0.00000000000000e+00
0.00000000000000e+00
0.00000000000000e+00
0.00000000000000e+00
0.00000000000000e+00
0.00000000000000e+00
0.00000000000000e+00
0.00000000000000e+00
0.00000000000000e+00
0.00000000000000e+00
0.00000000000000e+00
0.00000000000000e+00
0.00000000000000e+00
0.00000000000000e+00
0.00000000000000e+00
1.58230579791236e+01
9.25082209084173e+00
1.39162006563163e+01
1.04061565134319e+01
2.00081810552174e+01
1.36857564421167e+01
0.00000000000000e+00
1.26086155436086e+01
0.00000000000000e+00
1.30514064901468e+01
0.00000000000000e+00
2.15640938000515e+01
9.97698504995084e+00
0.00000000000000e+00
4.92394120951919e+01
9.97698504995084e+00
1.46085575952694e+01
4.71966721217137e+01
0.00000000000000e+00
3.03150442789091e+01
2.95702316116495e+00
0.00000000000000e+00
0.00000000000000e+00
0.00000000000000e+00
0.00000000000000e+00
0.00000000000000e+00
1.51125393893966e+01
0.00000000000000e+00
0.00000000000000e+00
0.00000000000000e+00
0.00000000000000e+00
0.00000000000000e+00
0.00000000000000e+00
0.00000000000000e+00
8.22931264655948e+00
2.19845926715717e+01
0.00000000000000e+00
1.39446899541230e+01
0.00000000000000e+00
0.00000000000000e+00
8.82525087247058e+00
2.55957036271787e+01
0.00000000000000e+00
0.00000000000000e+00
0.00000000000000e+00
3.21813029562968e+01
0.00000000000000e+00
0.00000000000000e+00
0.00000000000000e+00
0.00000000000000e+00
0.00000000000000e+00
0.00000000000000e+00
0.00000000000000e+00
0.00000000000000e+00
0.00000000000000e+00
9.15869820076049e+00
0.00000000000000e+00
1.78506719739801e+01
5.59780775564018e+00
1.67990418835570e+00
2.75328627948809e+01
0.00000000000000e+00
0.00000000000000e+00
0.00000000000000e+00
0.00000000000000e+00
0.00000000000000e+00
0.00000000000000e+00
0.00000000000000e+00
0.00000000000000e+00
0.00000000000000e+00
2.82764603093899e+01
0.00000000000000e+00
1.76831619452641e+01
1.48592607964231e+01
0.00000000000000e+00
0.00000000000000e+00
0.00000000000000e+00
0.00000000000000e+00
2.25175785020600e+01
0.00000000000000e+00
0.00000000000000e+00
0.00000000000000e+00
0.00000000000000e+00
0.00000000000000e+00
0.00000000000000e+00
0.00000000000000e+00
0.00000000000000e+00
0.00000000000000e+00
0.00000000000000e+00
1.13099692160226e+01
0.00000000000000e+00
1.12311918000006e+01
0.00000000000000e+00
3.09561265935193e+01
0.00000000000000e+00
0.00000000000000e+00
0.00000000000000e+00
0.00000000000000e+00
0.00000000000000e+00
0.00000000000000e+00
0.00000000000000e+00
0.00000000000000e+00
0.00000000000000e+00
0.00000000000000e+00
0.00000000000000e+00
0.00000000000000e+00
0.00000000000000e+00
0.00000000000000e+00
0.00000000000000e+00
0.00000000000000e+00
0.00000000000000e+00
0.00000000000000e+00
0.00000000000000e+00
0.00000000000000e+00
0.00000000000000e+00
8.82298077059092e+00
0.00000000000000e+00
0.00000000000000e+00
0.00000000000000e+00
4.98338347776187e+00
0.00000000000000e+00
0.00000000000000e+00
0.00000000000000e+00
4.44428276552429e+01
3.32980743963787e+01
0.00000000000000e+00
0.00000000000000e+00
8.48178599732823e+01
0.00000000000000e+00
0.00000000000000e+00
0.00000000000000e+00
0.00000000000000e+00
0.00000000000000e+00
0.00000000000000e+00
0.00000000000000e+00
0.00000000000000e+00
0.00000000000000e+00
0.00000000000000e+00
0.00000000000000e+00
0.00000000000000e+00
0.00000000000000e+00
0.00000000000000e+00
0.00000000000000e+00
1.13099692160226e+01
0.00000000000000e+00
0.00000000000000e+00
8.89979113981538e+00
0.00000000000000e+00
0.00000000000000e+00
0.00000000000000e+00
0.00000000000000e+00
0.00000000000000e+00
0.00000000000000e+00
0.00000000000000e+00
2.79741862679661e+01
0.00000000000000e+00
0.00000000000000e+00
1.36771149979528e+01
2.16233071912135e+00
0.00000000000000e+00
0.00000000000000e+00
1.66283848938394e+01
3.26956094262277e+01
0.00000000000000e+00
0.00000000000000e+00
1.09964786840470e+01
3.83816991501694e+00
1.40934362681758e+01
0.00000000000000e+00
0.00000000000000e+00
0.00000000000000e+00
0.00000000000000e+00
0.00000000000000e+00
0.00000000000000e+00
0.00000000000000e+00
0.00000000000000e+00
0.00000000000000e+00
0.00000000000000e+00
0.00000000000000e+00
0.00000000000000e+00
0.00000000000000e+00
0.00000000000000e+00
0.00000000000000e+00
0.00000000000000e+00
0.00000000000000e+00
0.00000000000000e+00
0.00000000000000e+00
0.00000000000000e+00
0.00000000000000e+00
0.00000000000000e+00
0.00000000000000e+00
0.00000000000000e+00
0.00000000000000e+00
0.00000000000000e+00
0.00000000000000e+00
0.00000000000000e+00
3.90086604997521e+01
0.00000000000000e+00
0.00000000000000e+00
2.53430151574267e+01
0.00000000000000e+00
0.00000000000000e+00
0.00000000000000e+00
0.00000000000000e+00
0.00000000000000e+00
0.00000000000000e+00
0.00000000000000e+00
0.00000000000000e+00
0.00000000000000e+00
0.00000000000000e+00
0.00000000000000e+00
0.00000000000000e+00
0.00000000000000e+00
0.00000000000000e+00
6.87595651346613e+00
7.01145868574851e+00
1.00069223801865e+01
0.00000000000000e+00
0.00000000000000e+00
0.00000000000000e+00
1.82404918442315e+00
4.28227787557852e+01
0.00000000000000e+00
0.00000000000000e+00
0.00000000000000e+00
0.00000000000000e+00
0.00000000000000e+00
0.00000000000000e+00
0.00000000000000e+00
0.00000000000000e+00
0.00000000000000e+00
0.00000000000000e+00
0.00000000000000e+00
0.00000000000000e+00
4.04550972062676e+01
3.79906205418535e+01
1.32721567524815e+01
8.68549274991522e+00
0.00000000000000e+00
3.51968599488543e+01
0.00000000000000e+00
0.00000000000000e+00
3.97552954884282e+01
2.33164458015755e+00
0.00000000000000e+00
0.00000000000000e+00
0.00000000000000e+00
0.00000000000000e+00
0.00000000000000e+00
0.00000000000000e+00
0.00000000000000e+00
0.00000000000000e+00
0.00000000000000e+00
0.00000000000000e+00
0.00000000000000e+00
0.00000000000000e+00
0.00000000000000e+00
0.00000000000000e+00
0.00000000000000e+00
0.00000000000000e+00
0.00000000000000e+00
0.00000000000000e+00
0.00000000000000e+00
0.00000000000000e+00
0.00000000000000e+00
0.00000000000000e+00
0.00000000000000e+00
0.00000000000000e+00
0.00000000000000e+00
0.00000000000000e+00
0.00000000000000e+00
0.00000000000000e+00
0.00000000000000e+00
0.00000000000000e+00
0.00000000000000e+00
0.00000000000000e+00
0.00000000000000e+00
0.00000000000000e+00
0.00000000000000e+00
5.19056397255785e+01
0.00000000000000e+00
3.77550363023329e+00
0.00000000000000e+00
0.00000000000000e+00
0.00000000000000e+00
0.00000000000000e+00
0.00000000000000e+00
0.00000000000000e+00
0.00000000000000e+00
0.00000000000000e+00
0.00000000000000e+00
0.00000000000000e+00
0.00000000000000e+00
0.00000000000000e+00
0.00000000000000e+00
0.00000000000000e+00
0.00000000000000e+00
0.00000000000000e+00
0.00000000000000e+00
0.00000000000000e+00
0.00000000000000e+00
0.00000000000000e+00
0.00000000000000e+00
0.00000000000000e+00
0.00000000000000e+00
0.00000000000000e+00
0.00000000000000e+00
0.00000000000000e+00
0.00000000000000e+00
0.00000000000000e+00
0.00000000000000e+00
0.00000000000000e+00
0.00000000000000e+00
0.00000000000000e+00
0.00000000000000e+00
0.00000000000000e+00
0.00000000000000e+00
0.00000000000000e+00
0.00000000000000e+00
0.00000000000000e+00
0.00000000000000e+00
0.00000000000000e+00
0.00000000000000e+00
0.00000000000000e+00
0.00000000000000e+00
0.00000000000000e+00
0.00000000000000e+00
0.00000000000000e+00
0.00000000000000e+00
0.00000000000000e+00
0.00000000000000e+00
0.00000000000000e+00
0.00000000000000e+00
0.00000000000000e+00
0.00000000000000e+00
0.00000000000000e+00
0.00000000000000e+00
0.00000000000000e+00
0.00000000000000e+00
0.00000000000000e+00
0.00000000000000e+00
0.00000000000000e+00
0.00000000000000e+00
0.00000000000000e+00
0.00000000000000e+00
0.00000000000000e+00
0.00000000000000e+00
0.00000000000000e+00
0.00000000000000e+00
3.73603832589747e+01
0.00000000000000e+00
0.00000000000000e+00
0.00000000000000e+00
1.44032072303242e+00
0.00000000000000e+00
0.00000000000000e+00
2.89420229526014e+00
3.49601660348638e+01
0.00000000000000e+00
0.00000000000000e+00
0.00000000000000e+00
0.00000000000000e+00
0.00000000000000e+00
0.00000000000000e+00
0.00000000000000e+00
0.00000000000000e+00
0.00000000000000e+00
0.00000000000000e+00
0.00000000000000e+00
0.00000000000000e+00
0.00000000000000e+00
0.00000000000000e+00
0.00000000000000e+00
0.00000000000000e+00
0.00000000000000e+00
0.00000000000000e+00
0.00000000000000e+00
0.00000000000000e+00
0.00000000000000e+00
0.00000000000000e+00
0.00000000000000e+00
0.00000000000000e+00
0.00000000000000e+00
0.00000000000000e+00
0.00000000000000e+00
0.00000000000000e+00
3.49983298691560e+01
0.00000000000000e+00
0.00000000000000e+00
0.00000000000000e+00
4.23025543726758e+01
4.54966142206606e+01
1.00457552210716e+01
8.83985023174596e+01
2.38331246793429e+00
7.13448396062350e+00
3.08108111639496e+01
0.00000000000000e+00
3.99935065445222e+01
6.47069047362853e+01
4.44353313490840e+00
0.00000000000000e+00
5.98663729472593e+00
1.37640697498877e+00
3.23414514024733e+00
5.54812524277679e+01
1.36839195108507e+01
1.63718174785358e+01
1.60425477917601e+01
4.63514057667737e+01
1.76772515154266e+01
2.46272270532321e+01
0.00000000000000e+00
5.44631321446825e+00
0.00000000000000e+00
0.00000000000000e+00
0.00000000000000e+00
0.00000000000000e+00
0.00000000000000e+00
0.00000000000000e+00
0.00000000000000e+00
0.00000000000000e+00
0.00000000000000e+00
0.00000000000000e+00
0.00000000000000e+00
0.00000000000000e+00
0.00000000000000e+00
0.00000000000000e+00
0.00000000000000e+00
0.00000000000000e+00
0.00000000000000e+00
0.00000000000000e+00
0.00000000000000e+00
0.00000000000000e+00
0.00000000000000e+00
0.00000000000000e+00
0.00000000000000e+00
0.00000000000000e+00
0.00000000000000e+00
0.00000000000000e+00
0.00000000000000e+00
0.00000000000000e+00
0.00000000000000e+00
0.00000000000000e+00
0.00000000000000e+00
0.00000000000000e+00
0.00000000000000e+00
0.00000000000000e+00
0.00000000000000e+00
0.00000000000000e+00
0.00000000000000e+00
0.00000000000000e+00
0.00000000000000e+00
1.01717679964488e+01
5.80478536698126e+00
1.13362341861446e+01
7.58677767669557e+00
1.83381420581160e+01
1.93533903536013e+00
5.01994747023687e+00
6.30164602259659e+00
8.62940080134786e+00
2.33358082368383e+01
3.34167313771436e+01
2.44069811939040e+01
3.34167313771436e+01
0.00000000000000e+00
0.00000000000000e+00
0.00000000000000e+00
0.00000000000000e+00
0.00000000000000e+00
0.00000000000000e+00
0.00000000000000e+00
0.00000000000000e+00
0.00000000000000e+00
0.00000000000000e+00
0.00000000000000e+00
0.00000000000000e+00
0.00000000000000e+00
0.00000000000000e+00
0.00000000000000e+00
0.00000000000000e+00
0.00000000000000e+00
0.00000000000000e+00
0.00000000000000e+00
0.00000000000000e+00
0.00000000000000e+00
0.00000000000000e+00
0.00000000000000e+00
0.00000000000000e+00
0.00000000000000e+00
0.00000000000000e+00
0.00000000000000e+00
0.00000000000000e+00
0.00000000000000e+00
0.00000000000000e+00
0.00000000000000e+00
0.00000000000000e+00
0.00000000000000e+00
0.00000000000000e+00
0.00000000000000e+00
0.00000000000000e+00
0.00000000000000e+00
0.00000000000000e+00
0.00000000000000e+00
0.00000000000000e+00
0.00000000000000e+00
0.00000000000000e+00
0.00000000000000e+00
2.70764170996166e+01
4.19289801535893e+01
2.70764170996166e+01
0.00000000000000e+00
0.00000000000000e+00
3.96556786165908e+01
0.00000000000000e+00
0.00000000000000e+00
0.00000000000000e+00
0.00000000000000e+00
0.00000000000000e+00
5.16520600789233e+01
0.00000000000000e+00
0.00000000000000e+00
0.00000000000000e+00
0.00000000000000e+00
0.00000000000000e+00
0.00000000000000e+00
0.00000000000000e+00
0.00000000000000e+00
0.00000000000000e+00
0.00000000000000e+00
