0.00000000000000e+00
0.00000000000000e+00
0.00000000000000e+00
0.00000000000000e+00
0.00000000000000e+00
0.00000000000000e+00
0.00000000000000e+00
0.00000000000000e+00
0.00000000000000e+00
0.00000000000000e+00
0.00000000000000e+00
0.00000000000000e+00
0.00000000000000e+00
0.00000000000000e+00
0.00000000000000e+00
0.00000000000000e+00
0.00000000000000e+00
0.00000000000000e+00
0.00000000000000e+00
0.00000000000000e+00
0.00000000000000e+00
0.00000000000000e+00
0.00000000000000e+00
0.00000000000000e+00
0.00000000000000e+00
1.28837131430853e+00
0.00000000000000e+00
0.00000000000000e+00
1.89830314511560e+00
0.00000000000000e+00
1.80415680028093e+00
0.00000000000000e+00
0.00000000000000e+00
0.00000000000000e+00
0.00000000000000e+00
1.35299667405357e+00
0.00000000000000e+00
1.35138648801889e+00
1.17566482213216e+00
1.20011759423815e+00
1.35115270787577e+00
9.07806939828073e-01
0.00000000000000e+00
1.47912721675218e+00
1.80153694383433e+00
0.00000000000000e+00
0.00000000000000e+00
5.45306471062032e-01
3.41606811355918e-01
0.00000000000000e+00
4.50809272309258e-01
0.00000000000000e+00
1.35138648801889e+00
0.00000000000000e+00
0.00000000000000e+00
0.00000000000000e+00
3.23502028072234e+00
0.00000000000000e+00
0.00000000000000e+00
0.00000000000000e+00
0.00000000000000e+00
0.00000000000000e+00
0.00000000000000e+00
0.00000000000000e+00
0.00000000000000e+00
1.20506769934306e+00
5.44890259535011e+00
9.01279091070025e-01
1.20979046119565e+00
2.40792504866740e+00
0.00000000000000e+00
0.00000000000000e+00
0.00000000000000e+00
0.00000000000000e+00
1.15747040463994e+00
0.00000000000000e+00
2.07158085404215e+00
1.42564099419300e+00
0.00000000000000e+00
0.00000000000000e+00
0.00000000000000e+00
9.07342845896748e-01
0.00000000000000e+00
2.07281947609459e+00
0.00000000000000e+00
9.02971893250288e-01
2.06325236917038e+00
0.00000000000000e+00
0.00000000000000e+00
0.00000000000000e+00
0.00000000000000e+00
0.00000000000000e+00
2.22307366308558e+00
0.00000000000000e+00
0.00000000000000e+00
0.00000000000000e+00
1.35023517951504e+00
0.00000000000000e+00
0.00000000000000e+00
2.92105346918739e+00
0.00000000000000e+00
7.56461479077400e+00
0.00000000000000e+00
1.35023517951504e+00
2.71579753479527e+00
0.00000000000000e+00
1.35081095642581e+00
1.80268759356690e+00
1.75016986604157e+00
0.00000000000000e+00
0.00000000000000e+00
0.00000000000000e+00
0.00000000000000e+00
1.75029944866585e+00
2.31321130310271e+00
0.00000000000000e+00
2.00648978193227e+00
1.31262739953119e+00
0.00000000000000e+00
1.85541522284053e+00
0.00000000000000e+00
0.00000000000000e+00
0.00000000000000e+00
6.48201462714322e+00
1.67284985217770e-01
1.49571726423603e+00
3.74746616529049e+00
0.00000000000000e+00
0.00000000000000e+00
9.00672548710135e-01
0.00000000000000e+00
9.00499861188224e-01
3.26628480742229e+00
1.80626412520427e+00
1.43445283586363e+00
0.00000000000000e+00
2.16718642897542e+00
0.00000000000000e+00
9.00019999777788e-01
0.00000000000000e+00
0.00000000000000e+00
2.40835216693908e+00
0.00000000000000e+00
9.87667069411543e-01
0.00000000000000e+00
4.51686838417949e-01
0.00000000000000e+00
0.00000000000000e+00
0.00000000000000e+00
0.00000000000000e+00
0.00000000000000e+00
1.35311760021072e+00
0.00000000000000e+00
3.82280527746066e-01
0.00000000000000e+00
4.51739039712092e-01
0.00000000000000e+00
0.00000000000000e+00
0.00000000000000e+00
4.51739039712092e-01
6.80023194650782e-01
0.00000000000000e+00
0.00000000000000e+00
4.41623640671559e-01
9.06104298632343e-01
0.00000000000000e+00
0.00000000000000e+00
0.00000000000000e+00
0.00000000000000e+00
1.37960981627145e+00
0.00000000000000e+00
1.58147543141043e+00
1.10902847593689e+00
0.00000000000000e+00
0.00000000000000e+00
2.40125210557659e-01
0.00000000000000e+00
0.00000000000000e+00
0.00000000000000e+00
1.22619856994015e+00
0.00000000000000e+00
0.00000000000000e+00
1.54429057313258e+00
9.75115423937076e-01
0.00000000000000e+00
0.00000000000000e+00
6.72541159596780e-01
3.60839521117072e+00
0.00000000000000e+00
0.00000000000000e+00
2.85351431594791e+00
0.00000000000000e+00
0.00000000000000e+00
1.14823570639492e+00
0.00000000000000e+00
0.00000000000000e+00
8.71749413535798e-01
0.00000000000000e+00
0.00000000000000e+00
0.00000000000000e+00
0.00000000000000e+00
0.00000000000000e+00
6.50076949291398e-01
0.00000000000000e+00
0.00000000000000e+00
0.00000000000000e+00
1.74001575658394e+00
0.00000000000000e+00
0.00000000000000e+00
0.00000000000000e+00
1.16233255138105e+00
0.00000000000000e+00
2.70629640837808e+00
0.00000000000000e+00
1.20732590463386e+00
0.00000000000000e+00
0.00000000000000e+00
9.05042076369939e-01
4.50220845807924e-01
0.00000000000000e+00
0.00000000000000e+00
0.00000000000000e+00
2.08393010689836e+00
9.00288753678513e-01
1.90696263029492e+00
0.00000000000000e+00
0.00000000000000e+00
2.33430061566724e+00
0.00000000000000e+00
0.00000000000000e+00
0.00000000000000e+00
1.20038500490466e+00
6.08064276210942e+00
0.00000000000000e+00
3.63275065670602e-01
6.43140411234001e+00
9.00019999777788e-01
0.00000000000000e+00
0.00000000000000e+00
1.20002666637037e+00
9.28911457398934e-01
4.50168068614382e-01
0.00000000000000e+00
0.00000000000000e+00
1.94261511230683e+00
0.00000000000000e+00
0.00000000000000e+00
1.41277344428002e+00
0.00000000000000e+00
0.00000000000000e+00
2.83482676876120e+00
0.00000000000000e+00
1.35506051525385e+00
0.00000000000000e+00
1.85452277068725e+00
2.92653673998137e+00
0.00000000000000e+00
5.89321100928855e-01
1.64200802493317e-01
5.64811081637738e-01
2.63177804857366e+00
1.35467939011414e+00
0.00000000000000e+00
0.00000000000000e+00
0.00000000000000e+00
6.84290068260225e+00
0.00000000000000e+00
9.00793450242624e-01
0.00000000000000e+00
1.80623918681883e+00
9.00870778746880e-01
0.00000000000000e+00
0.00000000000000e+00
1.18233577405474e+00
1.05344843225996e+00
0.00000000000000e+00
2.47690098172811e+00
9.00870778746880e-01
0.00000000000000e+00
0.00000000000000e+00
2.17273542861535e+00
2.70629640837808e+00
1.16704421829323e+00
9.05494428475411e-01
0.00000000000000e+00
0.00000000000000e+00
3.78285025057209e+00
0.00000000000000e+00
2.49577032093144e+00
3.48343739034298e+00
1.31688942588208e+00
0.00000000000000e+00
0.00000000000000e+00
0.00000000000000e+00
0.00000000000000e+00
3.78285025057209e+00
2.85351431594791e+00
0.00000000000000e+00
0.00000000000000e+00
3.57979260615692e+00
0.00000000000000e+00
0.00000000000000e+00
0.00000000000000e+00
6.01079029745668e-01
0.00000000000000e+00
2.34821582381385e+00
1.80594378650058e+00
2.67801641057490e-01
4.79958900306713e-01
1.35084243714803e+00
1.31272458649940e+00
3.08726343439156e-01
2.76156996337619e+00
1.20030822708168e+00
4.41990825696645e-01
1.45965183857892e+00
0.00000000000000e+00
9.00231170311276e-01
4.59373309486060e-01
0.00000000000000e+00
1.35506051525385e+00
0.00000000000000e+00
1.33317581997277e+00
0.00000000000000e+00
8.72066511224923e-01
1.16275534829989e+00
4.54531867899860e-01
0.00000000000000e+00
0.00000000000000e+00
0.00000000000000e+00
0.00000000000000e+00
0.00000000000000e+00
0.00000000000000e+00
0.00000000000000e+00
0.00000000000000e+00
0.00000000000000e+00
0.00000000000000e+00
0.00000000000000e+00
0.00000000000000e+00
9.01279091070025e-01
0.00000000000000e+00
1.63272719090691e-01
0.00000000000000e+00
0.00000000000000e+00
0.00000000000000e+00
1.83174602808401e+00
0.00000000000000e+00
1.80594378650058e+00
0.00000000000000e+00
0.00000000000000e+00
1.20442942508060e+00
0.00000000000000e+00
0.00000000000000e+00
2.06920948315627e+00
6.02649056136009e-01
0.00000000000000e+00
0.00000000000000e+00
3.14142612439501e+00
1.91652007016875e+00
0.00000000000000e+00
2.26199630419499e+00
4.50220845807924e-01
0.00000000000000e+00
2.99594666333535e+00
1.20066648158428e+00
0.00000000000000e+00
0.00000000000000e+00
0.00000000000000e+00
1.99748833627834e-01
1.34853582168780e+00
0.00000000000000e+00
0.00000000000000e+00
0.00000000000000e+00
1.47904424448502e+00
6.12050892005993e+00
2.05765241084429e+00
0.00000000000000e+00
1.20429338618128e+00
0.00000000000000e+00
0.00000000000000e+00
9.00288753678513e-01
9.63240449955193e-01
6.00224091485833e-01
0.00000000000000e+00
2.06380085561044e+00
1.20672276849323e+00
0.00000000000000e+00
0.00000000000000e+00
0.00000000000000e+00
0.00000000000000e+00
0.00000000000000e+00
0.00000000000000e+00
0.00000000000000e+00
0.00000000000000e+00
5.47683755780494e-01
1.35311760021072e+00
0.00000000000000e+00
0.00000000000000e+00
0.00000000000000e+00
2.71579753479527e+00
8.72066511224923e-01
6.02249117890589e-01
0.00000000000000e+00
0.00000000000000e+00
0.00000000000000e+00
0.00000000000000e+00
0.00000000000000e+00
0.00000000000000e+00
8.64112362453741e+00
1.20170545476001e+00
0.00000000000000e+00
0.00000000000000e+00
1.80399556540473e+00
6.15759993444723e-01
6.15759993444723e-01
0.00000000000000e+00
1.20396252433370e+00
3.71551252157443e+00
1.83521006519905e+00
0.00000000000000e+00
1.33454001214602e+00
0.00000000000000e+00
1.39520744353937e+00
1.80031357268670e+00
9.03800774507308e-01
9.03322068810460e-01
0.00000000000000e+00
0.00000000000000e+00
1.21040925310408e+00
0.00000000000000e+00
0.00000000000000e+00
0.00000000000000e+00
1.00441509356001e+00
0.00000000000000e+00
0.00000000000000e+00
1.92365446496111e+00
5.19302816293620e+00
0.00000000000000e+00
9.68654894560650e-01
1.20089673161349e+00
0.00000000000000e+00
0.00000000000000e+00
0.00000000000000e+00
0.00000000000000e+00
9.00499861188224e-01
0.00000000000000e+00
4.09345467719893e-01
0.00000000000000e+00
0.00000000000000e+00
0.00000000000000e+00
3.92227935803904e-01
0.00000000000000e+00
0.00000000000000e+00
0.00000000000000e+00
4.77455014702585e-01
0.00000000000000e+00
2.23973345879371e+00
7.00079649984088e-01
1.14575295519658e+00
1.16470919733448e+00
4.52856981033867e-01
2.17979426040184e+00
3.49063098490002e+00
1.80674735367177e+00
1.20116103832915e+00
0.00000000000000e+00
1.46703667140532e+00
1.87507130617475e+00
5.27135531183508e+00
0.00000000000000e+00
9.85398920895801e-01
6.03489055410281e-01
2.04351374580974e+00
8.47925771239208e-01
0.00000000000000e+00
0.00000000000000e+00
6.00294461077223e-01
0.00000000000000e+00
1.20813906484311e+00
3.55360471163670e-01
0.00000000000000e+00
0.00000000000000e+00
0.00000000000000e+00
0.00000000000000e+00
0.00000000000000e+00
0.00000000000000e+00
1.80184865069182e+00
0.00000000000000e+00
2.19735750507047e+00
0.00000000000000e+00
0.00000000000000e+00
0.00000000000000e+00
9.07234283054679e-01
0.00000000000000e+00
0.00000000000000e+00
0.00000000000000e+00
1.42865001583900e+00
6.01865797831650e-01
7.13274181439965e-01
0.00000000000000e+00
0.00000000000000e+00
1.80112324953068e+00
1.41699803141986e+00
1.80108127523439e+00
1.58256205967718e+00
0.00000000000000e+00
0.00000000000000e+00
0.00000000000000e+00
4.12457084775262e+00
6.00690802326782e-01
0.00000000000000e+00
9.07842027937996e-01
1.31262739953119e+00
0.00000000000000e+00
0.00000000000000e+00
0.00000000000000e+00
0.00000000000000e+00
1.14018870369975e+00
0.00000000000000e+00
0.00000000000000e+00
6.02318719616112e-01
0.00000000000000e+00
1.20105793365681e+00
3.17647962909404e-01
5.91816532330961e-01
0.00000000000000e+00
6.56269223496868e-01
0.00000000000000e+00
9.43861845205426e-01
5.88831520895393e-01
3.00932898915826e+00
0.00000000000000e+00
6.92683615780754e-01
0.00000000000000e+00
0.00000000000000e+00
3.62106337972698e+00
4.06118995557077e+00
0.00000000000000e+00
2.46921873062853e+00
0.00000000000000e+00
0.00000000000000e+00
2.41756157344878e+00
0.00000000000000e+00
0.00000000000000e+00
4.23288722599187e-01
0.00000000000000e+00
3.14620615068475e-01
0.00000000000000e+00
0.00000000000000e+00
0.00000000000000e+00
0.00000000000000e+00
0.00000000000000e+00
0.00000000000000e+00
4.58046891890953e+00
0.00000000000000e+00
0.00000000000000e+00
0.00000000000000e+00
0.00000000000000e+00
0.00000000000000e+00
0.00000000000000e+00
0.00000000000000e+00
0.00000000000000e+00
0.00000000000000e+00
0.00000000000000e+00
0.00000000000000e+00
0.00000000000000e+00
6.19034400690484e-01
0.00000000000000e+00
3.55360471163670e-01
0.00000000000000e+00
3.18297115645774e-01
6.15705742855935e-01
0.00000000000000e+00
0.00000000000000e+00
0.00000000000000e+00
0.00000000000000e+00
0.00000000000000e+00
0.00000000000000e+00
0.00000000000000e+00
0.00000000000000e+00
3.57979260615692e+00
0.00000000000000e+00
4.58046891890953e+00
0.00000000000000e+00
6.70219639784028e+00
0.00000000000000e+00
0.00000000000000e+00
0.00000000000000e+00
0.00000000000000e+00
1.19344955487862e+00
1.14040832765903e+00
5.22491003599540e+00
0.00000000000000e+00
2.49735353564539e+00
4.72463858402577e-01
7.26491170920489e-01
0.00000000000000e+00
1.06081387531998e+00
0.00000000000000e+00
0.00000000000000e+00
5.65237707075268e+00
3.72328818484603e+00
1.63989240907085e-01
1.06259710114788e+00
1.59211545355113e+00
7.54055836219743e-01
3.10327433779451e+00
2.28094238157081e-01
4.16859597023463e-01
0.00000000000000e+00
1.86691746601423e+00
0.00000000000000e+00
0.00000000000000e+00
0.00000000000000e+00
1.57110095731077e-01
8.37100954911174e-01
0.00000000000000e+00
3.79686915192604e+00
1.65025049725240e-01
8.06543634857596e-01
0.00000000000000e+00
0.00000000000000e+00
0.00000000000000e+00
4.65697620383933e+00
0.00000000000000e+00
0.00000000000000e+00
0.00000000000000e+00
0.00000000000000e+00
0.00000000000000e+00
0.00000000000000e+00
8.06309040113427e+00
0.00000000000000e+00
4.65623447886303e-01
0.00000000000000e+00
9.52595147299046e-01
8.18518051908000e-01
1.19803460110129e+00
0.00000000000000e+00
0.00000000000000e+00
6.12872869857814e-01
1.03951096890118e+00
5.12399447440290e-01
0.00000000000000e+00
0.00000000000000e+00
0.00000000000000e+00
3.60869126075066e-01
6.71828285044324e-01
1.67962279860150e+00
0.00000000000000e+00
0.00000000000000e+00
0.00000000000000e+00
0.00000000000000e+00
0.00000000000000e+00
1.80674735367177e+00
0.00000000000000e+00
9.85668124828312e+00
0.00000000000000e+00
0.00000000000000e+00
0.00000000000000e+00
0.00000000000000e+00
5.52391527047315e-01
0.00000000000000e+00
9.31395240767869e-01
1.26799009448778e+00
1.34684667974021e+00
2.56523631572848e+00
0.00000000000000e+00
0.00000000000000e+00
0.00000000000000e+00
7.20108575799029e-01
1.52076341342237e+00
0.00000000000000e+00
0.00000000000000e+00
1.90742586454689e+00
4.50326233311296e-01
6.46266346537654e-01
2.32060876846944e+00
9.91741560530312e-01
0.00000000000000e+00
3.56291494914801e-01
0.00000000000000e+00
0.00000000000000e+00
0.00000000000000e+00
0.00000000000000e+00
0.00000000000000e+00
5.95503779127121e+00
0.00000000000000e+00
7.58242499491707e-01
0.00000000000000e+00
2.38170513048379e+00
5.03002172843819e-01
0.00000000000000e+00
1.40026955209198e+00
0.00000000000000e+00
0.00000000000000e+00
2.95555010191016e-01
1.88423925021083e+00
0.00000000000000e+00
0.00000000000000e+00
0.00000000000000e+00
0.00000000000000e+00
0.00000000000000e+00
4.65623447886303e-01
0.00000000000000e+00
0.00000000000000e+00
8.53999079067151e-01
8.18518051908000e-01
1.03951096890118e+00
0.00000000000000e+00
0.00000000000000e+00
0.00000000000000e+00
1.28646374597246e+00
0.00000000000000e+00
0.00000000000000e+00
0.00000000000000e+00
8.92313503258071e-01
2.86914154578572e-01
0.00000000000000e+00
0.00000000000000e+00
4.07651045821750e-01
5.21960017673782e-01
5.65434393049749e+00
0.00000000000000e+00
3.60109961073279e-01
5.08740952958403e-01
3.52048449300115e+00
1.46526556686889e+00
2.28144463367125e+00
7.73362128363136e-01
4.04926345050093e+00
1.60217096753126e+00
4.82531514985089e-01
4.89742788249004e-01
0.00000000000000e+00
5.84961487593602e-01
1.19803460110129e+00
4.58452971195000e+00
0.00000000000000e+00
0.00000000000000e+00
0.00000000000000e+00
0.00000000000000e+00
3.28748850594632e+00
2.84394754071350e-01
0.00000000000000e+00
7.13274181439965e-01
6.12872869857814e-01
1.69670966181050e+00
9.26740832712086e-01
2.39202162495474e+00
4.23169808708407e+00
0.00000000000000e+00
3.94157830105814e-01
0.00000000000000e+00
0.00000000000000e+00
7.81889510724427e-01
1.09188326838381e+00
8.08347170642962e+00
4.66738267380125e-01
0.00000000000000e+00
0.00000000000000e+00
0.00000000000000e+00
0.00000000000000e+00
1.33317581997277e+00
0.00000000000000e+00
0.00000000000000e+00
0.00000000000000e+00
0.00000000000000e+00
3.40591139648219e+00
2.00950424932475e+00
0.00000000000000e+00
0.00000000000000e+00
2.14803949334513e+00
2.69111004111059e+00
4.85472835516009e-01
4.74943866122373e-01
7.31929814394233e-01
1.25239455485160e+00
0.00000000000000e+00
1.85175905828676e-01
0.00000000000000e+00
0.00000000000000e+00
0.00000000000000e+00
3.72248227767981e-01
4.28934925906591e-01
6.48266782734189e-01
0.00000000000000e+00
0.00000000000000e+00
0.00000000000000e+00
0.00000000000000e+00
1.15493889002411e+00
1.68882177633749e+00
0.00000000000000e+00
7.88055294729483e-01
0.00000000000000e+00
1.91745302247938e+00
4.01714826067291e-01
0.00000000000000e+00
2.00426923700643e+00
9.44452615180753e-01
0.00000000000000e+00
0.00000000000000e+00
0.00000000000000e+00
0.00000000000000e+00
0.00000000000000e+00
0.00000000000000e+00
1.25108571339804e+00
1.95501145297907e+00
0.00000000000000e+00
0.00000000000000e+00
0.00000000000000e+00
0.00000000000000e+00
0.00000000000000e+00
0.00000000000000e+00
0.00000000000000e+00
0.00000000000000e+00
0.00000000000000e+00
0.00000000000000e+00
7.29339377908982e-01
0.00000000000000e+00
0.00000000000000e+00
0.00000000000000e+00
5.57624077025294e+00
5.61294232223757e-01
1.03071565574984e+00
2.15850139580039e+00
9.63240449955193e-01
8.47925771239208e-01
7.28625915447829e-01
0.00000000000000e+00
1.44929639204506e+00
6.22260930182662e-01
0.00000000000000e+00
0.00000000000000e+00
5.85979960539026e+00
1.95236657559878e+00
1.95584491011334e+00
0.00000000000000e+00
1.71164271093060e+00
6.46576642294285e+00
1.87990946869069e+00
0.00000000000000e+00
0.00000000000000e+00
0.00000000000000e+00
0.00000000000000e+00
0.00000000000000e+00
0.00000000000000e+00
0.00000000000000e+00
0.00000000000000e+00
0.00000000000000e+00
0.00000000000000e+00
0.00000000000000e+00
0.00000000000000e+00
0.00000000000000e+00
0.00000000000000e+00
0.00000000000000e+00
0.00000000000000e+00
0.00000000000000e+00
1.38211247047220e+00
0.00000000000000e+00
0.00000000000000e+00
0.00000000000000e+00
0.00000000000000e+00
0.00000000000000e+00
0.00000000000000e+00
0.00000000000000e+00
0.00000000000000e+00
9.37179267661053e+00
2.41857317913764e+00
9.52595147299046e-01
4.04551916742450e+00
5.14376280688769e+00
7.31563873749525e-01
0.00000000000000e+00
0.00000000000000e+00
8.02065961550294e-01
0.00000000000000e+00
7.47354142312298e-01
5.66311783918469e-01
5.55486193981794e+00
0.00000000000000e+00
0.00000000000000e+00
0.00000000000000e+00
0.00000000000000e+00
1.34516965622521e+00
3.64349178959389e+00
2.18756860738165e+00
0.00000000000000e+00
0.00000000000000e+00
1.13819495720383e+00
2.52613005473357e+00
1.11011142046778e+00
9.41101339798835e+00
2.70718379120059e+00
9.92021913265932e-01
8.24991421092925e-01
0.00000000000000e+00
2.25525334212183e+00
0.00000000000000e+00
0.00000000000000e+00
0.00000000000000e+00
0.00000000000000e+00
0.00000000000000e+00
0.00000000000000e+00
0.00000000000000e+00
0.00000000000000e+00
2.93584331972697e+00
1.58486317265796e+00
1.64013076580114e+00
4.11442798752847e+00
8.13023145999150e-01
9.86858531179511e+00
8.06309040113427e+00
4.63019302976999e+00
0.00000000000000e+00
0.00000000000000e+00
2.51820364289658e+00
6.35595026592549e+00
0.00000000000000e+00
1.56923773287937e+00
0.00000000000000e+00
1.68882177633749e+00
4.88745550942057e+00
2.57359125296656e+00
4.09163910609241e+00
1.33513774278521e+00
3.81219312861792e+00
0.00000000000000e+00
1.56632363432435e+01
1.13819495720383e+00
3.31172429557966e-01
2.35582438977778e+00
6.97279359131178e-01
1.44828679933312e+00
0.00000000000000e+00
2.85286280975792e+00
7.27995372609648e+00
1.95269292118667e+00
1.88085553854929e+00
6.61680643756692e-01
3.02177040731316e+00
2.02066381970121e+00
3.51382431113197e+00
2.95001144691767e+00
3.94557322213635e+00
7.27299855728481e-01
2.78325190418071e+00
1.55719539317577e+00
1.28209744561050e+00
4.66969136837810e+00
9.64688714604435e-01
1.08147786677149e+00
3.21973410090622e-01
3.46125640284973e+00
5.22847437386429e+00
1.29034973676421e+00
6.96233172795275e-01
2.56431362406242e+00
1.32845422171329e+00
1.22837698535464e+00
6.92259428141237e-01
1.46425271975712e+00
1.90044732014358e+00
4.22358097889504e+00
2.20896870562442e+00
6.52234290948369e-01
0.00000000000000e+00
1.34866762415990e+00
1.01195750152485e+00
7.65919271207110e+00
1.59332923572221e+00
1.54589288051495e+00
5.03838913419065e+00
1.16296538636453e+00
4.52262322587343e+00
3.68386081354548e+00
0.00000000000000e+00
1.66474569194019e+00
1.37299303458054e+00
1.89666614303740e+00
6.27579905482687e-01
4.05674329121999e-01
2.41921841617955e+00
1.00228946289344e+00
1.56923773287937e+00
0.00000000000000e+00
0.00000000000000e+00
1.06128448030611e+01
2.64561252886309e+00
1.03711739498689e+01
6.22356953913698e+00
6.32489094352646e+00
1.13482488862567e+00
2.68937825577554e+00
3.67403710962382e+00
4.26176092339360e+00
9.88732067998198e+00
0.00000000000000e+00
1.59207117506369e+00
0.00000000000000e+00
0.00000000000000e+00
4.67115140713083e+00
4.07722690876012e-01
0.00000000000000e+00
0.00000000000000e+00
2.64957202136872e+00
1.85174917170912e+00
0.00000000000000e+00
0.00000000000000e+00
0.00000000000000e+00
6.70219639784028e+00
0.00000000000000e+00
0.00000000000000e+00
0.00000000000000e+00
1.72617478977159e+01
1.03732631847027e+00
2.12223394951451e+00
9.62487489122058e+00
9.45786537636910e+00
6.00084066526135e+00
5.77563286371535e+00
0.00000000000000e+00
0.00000000000000e+00
4.44684509290676e+00
5.15520012438293e+00
2.01963880913170e+00
9.03565601403502e+00
0.00000000000000e+00
0.00000000000000e+00
0.00000000000000e+00
9.37179267661053e+00
2.51087110577994e+00
0.00000000000000e+00
4.17481162189979e+00
5.72603716178762e+00
5.87465750713886e+00
7.73572693593835e-01
1.37000559924164e+00
2.93518998496035e+00
3.54900250231304e+00
1.22232763642509e+00
0.00000000000000e+00
0.00000000000000e+00
1.06310938304820e+01
0.00000000000000e+00
7.44365399718056e+00
6.27806560876792e+00
3.69913462028888e+00
7.42633357296260e+00
0.00000000000000e+00
0.00000000000000e+00
0.00000000000000e+00
1.33966144454401e+01
3.12333493438499e+00
4.73540350045463e+00
1.30237501822958e+00
1.15251126501341e+01
7.17922758764554e+00
4.73093521529791e+00
2.71449447464430e+00
0.00000000000000e+00
0.00000000000000e+00
0.00000000000000e+00
0.00000000000000e+00
1.95645005448263e+00
1.95645005448263e+00
2.28576375950064e+01
1.60094126843018e+00
0.00000000000000e+00
2.02209210719789e+00
2.02209210719789e+00
0.00000000000000e+00
1.33966144454401e+01
2.20235942976151e+00
3.12259452188473e+00
1.51997561660876e+00
6.09882898060434e-01
0.00000000000000e+00
0.00000000000000e+00
3.47740952189598e+00
1.00163548200287e+01
5.12328419996082e-01
1.08868759247464e+00
1.19344955487862e+00
1.59207117506369e+00
1.01961615149038e+01
1.54511923524652e+00
6.06133046323903e+00
3.97758723059811e+00
2.63939078618467e+00
2.17747334363606e+00
4.52452498297303e+00
6.93056489608329e+00
0.00000000000000e+00
0.00000000000000e+00
0.00000000000000e+00
0.00000000000000e+00
3.32408002716581e+00
0.00000000000000e+00
7.34021664032225e+00
4.84202677817142e+00
0.00000000000000e+00
9.11985369965254e-01
1.15516019916188e+00
0.00000000000000e+00
2.16842145781171e+00
3.26237928925840e+00
1.88870048294773e+00
1.14393567191752e+01
6.77051512702660e+00
1.00684615320572e+00
2.24559317660008e+00
4.28491923528047e+00
5.74591687471577e+00
6.92492120169149e-01
2.99045234457820e+00
0.00000000000000e+00
0.00000000000000e+00
4.42066830001462e+00
7.44836173565554e+00
8.49922140516964e+00
2.93254100236601e+01
4.78889402227643e+00
1.21244361565488e+01
0.00000000000000e+00
0.00000000000000e+00
1.77705875506996e+00
4.46521770728331e+00
2.75179018378089e+01
1.14962713424444e+01
7.02460663871793e+00
6.42416091464003e+00
1.01202439912590e+01
5.70745842902839e+00
0.00000000000000e+00
0.00000000000000e+00
2.36194234498923e+00
7.94359389428237e+00
1.94341997672131e+00
5.37453860360777e+00
4.82861292266494e+00
3.89770277173459e+00
1.30158017784123e+01
8.34886248689357e+00
2.89690186431900e+00
1.38826246323428e+01
3.04511427549879e+00
1.94816374343753e+00
1.78181616661646e+01
2.17101935170801e+00
0.00000000000000e+00
0.00000000000000e+00
3.83713247859145e+00
0.00000000000000e+00
1.80350530879145e+00
3.29889281921348e+00
0.00000000000000e+00
2.20235942976151e+00
0.00000000000000e+00
0.00000000000000e+00
5.79352164685304e+00
4.21529477561403e+00
3.90665065322080e+00
1.71179387946943e+00
1.95615226690889e+00
4.63282474552796e+00
2.97757441053995e+00
6.12464372215123e+00
2.14369984812172e+00
4.12648511994540e+00
1.94679996463819e+00
1.27710036945979e+01
1.43172674139355e+00
1.75720940897184e+00
3.28530289262911e+00
1.02109298351747e+01
3.95155237744337e+00
8.92602738565716e-01
7.60267097988438e+00
1.79876497051281e+00
2.85876305248709e+00
1.75549236911908e+00
5.24778301432791e+00
2.45250924326183e+00
1.37371948036415e+00
1.76327265452850e+01
6.97017884210466e+00
2.55203660111449e+00
4.43697129020118e+00
1.01181535899877e+01
2.05224033878367e+00
6.08234800778814e+00
2.52034111391023e+00
7.02914224186642e+00
5.19176683607032e+00
5.20977980207496e+00
7.16244706259871e+00
2.57231349932393e+00
4.77247823909499e+00
3.67581146648406e+00
1.87525380409399e+01
1.20034404733549e+01
4.43429646320336e+00
4.23342620903472e+00
1.68272593931696e+01
2.35742340846592e+01
1.01205330373283e+01
1.26789686312789e+01
1.71528572409570e+01
4.96510039345565e+00
2.85963901416001e+00
1.62723455676755e+01
4.38296391926824e+00
6.35237456238293e+00
3.24329667872795e+00
8.90532051214472e+00
7.25860313881540e+00
4.04408673404253e+00
2.60189372491584e+00
1.12259721956734e+00
1.93814219058702e+00
3.24438053194830e+00
1.85866437310061e+01
8.86583889677781e+00
3.28767813501873e+00
9.97330724519744e+00
2.02020294105460e+00
2.09216080549849e+01
4.50396564627413e+00
1.77410676326679e+01
0.00000000000000e+00
0.00000000000000e+00
0.00000000000000e+00
0.00000000000000e+00
1.96638231543618e+01
7.09834476229358e+00
1.06925917455677e+01
5.55506327571673e+00
1.35284948390451e+01
1.47321536751067e+01
3.70483456453555e+00
1.15824818195004e+01
0.00000000000000e+00
0.00000000000000e+00
1.06841926665391e+01
6.88290422472978e+00
9.25971036932940e-01
8.07772797366295e+00
0.00000000000000e+00
0.00000000000000e+00
4.71555059603513e+00
0.00000000000000e+00
3.67581188916706e+00
8.95761153824672e-01
0.00000000000000e+00
0.00000000000000e+00
0.00000000000000e+00
1.56747784799766e+01
0.00000000000000e+00
0.00000000000000e+00
4.68285228756003e+00
3.66488672366512e+00
8.79811719529118e+00
8.00074444920537e+00
2.33405043985051e+00
1.36350236458648e+00
5.30255541811457e+00
8.71520309684634e+00
1.90532310623866e+01
3.35245533377526e+00
2.77675144551511e+00
0.00000000000000e+00
6.71132664609587e+00
1.62802772955217e+00
0.00000000000000e+00
4.32838110614709e+00
7.04268397956807e+00
1.61043102622094e+00
9.68164694124274e+00
1.33987123129493e+01
4.88829044104392e+00
1.56153684318837e+01
0.00000000000000e+00
2.71373994080129e+01
2.79846755560862e+01
1.65866610592298e+01
2.42330990811359e+01
2.61268151057109e+01
0.00000000000000e+00
0.00000000000000e+00
3.12632977003600e+01
0.00000000000000e+00
0.00000000000000e+00
0.00000000000000e+00
1.55004323218011e+00
1.67780049051036e+00
1.08906571313034e+01
2.25629774875516e+01
1.03692299378226e+01
3.39983273441864e+00
1.27737849575793e+01
3.95292894341833e+00
5.90939598893986e+00
5.83872663380520e+00
1.40515809608595e+01
8.77748658232256e+00
2.20014479959684e+00
9.12668255537679e+00
9.51753608550297e+00
3.64683431351143e+00
1.04745188723624e+01
4.81942195315668e+00
3.55214158738548e+01
1.77288895019660e+01
1.45714496328128e+01
8.02213700576974e+00
1.21739493059277e+01
0.00000000000000e+00
0.00000000000000e+00
3.84533364671444e+00
5.80985004532752e+00
0.00000000000000e+00
8.45129076957795e+00
0.00000000000000e+00
0.00000000000000e+00
2.88876482403084e+01
1.18685665680268e+01
0.00000000000000e+00
0.00000000000000e+00
0.00000000000000e+00
0.00000000000000e+00
0.00000000000000e+00
8.30190228913166e+00
0.00000000000000e+00
0.00000000000000e+00
0.00000000000000e+00
6.80349362933602e+00
1.94410776179643e+01
5.00157512982785e+00
8.14645048975035e+00
0.00000000000000e+00
1.33154426152152e+01
1.17727641252342e+01
9.57496914530583e+00
4.74126050172329e+00
1.63791037449142e+01
1.88555368968146e+01
0.00000000000000e+00
2.41476784376416e+01
0.00000000000000e+00
1.97020149957120e+01
3.08761394080498e+01
2.16627945577880e+01
7.24583433750065e+00
0.00000000000000e+00
9.80761712474610e+00
1.01009625842830e+01
4.91561074811295e+00
0.00000000000000e+00
0.00000000000000e+00
8.27908071301642e+00
1.10399346677859e+01
1.27505015802853e+01
0.00000000000000e+00
0.00000000000000e+00
8.67868417566778e+00
8.56617528989453e+00
0.00000000000000e+00
2.28276914118496e+01
0.00000000000000e+00
8.84337641620374e+00
6.20050001330005e+00
1.36611170898717e+01
6.01474488957828e+00
5.37433254380978e+00
4.29114289551729e+00
2.37110580014050e+01
7.36027131337021e+00
3.43506598994331e+01
2.03910781902241e+01
2.71109752750246e+00
7.02748189672072e+00
7.67091057834749e+00
2.77749445826754e+01
1.17608249255676e+01
5.74658646727193e+00
0.00000000000000e+00
4.82294501607729e+00
0.00000000000000e+00
8.96779178070502e+00
1.62582924514017e+01
6.86326228592001e+00
1.87385736487450e+01
0.00000000000000e+00
0.00000000000000e+00
1.61043102622094e+00
4.39554920547937e+00
1.18648176019141e+01
0.00000000000000e+00
1.63010189054503e+01
0.00000000000000e+00
2.18433157606511e+01
7.11101080057364e+00
0.00000000000000e+00
5.02542700888837e+00
5.88325901378067e+00
5.02360245361447e+00
0.00000000000000e+00
0.00000000000000e+00
0.00000000000000e+00
0.00000000000000e+00
0.00000000000000e+00
0.00000000000000e+00
3.78054730538426e+01
1.56019008211244e+01
0.00000000000000e+00
0.00000000000000e+00
0.00000000000000e+00
0.00000000000000e+00
0.00000000000000e+00
2.36740144842692e+01
1.14722613579459e+01
0.00000000000000e+00
2.37980265345520e+01
2.15508490122449e+01
1.15588077380750e+01
0.00000000000000e+00
0.00000000000000e+00
8.63019046929237e+00
5.02542700888837e+00
1.40505405764208e+01
1.33814128459270e+00
0.00000000000000e+00
0.00000000000000e+00
0.00000000000000e+00
2.01009855811234e+01
0.00000000000000e+00
0.00000000000000e+00
0.00000000000000e+00
1.14413648765296e+01
0.00000000000000e+00
0.00000000000000e+00
0.00000000000000e+00
1.19836019570556e+01
2.17760677128836e+01
0.00000000000000e+00
2.35696256380474e+01
0.00000000000000e+00
0.00000000000000e+00
0.00000000000000e+00
0.00000000000000e+00
8.69123542292334e+00
0.00000000000000e+00
0.00000000000000e+00
8.96779178070502e+00
0.00000000000000e+00
0.00000000000000e+00
0.00000000000000e+00
0.00000000000000e+00
5.67872074297660e+00
1.52271077687312e+01
2.20507908209623e+01
2.80650445655924e+00
1.17060973692347e+01
0.00000000000000e+00
0.00000000000000e+00
9.17522074695400e+00
0.00000000000000e+00
0.00000000000000e+00
0.00000000000000e+00
0.00000000000000e+00
0.00000000000000e+00
2.95051870633383e+01
0.00000000000000e+00
0.00000000000000e+00
0.00000000000000e+00
0.00000000000000e+00
0.00000000000000e+00
0.00000000000000e+00
0.00000000000000e+00
0.00000000000000e+00
0.00000000000000e+00
0.00000000000000e+00
0.00000000000000e+00
0.00000000000000e+00
0.00000000000000e+00
0.00000000000000e+00
0.00000000000000e+00
0.00000000000000e+00
0.00000000000000e+00
0.00000000000000e+00
0.00000000000000e+00
0.00000000000000e+00
0.00000000000000e+00
0.00000000000000e+00
0.00000000000000e+00
0.00000000000000e+00
0.00000000000000e+00
0.00000000000000e+00
0.00000000000000e+00
0.00000000000000e+00
0.00000000000000e+00
0.00000000000000e+00
0.00000000000000e+00
0.00000000000000e+00
0.00000000000000e+00
0.00000000000000e+00
0.00000000000000e+00
0.00000000000000e+00
0.00000000000000e+00
0.00000000000000e+00
0.00000000000000e+00
0.00000000000000e+00
0.00000000000000e+00
0.00000000000000e+00
0.00000000000000e+00
0.00000000000000e+00
0.00000000000000e+00
0.00000000000000e+00
0.00000000000000e+00
0.00000000000000e+00
0.00000000000000e+00
0.00000000000000e+00
0.00000000000000e+00
0.00000000000000e+00
0.00000000000000e+00
0.00000000000000e+00
0.00000000000000e+00
0.00000000000000e+00
0.00000000000000e+00
0.00000000000000e+00
0.00000000000000e+00
0.00000000000000e+00
0.00000000000000e+00
0.00000000000000e+00
0.00000000000000e+00
0.00000000000000e+00
0.00000000000000e+00
0.00000000000000e+00
0.00000000000000e+00
0.00000000000000e+00
0.00000000000000e+00
0.00000000000000e+00
0.00000000000000e+00
0.00000000000000e+00
0.00000000000000e+00
0.00000000000000e+00
0.00000000000000e+00
0.00000000000000e+00
0.00000000000000e+00
0.00000000000000e+00
0.00000000000000e+00
0.00000000000000e+00
0.00000000000000e+00
0.00000000000000e+00
0.00000000000000e+00
0.00000000000000e+00
0.00000000000000e+00
0.00000000000000e+00
0.00000000000000e+00
0.00000000000000e+00
0.00000000000000e+00
0.00000000000000e+00
0.00000000000000e+00
0.00000000000000e+00
0.00000000000000e+00
0.00000000000000e+00
0.00000000000000e+00
0.00000000000000e+00
0.00000000000000e+00
0.00000000000000e+00
0.00000000000000e+00
0.00000000000000e+00
0.00000000000000e+00
0.00000000000000e+00
0.00000000000000e+00
0.00000000000000e+00
0.00000000000000e+00
0.00000000000000e+00
0.00000000000000e+00
0.00000000000000e+00
0.00000000000000e+00
0.00000000000000e+00
0.00000000000000e+00
0.00000000000000e+00
0.00000000000000e+00
0.00000000000000e+00
0.00000000000000e+00
0.00000000000000e+00
0.00000000000000e+00
0.00000000000000e+00
0.00000000000000e+00
0.00000000000000e+00
0.00000000000000e+00
0.00000000000000e+00
0.00000000000000e+00
0.00000000000000e+00
0.00000000000000e+00
0.00000000000000e+00
0.00000000000000e+00
0.00000000000000e+00
0.00000000000000e+00
0.00000000000000e+00
0.00000000000000e+00
0.00000000000000e+00
0.00000000000000e+00
0.00000000000000e+00
0.00000000000000e+00
0.00000000000000e+00
0.00000000000000e+00
0.00000000000000e+00
0.00000000000000e+00
0.00000000000000e+00
0.00000000000000e+00
0.00000000000000e+00
0.00000000000000e+00
0.00000000000000e+00
0.00000000000000e+00
0.00000000000000e+00
0.00000000000000e+00
0.00000000000000e+00
0.00000000000000e+00
0.00000000000000e+00
0.00000000000000e+00
0.00000000000000e+00
0.00000000000000e+00
0.00000000000000e+00
0.00000000000000e+00
0.00000000000000e+00
0.00000000000000e+00
0.00000000000000e+00
0.00000000000000e+00
1.25887375805114e+00
0.00000000000000e+00
0.00000000000000e+00
0.00000000000000e+00
0.00000000000000e+00
0.00000000000000e+00
0.00000000000000e+00
1.81442635731645e+01
0.00000000000000e+00
0.00000000000000e+00
0.00000000000000e+00
0.00000000000000e+00
0.00000000000000e+00
0.00000000000000e+00
0.00000000000000e+00
0.00000000000000e+00
0.00000000000000e+00
0.00000000000000e+00
0.00000000000000e+00
0.00000000000000e+00
0.00000000000000e+00
0.00000000000000e+00
0.00000000000000e+00
0.00000000000000e+00
0.00000000000000e+00
0.00000000000000e+00
0.00000000000000e+00
0.00000000000000e+00
0.00000000000000e+00
0.00000000000000e+00
0.00000000000000e+00
0.00000000000000e+00
0.00000000000000e+00
0.00000000000000e+00
0.00000000000000e+00
0.00000000000000e+00
0.00000000000000e+00
0.00000000000000e+00
0.00000000000000e+00
0.00000000000000e+00
0.00000000000000e+00
0.00000000000000e+00
0.00000000000000e+00
0.00000000000000e+00
0.00000000000000e+00
0.00000000000000e+00
0.00000000000000e+00
0.00000000000000e+00
0.00000000000000e+00
0.00000000000000e+00
0.00000000000000e+00
0.00000000000000e+00
0.00000000000000e+00
0.00000000000000e+00
0.00000000000000e+00
0.00000000000000e+00
0.00000000000000e+00
0.00000000000000e+00
0.00000000000000e+00
0.00000000000000e+00
0.00000000000000e+00
0.00000000000000e+00
0.00000000000000e+00
0.00000000000000e+00
0.00000000000000e+00
0.00000000000000e+00
0.00000000000000e+00
0.00000000000000e+00
0.00000000000000e+00
0.00000000000000e+00
0.00000000000000e+00
0.00000000000000e+00
0.00000000000000e+00
0.00000000000000e+00
0.00000000000000e+00
0.00000000000000e+00
0.00000000000000e+00
0.00000000000000e+00
0.00000000000000e+00
0.00000000000000e+00
0.00000000000000e+00
0.00000000000000e+00
0.00000000000000e+00
0.00000000000000e+00
0.00000000000000e+00
0.00000000000000e+00
0.00000000000000e+00
0.00000000000000e+00
0.00000000000000e+00
0.00000000000000e+00
0.00000000000000e+00
0.00000000000000e+00
0.00000000000000e+00
0.00000000000000e+00
0.00000000000000e+00
0.00000000000000e+00
0.00000000000000e+00
0.00000000000000e+00
0.00000000000000e+00
0.00000000000000e+00
0.00000000000000e+00
0.00000000000000e+00
0.00000000000000e+00
0.00000000000000e+00
0.00000000000000e+00
0.00000000000000e+00
0.00000000000000e+00
0.00000000000000e+00
0.00000000000000e+00
0.00000000000000e+00
0.00000000000000e+00
0.00000000000000e+00
0.00000000000000e+00
0.00000000000000e+00
0.00000000000000e+00
0.00000000000000e+00
0.00000000000000e+00
0.00000000000000e+00
0.00000000000000e+00
0.00000000000000e+00
0.00000000000000e+00
0.00000000000000e+00
0.00000000000000e+00
0.00000000000000e+00
0.00000000000000e+00
0.00000000000000e+00
0.00000000000000e+00
0.00000000000000e+00
0.00000000000000e+00
0.00000000000000e+00
0.00000000000000e+00
0.00000000000000e+00
0.00000000000000e+00
0.00000000000000e+00
0.00000000000000e+00
0.00000000000000e+00
0.00000000000000e+00
0.00000000000000e+00
0.00000000000000e+00
0.00000000000000e+00
0.00000000000000e+00
0.00000000000000e+00
0.00000000000000e+00
0.00000000000000e+00
0.00000000000000e+00
0.00000000000000e+00
0.00000000000000e+00
0.00000000000000e+00
0.00000000000000e+00
0.00000000000000e+00
0.00000000000000e+00
0.00000000000000e+00
0.00000000000000e+00
0.00000000000000e+00
0.00000000000000e+00
0.00000000000000e+00
0.00000000000000e+00
0.00000000000000e+00
0.00000000000000e+00
0.00000000000000e+00
0.00000000000000e+00
0.00000000000000e+00
0.00000000000000e+00
0.00000000000000e+00
0.00000000000000e+00
0.00000000000000e+00
0.00000000000000e+00
0.00000000000000e+00
0.00000000000000e+00
0.00000000000000e+00
0.00000000000000e+00
0.00000000000000e+00
0.00000000000000e+00
0.00000000000000e+00
0.00000000000000e+00
0.00000000000000e+00
0.00000000000000e+00
0.00000000000000e+00
0.00000000000000e+00
0.00000000000000e+00
0.00000000000000e+00
0.00000000000000e+00
0.00000000000000e+00
0.00000000000000e+00
0.00000000000000e+00
0.00000000000000e+00
0.00000000000000e+00
0.00000000000000e+00
0.00000000000000e+00
0.00000000000000e+00
0.00000000000000e+00
0.00000000000000e+00
0.00000000000000e+00
0.00000000000000e+00
0.00000000000000e+00
0.00000000000000e+00
0.00000000000000e+00
0.00000000000000e+00
0.00000000000000e+00
0.00000000000000e+00
0.00000000000000e+00
0.00000000000000e+00
0.00000000000000e+00
0.00000000000000e+00
0.00000000000000e+00
0.00000000000000e+00
0.00000000000000e+00
0.00000000000000e+00
0.00000000000000e+00
0.00000000000000e+00
0.00000000000000e+00
0.00000000000000e+00
0.00000000000000e+00
0.00000000000000e+00
0.00000000000000e+00
0.00000000000000e+00
0.00000000000000e+00
0.00000000000000e+00
0.00000000000000e+00
0.00000000000000e+00
0.00000000000000e+00
0.00000000000000e+00
0.00000000000000e+00
0.00000000000000e+00
0.00000000000000e+00
0.00000000000000e+00
0.00000000000000e+00
0.00000000000000e+00
0.00000000000000e+00
0.00000000000000e+00
0.00000000000000e+00
0.00000000000000e+00
0.00000000000000e+00
1.16219758720120e+01
0.00000000000000e+00
0.00000000000000e+00
0.00000000000000e+00
0.00000000000000e+00
0.00000000000000e+00
0.00000000000000e+00
0.00000000000000e+00
0.00000000000000e+00
0.00000000000000e+00
