0.00000000000000e+00
0.00000000000000e+00
9.66992661331341e+00
1.29427263711064e+00
0.00000000000000e+00
0.00000000000000e+00
0.00000000000000e+00
9.14308407763323e-01
2.66147248139803e-01
0.00000000000000e+00
1.00000127999918e+00
0.00000000000000e+00
0.00000000000000e+00
0.00000000000000e+00
6.78134051665029e-01
0.00000000000000e+00
0.00000000000000e+00
2.77386773599634e+00
1.50241773152476e+00
0.00000000000000e+00
0.00000000000000e+00
0.00000000000000e+00
0.00000000000000e+00
1.50259084251169e+00
0.00000000000000e+00
7.50082135502506e-01
0.00000000000000e+00
0.00000000000000e+00
1.00010951400334e+00
4.33639180567021e+00
8.25586089339389e+00
7.50121490160094e-01
0.00000000000000e+00
0.00000000000000e+00
0.00000000000000e+00
0.00000000000000e+00
0.00000000000000e+00
0.00000000000000e+00
0.00000000000000e+00
3.59500500653684e+00
0.00000000000000e+00
0.00000000000000e+00
0.00000000000000e+00
3.36749068097216e+00
2.22976076308526e+00
0.00000000000000e+00
0.00000000000000e+00
0.00000000000000e+00
7.26132097632278e-01
1.99351348126872e+00
8.75808563223207e+00
0.00000000000000e+00
7.50013499878502e-01
7.76361337087885e+00
7.85321559810321e-01
0.00000000000000e+00
5.30524420363809e+00
1.95961017512991e+00
1.39559735383667e+00
7.50013499878502e-01
7.50034559203774e-01
1.80694713812420e+01
7.00116527537620e+00
0.00000000000000e+00
0.00000000000000e+00
0.00000000000000e+00
0.00000000000000e+00
0.00000000000000e+00
0.00000000000000e+00
0.00000000000000e+00
0.00000000000000e+00
3.77049165217434e+00
0.00000000000000e+00
7.50921993285588e-01
1.20571914058807e+00
1.00122932438078e+00
4.17765635593728e+00
0.00000000000000e+00
0.00000000000000e+00
7.33175143395325e+00
7.50921993285588e-01
1.66794175933625e+00
0.00000000000000e+00
1.78053067616170e+01
0.00000000000000e+00
0.00000000000000e+00
4.33972020475856e+00
4.72468990946669e+00
7.50877293493815e-01
2.61477474962599e+00
6.60115009378101e+00
0.00000000000000e+00
0.00000000000000e+00
7.50951955853369e-01
4.58399621327494e-01
7.50936914793779e-01
1.00007199740819e+00
1.23344001267962e+00
7.50053998056140e-01
1.00016198688013e+00
2.48754166489060e+00
2.96923702953133e+00
1.18988388491979e+00
3.15682892546807e+00
0.00000000000000e+00
0.00000000000000e+00
8.85073091368947e+00
0.00000000000000e+00
3.14369239908617e-01
0.00000000000000e+00
9.02465468147769e+00
0.00000000000000e+00
7.50000959999386e-01
1.60810004663809e+01
7.50008639950234e-01
2.00317843438871e+00
2.06426767660020e+00
3.42839925996685e+00
0.00000000000000e+00
1.55777013970333e+01
7.50008639950234e-01
0.00000000000000e+00
1.35685963277403e+00
8.75239003349990e-01
0.00000000000000e+00
7.24209049093066e-01
9.71997442002760e-01
7.97895752567284e-01
5.77679636118978e+00
1.53906307601049e+00
0.00000000000000e+00
5.30184190495497e-01
2.00322364203301e+00
0.00000000000000e+00
0.00000000000000e+00
9.07397741461498e+00
0.00000000000000e+00
7.50034559203774e-01
2.20800725542286e+00
0.00000000000000e+00
2.02338800369701e+00
0.00000000000000e+00
2.00588973774730e+00
7.50034559203774e-01
0.00000000000000e+00
0.00000000000000e+00
1.16011672242388e+00
0.00000000000000e+00
1.50238382579153e+00
0.00000000000000e+00
0.00000000000000e+00
0.00000000000000e+00
0.00000000000000e+00
7.51330879173750e-01
3.18527461148012e+00
1.97945449287921e+00
7.50021659687239e-01
0.00000000000000e+00
2.45962682620897e+00
0.00000000000000e+00
7.48009498602805e-01
9.06926435678297e+00
8.30999757411663e+00
0.00000000000000e+00
0.00000000000000e+00
0.00000000000000e+00
0.00000000000000e+00
1.00376005100821e+00
2.67451965032975e+00
2.83541097576420e+00
1.28019331072075e+00
2.00588973774733e+00
7.52820038256156e-01
1.00004607893837e+00
0.00000000000000e+00
0.00000000000000e+00
0.00000000000000e+00
4.46387272729345e+00
1.46561426050342e+00
1.50238382579153e+00
0.00000000000000e+00
0.00000000000000e+00
0.00000000000000e+00
1.00177450556500e+00
5.64954500410875e-01
0.00000000000000e+00
7.51856262858799e-01
0.00000000000000e+00
1.00113223901740e+00
7.50849179263053e-01
9.44301004091702e-01
0.00000000000000e+00
0.00000000000000e+00
0.00000000000000e+00
3.15665531794181e+00
4.84970900842054e+00
2.52739353165928e+00
0.00000000000000e+00
3.27810751589244e+00
3.19595421441721e+00
2.48728529139765e+00
0.00000000000000e+00
4.41739145853756e+00
0.00000000000000e+00
8.29800446484876e-01
1.02672476597020e+00
0.00000000000000e+00
4.54678228601665e+00
1.00554137139233e+00
0.00000000000000e+00
0.00000000000000e+00
0.00000000000000e+00
1.13014488129868e+00
0.00000000000000e+00
6.29484716843147e-01
0.00000000000000e+00
0.00000000000000e+00
1.28023820455543e+01
0.00000000000000e+00
8.10800111603780e-01
0.00000000000000e+00
7.51984813676446e-01
0.00000000000000e+00
0.00000000000000e+00
4.74061719953259e+00
0.00000000000000e+00
6.44727789413184e+00
0.00000000000000e+00
0.00000000000000e+00
8.56086262428612e-01
0.00000000000000e+00
6.97011766967183e+00
5.46089538794378e+00
9.59071582909968e-01
3.75296708186617e+00
9.88297040367933e-01
0.00000000000000e+00
0.00000000000000e+00
0.00000000000000e+00
1.30706244239134e+01
0.00000000000000e+00
0.00000000000000e+00
0.00000000000000e+00
3.11374638923014e+00
6.87764156968584e+00
0.00000000000000e+00
1.17220759155739e+01
3.66157435769888e+00
0.00000000000000e+00
0.00000000000000e+00
0.00000000000000e+00
0.00000000000000e+00
2.97535629797408e+00
0.00000000000000e+00
1.78658414266737e+00
0.00000000000000e+00
4.83362371235907e+00
0.00000000000000e+00
8.07614254557413e-01
0.00000000000000e+00
0.00000000000000e+00
0.00000000000000e+00
1.22792012053626e+00
0.00000000000000e+00
0.00000000000000e+00
0.00000000000000e+00
1.59517328174097e+00
0.00000000000000e+00
0.00000000000000e+00
0.00000000000000e+00
0.00000000000000e+00
0.00000000000000e+00
0.00000000000000e+00
0.00000000000000e+00
0.00000000000000e+00
1.20938550086215e+00
7.53358540138743e-01
1.00447805351836e+00
0.00000000000000e+00
0.00000000000000e+00
5.15476348014268e+00
9.88107281624832e-01
1.66794175933625e+00
2.29975015630034e+00
5.65279699660341e-01
0.00000000000000e+00
4.50031070918460e-01
4.71935081243774e-01
2.03202717221412e+01
0.00000000000000e+00
9.16605014271614e-01
0.00000000000000e+00
0.00000000000000e+00
0.00000000000000e+00
0.00000000000000e+00
7.50000959999386e-01
5.47577025959172e+00
0.00000000000000e+00
2.43280746727408e+00
0.00000000000000e+00
0.00000000000000e+00
1.17420362224598e+00
0.00000000000000e+00
0.00000000000000e+00
1.00126927447116e+00
1.58338339427422e+00
0.00000000000000e+00
5.55985992130221e+00
0.00000000000000e+00
1.00004607893836e+00
7.47685459813664e-01
4.07520266943911e+00
0.00000000000000e+00
0.00000000000000e+00
0.00000000000000e+00
1.52206119690676e+00
0.00000000000000e+00
1.00002887958298e+00
4.34364660132779e-01
0.00000000000000e+00
7.53058324434436e-01
0.00000000000000e+00
7.69198139723364e-01
9.97345998137046e-01
0.00000000000000e+00
7.41080461218617e-01
7.41222780275943e-01
0.00000000000000e+00
1.00124921972504e+00
2.46606486369772e+01
7.51856262858799e-01
1.83787885430643e+00
2.02338800369701e+00
0.00000000000000e+00
0.00000000000000e+00
0.00000000000000e+00
0.00000000000000e+00
0.00000000000000e+00
6.47866173502626e-01
3.34680371565323e-01
7.53358540138743e-01
2.88398810906233e+01
7.87304084932622e-01
0.00000000000000e+00
1.78810545948583e+00
0.00000000000000e+00
1.50259084251169e+00
0.00000000000000e+00
0.00000000000000e+00
1.00004607893837e+00
0.00000000000000e+00
0.00000000000000e+00
0.00000000000000e+00
1.00001151993365e+00
0.00000000000000e+00
0.00000000000000e+00
1.42345646338171e+00
5.08636131435477e+00
6.40459519885645e-01
0.00000000000000e+00
5.54634172783469e-01
0.00000000000000e+00
4.23335689051585e+00
4.73708737551092e-01
3.18859366504095e-01
0.00000000000000e+00
0.00000000000000e+00
6.91050252649569e+00
0.00000000000000e+00
9.35154826350463e-01
7.78271188374352e-01
1.30592633177447e+00
3.04787851971294e+00
5.46066861444887e+00
1.47646060443193e+00
2.94400967389716e+00
5.79186036966646e+00
0.00000000000000e+00
0.00000000000000e+00
0.00000000000000e+00
0.00000000000000e+00
0.00000000000000e+00
5.93634472079703e-01
2.85489848870778e+00
1.59517328174097e+00
8.53573533598310e+00
4.50834480711414e+00
0.00000000000000e+00
9.78888792099672e+00
0.00000000000000e+00
2.83180522651321e+00
4.73708737551092e-01
1.78163930091368e+00
0.00000000000000e+00
0.00000000000000e+00
5.35656698795954e+00
0.00000000000000e+00
0.00000000000000e+00
1.65670791804637e+00
5.29170285446412e-01
4.36071395635624e+00
0.00000000000000e+00
4.09150875154691e+00
0.00000000000000e+00
4.19779264068799e+00
2.33421559689159e+00
0.00000000000000e+00
0.00000000000000e+00
0.00000000000000e+00
1.51225914969498e+00
3.70343476032876e+00
1.32014353910869e+00
0.00000000000000e+00
0.00000000000000e+00
0.00000000000000e+00
6.34205445067323e+00
1.10275415961962e+00
3.25188719603276e+00
8.46072606016622e-01
0.00000000000000e+00
0.00000000000000e+00
3.67819700562860e+00
6.35704702091112e-01
1.56011158530332e+00
1.13778172383054e+00
0.00000000000000e+00
0.00000000000000e+00
0.00000000000000e+00
0.00000000000000e+00
0.00000000000000e+00
0.00000000000000e+00
5.01145088400445e-01
5.01145088400445e-01
8.00846066529706e-01
1.59449509149294e+00
7.66101236395296e-01
7.51984813676446e-01
4.77841212290208e-01
0.00000000000000e+00
9.78888792099672e+00
0.00000000000000e+00
0.00000000000000e+00
0.00000000000000e+00
0.00000000000000e+00
0.00000000000000e+00
5.36308566571988e-01
1.94754659893437e+01
0.00000000000000e+00
5.39948033179209e-01
2.44802186519353e+00
0.00000000000000e+00
0.00000000000000e+00
2.66473146439462e+00
0.00000000000000e+00
0.00000000000000e+00
2.32425343390386e+00
0.00000000000000e+00
0.00000000000000e+00
0.00000000000000e+00
0.00000000000000e+00
1.02831840234663e+00
1.28176982801248e+01
4.46275092745625e-01
1.23921844319464e+00
1.29427263711064e+00
2.38614416628982e+00
2.69332588205515e+00
0.00000000000000e+00
2.62734962921863e+00
0.00000000000000e+00
0.00000000000000e+00
0.00000000000000e+00
0.00000000000000e+00
0.00000000000000e+00
4.55207922082265e-01
0.00000000000000e+00
0.00000000000000e+00
1.42345646338171e+00
3.68544291754543e+00
5.23950360019694e-01
4.37149675246613e-01
1.15186679566265e+00
1.31651498119420e+00
1.00001799983800e+00
0.00000000000000e+00
0.00000000000000e+00
2.82750969582520e+00
7.38101512529918e-01
0.00000000000000e+00
2.64808796113062e+00
6.81671589864955e+00
1.07646084528715e+00
0.00000000000000e+00
3.00863739142837e+00
1.39083579433201e+00
6.25506868108537e+00
0.00000000000000e+00
0.00000000000000e+00
4.99608552945428e-01
1.00407776591258e+00
0.00000000000000e+00
0.00000000000000e+00
1.31651498119420e+00
0.00000000000000e+00
0.00000000000000e+00
1.18877215530671e+00
7.46079564983820e-01
1.72243556236020e+00
6.44959610075251e-01
4.54945382921305e+00
0.00000000000000e+00
1.03538766247970e+00
1.69833868960690e+00
0.00000000000000e+00
6.50891223915708e-01
3.54939480915771e-01
5.79081241260381e-01
2.00345445668226e+00
0.00000000000000e+00
0.00000000000000e+00
1.05664563346473e+00
0.00000000000000e+00
3.91594097108900e+00
0.00000000000000e+00
0.00000000000000e+00
0.00000000000000e+00
0.00000000000000e+00
0.00000000000000e+00
1.30636885735988e+00
1.90807427747809e+00
9.66193507111671e-01
0.00000000000000e+00
0.00000000000000e+00
4.02748408656808e+00
1.79108493048427e+00
0.00000000000000e+00
1.69468860321125e+00
2.01742127154857e+00
0.00000000000000e+00
1.68424263582352e+00
0.00000000000000e+00
0.00000000000000e+00
9.77727616279320e-01
2.80081911457975e+00
0.00000000000000e+00
2.48895706675218e+00
1.52981954984871e+00
1.54118372803911e+01
4.46275092745625e-01
0.00000000000000e+00
0.00000000000000e+00
0.00000000000000e+00
1.92280323027996e+00
0.00000000000000e+00
0.00000000000000e+00
7.33483117033754e-01
0.00000000000000e+00
7.24535545567855e+00
2.21262871645763e+00
1.00247501714507e+00
0.00000000000000e+00
4.37101272285454e+00
1.11363169601937e+00
0.00000000000000e+00
1.78424436323107e+01
1.15884871181236e+01
0.00000000000000e+00
8.01224089436174e-01
9.90454187924472e+00
0.00000000000000e+00
3.41581996606966e+00
1.27091472630266e+00
0.00000000000000e+00
0.00000000000000e+00
4.67799572560273e-01
0.00000000000000e+00
5.63293576110169e+01
5.36346156617991e-01
1.74712167712708e+00
0.00000000000000e+00
7.09933568262406e-01
0.00000000000000e+00
8.21730264246023e-01
0.00000000000000e+00
0.00000000000000e+00
0.00000000000000e+00
3.06463795440708e+01
5.27235964193153e+00
1.08421800157535e+00
9.70630654330587e+00
0.00000000000000e+00
0.00000000000000e+00
3.92396195307132e+00
1.40309595370401e+00
0.00000000000000e+00
0.00000000000000e+00
0.00000000000000e+00
3.55595759130645e-01
3.60045294945550e+00
0.00000000000000e+00
7.38876694080908e-01
1.82513841582379e+00
0.00000000000000e+00
2.84927298596812e+00
1.52610879291776e+01
0.00000000000000e+00
0.00000000000000e+00
1.14738075747571e+00
5.01854112223838e+00
6.44959610075251e-01
1.84402673783713e+00
0.00000000000000e+00
0.00000000000000e+00
4.62782799719082e+00
0.00000000000000e+00
2.48895706675218e+00
8.45038357918721e-01
1.69604902753504e+00
4.71935081243774e-01
4.48235147138768e-01
0.00000000000000e+00
1.18148269020371e+00
0.00000000000000e+00
7.72598765981233e+00
0.00000000000000e+00
1.42104963011460e+00
0.00000000000000e+00
0.00000000000000e+00
8.64569061527398e-01
1.17311560331313e+00
0.00000000000000e+00
0.00000000000000e+00
7.71781373967425e-01
3.35148084355733e+00
0.00000000000000e+00
9.84112648295532e-01
1.27290568242429e+00
1.00264641823526e+00
2.83974036229541e+00
1.47179159268052e+00
0.00000000000000e+00
2.43280746727408e+00
9.54742371132522e-01
5.42197077693282e+00
5.72967886086426e-01
0.00000000000000e+00
0.00000000000000e+00
1.81719366385677e+00
3.74143321435393e+00
2.20456743313779e+00
1.48530656312277e+00
0.00000000000000e+00
4.92624977359312e+00
0.00000000000000e+00
2.07713807466084e+00
3.92396195307132e+00
8.57451649183462e-01
4.37378156105519e-01
1.23505495546884e+01
0.00000000000000e+00
3.89107469271004e+00
0.00000000000000e+00
0.00000000000000e+00
2.66199592800975e+00
1.37763885660485e+01
9.41664704293863e+00
1.54750398158728e+01
5.63426177889649e-01
5.71323319623485e+00
8.15900422398779e-01
6.24970710072141e-01
8.85611143628883e-01
8.17460522872451e+00
0.00000000000000e+00
3.58058877890498e+00
4.83721093630856e+00
4.82180945013948e+00
0.00000000000000e+00
5.59642265034547e+00
0.00000000000000e+00
0.00000000000000e+00
9.04732708262857e-01
4.58399621327494e-01
1.21927006984931e+01
1.08599695254232e+02
1.76273151043153e+00
0.00000000000000e+00
3.50843826100467e+00
0.00000000000000e+00
1.06203327909408e+00
3.68068120732539e+00
4.94952046186020e+00
6.83469878046063e+00
4.77841212290208e-01
2.51150273479362e+00
7.50832202617366e-01
5.77430048632138e+00
3.47221791126608e+00
0.00000000000000e+00
0.00000000000000e+00
0.00000000000000e+00
2.15174714663810e+00
3.72882864856975e+00
1.84753937386388e+01
3.77181995204821e+00
0.00000000000000e+00
0.00000000000000e+00
3.45942188018937e+00
0.00000000000000e+00
9.66992661331341e+00
1.55516372448774e+00
4.93437598564257e+00
2.09074119018053e+01
4.21356678575005e+00
7.38876694080908e-01
4.32290082053139e+00
0.00000000000000e+00
0.00000000000000e+00
3.55921480298303e+00
2.14916640213487e+00
0.00000000000000e+00
0.00000000000000e+00
0.00000000000000e+00
0.00000000000000e+00
0.00000000000000e+00
0.00000000000000e+00
0.00000000000000e+00
0.00000000000000e+00
2.31148345863077e+00
8.20142392350338e-01
0.00000000000000e+00
6.34027399894947e+00
6.94128390906499e+00
0.00000000000000e+00
7.62891995648305e-01
8.35877646359316e+00
1.65999738961235e+00
4.27252771729913e-01
4.91906809486103e-01
0.00000000000000e+00
1.70647777241291e+00
1.05225632091496e+00
8.37438073786404e-01
0.00000000000000e+00
1.98053575199383e+01
0.00000000000000e+00
5.30184190495497e-01
1.72746883356854e+00
0.00000000000000e+00
1.12342597048974e+01
0.00000000000000e+00
3.48643020437397e+00
2.06959364387758e+00
3.36876833466230e+00
7.87933087766868e+00
5.66622014935340e+00
2.78713975122057e+00
0.00000000000000e+00
0.00000000000000e+00
0.00000000000000e+00
0.00000000000000e+00
2.67272759676015e+00
7.69444326119447e+00
7.57646490293177e+00
2.88009745865328e+00
4.48235147138768e-01
0.00000000000000e+00
2.60451206703906e+00
2.28782326007227e+00
2.30645236920639e+00
0.00000000000000e+00
4.73728147764757e-01
1.10536567811776e+00
1.08444686499427e+01
5.96205644107692e-01
1.23451269642960e+00
3.43694499207574e+00
2.97862126644638e+00
5.63426177889649e-01
7.66135148348873e+00
1.13227859419830e+01
0.00000000000000e+00
2.59252147036094e+00
1.66059223471506e+00
6.16625980001439e-01
0.00000000000000e+00
4.13406087581261e+00
0.00000000000000e+00
0.00000000000000e+00
0.00000000000000e+00
8.29800446484876e-01
0.00000000000000e+00
1.48815336065994e+00
0.00000000000000e+00
0.00000000000000e+00
2.98425161880157e+00
3.09900242622443e+00
1.94202642254624e+00
8.29094134962297e-01
0.00000000000000e+00
4.81241304671332e+00
1.60711052685936e+01
9.86728344314464e+00
6.12393876265932e+00
3.86695418179621e+00
0.00000000000000e+00
8.44441083669071e+00
8.60269182284170e+00
5.65201370448537e+00
7.39053134889119e+00
2.98425161880157e+00
0.00000000000000e+00
3.25216506027491e+00
2.14878616988707e+00
4.81241304671332e+00
4.19198102731464e+00
9.01824181784168e+00
0.00000000000000e+00
3.89977127794856e+00
6.61625935911754e+00
7.96732369265051e+00
7.13920490332894e-01
1.50878035274561e+00
0.00000000000000e+00
6.27486801445902e+00
2.83539667065446e+01
3.09246384199477e+00
0.00000000000000e+00
1.80177269269731e+00
3.37514817565160e+00
0.00000000000000e+00
1.17302846610649e+01
1.97197417233805e+01
0.00000000000000e+00
0.00000000000000e+00
2.40152145346595e+00
8.38832836021443e+00
1.51783173762481e+00
2.70390027176591e+00
1.07942432387734e+01
1.61185696550898e+01
1.27257039900362e+01
0.00000000000000e+00
6.11817619737088e+00
1.09994892710652e+01
1.88288762169954e+01
1.00664069497800e+01
0.00000000000000e+00
0.00000000000000e+00
8.10199265330774e-01
6.42868845918497e+00
6.78502328288015e+00
9.11848261587801e+00
8.52489408673815e-01
2.99365398690035e+00
3.17381479580550e+01
3.54611920786104e+01
1.51696807054479e+00
1.20223979623714e+01
3.96420779081005e+00
6.95044315113544e-01
6.47162332836740e+00
0.00000000000000e+00
2.55540298171989e+00
0.00000000000000e+00
0.00000000000000e+00
6.52102078825137e+01
5.64263076294499e-01
3.37313077308352e+00
1.31072830255298e+00
6.31935659886262e+00
1.39297874697630e+00
4.76468788421681e+00
0.00000000000000e+00
9.00754936712457e-01
7.64035763317872e+00
0.00000000000000e+00
8.83895730071307e+00
2.59481230597537e+01
0.00000000000000e+00
0.00000000000000e+00
0.00000000000000e+00
0.00000000000000e+00
0.00000000000000e+00
1.16085024305432e+01
2.86263556032885e+01
0.00000000000000e+00
3.12428689172595e+00
7.04946515499578e+00
0.00000000000000e+00
9.65731309365939e+00
1.13141919089904e+00
5.07465445738098e+00
1.82678709804128e+00
5.26716436225351e+01
2.85280075435226e+00
8.66697011208782e+00
3.86687736808509e+01
1.17722479300869e+00
0.00000000000000e+00
1.42420803412997e+01
0.00000000000000e+00
9.44286425021974e+00
6.98003856344910e+01
1.67764885668849e+00
8.93118271656055e+00
8.16813251694513e+00
0.00000000000000e+00
0.00000000000000e+00
0.00000000000000e+00
1.74008261490705e+01
4.46600127508304e+01
1.26531410333673e+01
3.25216506027491e+00
1.69816775113305e+01
9.00754936712457e-01
0.00000000000000e+00
0.00000000000000e+00
5.87358608359480e+00
0.00000000000000e+00
0.00000000000000e+00
0.00000000000000e+00
0.00000000000000e+00
0.00000000000000e+00
0.00000000000000e+00
0.00000000000000e+00
0.00000000000000e+00
0.00000000000000e+00
0.00000000000000e+00
1.29926522408597e+01
0.00000000000000e+00
0.00000000000000e+00
0.00000000000000e+00
2.72796143172893e+00
8.85280373428837e-01
1.00098793638678e+01
0.00000000000000e+00
1.54900603551793e+01
0.00000000000000e+00
0.00000000000000e+00
0.00000000000000e+00
0.00000000000000e+00
0.00000000000000e+00
2.43683503295671e+00
0.00000000000000e+00
9.79655041625934e-01
1.20800331369974e+00
0.00000000000000e+00
1.00554137139233e+00
0.00000000000000e+00
0.00000000000000e+00
8.65333481155699e-01
0.00000000000000e+00
8.65333481155699e-01
0.00000000000000e+00
0.00000000000000e+00
9.65682965742197e+00
0.00000000000000e+00
1.38095078321873e+00
0.00000000000000e+00
0.00000000000000e+00
2.07012720333185e+01
2.15173285022819e+01
8.92173613160131e-01
0.00000000000000e+00
1.24277479281075e+00
8.92173613160131e-01
1.36442836388189e+01
1.14956644439035e+00
9.75705534827148e+00
5.19752230863069e-01
0.00000000000000e+00
1.34921046810187e+01
6.65855595327611e+00
1.03351076999363e+01
1.49290439940154e+01
4.68937924656223e+01
9.33210631362627e+00
2.21692901474536e+01
3.94196639261234e+00
0.00000000000000e+00
6.09663998634416e+01
0.00000000000000e+00
5.40331303884055e+00
9.91497293732423e+00
1.49705729774434e+01
1.39817540803759e+01
6.04860627081668e+00
5.12134764014060e+00
2.07702562139952e+01
0.00000000000000e+00
7.82058223545924e+00
5.52809679271326e+00
1.52789186619172e+01
2.20754868586245e+01
6.66666999999936e-01
2.53590428468223e+01
0.00000000000000e+00
0.00000000000000e+00
0.00000000000000e+00
3.09900242622443e+00
0.00000000000000e+00
8.40184263162371e+00
2.98356608615812e+01
2.32521216303416e+01
9.78842263089457e+00
4.30076175352963e+00
1.70648172113609e+01
2.56687179939193e+00
3.74245157522820e+01
6.44040355636627e+00
2.63549464110415e+00
1.22032547095239e+01
0.00000000000000e+00
1.96084025887927e+00
0.00000000000000e+00
0.00000000000000e+00
0.00000000000000e+00
4.48208695102932e+01
1.70756280094611e+01
1.93289895747841e+01
2.51200379949419e+01
5.85764216027667e+00
0.00000000000000e+00
0.00000000000000e+00
2.05345108012235e+01
3.47179229529466e+00
4.22938040689772e+00
1.10198439192581e+00
0.00000000000000e+00
0.00000000000000e+00
2.53590428468223e+01
0.00000000000000e+00
1.90269424430501e+00
0.00000000000000e+00
6.22390838330992e+00
2.25710670542566e+01
0.00000000000000e+00
3.44122365857299e+00
1.02579089967520e+01
2.88383327027589e+00
7.23553188365286e+01
3.37795065020009e+00
5.94834986418255e+00
7.55002012222155e+00
3.86736012170387e+00
1.29761418139215e+01
2.24726123218306e+00
4.15709910321149e+00
1.48722603361526e+01
2.80701837094129e+00
1.54233733780436e+00
1.16803335698016e+00
0.00000000000000e+00
1.27763721721787e+01
1.93397961780482e+01
8.53118706498780e+00
0.00000000000000e+00
8.10507286923190e+00
5.68912607001450e+00
9.52801984704944e+00
7.10397878263590e+00
8.53453232612972e+00
6.03130568238245e+00
0.00000000000000e+00
2.11251384267279e+00
3.07109903298927e+01
0.00000000000000e+00
3.89591944890580e+00
5.95714084846466e+00
8.14855509044075e+00
7.45325635641068e+00
7.92238832057616e+00
0.00000000000000e+00
8.83033045296135e+00
0.00000000000000e+00
1.36442836388189e+01
3.27440952420771e+01
3.35800618174029e+01
1.74699387119859e+00
2.44893484730940e+01
1.10316926393485e+00
3.11669963244187e+01
0.00000000000000e+00
0.00000000000000e+00
7.78044271437046e+00
1.31789893166280e+01
4.27271171828632e+00
0.00000000000000e+00
0.00000000000000e+00
0.00000000000000e+00
0.00000000000000e+00
2.19284033692538e+00
0.00000000000000e+00
4.92961309908464e+00
1.27580521783187e+01
1.98565508428436e+01
1.19354986189769e+00
1.40131572865086e+01
1.24670968933333e+01
5.85356591561236e-01
2.62072682797060e+00
1.14949703960824e+01
1.64573588556731e+00
6.61349070183344e+01
0.00000000000000e+00
0.00000000000000e+00
6.24541746065602e-01
1.91989792429426e+00
4.60487200474448e+01
3.03539420120120e-01
1.14723051473823e+01
7.57310254126638e+00
1.22635148154481e+00
8.34273312279001e+00
1.34392854700597e+01
1.59922102275772e+00
8.74894581239779e+00
1.28319196949512e+00
1.98617198648794e+00
2.52503327118275e+00
0.00000000000000e+00
6.97962753039334e-01
0.00000000000000e+00
3.69700489743201e+01
0.00000000000000e+00
0.00000000000000e+00
0.00000000000000e+00
5.20384011267432e+01
0.00000000000000e+00
8.25134816659602e+00
7.32097234079333e+00
8.76401208811722e+00
7.24606171506232e+00
1.09551413922220e+01
0.00000000000000e+00
2.22445625984463e+00
0.00000000000000e+00
1.97222592936205e+01
0.00000000000000e+00
5.58565394433211e+01
6.26191154021422e+01
6.85161253122013e+00
1.41787086621771e+01
1.02647642107432e+01
9.19094773893311e+00
2.02975324006791e+01
1.15523272233740e+02
7.75725061033782e+00
5.70030641442495e+00
1.43198789999893e+01
1.52601172765581e+00
4.44713843903164e+01
5.81492983019002e+01
3.91090571944766e+01
0.00000000000000e+00
4.18742204087107e+00
6.87301274373200e+01
6.87290368422610e+00
7.38816127309145e+00
5.48079706158322e+00
1.37161596379056e+01
7.76535180534720e+01
1.42034915468404e+01
8.10377804975340e+00
8.62373062719926e+00
7.20245221590959e+00
5.22576930533227e+01
0.00000000000000e+00
8.11113980462888e+00
9.00430651687506e+01
2.38655778586014e+01
5.43039709686616e+01
1.22461990559789e+02
5.46714732811940e+01
1.14196519121777e+02
5.69960403056716e+01
2.86541055191752e+01
3.45784266671940e+01
8.79632054333031e+00
7.38561495233427e+00
3.94196639261234e+00
1.05781391465649e+01
1.77991223630953e+01
3.83110169088243e+00
1.42927709487373e+01
5.50453778315982e+01
2.91991849274631e+01
1.49950025443749e+01
2.53052831733820e+01
9.57247550723682e+00
3.11879794247128e+01
1.91743131934515e+01
5.92230223671825e+00
5.04266472715754e+00
6.22941369566429e+01
5.88301901900948e+01
2.90001669166397e+01
8.76823602327405e+00
4.22410364404003e+01
5.66495876310647e+00
3.25972246129509e+01
0.00000000000000e+00
4.28442945377878e+00
1.99793581918987e+01
3.38138491165364e+01
1.09379555435132e+02
5.65996250204024e+01
3.34913198988200e+01
7.20623387418098e+01
8.87772925542682e+01
4.68920569225823e+01
0.00000000000000e+00
1.43163140515086e+02
1.55273778664757e+01
1.24164045451991e+00
7.50905057977842e+00
7.30804561818316e+00
1.20938796920456e+01
1.19961950347345e+02
0.00000000000000e+00
3.94542662827600e+01
3.00897457965701e+01
0.00000000000000e+00
6.79793952813356e+00
0.00000000000000e+00
1.83114268985730e+01
2.25567067596648e+01
1.63737223212453e+01
1.06133619931156e+02
7.64273537301453e+00
3.40753309601604e+01
0.00000000000000e+00
0.00000000000000e+00
2.11881769370615e+01
0.00000000000000e+00
0.00000000000000e+00
1.22028871843341e+01
1.00050044441072e+02
1.30297870783899e+02
1.09317306859854e+02
3.28289607347216e+01
6.06721481589169e+01
0.00000000000000e+00
0.00000000000000e+00
0.00000000000000e+00
0.00000000000000e+00
0.00000000000000e+00
0.00000000000000e+00
0.00000000000000e+00
3.04152123406845e+01
0.00000000000000e+00
9.28389437591044e+01
2.06154263780427e+01
0.00000000000000e+00
5.31413999747364e+01
8.48566549991408e+01
0.00000000000000e+00
0.00000000000000e+00
0.00000000000000e+00
7.68653543730790e+01
0.00000000000000e+00
0.00000000000000e+00
0.00000000000000e+00
0.00000000000000e+00
0.00000000000000e+00
0.00000000000000e+00
0.00000000000000e+00
8.72592269491508e+01
7.77740474433321e+01
0.00000000000000e+00
0.00000000000000e+00
0.00000000000000e+00
0.00000000000000e+00
0.00000000000000e+00
0.00000000000000e+00
0.00000000000000e+00
0.00000000000000e+00
0.00000000000000e+00
0.00000000000000e+00
0.00000000000000e+00
0.00000000000000e+00
0.00000000000000e+00
0.00000000000000e+00
0.00000000000000e+00
0.00000000000000e+00
0.00000000000000e+00
0.00000000000000e+00
0.00000000000000e+00
0.00000000000000e+00
1.75208782953750e+01
0.00000000000000e+00
1.59753651203277e+01
5.86367728224573e+01
4.63024623218512e+01
4.50201218570363e+01
0.00000000000000e+00
1.86914417534942e+02
1.33770506455432e+02
0.00000000000000e+00
0.00000000000000e+00
1.52977673573585e+02
0.00000000000000e+00
3.57072860611940e+01
0.00000000000000e+00
0.00000000000000e+00
0.00000000000000e+00
7.76535180534720e+01
4.24773321796972e+01
4.42472210205179e+01
0.00000000000000e+00
0.00000000000000e+00
0.00000000000000e+00
0.00000000000000e+00
0.00000000000000e+00
0.00000000000000e+00
0.00000000000000e+00
0.00000000000000e+00
0.00000000000000e+00
0.00000000000000e+00
0.00000000000000e+00
0.00000000000000e+00
0.00000000000000e+00
0.00000000000000e+00
0.00000000000000e+00
0.00000000000000e+00
0.00000000000000e+00
0.00000000000000e+00
0.00000000000000e+00
0.00000000000000e+00
0.00000000000000e+00
0.00000000000000e+00
0.00000000000000e+00
0.00000000000000e+00
0.00000000000000e+00
0.00000000000000e+00
0.00000000000000e+00
0.00000000000000e+00
0.00000000000000e+00
0.00000000000000e+00
0.00000000000000e+00
2.67031431815477e+01
0.00000000000000e+00
0.00000000000000e+00
0.00000000000000e+00
0.00000000000000e+00
0.00000000000000e+00
0.00000000000000e+00
0.00000000000000e+00
0.00000000000000e+00
0.00000000000000e+00
0.00000000000000e+00
0.00000000000000e+00
0.00000000000000e+00
0.00000000000000e+00
0.00000000000000e+00
0.00000000000000e+00
0.00000000000000e+00
0.00000000000000e+00
0.00000000000000e+00
0.00000000000000e+00
0.00000000000000e+00
0.00000000000000e+00
0.00000000000000e+00
0.00000000000000e+00
0.00000000000000e+00
0.00000000000000e+00
0.00000000000000e+00
0.00000000000000e+00
0.00000000000000e+00
0.00000000000000e+00
0.00000000000000e+00
0.00000000000000e+00
0.00000000000000e+00
0.00000000000000e+00
0.00000000000000e+00
0.00000000000000e+00
0.00000000000000e+00
0.00000000000000e+00
0.00000000000000e+00
0.00000000000000e+00
0.00000000000000e+00
0.00000000000000e+00
0.00000000000000e+00
0.00000000000000e+00
0.00000000000000e+00
0.00000000000000e+00
0.00000000000000e+00
0.00000000000000e+00
0.00000000000000e+00
0.00000000000000e+00
0.00000000000000e+00
0.00000000000000e+00
0.00000000000000e+00
0.00000000000000e+00
0.00000000000000e+00
0.00000000000000e+00
0.00000000000000e+00
0.00000000000000e+00
0.00000000000000e+00
0.00000000000000e+00
0.00000000000000e+00
0.00000000000000e+00
0.00000000000000e+00
0.00000000000000e+00
0.00000000000000e+00
0.00000000000000e+00
0.00000000000000e+00
0.00000000000000e+00
0.00000000000000e+00
0.00000000000000e+00
0.00000000000000e+00
0.00000000000000e+00
0.00000000000000e+00
0.00000000000000e+00
0.00000000000000e+00
0.00000000000000e+00
0.00000000000000e+00
0.00000000000000e+00
0.00000000000000e+00
0.00000000000000e+00
0.00000000000000e+00
0.00000000000000e+00
0.00000000000000e+00
0.00000000000000e+00
0.00000000000000e+00
0.00000000000000e+00
0.00000000000000e+00
0.00000000000000e+00
0.00000000000000e+00
0.00000000000000e+00
0.00000000000000e+00
0.00000000000000e+00
0.00000000000000e+00
0.00000000000000e+00
0.00000000000000e+00
0.00000000000000e+00
0.00000000000000e+00
0.00000000000000e+00
0.00000000000000e+00
0.00000000000000e+00
0.00000000000000e+00
0.00000000000000e+00
0.00000000000000e+00
0.00000000000000e+00
0.00000000000000e+00
0.00000000000000e+00
0.00000000000000e+00
0.00000000000000e+00
0.00000000000000e+00
0.00000000000000e+00
0.00000000000000e+00
0.00000000000000e+00
0.00000000000000e+00
0.00000000000000e+00
0.00000000000000e+00
0.00000000000000e+00
0.00000000000000e+00
0.00000000000000e+00
0.00000000000000e+00
0.00000000000000e+00
0.00000000000000e+00
0.00000000000000e+00
0.00000000000000e+00
0.00000000000000e+00
0.00000000000000e+00
0.00000000000000e+00
0.00000000000000e+00
0.00000000000000e+00
0.00000000000000e+00
0.00000000000000e+00
0.00000000000000e+00
0.00000000000000e+00
0.00000000000000e+00
0.00000000000000e+00
0.00000000000000e+00
0.00000000000000e+00
0.00000000000000e+00
0.00000000000000e+00
0.00000000000000e+00
0.00000000000000e+00
0.00000000000000e+00
0.00000000000000e+00
0.00000000000000e+00
0.00000000000000e+00
0.00000000000000e+00
0.00000000000000e+00
0.00000000000000e+00
0.00000000000000e+00
0.00000000000000e+00
0.00000000000000e+00
0.00000000000000e+00
0.00000000000000e+00
0.00000000000000e+00
0.00000000000000e+00
0.00000000000000e+00
0.00000000000000e+00
0.00000000000000e+00
0.00000000000000e+00
0.00000000000000e+00
0.00000000000000e+00
0.00000000000000e+00
0.00000000000000e+00
0.00000000000000e+00
0.00000000000000e+00
0.00000000000000e+00
0.00000000000000e+00
0.00000000000000e+00
0.00000000000000e+00
0.00000000000000e+00
0.00000000000000e+00
0.00000000000000e+00
0.00000000000000e+00
0.00000000000000e+00
0.00000000000000e+00
0.00000000000000e+00
0.00000000000000e+00
0.00000000000000e+00
0.00000000000000e+00
0.00000000000000e+00
0.00000000000000e+00
0.00000000000000e+00
0.00000000000000e+00
0.00000000000000e+00
0.00000000000000e+00
0.00000000000000e+00
0.00000000000000e+00
0.00000000000000e+00
0.00000000000000e+00
0.00000000000000e+00
0.00000000000000e+00
0.00000000000000e+00
0.00000000000000e+00
0.00000000000000e+00
0.00000000000000e+00
0.00000000000000e+00
0.00000000000000e+00
0.00000000000000e+00
0.00000000000000e+00
0.00000000000000e+00
0.00000000000000e+00
0.00000000000000e+00
0.00000000000000e+00
0.00000000000000e+00
0.00000000000000e+00
0.00000000000000e+00
0.00000000000000e+00
0.00000000000000e+00
0.00000000000000e+00
0.00000000000000e+00
0.00000000000000e+00
0.00000000000000e+00
0.00000000000000e+00
0.00000000000000e+00
0.00000000000000e+00
0.00000000000000e+00
0.00000000000000e+00
0.00000000000000e+00
0.00000000000000e+00
0.00000000000000e+00
0.00000000000000e+00
0.00000000000000e+00
0.00000000000000e+00
0.00000000000000e+00
0.00000000000000e+00
0.00000000000000e+00
0.00000000000000e+00
0.00000000000000e+00
0.00000000000000e+00
0.00000000000000e+00
0.00000000000000e+00
0.00000000000000e+00
0.00000000000000e+00
0.00000000000000e+00
0.00000000000000e+00
0.00000000000000e+00
0.00000000000000e+00
0.00000000000000e+00
0.00000000000000e+00
0.00000000000000e+00
0.00000000000000e+00
0.00000000000000e+00
0.00000000000000e+00
0.00000000000000e+00
0.00000000000000e+00
0.00000000000000e+00
0.00000000000000e+00
0.00000000000000e+00
0.00000000000000e+00
0.00000000000000e+00
0.00000000000000e+00
0.00000000000000e+00
0.00000000000000e+00
0.00000000000000e+00
0.00000000000000e+00
0.00000000000000e+00
0.00000000000000e+00
0.00000000000000e+00
0.00000000000000e+00
0.00000000000000e+00
0.00000000000000e+00
0.00000000000000e+00
0.00000000000000e+00
0.00000000000000e+00
0.00000000000000e+00
0.00000000000000e+00
0.00000000000000e+00
0.00000000000000e+00
0.00000000000000e+00
0.00000000000000e+00
0.00000000000000e+00
0.00000000000000e+00
0.00000000000000e+00
0.00000000000000e+00
0.00000000000000e+00
0.00000000000000e+00
0.00000000000000e+00
0.00000000000000e+00
0.00000000000000e+00
0.00000000000000e+00
0.00000000000000e+00
0.00000000000000e+00
0.00000000000000e+00
0.00000000000000e+00
0.00000000000000e+00
0.00000000000000e+00
0.00000000000000e+00
0.00000000000000e+00
0.00000000000000e+00
0.00000000000000e+00
0.00000000000000e+00
0.00000000000000e+00
0.00000000000000e+00
0.00000000000000e+00
0.00000000000000e+00
0.00000000000000e+00
0.00000000000000e+00
0.00000000000000e+00
0.00000000000000e+00
0.00000000000000e+00
0.00000000000000e+00
0.00000000000000e+00
0.00000000000000e+00
0.00000000000000e+00
0.00000000000000e+00
0.00000000000000e+00
0.00000000000000e+00
0.00000000000000e+00
0.00000000000000e+00
0.00000000000000e+00
0.00000000000000e+00
0.00000000000000e+00
0.00000000000000e+00
0.00000000000000e+00
0.00000000000000e+00
0.00000000000000e+00
0.00000000000000e+00
0.00000000000000e+00
0.00000000000000e+00
0.00000000000000e+00
0.00000000000000e+00
0.00000000000000e+00
0.00000000000000e+00
0.00000000000000e+00
0.00000000000000e+00
0.00000000000000e+00
0.00000000000000e+00
0.00000000000000e+00
0.00000000000000e+00
0.00000000000000e+00
0.00000000000000e+00
0.00000000000000e+00
0.00000000000000e+00
0.00000000000000e+00
0.00000000000000e+00
0.00000000000000e+00
0.00000000000000e+00
0.00000000000000e+00
0.00000000000000e+00
0.00000000000000e+00
0.00000000000000e+00
0.00000000000000e+00
0.00000000000000e+00
0.00000000000000e+00
0.00000000000000e+00
0.00000000000000e+00
0.00000000000000e+00
0.00000000000000e+00
0.00000000000000e+00
0.00000000000000e+00
0.00000000000000e+00
0.00000000000000e+00
0.00000000000000e+00
0.00000000000000e+00
0.00000000000000e+00
0.00000000000000e+00
0.00000000000000e+00
0.00000000000000e+00
0.00000000000000e+00
0.00000000000000e+00
0.00000000000000e+00
0.00000000000000e+00
0.00000000000000e+00
0.00000000000000e+00
0.00000000000000e+00
0.00000000000000e+00
0.00000000000000e+00
0.00000000000000e+00
0.00000000000000e+00
0.00000000000000e+00
0.00000000000000e+00
0.00000000000000e+00
0.00000000000000e+00
0.00000000000000e+00
0.00000000000000e+00
0.00000000000000e+00
0.00000000000000e+00
0.00000000000000e+00
0.00000000000000e+00
0.00000000000000e+00
0.00000000000000e+00
0.00000000000000e+00
0.00000000000000e+00
0.00000000000000e+00
0.00000000000000e+00
0.00000000000000e+00
0.00000000000000e+00
0.00000000000000e+00
0.00000000000000e+00
0.00000000000000e+00
0.00000000000000e+00
0.00000000000000e+00
0.00000000000000e+00
0.00000000000000e+00
0.00000000000000e+00
0.00000000000000e+00
0.00000000000000e+00
0.00000000000000e+00
0.00000000000000e+00
0.00000000000000e+00
0.00000000000000e+00
0.00000000000000e+00
0.00000000000000e+00
0.00000000000000e+00
0.00000000000000e+00
0.00000000000000e+00
0.00000000000000e+00
0.00000000000000e+00
0.00000000000000e+00
0.00000000000000e+00
0.00000000000000e+00
0.00000000000000e+00
0.00000000000000e+00
0.00000000000000e+00
0.00000000000000e+00
0.00000000000000e+00
0.00000000000000e+00
0.00000000000000e+00
0.00000000000000e+00
0.00000000000000e+00
0.00000000000000e+00
0.00000000000000e+00
0.00000000000000e+00
0.00000000000000e+00
0.00000000000000e+00
0.00000000000000e+00
0.00000000000000e+00
0.00000000000000e+00
0.00000000000000e+00
0.00000000000000e+00
0.00000000000000e+00
0.00000000000000e+00
0.00000000000000e+00
0.00000000000000e+00
0.00000000000000e+00
0.00000000000000e+00
0.00000000000000e+00
0.00000000000000e+00
0.00000000000000e+00
0.00000000000000e+00
0.00000000000000e+00
0.00000000000000e+00
0.00000000000000e+00
0.00000000000000e+00
0.00000000000000e+00
0.00000000000000e+00
0.00000000000000e+00
0.00000000000000e+00
0.00000000000000e+00
0.00000000000000e+00
0.00000000000000e+00
0.00000000000000e+00
0.00000000000000e+00
0.00000000000000e+00
0.00000000000000e+00
0.00000000000000e+00
0.00000000000000e+00
0.00000000000000e+00
0.00000000000000e+00
0.00000000000000e+00
0.00000000000000e+00
0.00000000000000e+00
0.00000000000000e+00
0.00000000000000e+00
0.00000000000000e+00
0.00000000000000e+00
0.00000000000000e+00
0.00000000000000e+00
0.00000000000000e+00
0.00000000000000e+00
0.00000000000000e+00
0.00000000000000e+00
0.00000000000000e+00
7.65833612896373e+01
0.00000000000000e+00
0.00000000000000e+00
0.00000000000000e+00
9.37436228424187e+00
6.77765760409598e+00
4.13193101707517e+01
3.06125649079133e+01
0.00000000000000e+00
0.00000000000000e+00
0.00000000000000e+00
0.00000000000000e+00
0.00000000000000e+00
0.00000000000000e+00
0.00000000000000e+00
0.00000000000000e+00
0.00000000000000e+00
0.00000000000000e+00
0.00000000000000e+00
0.00000000000000e+00
0.00000000000000e+00
0.00000000000000e+00
0.00000000000000e+00
0.00000000000000e+00
0.00000000000000e+00
0.00000000000000e+00
0.00000000000000e+00
0.00000000000000e+00
0.00000000000000e+00
0.00000000000000e+00
0.00000000000000e+00
0.00000000000000e+00
0.00000000000000e+00
0.00000000000000e+00
0.00000000000000e+00
0.00000000000000e+00
0.00000000000000e+00
0.00000000000000e+00
0.00000000000000e+00
0.00000000000000e+00
0.00000000000000e+00
0.00000000000000e+00
0.00000000000000e+00
0.00000000000000e+00
0.00000000000000e+00
0.00000000000000e+00
0.00000000000000e+00
0.00000000000000e+00
0.00000000000000e+00
0.00000000000000e+00
0.00000000000000e+00
0.00000000000000e+00
0.00000000000000e+00
0.00000000000000e+00
0.00000000000000e+00
0.00000000000000e+00
0.00000000000000e+00
0.00000000000000e+00
0.00000000000000e+00
0.00000000000000e+00
0.00000000000000e+00
0.00000000000000e+00
0.00000000000000e+00
0.00000000000000e+00
0.00000000000000e+00
0.00000000000000e+00
0.00000000000000e+00
0.00000000000000e+00
0.00000000000000e+00
0.00000000000000e+00
0.00000000000000e+00
0.00000000000000e+00
0.00000000000000e+00
0.00000000000000e+00
0.00000000000000e+00
0.00000000000000e+00
0.00000000000000e+00
0.00000000000000e+00
0.00000000000000e+00
0.00000000000000e+00
0.00000000000000e+00
0.00000000000000e+00
0.00000000000000e+00
0.00000000000000e+00
0.00000000000000e+00
0.00000000000000e+00
0.00000000000000e+00
0.00000000000000e+00
0.00000000000000e+00
0.00000000000000e+00
0.00000000000000e+00
0.00000000000000e+00
0.00000000000000e+00
0.00000000000000e+00
0.00000000000000e+00
0.00000000000000e+00
0.00000000000000e+00
0.00000000000000e+00
0.00000000000000e+00
0.00000000000000e+00
0.00000000000000e+00
0.00000000000000e+00
0.00000000000000e+00
0.00000000000000e+00
0.00000000000000e+00
0.00000000000000e+00
0.00000000000000e+00
0.00000000000000e+00
0.00000000000000e+00
0.00000000000000e+00
0.00000000000000e+00
0.00000000000000e+00
0.00000000000000e+00
0.00000000000000e+00
0.00000000000000e+00
0.00000000000000e+00
0.00000000000000e+00
0.00000000000000e+00
0.00000000000000e+00
