0.00000000000000e+00
0.00000000000000e+00
0.00000000000000e+00
0.00000000000000e+00
0.00000000000000e+00
0.00000000000000e+00
3.26819942935503e-01
1.06465406330161e+00
0.00000000000000e+00
0.00000000000000e+00
0.00000000000000e+00
0.00000000000000e+00
0.00000000000000e+00
1.18637177027569e+01
2.77912632040574e-01
3.18219151488032e-01
0.00000000000000e+00
0.00000000000000e+00
0.00000000000000e+00
0.00000000000000e+00
0.00000000000000e+00
3.46551089987036e+00
0.00000000000000e+00
0.00000000000000e+00
0.00000000000000e+00
0.00000000000000e+00
0.00000000000000e+00
1.00230636692501e-01
0.00000000000000e+00
0.00000000000000e+00
0.00000000000000e+00
0.00000000000000e+00
0.00000000000000e+00
0.00000000000000e+00
6.39926753621093e-02
0.00000000000000e+00
0.00000000000000e+00
0.00000000000000e+00
0.00000000000000e+00
0.00000000000000e+00
0.00000000000000e+00
0.00000000000000e+00
0.00000000000000e+00
0.00000000000000e+00
2.40001687494062e-01
2.60118115609228e-01
0.00000000000000e+00
2.15655767370137e-01
0.00000000000000e+00
0.00000000000000e+00
2.87541023160166e-01
0.00000000000000e+00
0.00000000000000e+00
0.00000000000000e+00
0.00000000000000e+00
0.00000000000000e+00
2.25677410161026e+00
0.00000000000000e+00
0.00000000000000e+00
6.81123600440972e-01
0.00000000000000e+00
0.00000000000000e+00
1.60777331310901e+00
1.19182226692495e+00
4.79694006264108e-01
0.00000000000000e+00
2.15655767370138e-01
2.95087456557713e+00
0.00000000000000e+00
0.00000000000000e+00
0.00000000000000e+00
1.84250032423406e-01
0.00000000000000e+00
0.00000000000000e+00
1.47685883197953e-01
0.00000000000000e+00
5.82754614208106e-02
0.00000000000000e+00
6.79908445138106e-01
0.00000000000000e+00
0.00000000000000e+00
0.00000000000000e+00
4.57054226458282e-01
2.75074706079599e-01
5.57682124260837e-01
0.00000000000000e+00
4.28212787523960e-01
0.00000000000000e+00
0.00000000000000e+00
0.00000000000000e+00
2.92288522030523e+00
4.44212786848828e-01
5.92283715798418e-01
1.72047846879669e-01
0.00000000000000e+00
0.00000000000000e+00
2.64144801406665e+00
1.75063368214834e+00
7.68893544466793e-02
0.00000000000000e+00
5.69704921105408e+00
0.00000000000000e+00
0.00000000000000e+00
0.00000000000000e+00
4.85348369730452e-01
0.00000000000000e+00
4.41418169086867e-01
0.00000000000000e+00
0.00000000000000e+00
0.00000000000000e+00
2.27497409623650e+00
0.00000000000000e+00
0.00000000000000e+00
0.00000000000000e+00
1.65652264928040e-01
0.00000000000000e+00
4.97884994796092e-01
0.00000000000000e+00
3.72084520741944e+00
2.87923600977756e-01
3.20002249992097e-01
3.26200205661819e-01
0.00000000000000e+00
2.26101172958018e-01
0.00000000000000e+00
8.63816540623779e-01
0.00000000000000e+00
1.16748825415413e-01
4.31885401466640e-01
0.00000000000000e+00
0.00000000000000e+00
0.00000000000000e+00
0.00000000000000e+00
0.00000000000000e+00
2.89376765048213e-01
0.00000000000000e+00
0.00000000000000e+00
1.37344667228803e+00
0.00000000000000e+00
0.00000000000000e+00
0.00000000000000e+00
4.55839297624613e-01
4.44212786848828e-01
0.00000000000000e+00
9.82811007998062e-01
0.00000000000000e+00
1.69071013166485e+00
0.00000000000000e+00
0.00000000000000e+00
0.00000000000000e+00
0.00000000000000e+00
0.00000000000000e+00
0.00000000000000e+00
0.00000000000000e+00
7.06417015650107e-01
2.40836807598736e-01
0.00000000000000e+00
8.06976205340143e-02
0.00000000000000e+00
0.00000000000000e+00
1.09203046337796e-01
9.00044998875090e-02
3.63257783653281e+00
1.82005638648916e-01
8.12395693966461e-01
6.00029999250060e-02
0.00000000000000e+00
0.00000000000000e+00
0.00000000000000e+00
0.00000000000000e+00
0.00000000000000e+00
3.93932718108217e-01
0.00000000000000e+00
1.60042199396507e-01
0.00000000000000e+00
2.02054840580377e+00
3.35892425228623e-01
2.00351041346614e-01
9.09188649291334e-02
3.72419924657820e+00
1.25828041233050e+00
0.00000000000000e+00
0.00000000000000e+00
0.00000000000000e+00
6.37070868686762e-01
1.89299803907420e-01
0.00000000000000e+00
0.00000000000000e+00
0.00000000000000e+00
2.82054837372354e+00
1.16000000000000e+00
1.47857171468160e+00
3.15408090626674e+00
0.00000000000000e+00
0.00000000000000e+00
2.71800693914813e-01
3.60361015567091e+00
0.00000000000000e+00
0.00000000000000e+00
8.62534583023295e-01
0.00000000000000e+00
0.00000000000000e+00
2.64049256768514e-01
0.00000000000000e+00
4.93573781342093e-01
3.52065675691334e-01
8.24479443705182e-01
0.00000000000000e+00
0.00000000000000e+00
4.30031071057123e-01
2.11428023785151e-01
0.00000000000000e+00
1.35587364610802e+00
5.23042556031848e-01
5.92283715798418e-01
7.88085240067297e-01
0.00000000000000e+00
0.00000000000000e+00
0.00000000000000e+00
1.17410190142384e+00
8.30587070640417e-01
0.00000000000000e+00
5.66092193963817e-01
9.01703388038444e-01
2.27419187661450e+00
0.00000000000000e+00
4.49689893148603e-01
0.00000000000000e+00
1.09120436422575e+00
2.32982386309014e-01
0.00000000000000e+00
0.00000000000000e+00
2.96634185487787e-01
0.00000000000000e+00
1.36216725053972e+00
0.00000000000000e+00
5.10687667054129e-02
0.00000000000000e+00
0.00000000000000e+00
0.00000000000000e+00
0.00000000000000e+00
0.00000000000000e+00
3.50140184000789e-01
2.25909256771092e-01
1.33696129454795e+00
0.00000000000000e+00
2.50920126516261e+00
0.00000000000000e+00
0.00000000000000e+00
0.00000000000000e+00
2.54618189510435e-01
4.41208286880262e-01
0.00000000000000e+00
0.00000000000000e+00
1.23423117279790e+00
0.00000000000000e+00
1.13448359799756e-01
0.00000000000000e+00
0.00000000000000e+00
0.00000000000000e+00
4.91549811516781e-01
0.00000000000000e+00
2.55970701448422e-01
9.87840900804081e-01
0.00000000000000e+00
0.00000000000000e+00
0.00000000000000e+00
1.68707024403638e+00
0.00000000000000e+00
0.00000000000000e+00
1.55693358660930e+00
0.00000000000000e+00
8.78236870098271e-01
7.71138452492136e+00
0.00000000000000e+00
7.22965116724174e-01
0.00000000000000e+00
0.00000000000000e+00
2.69673810448358e-01
0.00000000000000e+00
0.00000000000000e+00
2.22995899648123e-01
4.00000799999177e-01
3.42319939983671e+00
4.26330396131081e-01
1.62642343102106e-01
0.00000000000000e+00
0.00000000000000e+00
3.48438697498187e-01
1.16275534829989e+00
0.00000000000000e+00
3.58179840445193e-01
2.16154166222703e-01
0.00000000000000e+00
5.73274117124745e-02
0.00000000000000e+00
5.51786317999195e-01
0.00000000000000e+00
0.00000000000000e+00
6.18914984238457e-02
2.94841413831817e+00
6.25758561309087e-01
0.00000000000000e+00
8.76938414112012e-01
2.17549475649350e+00
1.49313385527522e-01
3.21383628030404e-01
0.00000000000000e+00
0.00000000000000e+00
0.00000000000000e+00
0.00000000000000e+00
0.00000000000000e+00
0.00000000000000e+00
5.42402986717442e-01
0.00000000000000e+00
4.71120569467161e+00
0.00000000000000e+00
0.00000000000000e+00
2.62213589039580e+00
2.83134052236456e+00
1.53456397210838e+00
0.00000000000000e+00
0.00000000000000e+00
2.22475639115831e-01
0.00000000000000e+00
0.00000000000000e+00
0.00000000000000e+00
1.77742729792855e-01
0.00000000000000e+00
0.00000000000000e+00
2.14767315949139e-01
0.00000000000000e+00
2.77376764722269e+00
5.72712842531042e-01
1.48772525846944e+00
0.00000000000000e+00
9.82811007998062e-01
2.14767315949153e-01
0.00000000000000e+00
0.00000000000000e+00
0.00000000000000e+00
6.53643263645924e-02
3.54684480010994e-01
0.00000000000000e+00
2.98782680220923e-01
2.69257977208733e+00
1.28195495948683e+00
1.73986112686524e-01
0.00000000000000e+00
0.00000000000000e+00
5.99586524198133e-01
0.00000000000000e+00
0.00000000000000e+00
0.00000000000000e+00
5.25722216535285e-01
2.25624134347371e-01
5.98855309357812e-01
5.88557558782485e-01
0.00000000000000e+00
0.00000000000000e+00
0.00000000000000e+00
0.00000000000000e+00
0.00000000000000e+00
2.86231305066376e-01
0.00000000000000e+00
1.84982237490496e+00
0.00000000000000e+00
2.67134721795486e-01
0.00000000000000e+00
0.00000000000000e+00
1.17098249346438e+00
0.00000000000000e+00
0.00000000000000e+00
3.90753570076835e-01
0.00000000000000e+00
0.00000000000000e+00
7.09406490632337e-02
3.00000599999411e-01
0.00000000000000e+00
0.00000000000000e+00
0.00000000000000e+00
9.44055640486461e-01
0.00000000000000e+00
3.22732732152762e-01
0.00000000000000e+00
1.53194681801343e+00
0.00000000000000e+00
0.00000000000000e+00
6.89073752525106e-02
2.43386321337571e-01
0.00000000000000e+00
0.00000000000000e+00
0.00000000000000e+00
1.84250032423406e-01
3.32021971405820e-01
6.01664358259665e-01
0.00000000000000e+00
6.53875227687643e-01
7.52387568417558e-01
0.00000000000000e+00
0.00000000000000e+00
0.00000000000000e+00
2.35536985600223e+00
0.00000000000000e+00
3.68762690071121e+00
0.00000000000000e+00
0.00000000000000e+00
0.00000000000000e+00
0.00000000000000e+00
5.61667082920795e-01
3.09948199921152e-01
5.69766032476681e-01
0.00000000000000e+00
0.00000000000000e+00
0.00000000000000e+00
2.22921071029255e+00
0.00000000000000e+00
0.00000000000000e+00
0.00000000000000e+00
0.00000000000000e+00
0.00000000000000e+00
8.05529967649974e-01
0.00000000000000e+00
1.49313385527522e-01
2.55649238976685e-01
9.56887818630631e+00
0.00000000000000e+00
2.77912632040574e-01
0.00000000000000e+00
0.00000000000000e+00
0.00000000000000e+00
2.22995899648123e-01
9.02496537389484e-01
0.00000000000000e+00
0.00000000000000e+00
1.27676805785438e+00
0.00000000000000e+00
1.14447124137695e+00
2.49769495859898e+00
1.03701669008801e+00
5.58835110998456e-01
0.00000000000000e+00
7.94912405634397e-01
3.00884645800676e-01
0.00000000000000e+00
0.00000000000000e+00
3.39393808638157e-01
5.72462610132751e-01
8.40085709912986e-01
4.80390064629592e-01
0.00000000000000e+00
0.00000000000000e+00
0.00000000000000e+00
0.00000000000000e+00
0.00000000000000e+00
1.40554574344201e+00
0.00000000000000e+00
8.21055926902173e-01
3.69311811952784e-01
0.00000000000000e+00
0.00000000000000e+00
0.00000000000000e+00
0.00000000000000e+00
0.00000000000000e+00
0.00000000000000e+00
0.00000000000000e+00
0.00000000000000e+00
0.00000000000000e+00
6.65025557358740e+00
0.00000000000000e+00
7.16297800865977e-01
4.43614697682575e-01
4.43614697682574e-01
0.00000000000000e+00
1.59165036650855e+00
7.22990510287576e-01
0.00000000000000e+00
2.48618642321448e-01
0.00000000000000e+00
0.00000000000000e+00
0.00000000000000e+00
4.41418169086867e-01
4.41937778425880e-01
2.27110941237529e+00
0.00000000000000e+00
0.00000000000000e+00
0.00000000000000e+00
2.74194731668017e-01
0.00000000000000e+00
5.15130447157760e-01
0.00000000000000e+00
2.08604984814793e-01
0.00000000000000e+00
2.47335553725766e-01
6.81552418484907e-01
6.76608082358052e+00
7.05513259818043e+00
0.00000000000000e+00
0.00000000000000e+00
5.92283715798432e-01
4.44212786848828e-01
5.67365927645924e-01
1.12078483681028e+00
0.00000000000000e+00
0.00000000000000e+00
0.00000000000000e+00
2.64188142075586e-01
2.69610185548972e-01
3.06368593729871e-01
2.52186569097905e+00
0.00000000000000e+00
0.00000000000000e+00
4.14374199670947e-01
0.00000000000000e+00
0.00000000000000e+00
0.00000000000000e+00
0.00000000000000e+00
5.91486263576775e-01
0.00000000000000e+00
1.77746034681259e+00
2.14909329755117e-01
3.22796598879298e-01
9.87840900804081e-01
5.30049261317108e-01
0.00000000000000e+00
0.00000000000000e+00
0.00000000000000e+00
0.00000000000000e+00
0.00000000000000e+00
0.00000000000000e+00
3.16021941256580e+00
0.00000000000000e+00
4.22326038434458e+00
0.00000000000000e+00
1.05686117157111e+00
0.00000000000000e+00
0.00000000000000e+00
0.00000000000000e+00
1.12011427988395e+00
2.12718334589654e-01
2.00857788926743e+00
0.00000000000000e+00
3.79040918716816e-01
2.14909329755117e-01
4.54931007676500e-01
3.25949897697726e-01
2.20172390126332e+00
0.00000000000000e+00
0.00000000000000e+00
1.13902097371290e+00
0.00000000000000e+00
0.00000000000000e+00
2.71804037464400e+00
3.56161251128680e-01
3.55118732168502e-01
0.00000000000000e+00
1.77891273048421e+00
2.91475714916076e-01
3.50025849165234e-01
5.45294816094562e-01
0.00000000000000e+00
6.98375390257065e-01
0.00000000000000e+00
0.00000000000000e+00
0.00000000000000e+00
1.04703559087101e+00
0.00000000000000e+00
0.00000000000000e+00
0.00000000000000e+00
4.39538394227401e-01
4.39538394227401e-01
0.00000000000000e+00
0.00000000000000e+00
8.40397072626597e+00
0.00000000000000e+00
0.00000000000000e+00
5.38225521608517e-01
0.00000000000000e+00
0.00000000000000e+00
0.00000000000000e+00
3.32037888040326e-01
0.00000000000000e+00
0.00000000000000e+00
5.76999258086975e-01
2.75074706079599e-01
1.96134482734055e+00
0.00000000000000e+00
0.00000000000000e+00
0.00000000000000e+00
0.00000000000000e+00
1.62570598483556e-01
5.42223837543133e-01
0.00000000000000e+00
5.51191518465147e-01
1.11325255347406e+00
0.00000000000000e+00
0.00000000000000e+00
3.01895430327367e+00
1.63058299461321e+00
0.00000000000000e+00
0.00000000000000e+00
0.00000000000000e+00
1.79468395919761e-01
3.86357879566748e-01
0.00000000000000e+00
5.12695319422898e-01
7.52257476578943e-01
2.86480727523827e+00
0.00000000000000e+00
6.23868450646646e+00
0.00000000000000e+00
0.00000000000000e+00
8.40021428298115e-01
0.00000000000000e+00
0.00000000000000e+00
0.00000000000000e+00
7.53413911218398e-01
0.00000000000000e+00
0.00000000000000e+00
0.00000000000000e+00
0.00000000000000e+00
0.00000000000000e+00
0.00000000000000e+00
0.00000000000000e+00
2.37935034978050e-01
0.00000000000000e+00
1.12002857106415e+00
0.00000000000000e+00
0.00000000000000e+00
2.63224755655138e-01
3.48390932608246e-01
0.00000000000000e+00
2.70646469952619e-01
0.00000000000000e+00
0.00000000000000e+00
0.00000000000000e+00
0.00000000000000e+00
3.27323149268204e+00
7.23203982289920e-01
7.00439324671841e+00
2.80960389608107e-01
5.24991905456145e-01
0.00000000000000e+00
3.81086593716203e-01
2.80066342544915e+00
4.51830200883600e-01
0.00000000000000e+00
0.00000000000000e+00
0.00000000000000e+00
0.00000000000000e+00
1.58865446413226e+00
1.88354349775374e-01
5.08295664342944e+00
0.00000000000000e+00
7.46660866682229e-01
6.76837252769422e-01
4.51248268694742e-01
9.02496537389484e-01
0.00000000000000e+00
2.93445356138334e-01
2.04873954237076e+00
0.00000000000000e+00
0.00000000000000e+00
2.26595612770622e+00
2.30478727131520e-01
3.02655293272495e+00
2.14163935821642e+00
0.00000000000000e+00
0.00000000000000e+00
6.82158567014533e-01
0.00000000000000e+00
0.00000000000000e+00
5.86051192303182e-01
8.78618242783331e-01
3.76636121175912e+00
5.09037385556614e-01
7.19670284418029e-01
2.15347175553214e+00
1.61296262126454e+00
2.54434566166713e-01
7.32976058164853e-01
0.00000000000000e+00
0.00000000000000e+00
0.00000000000000e+00
4.87267606127529e-01
4.87267606127529e-01
2.24714495088345e+00
6.64889970432253e-01
4.69015485281623e-01
5.33990463141913e-01
0.00000000000000e+00
0.00000000000000e+00
5.60355909179183e+00
3.73804071845110e-01
3.03240371646135e-01
1.17506292310062e+00
3.56161251128680e-01
5.84219909507951e-01
1.68857308053409e+00
0.00000000000000e+00
0.00000000000000e+00
0.00000000000000e+00
1.00299307420661e+00
0.00000000000000e+00
1.07462320217393e+00
4.06995721796171e-01
0.00000000000000e+00
0.00000000000000e+00
0.00000000000000e+00
2.86128660647180e+00
0.00000000000000e+00
2.65586263467728e+00
1.09510765064553e+00
2.16921161972000e+00
0.00000000000000e+00
9.01703388038444e-01
2.97332854259319e+00
2.10931088469166e+00
5.84503048791500e+00
7.36270311754350e-01
0.00000000000000e+00
1.13559211518807e+00
0.00000000000000e+00
2.14040505947746e-01
0.00000000000000e+00
0.00000000000000e+00
4.44212786848828e-01
3.21285700638498e-01
2.65913878432483e+00
0.00000000000000e+00
1.35812506701446e+00
0.00000000000000e+00
4.08569272604753e+00
0.00000000000000e+00
0.00000000000000e+00
5.48211069337012e-01
1.20332871651933e+00
3.08642684527407e-01
0.00000000000000e+00
1.36665210007508e+00
0.00000000000000e+00
0.00000000000000e+00
0.00000000000000e+00
6.09470061189295e-01
0.00000000000000e+00
1.71257383422828e+00
1.35834164860308e+00
1.78721686344994e+00
5.45294816094562e-01
5.47920510655579e-01
5.15599836027693e-01
1.56680463886414e+00
3.54777009972786e+00
0.00000000000000e+00
0.00000000000000e+00
1.66461515356263e+00
4.37478285175392e-01
4.37321392113400e-01
1.49231991210410e+01
2.93445356138334e-01
5.98138845473055e-01
0.00000000000000e+00
0.00000000000000e+00
0.00000000000000e+00
2.98346848426949e+00
5.30560923793939e+00
5.35567523694087e-01
0.00000000000000e+00
0.00000000000000e+00
3.76011801537897e-01
6.54053836020509e-01
0.00000000000000e+00
2.27289022106374e-01
0.00000000000000e+00
0.00000000000000e+00
3.90640320285239e+00
0.00000000000000e+00
0.00000000000000e+00
0.00000000000000e+00
0.00000000000000e+00
1.96242094344058e+00
5.83304380233852e-01
0.00000000000000e+00
1.20227118405122e+00
0.00000000000000e+00
0.00000000000000e+00
3.09036466381179e+00
5.17127712481432e-01
8.85467209527496e-01
3.65959702890433e+00
0.00000000000000e+00
0.00000000000000e+00
1.50632262111024e+00
5.32953943417935e-01
3.33526588625325e-01
1.90790673331968e+00
6.79161676686715e+00
1.46775453736602e+00
0.00000000000000e+00
6.34619865830277e+00
0.00000000000000e+00
0.00000000000000e+00
2.86260449886945e-01
0.00000000000000e+00
5.22958957850580e-01
1.61284541622802e-01
1.18335299358320e+00
4.99100131661064e-01
2.59506274410728e+00
0.00000000000000e+00
4.15835322986322e-01
5.68099586542918e+00
1.55907857810851e-01
4.14847809745008e-01
2.49109082082643e-01
4.56573589991139e+00
2.93041506237149e-01
7.19238701735080e-01
3.86357879566748e-01
3.15561812740636e+00
0.00000000000000e+00
9.72177439344956e-01
3.11600418472121e+00
6.91413016241704e-01
3.76011801537897e-01
0.00000000000000e+00
9.99506942185225e-01
3.73752878224020e-01
1.88203648272494e-01
2.70106704265850e+00
5.62363578017317e-01
0.00000000000000e+00
1.72197477852232e+00
8.81137536373741e-01
0.00000000000000e+00
2.10334716329245e-01
8.57373964815104e-01
0.00000000000000e+00
9.31173843956226e-01
1.64047334319345e+00
2.62405023073282e-01
4.57200037490643e-01
5.83095189484528e-01
0.00000000000000e+00
1.94394426961345e+00
0.00000000000000e+00
0.00000000000000e+00
2.36500722179801e+00
8.31524647683060e-01
3.63444126242689e+00
0.00000000000000e+00
0.00000000000000e+00
2.62124445196134e+00
0.00000000000000e+00
3.71549316627685e-01
9.31904615104784e-01
1.56101459998883e+00
9.57832786021417e-01
6.81835263886665e-01
1.38125520732836e-01
0.00000000000000e+00
2.22013350996079e+00
3.11626502918869e+00
5.11849079456931e+00
4.46404777508558e-01
0.00000000000000e+00
0.00000000000000e+00
2.89391228390465e+00
0.00000000000000e+00
3.11600418472121e+00
4.92292600924257e-01
1.28567597052228e+00
1.20710922644105e+01
5.47954956213490e-01
0.00000000000000e+00
3.25811021577766e+00
0.00000000000000e+00
0.00000000000000e+00
1.86688547863978e+00
0.00000000000000e+00
2.16186715447196e+00
0.00000000000000e+00
1.71984994408444e-01
0.00000000000000e+00
0.00000000000000e+00
0.00000000000000e+00
0.00000000000000e+00
6.46216940917528e+00
0.00000000000000e+00
7.46660866682229e-01
0.00000000000000e+00
0.00000000000000e+00
0.00000000000000e+00
5.61910675664528e-01
3.21825278939293e+00
2.22442390925516e+00
0.00000000000000e+00
1.04065130628327e+00
0.00000000000000e+00
0.00000000000000e+00
0.00000000000000e+00
0.00000000000000e+00
9.65261731332190e+00
0.00000000000000e+00
0.00000000000000e+00
0.00000000000000e+00
6.57933855088248e+00
2.13702817666097e-01
7.34687633848407e-01
2.48847004801888e-01
2.51117470126815e+00
1.09525049137795e+00
1.17352162490675e+00
0.00000000000000e+00
5.19052489658659e-01
7.97023533761771e-01
0.00000000000000e+00
2.10533356839857e+00
0.00000000000000e+00
1.94791821431506e+00
6.10651040542282e-01
0.00000000000000e+00
0.00000000000000e+00
0.00000000000000e+00
0.00000000000000e+00
5.14618252698506e-01
2.72172308311987e+00
2.33191036540928e-01
5.40179577932373e-01
0.00000000000000e+00
3.55118732168502e-01
0.00000000000000e+00
0.00000000000000e+00
6.25034597315487e-01
0.00000000000000e+00
2.36673904244548e+00
0.00000000000000e+00
2.50934807705495e-01
0.00000000000000e+00
2.87151859396695e+00
9.85753624512822e-01
2.23485941761982e+00
0.00000000000000e+00
2.38530466287411e+00
3.24134990897114e+00
6.93040829412468e-01
3.77820631528103e+00
8.54816728894655e+00
0.00000000000000e+00
3.83305588883245e+00
1.84152101181770e+00
5.35225264122324e-01
4.18254819202951e-01
8.44762947996991e+00
5.19834114210003e+00
3.04945708173016e+00
4.99424048966894e-01
0.00000000000000e+00
0.00000000000000e+00
0.00000000000000e+00
4.31464285658408e-01
1.72662629737535e+00
2.89376765048213e-01
2.32596550161610e+00
0.00000000000000e+00
2.23743820574895e+00
5.42402986717442e-01
1.26239646692953e+00
2.73118138238731e+00
7.80336412092879e-01
5.31759448300318e-01
0.00000000000000e+00
6.75201132910531e+00
0.00000000000000e+00
6.06456354449674e+00
0.00000000000000e+00
3.00194391452255e+00
0.00000000000000e+00
0.00000000000000e+00
1.87984619081820e+00
6.07199757528821e-01
0.00000000000000e+00
0.00000000000000e+00
0.00000000000000e+00
5.41065314748457e-01
2.81606601451512e+00
0.00000000000000e+00
0.00000000000000e+00
3.06726785438779e-01
1.13574712139742e+00
1.00339658525807e+01
5.67250676835059e+00
0.00000000000000e+00
6.36539960188500e-01
0.00000000000000e+00
8.81137536373741e-01
1.61136384508795e+01
5.70361045426731e+00
0.00000000000000e+00
2.11428023785151e-01
0.00000000000000e+00
2.37465992782533e+00
6.16426757418995e-01
0.00000000000000e+00
5.56745720409176e+00
0.00000000000000e+00
0.00000000000000e+00
0.00000000000000e+00
3.62612714397594e-01
3.61865628509745e+00
1.47368009172476e+00
1.59354124908823e+00
3.61865628509745e+00
6.71854000906109e+00
2.00652068267962e+00
0.00000000000000e+00
5.81848768796180e-01
0.00000000000000e+00
4.62727022436735e+00
0.00000000000000e+00
0.00000000000000e+00
0.00000000000000e+00
5.76778024700219e-01
0.00000000000000e+00
3.05554563778982e+00
0.00000000000000e+00
8.10748129754028e-01
4.18254819202951e-01
0.00000000000000e+00
0.00000000000000e+00
4.37781154226611e-01
1.80122416530885e+00
0.00000000000000e+00
0.00000000000000e+00
0.00000000000000e+00
1.86674845738628e+00
0.00000000000000e+00
0.00000000000000e+00
0.00000000000000e+00
0.00000000000000e+00
3.90188936876999e-01
2.82352743139209e+00
1.01036507078389e+00
0.00000000000000e+00
2.28637226174649e+00
0.00000000000000e+00
1.01395736743334e+01
3.63888379852461e-01
4.40280584148869e+00
5.19052489658659e-01
6.10651040542282e-01
5.35225264122324e-01
1.52788369489135e+00
1.88469462691964e+00
0.00000000000000e+00
4.17328362564024e+00
0.00000000000000e+00
0.00000000000000e+00
3.67126601347079e+00
1.22667860936075e+01
6.21992197906910e-01
2.47075106542657e+00
3.90188936876999e-01
1.07700507869161e+00
3.14101773860812e+00
7.76492952788167e-01
0.00000000000000e+00
0.00000000000000e+00
1.54806869118324e+00
3.51944930567187e+00
0.00000000000000e+00
1.08550439378432e+00
1.23786982918936e+00
6.49962674309034e+00
1.84513983716989e+00
7.35379152928193e+00
0.00000000000000e+00
4.49424106968115e+00
3.04902292320471e+00
0.00000000000000e+00
6.53019042842787e-01
7.25299216459851e-01
0.00000000000000e+00
3.16918837561865e+00
3.24210624670856e+00
5.91910046836741e+00
7.59267203203617e+00
2.98100158082701e+00
7.32686753875012e+00
9.71457044211038e+00
1.59354124908823e+00
1.47368009172476e+00
6.86069828463939e-01
0.00000000000000e+00
7.15450834627129e-01
3.03353475509388e+00
1.84152101181770e+00
1.09510765064553e+00
0.00000000000000e+00
0.00000000000000e+00
8.33826962265830e+00
4.47233419709856e+00
0.00000000000000e+00
8.03042487729821e-01
0.00000000000000e+00
7.11630168922745e+00
2.69022780604460e+00
1.24534563883662e+00
0.00000000000000e+00
2.04494148949002e+00
0.00000000000000e+00
7.44288160088666e+00
2.36450024177086e-01
4.12479259343857e+00
0.00000000000000e+00
0.00000000000000e+00
2.00630434469266e+00
5.87041976680836e-01
8.17444219052902e-01
6.14123981238595e+00
7.69872879739162e-01
0.00000000000000e+00
3.77467760513532e+00
0.00000000000000e+00
0.00000000000000e+00
5.12248603392657e+00
5.44078663672525e-01
7.10046778721814e-01
3.47410169833142e+00
4.38683221978283e+00
0.00000000000000e+00
0.00000000000000e+00
1.24261346138869e+01
0.00000000000000e+00
0.00000000000000e+00
3.14061388428217e+00
5.53169047338640e+00
7.47392722241452e-01
4.52524307628206e+00
3.89017991786826e+00
3.66338683947584e+00
5.26775918363059e-01
5.23530596704642e+00
0.00000000000000e+00
1.39605197267182e+01
0.00000000000000e+00
1.01682820471036e+00
1.14465102645255e+01
1.42808268681671e+00
5.72347781165891e+00
1.30434782151278e+01
7.49696509754494e+00
1.04954887355673e+00
1.39184329330914e+00
2.06561092381907e+00
0.00000000000000e+00
2.43420970328115e+00
0.00000000000000e+00
8.09358125345462e+00
0.00000000000000e+00
0.00000000000000e+00
1.33425739279238e+00
0.00000000000000e+00
5.70361045426731e+00
4.99296855063048e+00
1.29165431041416e+01
0.00000000000000e+00
1.30060254043573e+00
0.00000000000000e+00
1.03696235625685e+00
0.00000000000000e+00
2.04460599960826e+01
0.00000000000000e+00
0.00000000000000e+00
2.73564338079814e+00
7.37306975280637e+00
0.00000000000000e+00
0.00000000000000e+00
6.19009444313548e+00
3.15003669660231e-01
5.89723484826231e+00
0.00000000000000e+00
0.00000000000000e+00
4.58916817958947e-01
1.09854801684992e+00
7.94058551447973e-01
8.71069121288409e+00
4.78077511669521e+00
4.40078937916511e+00
1.53108862380181e+00
2.60207692773489e+00
0.00000000000000e+00
2.24812910211831e+00
3.44194581511129e+00
4.61565054217717e+00
2.84392965658864e+00
0.00000000000000e+00
9.79781883798250e-01
0.00000000000000e+00
1.66721996480069e+00
0.00000000000000e+00
4.77331112013572e+00
2.52393357215913e+00
0.00000000000000e+00
1.23672445599804e+00
3.12655052861077e+00
1.16048687197685e+00
1.31449004603442e+01
2.15433069918968e+00
2.06967622927350e+00
1.71431408442972e+00
3.14439007260539e+00
0.00000000000000e+00
0.00000000000000e+00
0.00000000000000e+00
7.41208529077690e+00
3.38539005928740e+00
5.10189917240442e-01
1.74187703352905e+01
2.01391771313407e+00
2.82489465089388e+00
3.23396895137787e+00
1.76215574660720e+01
8.93916134305109e+00
0.00000000000000e+00
1.01682820471036e+00
1.30060254043573e+00
1.99885380755930e+00
2.79618568727751e+00
4.88631750199614e+00
1.00694800161283e+01
7.88985827691081e+00
0.00000000000000e+00
0.00000000000000e+00
4.68249889171199e+00
4.46272183821864e-01
0.00000000000000e+00
2.83396381567953e+00
5.96113550203167e+00
9.72622636001340e-01
7.62328629007265e+00
5.19118977167548e+00
2.89115714992264e+00
1.70602439687986e+00
1.42610966218779e+01
5.10603352290060e+00
2.87880002972644e+00
0.00000000000000e+00
5.84299017079184e+00
0.00000000000000e+00
0.00000000000000e+00
4.80631550656187e+00
0.00000000000000e+00
0.00000000000000e+00
1.44055041315128e+00
4.93765135253077e+00
1.53049498038889e+01
5.22459436495690e+00
4.22898012136406e+00
1.58019432661520e+01
0.00000000000000e+00
0.00000000000000e+00
3.21974701971687e-01
5.72233654533943e-01
1.27575583628044e+00
3.16558479551322e+00
0.00000000000000e+00
0.00000000000000e+00
0.00000000000000e+00
0.00000000000000e+00
7.48341504809486e+00
9.67506120228882e+00
0.00000000000000e+00
0.00000000000000e+00
3.46046138460907e+00
0.00000000000000e+00
0.00000000000000e+00
9.44637636943074e+00
0.00000000000000e+00
2.06561092381907e+00
0.00000000000000e+00
1.00612476732163e+01
5.56730793730604e+00
0.00000000000000e+00
1.43616815349466e+00
0.00000000000000e+00
5.28129177978886e+00
4.06789673790685e+00
5.14779293276302e+00
0.00000000000000e+00
0.00000000000000e+00
0.00000000000000e+00
0.00000000000000e+00
0.00000000000000e+00
0.00000000000000e+00
0.00000000000000e+00
0.00000000000000e+00
2.25964829013370e+00
1.44137104981845e+00
1.20784443236657e+01
1.36005629612157e+01
2.03795796819381e+00
0.00000000000000e+00
4.54753878347346e+00
4.89200649054301e-01
0.00000000000000e+00
9.04739603264538e+00
0.00000000000000e+00
0.00000000000000e+00
1.81721808840496e+01
7.75492884929308e+00
3.25345362432149e-01
1.92336704039262e+00
1.07700507869161e+00
3.38441354143337e+00
1.11798932333496e+01
0.00000000000000e+00
1.72317792073457e+01
1.63344462647031e+01
4.09838983207369e+00
0.00000000000000e+00
3.88238680786798e+00
6.37766269738935e+00
0.00000000000000e+00
1.11442130856214e+01
0.00000000000000e+00
2.49674030682251e+00
5.99369274893858e+00
1.83465147612321e+00
5.32404640135908e+00
3.23243002024371e+00
6.84438029239126e+00
4.18057331767687e+00
9.64857580477405e+00
1.29121204491009e+01
2.97297682807249e+00
6.29270984162389e+00
0.00000000000000e+00
0.00000000000000e+00
0.00000000000000e+00
1.25572339864014e+01
0.00000000000000e+00
0.00000000000000e+00
1.67243125487314e+01
2.93370410259794e+00
3.35814034110612e+00
1.64547008072389e+00
0.00000000000000e+00
8.64626977181487e+00
3.88810213534256e+00
5.70104155244815e-01
6.63135147076779e+00
1.04630851965286e+01
3.60516700702910e+00
6.13598966994251e+00
0.00000000000000e+00
1.91435318396227e+00
9.45129616391602e+00
5.70070140541690e+00
8.43728423113912e+00
4.06833382622222e+00
5.70104155244815e-01
0.00000000000000e+00
1.59138172091305e+01
5.47044551186709e+00
1.50609342717234e+01
1.42334633561494e+01
6.13280063058086e+00
0.00000000000000e+00
0.00000000000000e+00
1.22218929333683e+00
0.00000000000000e+00
7.28371859787269e+01
1.19138983637760e+00
0.00000000000000e+00
1.32963239248131e+01
1.61885210697315e+00
4.96346910418831e+00
8.34085281004170e+00
1.73531445745341e+01
1.09135463274697e+01
1.18708538573937e+01
1.02934898261489e+01
8.29930737802807e+00
6.95161740463061e+00
9.23674036081991e+00
1.81721808840496e+01
1.40405707455184e+01
4.66563995134143e+00
1.70571186673911e+01
0.00000000000000e+00
1.12152664977546e+01
1.33896497712539e+01
1.88705769778944e+01
4.42854988996244e+00
1.52479768591330e+01
1.25402411289758e+01
4.67324728515125e+01
4.67163950344467e+00
1.13001044920570e+01
0.00000000000000e+00
0.00000000000000e+00
1.74313111454263e+01
1.75574643683501e+01
1.65070553871227e+01
0.00000000000000e+00
4.29960045417334e+00
5.87770713765024e+00
5.33971138390377e+00
1.32172774353645e+01
7.59191100971329e+00
2.95298765091095e+00
0.00000000000000e+00
0.00000000000000e+00
2.02719274071245e+00
0.00000000000000e+00
1.86026313833946e+00
0.00000000000000e+00
7.44071807608341e-01
8.25454709080104e+00
1.74771147897160e+01
2.90971015385352e+01
2.08436950602513e+01
1.81456996751437e+00
1.61024474318762e+00
5.67058680608595e+00
1.13124749276616e+01
1.26108177257482e+01
1.02175457008667e+01
0.00000000000000e+00
7.98623116983121e+00
0.00000000000000e+00
1.00554529036006e+01
8.85069595309325e+00
0.00000000000000e+00
0.00000000000000e+00
0.00000000000000e+00
0.00000000000000e+00
0.00000000000000e+00
1.89104705328378e+01
0.00000000000000e+00
0.00000000000000e+00
1.96423922105371e+01
4.32246959749938e+01
8.63417235025470e+00
2.50543671300282e+01
2.08185296001037e+00
9.56998042787672e+00
3.38489546747871e+00
3.22564761600866e+00
1.15312996359477e+01
7.25326752867099e+00
1.42382737082569e+01
8.63508352522834e+00
1.20331684655458e+00
1.27043680263638e+01
6.01417109765334e+00
1.03001916114846e+01
5.75005558115052e+00
1.19659232676992e+01
7.36905616706464e+00
6.61836936826627e-01
0.00000000000000e+00
0.00000000000000e+00
4.10809420137542e+01
0.00000000000000e+00
2.10991301457355e+01
2.41212734213682e+00
1.31287258206732e+01
3.19889261965653e+00
8.73585281329789e+00
3.12642328117886e+00
1.05087003160262e+01
8.16483256909400e+00
0.00000000000000e+00
0.00000000000000e+00
3.18199566265574e+00
2.41212734213682e+00
1.41117768994271e+01
3.49035527783675e+01
2.17568633237986e+01
1.68524943997430e+01
1.36226609924330e+01
4.45747107077197e+00
1.16356368842451e+01
7.14263360934249e+00
7.75194577222513e+00
8.88885793209313e+00
1.08527674212543e+01
4.55270049622935e+01
2.92052526156502e+01
2.88079011786679e+01
8.86540021430797e+00
2.90379123773409e+01
0.00000000000000e+00
0.00000000000000e+00
6.02239807179696e+00
3.31245343466535e+00
4.97710549211621e+00
5.29686023832278e+00
3.94418339811771e+01
3.36491853432768e+01
3.37857866195169e+01
2.32420559915625e+01
0.00000000000000e+00
0.00000000000000e+00
1.31577497358681e+01
2.39783755574770e+01
7.18059624286399e+00
2.37310827886257e+00
8.35650795430290e+00
3.79666477008507e+00
3.06989622154972e+00
6.04542620239185e+00
7.47573065536067e+00
3.38090429961417e+00
5.09878759935230e+00
5.04522060588958e+01
1.19696984800120e+01
2.38886532525290e+01
5.17956494432664e+00
1.42357557962747e+01
2.04673367176557e+01
1.06814773360659e+01
0.00000000000000e+00
2.00555629851330e+01
0.00000000000000e+00
0.00000000000000e+00
0.00000000000000e+00
0.00000000000000e+00
6.89741212773411e+00
0.00000000000000e+00
1.09613397472329e+01
5.49098240625254e+00
8.36813261234470e-01
1.17844936801727e+01
1.26805747320162e+01
5.13138067528961e+00
0.00000000000000e+00
5.43053356080064e+01
1.41781024342013e+01
2.59567115756402e+01
1.39285925904081e+01
2.03150951857994e+01
8.16424613839690e+00
6.19077867950771e+00
0.00000000000000e+00
2.20223483550820e+01
3.19193208906583e+01
8.62966807545511e+00
1.73507814642842e+01
0.00000000000000e+00
1.31114855573224e+01
0.00000000000000e+00
1.50739283173999e+01
5.34143662722712e+01
0.00000000000000e+00
1.66264132020529e+01
4.37616869842729e+01
0.00000000000000e+00
0.00000000000000e+00
0.00000000000000e+00
0.00000000000000e+00
2.06430098881937e+01
6.41493619254429e+00
6.85435912543272e+00
1.30599229551529e+01
1.73213418817745e+01
0.00000000000000e+00
3.69944488439707e+01
1.04442204997233e+01
1.49801809061629e+01
1.67734431030999e+01
0.00000000000000e+00
0.00000000000000e+00
1.65168807270598e+01
1.64850132684161e+01
3.79823366548598e+01
0.00000000000000e+00
2.53095680852493e+01
4.16082176394085e+01
6.53602592863598e+00
3.90894244232023e+00
0.00000000000000e+00
0.00000000000000e+00
0.00000000000000e+00
0.00000000000000e+00
0.00000000000000e+00
0.00000000000000e+00
0.00000000000000e+00
0.00000000000000e+00
0.00000000000000e+00
0.00000000000000e+00
0.00000000000000e+00
0.00000000000000e+00
0.00000000000000e+00
0.00000000000000e+00
1.24308500970450e+01
1.78427314188252e+01
2.82936165708195e+01
2.69694088593194e+01
1.01029836268189e+01
5.39967241588940e+01
1.07695404809200e+01
0.00000000000000e+00
3.96151281494850e+01
3.00894788076174e+01
0.00000000000000e+00
0.00000000000000e+00
0.00000000000000e+00
0.00000000000000e+00
0.00000000000000e+00
0.00000000000000e+00
1.41091727100354e+01
1.32669263761236e+01
3.21247611528519e+01
2.92823422405001e+01
0.00000000000000e+00
0.00000000000000e+00
0.00000000000000e+00
0.00000000000000e+00
5.08505111643629e+01
5.55108272472558e+01
2.27305508700634e+01
2.42067836393883e+01
2.08647981636005e+01
0.00000000000000e+00
0.00000000000000e+00
0.00000000000000e+00
0.00000000000000e+00
0.00000000000000e+00
3.75024209316591e+01
0.00000000000000e+00
0.00000000000000e+00
0.00000000000000e+00
0.00000000000000e+00
2.94036454070333e+01
2.19281691532623e+01
4.18657511571694e+01
0.00000000000000e+00
0.00000000000000e+00
8.49260987215506e+00
1.86915338563124e+01
0.00000000000000e+00
0.00000000000000e+00
1.44595914567664e+00
1.59742880062424e+01
1.11280262481719e+01
3.67833429930684e+01
2.97951726001390e+01
0.00000000000000e+00
1.28902948034208e+01
9.11216830023394e+00
5.97257073234369e+01
4.24069151613394e+01
0.00000000000000e+00
4.05906617890084e+01
2.17410293196687e+01
0.00000000000000e+00
0.00000000000000e+00
0.00000000000000e+00
0.00000000000000e+00
0.00000000000000e+00
7.83477759875792e+00
2.10200909286823e+01
0.00000000000000e+00
5.37432684757842e+01
0.00000000000000e+00
0.00000000000000e+00
0.00000000000000e+00
0.00000000000000e+00
0.00000000000000e+00
0.00000000000000e+00
0.00000000000000e+00
0.00000000000000e+00
3.91506021225368e+01
0.00000000000000e+00
0.00000000000000e+00
0.00000000000000e+00
0.00000000000000e+00
0.00000000000000e+00
1.84713037574408e+01
4.54083168831014e+01
1.10510297870598e+01
0.00000000000000e+00
4.11833417797621e+01
2.15779367964752e+01
0.00000000000000e+00
0.00000000000000e+00
0.00000000000000e+00
0.00000000000000e+00
0.00000000000000e+00
0.00000000000000e+00
0.00000000000000e+00
1.16609752439722e+01
0.00000000000000e+00
2.61185816162244e+01
0.00000000000000e+00
2.05041578862230e+01
0.00000000000000e+00
4.40307324930156e+01
1.60042368576450e+01
0.00000000000000e+00
0.00000000000000e+00
3.53383915180972e+01
0.00000000000000e+00
0.00000000000000e+00
0.00000000000000e+00
4.29103921147566e+00
4.90931403875134e+01
0.00000000000000e+00
1.47360321748047e+01
2.09493429996309e+01
0.00000000000000e+00
0.00000000000000e+00
1.24927356950390e+01
0.00000000000000e+00
0.00000000000000e+00
1.60414407241942e+01
0.00000000000000e+00
5.22290231964495e+01
0.00000000000000e+00
5.77615300357188e+00
1.01833782552410e+01
0.00000000000000e+00
0.00000000000000e+00
0.00000000000000e+00
0.00000000000000e+00
1.24972005321591e+01
0.00000000000000e+00
0.00000000000000e+00
0.00000000000000e+00
0.00000000000000e+00
2.88423641344550e+01
0.00000000000000e+00
0.00000000000000e+00
7.64597750815252e+00
0.00000000000000e+00
0.00000000000000e+00
0.00000000000000e+00
0.00000000000000e+00
0.00000000000000e+00
0.00000000000000e+00
0.00000000000000e+00
2.13241911539188e+01
3.47680926510016e+01
0.00000000000000e+00
0.00000000000000e+00
0.00000000000000e+00
0.00000000000000e+00
0.00000000000000e+00
0.00000000000000e+00
0.00000000000000e+00
0.00000000000000e+00
0.00000000000000e+00
0.00000000000000e+00
0.00000000000000e+00
0.00000000000000e+00
0.00000000000000e+00
0.00000000000000e+00
0.00000000000000e+00
0.00000000000000e+00
0.00000000000000e+00
0.00000000000000e+00
0.00000000000000e+00
0.00000000000000e+00
0.00000000000000e+00
0.00000000000000e+00
1.03608776603297e+01
3.72928347657239e+01
2.38395575645890e+01
6.72181418644306e+01
0.00000000000000e+00
4.48531352705233e+01
0.00000000000000e+00
0.00000000000000e+00
0.00000000000000e+00
0.00000000000000e+00
0.00000000000000e+00
0.00000000000000e+00
0.00000000000000e+00
0.00000000000000e+00
0.00000000000000e+00
0.00000000000000e+00
0.00000000000000e+00
1.76825914147513e+01
1.20769812119879e+01
5.07268840627628e+00
3.36116452829838e+01
0.00000000000000e+00
0.00000000000000e+00
0.00000000000000e+00
0.00000000000000e+00
1.99797046793299e+01
0.00000000000000e+00
5.50788044698633e+01
0.00000000000000e+00
1.75841383872611e+01
0.00000000000000e+00
3.89039798843751e+01
7.77390750884427e+00
0.00000000000000e+00
0.00000000000000e+00
0.00000000000000e+00
0.00000000000000e+00
0.00000000000000e+00
0.00000000000000e+00
0.00000000000000e+00
0.00000000000000e+00
3.92766966714112e+01
1.87787080269276e+01
0.00000000000000e+00
0.00000000000000e+00
0.00000000000000e+00
0.00000000000000e+00
0.00000000000000e+00
2.05695355186687e+01
0.00000000000000e+00
0.00000000000000e+00
0.00000000000000e+00
0.00000000000000e+00
0.00000000000000e+00
0.00000000000000e+00
0.00000000000000e+00
0.00000000000000e+00
0.00000000000000e+00
0.00000000000000e+00
0.00000000000000e+00
0.00000000000000e+00
8.85945199341259e+00
0.00000000000000e+00
0.00000000000000e+00
0.00000000000000e+00
0.00000000000000e+00
0.00000000000000e+00
0.00000000000000e+00
0.00000000000000e+00
3.95097254120318e+01
0.00000000000000e+00
0.00000000000000e+00
1.60756795292540e+01
1.60756795292540e+01
0.00000000000000e+00
0.00000000000000e+00
0.00000000000000e+00
2.05695355186687e+01
8.85945199341259e+00
1.03608776603297e+01
0.00000000000000e+00
0.00000000000000e+00
0.00000000000000e+00
0.00000000000000e+00
3.07267562475976e+01
6.05027247389294e+01
0.00000000000000e+00
0.00000000000000e+00
0.00000000000000e+00
3.45691162076392e+01
8.31475668371538e+00
3.16850056058914e+01
7.97256618683286e+00
9.40058701343080e+00
0.00000000000000e+00
0.00000000000000e+00
0.00000000000000e+00
0.00000000000000e+00
0.00000000000000e+00
0.00000000000000e+00
0.00000000000000e+00
0.00000000000000e+00
0.00000000000000e+00
0.00000000000000e+00
0.00000000000000e+00
0.00000000000000e+00
0.00000000000000e+00
0.00000000000000e+00
0.00000000000000e+00
0.00000000000000e+00
0.00000000000000e+00
0.00000000000000e+00
0.00000000000000e+00
4.45644929135846e+01
0.00000000000000e+00
3.02335096156973e+01
2.23803699191201e+01
3.00252149843324e+01
0.00000000000000e+00
0.00000000000000e+00
3.05280954998650e+01
1.32256553622305e+01
2.73832269843031e+01
2.81053199108249e+01
0.00000000000000e+00
1.56896682884036e+01
2.37317265823913e+01
4.13447118254473e+01
8.84822673934751e+00
3.33165463416648e+00
2.15473201066069e+01
3.42557077817375e+01
1.84361564490168e+01
1.98921209312200e+01
2.95684674053099e+01
2.97578799992619e+01
4.76945829724912e+00
2.56473070018732e+01
2.36128481033954e+01
0.00000000000000e+00
0.00000000000000e+00
7.27919737082965e+00
1.56207291503484e+00
1.56207291503485e+01
7.46910318817738e+00
2.64289441865906e+01
0.00000000000000e+00
3.42099571089009e+01
3.54958119384747e+01
0.00000000000000e+00
0.00000000000000e+00
0.00000000000000e+00
3.02205276864172e+01
0.00000000000000e+00
0.00000000000000e+00
0.00000000000000e+00
0.00000000000000e+00
0.00000000000000e+00
0.00000000000000e+00
0.00000000000000e+00
0.00000000000000e+00
0.00000000000000e+00
0.00000000000000e+00
0.00000000000000e+00
0.00000000000000e+00
0.00000000000000e+00
0.00000000000000e+00
0.00000000000000e+00
0.00000000000000e+00
0.00000000000000e+00
0.00000000000000e+00
0.00000000000000e+00
0.00000000000000e+00
0.00000000000000e+00
0.00000000000000e+00
0.00000000000000e+00
0.00000000000000e+00
0.00000000000000e+00
0.00000000000000e+00
0.00000000000000e+00
0.00000000000000e+00
0.00000000000000e+00
0.00000000000000e+00
0.00000000000000e+00
0.00000000000000e+00
0.00000000000000e+00
0.00000000000000e+00
0.00000000000000e+00
0.00000000000000e+00
0.00000000000000e+00
0.00000000000000e+00
0.00000000000000e+00
0.00000000000000e+00
0.00000000000000e+00
0.00000000000000e+00
0.00000000000000e+00
0.00000000000000e+00
0.00000000000000e+00
0.00000000000000e+00
0.00000000000000e+00
0.00000000000000e+00
0.00000000000000e+00
0.00000000000000e+00
0.00000000000000e+00
0.00000000000000e+00
0.00000000000000e+00
0.00000000000000e+00
0.00000000000000e+00
0.00000000000000e+00
0.00000000000000e+00
0.00000000000000e+00
0.00000000000000e+00
0.00000000000000e+00
0.00000000000000e+00
0.00000000000000e+00
0.00000000000000e+00
0.00000000000000e+00
0.00000000000000e+00
0.00000000000000e+00
0.00000000000000e+00
0.00000000000000e+00
0.00000000000000e+00
0.00000000000000e+00
0.00000000000000e+00
0.00000000000000e+00
0.00000000000000e+00
0.00000000000000e+00
0.00000000000000e+00
0.00000000000000e+00
0.00000000000000e+00
0.00000000000000e+00
0.00000000000000e+00
0.00000000000000e+00
0.00000000000000e+00
0.00000000000000e+00
0.00000000000000e+00
0.00000000000000e+00
0.00000000000000e+00
0.00000000000000e+00
0.00000000000000e+00
0.00000000000000e+00
0.00000000000000e+00
0.00000000000000e+00
0.00000000000000e+00
0.00000000000000e+00
0.00000000000000e+00
0.00000000000000e+00
0.00000000000000e+00
0.00000000000000e+00
0.00000000000000e+00
0.00000000000000e+00
0.00000000000000e+00
0.00000000000000e+00
0.00000000000000e+00
0.00000000000000e+00
0.00000000000000e+00
0.00000000000000e+00
0.00000000000000e+00
0.00000000000000e+00
0.00000000000000e+00
0.00000000000000e+00
0.00000000000000e+00
0.00000000000000e+00
0.00000000000000e+00
0.00000000000000e+00
0.00000000000000e+00
0.00000000000000e+00
0.00000000000000e+00
0.00000000000000e+00
0.00000000000000e+00
0.00000000000000e+00
0.00000000000000e+00
0.00000000000000e+00
0.00000000000000e+00
0.00000000000000e+00
0.00000000000000e+00
0.00000000000000e+00
0.00000000000000e+00
0.00000000000000e+00
0.00000000000000e+00
0.00000000000000e+00
0.00000000000000e+00
0.00000000000000e+00
0.00000000000000e+00
0.00000000000000e+00
0.00000000000000e+00
0.00000000000000e+00
0.00000000000000e+00
0.00000000000000e+00
0.00000000000000e+00
0.00000000000000e+00
0.00000000000000e+00
0.00000000000000e+00
0.00000000000000e+00
0.00000000000000e+00
0.00000000000000e+00
0.00000000000000e+00
0.00000000000000e+00
0.00000000000000e+00
0.00000000000000e+00
0.00000000000000e+00
0.00000000000000e+00
0.00000000000000e+00
0.00000000000000e+00
0.00000000000000e+00
0.00000000000000e+00
0.00000000000000e+00
0.00000000000000e+00
0.00000000000000e+00
0.00000000000000e+00
0.00000000000000e+00
0.00000000000000e+00
0.00000000000000e+00
0.00000000000000e+00
0.00000000000000e+00
0.00000000000000e+00
0.00000000000000e+00
0.00000000000000e+00
0.00000000000000e+00
0.00000000000000e+00
0.00000000000000e+00
0.00000000000000e+00
0.00000000000000e+00
0.00000000000000e+00
0.00000000000000e+00
0.00000000000000e+00
0.00000000000000e+00
0.00000000000000e+00
0.00000000000000e+00
0.00000000000000e+00
0.00000000000000e+00
0.00000000000000e+00
0.00000000000000e+00
0.00000000000000e+00
0.00000000000000e+00
0.00000000000000e+00
0.00000000000000e+00
0.00000000000000e+00
0.00000000000000e+00
0.00000000000000e+00
4.35840162056532e+01
4.48531352705233e+01
0.00000000000000e+00
0.00000000000000e+00
0.00000000000000e+00
0.00000000000000e+00
0.00000000000000e+00
0.00000000000000e+00
0.00000000000000e+00
0.00000000000000e+00
0.00000000000000e+00
0.00000000000000e+00
0.00000000000000e+00
0.00000000000000e+00
0.00000000000000e+00
0.00000000000000e+00
0.00000000000000e+00
0.00000000000000e+00
0.00000000000000e+00
0.00000000000000e+00
0.00000000000000e+00
0.00000000000000e+00
0.00000000000000e+00
0.00000000000000e+00
0.00000000000000e+00
0.00000000000000e+00
0.00000000000000e+00
0.00000000000000e+00
0.00000000000000e+00
0.00000000000000e+00
0.00000000000000e+00
0.00000000000000e+00
0.00000000000000e+00
0.00000000000000e+00
0.00000000000000e+00
0.00000000000000e+00
0.00000000000000e+00
0.00000000000000e+00
0.00000000000000e+00
0.00000000000000e+00
0.00000000000000e+00
0.00000000000000e+00
0.00000000000000e+00
0.00000000000000e+00
0.00000000000000e+00
0.00000000000000e+00
0.00000000000000e+00
0.00000000000000e+00
0.00000000000000e+00
0.00000000000000e+00
0.00000000000000e+00
0.00000000000000e+00
0.00000000000000e+00
0.00000000000000e+00
0.00000000000000e+00
0.00000000000000e+00
0.00000000000000e+00
0.00000000000000e+00
0.00000000000000e+00
0.00000000000000e+00
0.00000000000000e+00
0.00000000000000e+00
0.00000000000000e+00
0.00000000000000e+00
