87 	 # Number of sensors 
# x z 
113.40 -23.12 
115.90 -22.77 
118.40 -22.41 
120.85 -22.00 
123.30 -21.59 
125.75 -21.64 
128.20 -21.70 
130.70 -21.32 
133.20 -20.94 
135.70 -20.61 
138.20 -20.29 
140.70 -20.02 
143.20 -19.75 
145.70 -19.83 
148.20 -19.92 
150.70 -20.37 
153.20 -20.82 
155.65 -20.82 
158.10 -20.82 
160.50 -21.51 
162.90 -22.20 
165.40 -22.92 
167.90 -23.64 
170.35 -23.87 
172.80 -24.10 
175.25 -24.16 
177.70 -24.23 
180.15 -24.13 
182.60 -24.04 
185.10 -23.73 
187.60 -23.42 
190.00 -23.24 
192.40 -23.06 
194.90 -21.88 
197.40 -20.71 
199.90 -19.90 
202.40 -19.10 
204.90 -18.58 
207.40 -18.06 
209.80 -17.21 
212.20 -16.36 
214.60 -15.51 
217.00 -14.66 
219.35 -13.82 
221.70 -12.98 
224.00 -12.18 
226.30 -11.38 
228.65 -10.81 
231.00 -10.25 
233.30 -9.06 
235.60 -7.87 
237.85 -6.35 
240.10 -4.84 
242.40 -5.35 
244.70 -5.87 
246.95 -6.00 
249.20 -6.14 
251.45 -6.30 
253.70 -6.46 
256.00 -5.33 
258.30 -4.19 
260.55 -3.32 
262.80 -2.45 
265.05 -2.70 
267.30 -2.95 
269.80 -2.39 
272.30 -1.83 
274.80 -2.02 
277.30 -2.21 
279.80 -1.85 
282.30 -1.50 
284.80 -1.23 
287.30 -0.96 
289.80 -1.30 
292.30 -1.65 
294.80 -1.51 
297.30 -1.37 
299.80 -1.03 
302.30 -0.68 
304.80 -0.59 
307.30 -0.50 
309.80 -0.37 
312.30 -0.23 
314.80 -0.12 
317.30 0.00 
319.80 -0.08 
322.30 -0.16 
364 	 # Number of measurements 
# s g t err
1 	 992 	 0.00000 	 0.000
1 	 3 	 0.01310 	 0.000
1 	 5 	 0.01665 	 0.000
1 	 7 	 0.02064 	 0.000
1 	 9 	 0.02386 	 0.000
1 	 11 	 0.02341 	 0.000
1 	 13 	 0.02169 	 0.000
1 	 15 	 0.02323 	 0.000
1 	 17 	 0.02459 	 0.000
1 	 19 	 0.02607 	 0.000
1 	 21 	 0.02845 	 0.000
1 	 23 	 0.02584 	 0.000
1 	 25 	 0.02684 	 0.000
1 	 27 	 0.02803 	 0.000
1 	 29 	 0.02874 	 0.000
1 	 31 	 0.03070 	 0.000
1 	 33 	 0.03295 	 0.000
1 	 35 	 0.03514 	 0.000
1 	 37 	 0.03645 	 0.000
1 	 39 	 0.03739 	 0.000
1 	 41 	 0.03941 	 0.000
1 	 43 	 0.04006 	 0.000
1 	 45 	 0.04053 	 0.000
1 	 47 	 0.04018 	 0.000
6 	 3 	 0.01691 	 0.000
6 	 5 	 0.00667 	 0.000
6 	 1007 	 0.00000 	 0.000
6 	 7 	 0.00789 	 0.000
6 	 9 	 0.01707 	 0.000
6 	 11 	 0.01777 	 0.000
6 	 13 	 0.01849 	 0.000
6 	 15 	 0.02181 	 0.000
6 	 17 	 0.02137 	 0.000
6 	 19 	 0.02087 	 0.000
6 	 21 	 0.02450 	 0.000
6 	 23 	 0.02251 	 0.000
6 	 25 	 0.02351 	 0.000
6 	 27 	 0.02500 	 0.000
6 	 29 	 0.02491 	 0.000
6 	 31 	 0.02754 	 0.000
6 	 33 	 0.02947 	 0.000
6 	 35 	 0.03150 	 0.000
6 	 37 	 0.03262 	 0.000
6 	 39 	 0.03364 	 0.000
6 	 41 	 0.03512 	 0.000
6 	 43 	 0.03587 	 0.000
6 	 45 	 0.03689 	 0.000
6 	 47 	 0.03838 	 0.000
6 	 49 	 0.04070 	 0.000
12 	 3 	 0.01608 	 0.000
12 	 5 	 0.01548 	 0.000
12 	 7 	 0.01442 	 0.000
12 	 9 	 0.01004 	 0.000
12 	 11 	 0.00442 	 0.000
12 	 1022 	 0.00000 	 0.000
12 	 13 	 0.00715 	 0.000
12 	 23 	 0.01554 	 0.000
12 	 25 	 0.01651 	 0.000
12 	 27 	 0.01781 	 0.000
12 	 29 	 0.01834 	 0.000
12 	 31 	 0.02121 	 0.000
12 	 33 	 0.02310 	 0.000
12 	 35 	 0.02487 	 0.000
12 	 37 	 0.02611 	 0.000
12 	 39 	 0.02715 	 0.000
12 	 41 	 0.02898 	 0.000
12 	 43 	 0.03004 	 0.000
12 	 45 	 0.03041 	 0.000
12 	 47 	 0.03342 	 0.000
12 	 49 	 0.03439 	 0.000
18 	 3 	 0.02130 	 0.000
18 	 5 	 0.02124 	 0.000
18 	 7 	 0.01997 	 0.000
18 	 9 	 0.01741 	 0.000
18 	 11 	 0.01451 	 0.000
18 	 13 	 0.01343 	 0.000
18 	 15 	 0.01178 	 0.000
18 	 17 	 0.00291 	 0.000
18 	 1037 	 0.00000 	 0.000
18 	 19 	 0.00609 	 0.000
18 	 21 	 0.01235 	 0.000
18 	 23 	 0.01434 	 0.000
18 	 25 	 0.01650 	 0.000
18 	 27 	 0.01724 	 0.000
18 	 29 	 0.01832 	 0.000
18 	 31 	 0.01997 	 0.000
18 	 33 	 0.02191 	 0.000
18 	 35 	 0.02373 	 0.000
18 	 37 	 0.02482 	 0.000
18 	 39 	 0.02668 	 0.000
18 	 41 	 0.02776 	 0.000
18 	 43 	 0.02896 	 0.000
18 	 45 	 0.02918 	 0.000
18 	 47 	 0.03146 	 0.000
18 	 49 	 0.03305 	 0.000
24 	 3 	 0.02407 	 0.000
24 	 5 	 0.02417 	 0.000
24 	 7 	 0.02275 	 0.000
24 	 9 	 0.02026 	 0.000
24 	 11 	 0.01692 	 0.000
24 	 13 	 0.01719 	 0.000
24 	 15 	 0.01665 	 0.000
24 	 17 	 0.01743 	 0.000
24 	 19 	 0.01333 	 0.000
24 	 21 	 0.01055 	 0.000
24 	 23 	 0.00230 	 0.000
24 	 1052 	 0.00000 	 0.000
24 	 25 	 0.00469 	 0.000
24 	 27 	 0.00762 	 0.000
24 	 29 	 0.00884 	 0.000
24 	 31 	 0.01172 	 0.000
24 	 33 	 0.01346 	 0.000
24 	 35 	 0.01490 	 0.000
24 	 37 	 0.01643 	 0.000
24 	 39 	 0.01782 	 0.000
24 	 41 	 0.01939 	 0.000
24 	 43 	 0.02029 	 0.000
24 	 45 	 0.02100 	 0.000
24 	 47 	 0.02383 	 0.000
24 	 49 	 0.02495 	 0.000
30 	 3 	 0.02816 	 0.000
30 	 5 	 0.02803 	 0.000
30 	 7 	 0.02691 	 0.000
30 	 9 	 0.02349 	 0.000
30 	 11 	 0.02101 	 0.000
30 	 13 	 0.02085 	 0.000
30 	 15 	 0.02066 	 0.000
30 	 17 	 0.02114 	 0.000
30 	 19 	 0.01787 	 0.000
30 	 21 	 0.01524 	 0.000
30 	 23 	 0.01226 	 0.000
30 	 25 	 0.01100 	 0.000
30 	 27 	 0.00819 	 0.000
30 	 29 	 0.00146 	 0.000
30 	 1067 	 0.00000 	 0.000
30 	 31 	 0.00665 	 0.000
30 	 33 	 0.01127 	 0.000
30 	 35 	 0.01265 	 0.000
30 	 37 	 0.01421 	 0.000
30 	 39 	 0.01563 	 0.000
30 	 41 	 0.01690 	 0.000
30 	 43 	 0.01798 	 0.000
30 	 45 	 0.01792 	 0.000
30 	 47 	 0.02156 	 0.000
30 	 49 	 0.02172 	 0.000
36 	 3 	 0.03368 	 0.000
36 	 5 	 0.03341 	 0.000
36 	 7 	 0.03217 	 0.000
36 	 9 	 0.02810 	 0.000
36 	 11 	 0.02606 	 0.000
36 	 13 	 0.02628 	 0.000
36 	 15 	 0.02585 	 0.000
36 	 17 	 0.02628 	 0.000
36 	 19 	 0.02332 	 0.000
36 	 21 	 0.01991 	 0.000
36 	 23 	 0.01684 	 0.000
36 	 25 	 0.01593 	 0.000
36 	 27 	 0.01445 	 0.000
36 	 29 	 0.01272 	 0.000
36 	 31 	 0.01327 	 0.000
36 	 33 	 0.01195 	 0.000
36 	 35 	 0.00319 	 0.000
36 	 1082 	 0.00000 	 0.000
36 	 37 	 0.00649 	 0.000
36 	 41 	 0.01368 	 0.000
36 	 43 	 0.01536 	 0.000
36 	 45 	 0.01581 	 0.000
36 	 47 	 0.01923 	 0.000
36 	 49 	 0.02014 	 0.000
42 	 3 	 0.03695 	 0.000
42 	 5 	 0.03695 	 0.000
42 	 7 	 0.03589 	 0.000
42 	 9 	 0.03249 	 0.000
42 	 11 	 0.02901 	 0.000
42 	 13 	 0.03004 	 0.000
42 	 15 	 0.02990 	 0.000
42 	 17 	 0.03017 	 0.000
42 	 19 	 0.02649 	 0.000
42 	 21 	 0.02472 	 0.000
42 	 23 	 0.02077 	 0.000
42 	 25 	 0.02012 	 0.000
42 	 27 	 0.01839 	 0.000
42 	 29 	 0.01676 	 0.000
42 	 31 	 0.01709 	 0.000
42 	 33 	 0.01578 	 0.000
42 	 35 	 0.01526 	 0.000
42 	 37 	 0.01383 	 0.000
42 	 39 	 0.01242 	 0.000
42 	 41 	 0.00427 	 0.000
42 	 1097 	 0.00000 	 0.000
42 	 43 	 0.00953 	 0.000
42 	 45 	 0.01269 	 0.000
42 	 47 	 0.01607 	 0.000
42 	 49 	 0.01657 	 0.000
48 	 3 	 0.04029 	 0.000
48 	 5 	 0.04053 	 0.000
48 	 7 	 0.03992 	 0.000
48 	 9 	 0.03707 	 0.000
48 	 11 	 0.03307 	 0.000
48 	 13 	 0.03291 	 0.000
48 	 15 	 0.03249 	 0.000
48 	 17 	 0.03355 	 0.000
48 	 19 	 0.03122 	 0.000
48 	 21 	 0.02892 	 0.000
48 	 23 	 0.02481 	 0.000
48 	 25 	 0.02375 	 0.000
48 	 27 	 0.02237 	 0.000
48 	 29 	 0.02040 	 0.000
48 	 31 	 0.02107 	 0.000
48 	 33 	 0.01960 	 0.000
48 	 35 	 0.01974 	 0.000
48 	 37 	 0.01734 	 0.000
48 	 39 	 0.01783 	 0.000
48 	 41 	 0.01642 	 0.000
48 	 43 	 0.01367 	 0.000
48 	 45 	 0.01246 	 0.000
48 	 47 	 0.00962 	 0.000
48 	 1112 	 0.00000 	 0.000
48 	 49 	 0.00444 	 0.000
54 	 39 	 0.01645 	 0.000
54 	 41 	 0.01485 	 0.000
54 	 43 	 0.01305 	 0.000
54 	 45 	 0.01271 	 0.000
54 	 47 	 0.01116 	 0.000
54 	 49 	 0.00961 	 0.000
54 	 53 	 0.00475 	 0.000
54 	 1127 	 0.00000 	 0.000
54 	 55 	 0.00647 	 0.000
54 	 57 	 0.00868 	 0.000
54 	 59 	 0.01038 	 0.000
54 	 61 	 0.01130 	 0.000
54 	 63 	 0.01310 	 0.000
54 	 65 	 0.01431 	 0.000
54 	 67 	 0.01504 	 0.000
54 	 69 	 0.01693 	 0.000
54 	 71 	 0.01800 	 0.000
54 	 73 	 0.02042 	 0.000
54 	 75 	 0.02154 	 0.000
54 	 77 	 0.02227 	 0.000
54 	 79 	 0.02246 	 0.000
54 	 81 	 0.02562 	 0.000
54 	 83 	 0.02581 	 0.000
54 	 85 	 0.02717 	 0.000
68 	 39 	 0.02412 	 0.000
68 	 41 	 0.02268 	 0.000
68 	 43 	 0.02115 	 0.000
68 	 45 	 0.02053 	 0.000
68 	 47 	 0.01925 	 0.000
68 	 49 	 0.01777 	 0.000
68 	 51 	 0.01638 	 0.000
68 	 53 	 0.01516 	 0.000
68 	 55 	 0.01331 	 0.000
68 	 57 	 0.01219 	 0.000
68 	 59 	 0.01050 	 0.000
68 	 61 	 0.00937 	 0.000
68 	 63 	 0.00809 	 0.000
68 	 67 	 0.00271 	 0.000
68 	 1162 	 0.00000 	 0.000
68 	 71 	 0.00927 	 0.000
68 	 73 	 0.01188 	 0.000
68 	 75 	 0.01301 	 0.000
68 	 77 	 0.01408 	 0.000
68 	 79 	 0.01408 	 0.000
68 	 81 	 0.01695 	 0.000
68 	 83 	 0.01751 	 0.000
68 	 85 	 0.01951 	 0.000
72 	 39 	 0.02996 	 0.000
72 	 41 	 0.02867 	 0.000
72 	 43 	 0.02679 	 0.000
72 	 45 	 0.02627 	 0.000
72 	 47 	 0.02533 	 0.000
72 	 49 	 0.02380 	 0.000
72 	 51 	 0.02257 	 0.000
72 	 53 	 0.02134 	 0.000
72 	 55 	 0.02005 	 0.000
72 	 57 	 0.01853 	 0.000
72 	 59 	 0.01759 	 0.000
72 	 61 	 0.01606 	 0.000
72 	 63 	 0.01501 	 0.000
72 	 65 	 0.01313 	 0.000
72 	 67 	 0.01173 	 0.000
72 	 71 	 0.00551 	 0.000
72 	 1172 	 0.00000 	 0.000
72 	 73 	 0.00844 	 0.000
72 	 75 	 0.01108 	 0.000
72 	 77 	 0.01243 	 0.000
72 	 79 	 0.01243 	 0.000
72 	 81 	 0.01583 	 0.000
72 	 83 	 0.01583 	 0.000
72 	 85 	 0.01800 	 0.000
78 	 39 	 0.03081 	 0.000
78 	 41 	 0.02988 	 0.000
78 	 43 	 0.02859 	 0.000
78 	 45 	 0.02760 	 0.000
78 	 47 	 0.02672 	 0.000
78 	 49 	 0.02561 	 0.000
78 	 51 	 0.02415 	 0.000
78 	 53 	 0.02333 	 0.000
78 	 55 	 0.02163 	 0.000
78 	 57 	 0.02029 	 0.000
78 	 59 	 0.01918 	 0.000
78 	 61 	 0.01789 	 0.000
78 	 63 	 0.01666 	 0.000
78 	 65 	 0.01526 	 0.000
78 	 67 	 0.01351 	 0.000
78 	 69 	 0.01269 	 0.000
78 	 71 	 0.01128 	 0.000
78 	 73 	 0.01070 	 0.000
78 	 75 	 0.00971 	 0.000
78 	 77 	 0.00707 	 0.000
78 	 1187 	 0.00000 	 0.000
78 	 79 	 0.00550 	 0.000
78 	 81 	 0.00924 	 0.000
78 	 83 	 0.00953 	 0.000
78 	 85 	 0.01181 	 0.000
84 	 39 	 0.03592 	 0.000
84 	 41 	 0.03490 	 0.000
84 	 43 	 0.03343 	 0.000
84 	 45 	 0.03343 	 0.000
84 	 47 	 0.03184 	 0.000
84 	 49 	 0.03082 	 0.000
84 	 51 	 0.02987 	 0.000
84 	 53 	 0.02840 	 0.000
84 	 55 	 0.02738 	 0.000
84 	 57 	 0.02637 	 0.000
84 	 59 	 0.02471 	 0.000
84 	 61 	 0.02414 	 0.000
84 	 63 	 0.02299 	 0.000
84 	 65 	 0.02140 	 0.000
84 	 67 	 0.01955 	 0.000
84 	 69 	 0.01898 	 0.000
84 	 71 	 0.01764 	 0.000
84 	 73 	 0.01707 	 0.000
84 	 75 	 0.01548 	 0.000
84 	 77 	 0.01299 	 0.000
84 	 79 	 0.01204 	 0.000
84 	 81 	 0.01089 	 0.000
84 	 1202 	 0.00000 	 0.000
84 	 85 	 0.00656 	 0.000
87 	 39 	 0.03766 	 0.000
87 	 41 	 0.03662 	 0.000
87 	 43 	 0.03454 	 0.000
87 	 45 	 0.03431 	 0.000
87 	 47 	 0.03372 	 0.000
87 	 49 	 0.03178 	 0.000
87 	 51 	 0.03104 	 0.000
87 	 53 	 0.02918 	 0.000
87 	 55 	 0.02851 	 0.000
87 	 57 	 0.02761 	 0.000
87 	 59 	 0.02627 	 0.000
87 	 61 	 0.02553 	 0.000
87 	 63 	 0.02434 	 0.000
87 	 65 	 0.02345 	 0.000
87 	 67 	 0.02136 	 0.000
87 	 69 	 0.02092 	 0.000
87 	 71 	 0.01928 	 0.000
87 	 73 	 0.01898 	 0.000
87 	 75 	 0.01734 	 0.000
87 	 77 	 0.01481 	 0.000
87 	 79 	 0.01295 	 0.000
87 	 81 	 0.01332 	 0.000
87 	 83 	 0.01146 	 0.000
87 	 85 	 0.01131 	 0.000
87 	 1212 	 0.00000 	 0.000
