85 	 # Number of sensors 
# x z 
-2.00 -1.41 
-1.00 -1.36 
0.00 -1.30 
2.50 -1.02 
5.00 -0.74 
7.50 -0.99 
10.00 -1.24 
12.50 -0.73 
15.00 -0.21 
17.50 -1.62 
20.00 -3.03 
22.50 -2.51 
25.00 -1.99 
27.50 -1.53 
30.00 -1.08 
32.50 -1.94 
35.00 -2.80 
37.50 -3.09 
40.00 -3.38 
42.50 -2.68 
45.00 -1.99 
47.50 -2.31 
50.00 -2.63 
52.50 -2.14 
55.00 -1.64 
57.50 -1.56 
60.00 -1.47 
62.50 -1.56 
65.00 -1.64 
67.50 -1.64 
70.00 -1.64 
72.50 -1.64 
75.00 -1.64 
77.50 -1.53 
80.00 -1.41 
82.50 -1.41 
85.00 -1.41 
87.50 -1.44 
90.00 -1.47 
92.50 -1.53 
95.00 -1.59 
97.50 -1.59 
100.00 -1.59 
102.50 -1.47 
105.00 -1.36 
107.50 -1.44 
110.00 -1.53 
112.50 -1.39 
115.00 -1.24 
117.50 -1.44 
120.00 -1.64 
122.50 -1.59 
125.00 -1.53 
127.50 -1.47 
130.00 -1.41 
132.50 -1.59 
135.00 -1.76 
137.50 -1.50 
140.00 -1.24 
142.50 -1.47 
145.00 -1.70 
147.50 -1.79 
150.00 -1.87 
152.50 -1.59 
155.00 -1.30 
157.50 -1.00 
160.00 -0.69 
162.50 -0.35 
165.00 0.00 
167.50 -0.27 
170.00 -0.53 
172.50 -0.80 
175.00 -1.08 
177.50 -1.19 
180.00 -1.30 
182.50 -1.33 
185.00 -1.36 
187.50 -1.41 
190.00 -1.47 
192.50 -1.82 
195.00 -2.16 
197.50 -2.02 
200.00 -1.87 
202.50 -1.47 
205.00 -1.08 
385 	 # Number of measurements 
# s g t err
1 	 998 	 0.00000 	 0.000
1 	 3 	 0.00582 	 0.000
1 	 5 	 0.00809 	 0.000
1 	 7 	 0.00986 	 0.000
1 	 9 	 0.01163 	 0.000
1 	 11 	 0.01264 	 0.000
1 	 13 	 0.01441 	 0.000
1 	 15 	 0.01542 	 0.000
1 	 17 	 0.01694 	 0.000
1 	 19 	 0.01858 	 0.000
1 	 21 	 0.01922 	 0.000
1 	 23 	 0.02162 	 0.000
1 	 25 	 0.02301 	 0.000
1 	 27 	 0.02440 	 0.000
1 	 29 	 0.02541 	 0.000
1 	 31 	 0.02857 	 0.000
1 	 33 	 0.02857 	 0.000
1 	 35 	 0.02908 	 0.000
1 	 37 	 0.03097 	 0.000
1 	 39 	 0.03148 	 0.000
1 	 41 	 0.03198 	 0.000
1 	 43 	 0.03198 	 0.000
1 	 45 	 0.03224 	 0.000
1 	 49 	 0.03590 	 0.000
4 	 3 	 0.00506 	 0.000
4 	 1002 	 0.00000 	 0.000
4 	 5 	 0.00506 	 0.000
4 	 7 	 0.00809 	 0.000
4 	 9 	 0.00910 	 0.000
4 	 11 	 0.01062 	 0.000
4 	 13 	 0.01264 	 0.000
4 	 15 	 0.01327 	 0.000
4 	 17 	 0.01466 	 0.000
4 	 19 	 0.01618 	 0.000
4 	 21 	 0.01694 	 0.000
4 	 23 	 0.01858 	 0.000
4 	 25 	 0.02023 	 0.000
4 	 27 	 0.02174 	 0.000
4 	 29 	 0.02326 	 0.000
4 	 31 	 0.02617 	 0.000
4 	 33 	 0.02655 	 0.000
4 	 35 	 0.02718 	 0.000
4 	 37 	 0.02832 	 0.000
4 	 39 	 0.03047 	 0.000
4 	 41 	 0.03161 	 0.000
4 	 43 	 0.03047 	 0.000
4 	 45 	 0.03236 	 0.000
4 	 47 	 0.03375 	 0.000
4 	 49 	 0.03439 	 0.000
8 	 3 	 0.01011 	 0.000
8 	 5 	 0.00834 	 0.000
8 	 7 	 0.00506 	 0.000
8 	 1012 	 0.00000 	 0.000
8 	 9 	 0.00607 	 0.000
8 	 11 	 0.00771 	 0.000
8 	 13 	 0.00948 	 0.000
8 	 15 	 0.01024 	 0.000
8 	 17 	 0.01226 	 0.000
8 	 19 	 0.01378 	 0.000
8 	 21 	 0.01492 	 0.000
8 	 23 	 0.01618 	 0.000
8 	 25 	 0.01846 	 0.000
8 	 27 	 0.02010 	 0.000
8 	 29 	 0.02111 	 0.000
8 	 31 	 0.02351 	 0.000
8 	 33 	 0.02339 	 0.000
8 	 35 	 0.02440 	 0.000
8 	 37 	 0.02617 	 0.000
8 	 39 	 0.02781 	 0.000
8 	 41 	 0.02819 	 0.000
8 	 43 	 0.02870 	 0.000
8 	 45 	 0.02971 	 0.000
8 	 47 	 0.03161 	 0.000
8 	 49 	 0.03224 	 0.000
12 	 3 	 0.01150 	 0.000
12 	 5 	 0.00910 	 0.000
12 	 7 	 0.00771 	 0.000
12 	 9 	 0.00607 	 0.000
12 	 11 	 0.00329 	 0.000
12 	 1022 	 0.00000 	 0.000
12 	 13 	 0.00556 	 0.000
12 	 15 	 0.00632 	 0.000
12 	 17 	 0.00809 	 0.000
12 	 19 	 0.00948 	 0.000
12 	 21 	 0.01087 	 0.000
12 	 23 	 0.01239 	 0.000
12 	 25 	 0.01441 	 0.000
12 	 27 	 0.01580 	 0.000
12 	 29 	 0.01694 	 0.000
12 	 31 	 0.01985 	 0.000
12 	 33 	 0.01960 	 0.000
12 	 35 	 0.02048 	 0.000
12 	 37 	 0.02250 	 0.000
12 	 39 	 0.02377 	 0.000
12 	 41 	 0.02503 	 0.000
12 	 43 	 0.02554 	 0.000
12 	 45 	 0.02630 	 0.000
12 	 47 	 0.02807 	 0.000
12 	 49 	 0.02819 	 0.000
16 	 5 	 0.01378 	 0.000
16 	 7 	 0.01226 	 0.000
16 	 9 	 0.01062 	 0.000
16 	 11 	 0.00923 	 0.000
16 	 13 	 0.00771 	 0.000
16 	 15 	 0.00442 	 0.000
16 	 1032 	 0.00000 	 0.000
16 	 17 	 0.00531 	 0.000
16 	 19 	 0.00822 	 0.000
16 	 21 	 0.00923 	 0.000
16 	 23 	 0.01049 	 0.000
16 	 25 	 0.01290 	 0.000
16 	 27 	 0.01441 	 0.000
16 	 29 	 0.01530 	 0.000
16 	 31 	 0.01833 	 0.000
16 	 33 	 0.01783 	 0.000
16 	 35 	 0.01909 	 0.000
16 	 37 	 0.02073 	 0.000
16 	 39 	 0.02200 	 0.000
16 	 41 	 0.02339 	 0.000
16 	 43 	 0.02301 	 0.000
16 	 45 	 0.02440 	 0.000
16 	 47 	 0.02680 	 0.000
16 	 49 	 0.02756 	 0.000
20 	 3 	 0.01833 	 0.000
20 	 5 	 0.01631 	 0.000
20 	 7 	 0.01479 	 0.000
20 	 9 	 0.01365 	 0.000
20 	 11 	 0.01201 	 0.000
20 	 13 	 0.01011 	 0.000
20 	 15 	 0.00872 	 0.000
20 	 17 	 0.00771 	 0.000
20 	 19 	 0.00303 	 0.000
20 	 1042 	 0.00000 	 0.000
20 	 23 	 0.00771 	 0.000
20 	 25 	 0.00999 	 0.000
20 	 27 	 0.01100 	 0.000
20 	 29 	 0.01290 	 0.000
20 	 31 	 0.01517 	 0.000
20 	 33 	 0.01479 	 0.000
20 	 35 	 0.01618 	 0.000
20 	 37 	 0.01783 	 0.000
20 	 39 	 0.01934 	 0.000
20 	 41 	 0.02048 	 0.000
20 	 43 	 0.02048 	 0.000
20 	 45 	 0.02187 	 0.000
20 	 47 	 0.02377 	 0.000
20 	 49 	 0.02402 	 0.000
24 	 5 	 0.01896 	 0.000
24 	 7 	 0.01732 	 0.000
24 	 9 	 0.01606 	 0.000
24 	 11 	 0.01454 	 0.000
24 	 13 	 0.01252 	 0.000
24 	 15 	 0.01100 	 0.000
24 	 17 	 0.00986 	 0.000
24 	 19 	 0.00885 	 0.000
24 	 21 	 0.00733 	 0.000
24 	 23 	 0.00417 	 0.000
24 	 1052 	 0.00000 	 0.000
24 	 25 	 0.00594 	 0.000
24 	 27 	 0.00872 	 0.000
24 	 29 	 0.01024 	 0.000
24 	 31 	 0.01226 	 0.000
24 	 33 	 0.01277 	 0.000
24 	 35 	 0.01365 	 0.000
24 	 37 	 0.01555 	 0.000
24 	 39 	 0.01669 	 0.000
24 	 41 	 0.01820 	 0.000
24 	 43 	 0.01808 	 0.000
24 	 45 	 0.01972 	 0.000
24 	 47 	 0.02212 	 0.000
24 	 49 	 0.02212 	 0.000
28 	 3 	 0.02364 	 0.000
28 	 5 	 0.02276 	 0.000
28 	 7 	 0.02099 	 0.000
28 	 9 	 0.01947 	 0.000
28 	 11 	 0.01833 	 0.000
28 	 13 	 0.01631 	 0.000
28 	 15 	 0.01466 	 0.000
28 	 17 	 0.01365 	 0.000
28 	 19 	 0.01226 	 0.000
28 	 21 	 0.01075 	 0.000
28 	 23 	 0.00961 	 0.000
28 	 25 	 0.00834 	 0.000
28 	 27 	 0.00442 	 0.000
28 	 1062 	 0.00000 	 0.000
28 	 31 	 0.01011 	 0.000
28 	 33 	 0.00986 	 0.000
28 	 35 	 0.01125 	 0.000
28 	 37 	 0.01315 	 0.000
28 	 39 	 0.01441 	 0.000
28 	 41 	 0.01593 	 0.000
28 	 43 	 0.01593 	 0.000
28 	 45 	 0.01694 	 0.000
28 	 47 	 0.01934 	 0.000
28 	 49 	 0.01934 	 0.000
32 	 3 	 0.02668 	 0.000
32 	 5 	 0.02503 	 0.000
32 	 7 	 0.02326 	 0.000
32 	 9 	 0.02225 	 0.000
32 	 11 	 0.02010 	 0.000
32 	 13 	 0.01846 	 0.000
32 	 15 	 0.01694 	 0.000
32 	 17 	 0.01606 	 0.000
32 	 19 	 0.01416 	 0.000
32 	 21 	 0.01277 	 0.000
32 	 23 	 0.01188 	 0.000
32 	 25 	 0.01075 	 0.000
32 	 27 	 0.00986 	 0.000
32 	 31 	 0.00708 	 0.000
32 	 1072 	 0.00000 	 0.000
32 	 33 	 0.00468 	 0.000
32 	 35 	 0.00771 	 0.000
32 	 37 	 0.00999 	 0.000
32 	 39 	 0.01113 	 0.000
32 	 41 	 0.01252 	 0.000
32 	 43 	 0.01277 	 0.000
32 	 45 	 0.01403 	 0.000
32 	 47 	 0.01580 	 0.000
32 	 49 	 0.01568 	 0.000
36 	 3 	 0.02984 	 0.000
36 	 5 	 0.02769 	 0.000
36 	 7 	 0.02668 	 0.000
36 	 9 	 0.02541 	 0.000
36 	 11 	 0.02389 	 0.000
36 	 13 	 0.02225 	 0.000
36 	 15 	 0.02111 	 0.000
36 	 17 	 0.01972 	 0.000
36 	 19 	 0.01833 	 0.000
36 	 21 	 0.01681 	 0.000
36 	 23 	 0.01568 	 0.000
36 	 25 	 0.01466 	 0.000
36 	 27 	 0.01315 	 0.000
36 	 29 	 0.01226 	 0.000
36 	 31 	 0.01150 	 0.000
36 	 33 	 0.00973 	 0.000
36 	 35 	 0.00594 	 0.000
36 	 1082 	 0.00000 	 0.000
36 	 37 	 0.00506 	 0.000
36 	 39 	 0.00784 	 0.000
36 	 41 	 0.01011 	 0.000
36 	 43 	 0.00973 	 0.000
36 	 45 	 0.01150 	 0.000
36 	 47 	 0.01327 	 0.000
36 	 49 	 0.01378 	 0.000
44 	 37 	 0.01113 	 0.000
44 	 39 	 0.00999 	 0.000
44 	 41 	 0.00784 	 0.000
44 	 43 	 0.00619 	 0.000
44 	 1102 	 0.00000 	 0.000
44 	 45 	 0.00265 	 0.000
44 	 47 	 0.00607 	 0.000
44 	 49 	 0.00733 	 0.000
44 	 51 	 0.00834 	 0.000
44 	 53 	 0.00986 	 0.000
44 	 55 	 0.01150 	 0.000
44 	 57 	 0.01252 	 0.000
44 	 59 	 0.01327 	 0.000
44 	 61 	 0.01593 	 0.000
44 	 63 	 0.01707 	 0.000
44 	 65 	 0.01858 	 0.000
44 	 67 	 0.01985 	 0.000
44 	 69 	 0.02149 	 0.000
44 	 71 	 0.02288 	 0.000
44 	 73 	 0.02351 	 0.000
44 	 75 	 0.02415 	 0.000
44 	 77 	 0.02592 	 0.000
44 	 79 	 0.02781 	 0.000
44 	 83 	 0.03085 	 0.000
50 	 37 	 0.01454 	 0.000
50 	 39 	 0.01340 	 0.000
50 	 41 	 0.01125 	 0.000
50 	 43 	 0.00923 	 0.000
50 	 45 	 0.00771 	 0.000
50 	 47 	 0.00670 	 0.000
50 	 1117 	 0.00000 	 0.000
50 	 51 	 0.00152 	 0.000
50 	 53 	 0.00518 	 0.000
50 	 55 	 0.00721 	 0.000
50 	 57 	 0.00847 	 0.000
50 	 59 	 0.00936 	 0.000
50 	 61 	 0.01138 	 0.000
50 	 63 	 0.01290 	 0.000
50 	 65 	 0.01416 	 0.000
50 	 67 	 0.01555 	 0.000
50 	 69 	 0.01694 	 0.000
50 	 71 	 0.01846 	 0.000
50 	 73 	 0.01922 	 0.000
50 	 75 	 0.01997 	 0.000
50 	 77 	 0.02149 	 0.000
50 	 79 	 0.02263 	 0.000
50 	 83 	 0.02579 	 0.000
56 	 37 	 0.01884 	 0.000
56 	 39 	 0.01783 	 0.000
56 	 41 	 0.01568 	 0.000
56 	 43 	 0.01353 	 0.000
56 	 45 	 0.01176 	 0.000
56 	 47 	 0.01049 	 0.000
56 	 49 	 0.00872 	 0.000
56 	 51 	 0.00733 	 0.000
56 	 53 	 0.00544 	 0.000
56 	 1132 	 0.00000 	 0.000
56 	 57 	 0.00367 	 0.000
56 	 59 	 0.00518 	 0.000
56 	 61 	 0.00746 	 0.000
56 	 63 	 0.00872 	 0.000
56 	 65 	 0.01024 	 0.000
56 	 67 	 0.01163 	 0.000
56 	 69 	 0.01302 	 0.000
56 	 71 	 0.01492 	 0.000
56 	 73 	 0.01555 	 0.000
56 	 75 	 0.01631 	 0.000
56 	 77 	 0.01783 	 0.000
56 	 79 	 0.01858 	 0.000
56 	 83 	 0.02200 	 0.000
62 	 39 	 0.02238 	 0.000
62 	 41 	 0.01972 	 0.000
62 	 43 	 0.01820 	 0.000
62 	 45 	 0.01580 	 0.000
62 	 47 	 0.01517 	 0.000
62 	 49 	 0.01277 	 0.000
62 	 51 	 0.01163 	 0.000
62 	 53 	 0.01011 	 0.000
62 	 55 	 0.00872 	 0.000
62 	 57 	 0.00721 	 0.000
62 	 59 	 0.00518 	 0.000
62 	 61 	 0.00493 	 0.000
62 	 1147 	 0.00000 	 0.000
62 	 63 	 0.00215 	 0.000
62 	 65 	 0.00582 	 0.000
62 	 67 	 0.00708 	 0.000
62 	 69 	 0.00860 	 0.000
62 	 71 	 0.01011 	 0.000
62 	 73 	 0.01125 	 0.000
62 	 75 	 0.01201 	 0.000
62 	 77 	 0.01327 	 0.000
62 	 79 	 0.01429 	 0.000
62 	 83 	 0.01745 	 0.000
68 	 37 	 0.02731 	 0.000
68 	 39 	 0.02630 	 0.000
68 	 41 	 0.02402 	 0.000
68 	 43 	 0.02250 	 0.000
68 	 45 	 0.02086 	 0.000
68 	 47 	 0.01896 	 0.000
68 	 49 	 0.01745 	 0.000
68 	 51 	 0.01593 	 0.000
68 	 53 	 0.01403 	 0.000
68 	 55 	 0.01315 	 0.000
68 	 57 	 0.01163 	 0.000
68 	 59 	 0.00948 	 0.000
68 	 61 	 0.00936 	 0.000
68 	 63 	 0.00771 	 0.000
68 	 65 	 0.00619 	 0.000
68 	 67 	 0.00405 	 0.000
68 	 1162 	 0.00000 	 0.000
68 	 69 	 0.00518 	 0.000
68 	 71 	 0.00695 	 0.000
68 	 73 	 0.00771 	 0.000
68 	 75 	 0.00860 	 0.000
68 	 77 	 0.00973 	 0.000
68 	 79 	 0.01075 	 0.000
68 	 83 	 0.01429 	 0.000
74 	 37 	 0.03135 	 0.000
74 	 39 	 0.03021 	 0.000
74 	 41 	 0.02756 	 0.000
74 	 43 	 0.02579 	 0.000
74 	 45 	 0.02351 	 0.000
74 	 47 	 0.02200 	 0.000
74 	 49 	 0.02035 	 0.000
74 	 51 	 0.01934 	 0.000
74 	 53 	 0.01732 	 0.000
74 	 55 	 0.01669 	 0.000
74 	 57 	 0.01492 	 0.000
74 	 59 	 0.01290 	 0.000
74 	 61 	 0.01239 	 0.000
74 	 63 	 0.01138 	 0.000
74 	 65 	 0.00986 	 0.000
74 	 67 	 0.00809 	 0.000
74 	 69 	 0.00670 	 0.000
74 	 71 	 0.00518 	 0.000
74 	 73 	 0.00379 	 0.000
74 	 1177 	 0.00000 	 0.000
74 	 75 	 0.00202 	 0.000
74 	 77 	 0.00430 	 0.000
74 	 79 	 0.00594 	 0.000
74 	 83 	 0.00948 	 0.000
