85 	 # Number of sensors 
# x z 
-5.00 -5.68 
-2.50 -5.68 
0.00 -5.68 
2.50 -5.60 
5.00 -5.53 
7.50 -5.49 
10.00 -5.45 
12.50 -5.35 
15.00 -5.25 
17.50 -5.17 
20.00 -5.09 
22.50 -5.03 
25.00 -4.97 
27.50 -4.88 
30.00 -4.79 
32.50 -4.78 
35.00 -4.77 
37.50 -4.70 
40.00 -4.63 
42.50 -4.56 
45.00 -4.49 
47.50 -4.41 
50.00 -4.33 
52.50 -4.28 
55.00 -4.23 
57.50 -4.16 
60.00 -4.10 
62.50 -4.01 
65.00 -3.92 
67.50 -3.86 
70.00 -3.79 
72.50 -3.70 
75.00 -3.62 
77.50 -3.56 
80.00 -3.50 
82.50 -3.44 
85.00 -3.39 
87.50 -3.32 
90.00 -3.24 
92.50 -3.17 
95.00 -3.10 
97.50 -3.06 
100.00 -3.01 
102.50 -2.95 
105.00 -2.90 
107.50 -2.82 
110.00 -2.74 
112.50 -2.67 
115.00 -2.60 
117.50 -2.48 
120.00 -2.36 
122.50 -2.31 
125.00 -2.26 
127.50 -2.19 
130.00 -2.12 
132.50 -2.03 
135.00 -1.93 
137.50 -1.86 
140.00 -1.79 
142.50 -1.73 
145.00 -1.67 
147.50 -1.65 
150.00 -1.62 
152.50 -1.52 
155.00 -1.42 
157.50 -1.37 
160.00 -1.32 
162.50 -1.27 
165.00 -1.23 
167.50 -1.09 
170.00 -0.96 
172.50 -0.89 
175.00 -0.82 
177.50 -0.77 
180.00 -0.72 
182.50 -0.64 
185.00 -0.57 
187.50 -0.50 
190.00 -0.43 
192.50 -0.35 
195.00 -0.27 
197.50 -0.21 
200.00 -0.16 
202.50 -0.08 
205.00 0.00 
600 	 # Number of measurements 
# s g t err
1 	 995 	 0.00000 	 0.000
1 	 3 	 0.00921 	 0.000
1 	 5 	 0.01515 	 0.000
1 	 7 	 0.02109 	 0.000
1 	 9 	 0.02762 	 0.000
1 	 11 	 0.03207 	 0.000
1 	 13 	 0.03475 	 0.000
1 	 15 	 0.03683 	 0.000
1 	 17 	 0.03920 	 0.000
1 	 19 	 0.04187 	 0.000
1 	 21 	 0.04455 	 0.000
1 	 23 	 0.04722 	 0.000
1 	 25 	 0.04930 	 0.000
1 	 27 	 0.05049 	 0.000
1 	 29 	 0.05346 	 0.000
1 	 31 	 0.05613 	 0.000
1 	 33 	 0.05851 	 0.000
1 	 35 	 0.06029 	 0.000
1 	 37 	 0.06326 	 0.000
1 	 39 	 0.06593 	 0.000
1 	 41 	 0.06831 	 0.000
1 	 43 	 0.06979 	 0.000
1 	 45 	 0.07217 	 0.000
1 	 47 	 0.07514 	 0.000
1 	 49 	 0.07662 	 0.000
4 	 3 	 0.00624 	 0.000
4 	 1002 	 0.00000 	 0.000
4 	 5 	 0.00594 	 0.000
4 	 7 	 0.01277 	 0.000
4 	 9 	 0.01930 	 0.000
4 	 11 	 0.02435 	 0.000
4 	 13 	 0.03059 	 0.000
4 	 15 	 0.03267 	 0.000
4 	 17 	 0.03504 	 0.000
4 	 19 	 0.03772 	 0.000
4 	 21 	 0.04098 	 0.000
4 	 23 	 0.04306 	 0.000
4 	 25 	 0.04544 	 0.000
4 	 27 	 0.04841 	 0.000
4 	 29 	 0.05078 	 0.000
4 	 31 	 0.05257 	 0.000
4 	 33 	 0.05524 	 0.000
4 	 35 	 0.05821 	 0.000
4 	 37 	 0.05969 	 0.000
4 	 39 	 0.06266 	 0.000
4 	 41 	 0.06415 	 0.000
4 	 43 	 0.06682 	 0.000
4 	 45 	 0.06801 	 0.000
4 	 47 	 0.07157 	 0.000
4 	 49 	 0.07306 	 0.000
8 	 3 	 0.01871 	 0.000
8 	 5 	 0.01277 	 0.000
8 	 7 	 0.00564 	 0.000
8 	 1012 	 0.00000 	 0.000
8 	 9 	 0.00505 	 0.000
8 	 11 	 0.01277 	 0.000
8 	 13 	 0.01930 	 0.000
8 	 15 	 0.02406 	 0.000
8 	 17 	 0.02881 	 0.000
8 	 19 	 0.03297 	 0.000
8 	 21 	 0.03594 	 0.000
8 	 23 	 0.03831 	 0.000
8 	 25 	 0.04069 	 0.000
8 	 27 	 0.04306 	 0.000
8 	 29 	 0.04603 	 0.000
8 	 31 	 0.04722 	 0.000
8 	 33 	 0.05019 	 0.000
8 	 35 	 0.05197 	 0.000
8 	 37 	 0.05465 	 0.000
8 	 39 	 0.05672 	 0.000
8 	 41 	 0.05969 	 0.000
8 	 43 	 0.06148 	 0.000
8 	 45 	 0.06326 	 0.000
8 	 47 	 0.06563 	 0.000
8 	 49 	 0.06801 	 0.000
12 	 3 	 0.03148 	 0.000
12 	 5 	 0.02643 	 0.000
12 	 7 	 0.01930 	 0.000
12 	 9 	 0.01218 	 0.000
12 	 11 	 0.00624 	 0.000
12 	 1022 	 0.00000 	 0.000
12 	 13 	 0.00564 	 0.000
12 	 15 	 0.01188 	 0.000
12 	 17 	 0.01782 	 0.000
12 	 19 	 0.02406 	 0.000
12 	 21 	 0.03118 	 0.000
12 	 23 	 0.03386 	 0.000
12 	 25 	 0.03683 	 0.000
12 	 27 	 0.03890 	 0.000
12 	 29 	 0.04217 	 0.000
12 	 31 	 0.04366 	 0.000
12 	 33 	 0.04692 	 0.000
12 	 35 	 0.04900 	 0.000
12 	 37 	 0.05078 	 0.000
12 	 39 	 0.05316 	 0.000
12 	 41 	 0.05554 	 0.000
12 	 43 	 0.05761 	 0.000
12 	 45 	 0.05999 	 0.000
12 	 47 	 0.06237 	 0.000
12 	 49 	 0.06415 	 0.000
16 	 3 	 0.03594 	 0.000
16 	 5 	 0.03326 	 0.000
16 	 7 	 0.03059 	 0.000
16 	 9 	 0.02524 	 0.000
16 	 11 	 0.01901 	 0.000
16 	 13 	 0.01336 	 0.000
16 	 15 	 0.00535 	 0.000
16 	 1032 	 0.00000 	 0.000
16 	 17 	 0.00386 	 0.000
16 	 19 	 0.01158 	 0.000
16 	 21 	 0.01782 	 0.000
16 	 23 	 0.02316 	 0.000
16 	 25 	 0.02970 	 0.000
16 	 27 	 0.03386 	 0.000
16 	 29 	 0.03772 	 0.000
16 	 31 	 0.03920 	 0.000
16 	 33 	 0.04336 	 0.000
16 	 35 	 0.04395 	 0.000
16 	 37 	 0.04574 	 0.000
16 	 39 	 0.04781 	 0.000
16 	 41 	 0.05049 	 0.000
16 	 43 	 0.05168 	 0.000
16 	 45 	 0.05435 	 0.000
16 	 47 	 0.05672 	 0.000
16 	 49 	 0.05969 	 0.000
20 	 3 	 0.04128 	 0.000
20 	 5 	 0.03831 	 0.000
20 	 7 	 0.03594 	 0.000
20 	 9 	 0.03356 	 0.000
20 	 11 	 0.03059 	 0.000
20 	 13 	 0.02613 	 0.000
20 	 15 	 0.01930 	 0.000
20 	 17 	 0.01307 	 0.000
20 	 19 	 0.00624 	 0.000
20 	 1042 	 0.00000 	 0.000
20 	 21 	 0.00475 	 0.000
20 	 23 	 0.01218 	 0.000
20 	 25 	 0.01812 	 0.000
20 	 27 	 0.02376 	 0.000
20 	 29 	 0.02881 	 0.000
20 	 31 	 0.03415 	 0.000
20 	 33 	 0.03742 	 0.000
20 	 35 	 0.03950 	 0.000
20 	 37 	 0.04247 	 0.000
20 	 39 	 0.04425 	 0.000
20 	 41 	 0.04663 	 0.000
20 	 43 	 0.04930 	 0.000
20 	 45 	 0.05138 	 0.000
20 	 47 	 0.05375 	 0.000
20 	 49 	 0.05554 	 0.000
24 	 3 	 0.04514 	 0.000
24 	 5 	 0.04425 	 0.000
24 	 7 	 0.04158 	 0.000
24 	 9 	 0.03920 	 0.000
24 	 11 	 0.03742 	 0.000
24 	 13 	 0.03534 	 0.000
24 	 15 	 0.03118 	 0.000
24 	 17 	 0.02554 	 0.000
24 	 19 	 0.01930 	 0.000
24 	 21 	 0.01277 	 0.000
24 	 23 	 0.00742 	 0.000
24 	 1052 	 0.00000 	 0.000
24 	 25 	 0.00594 	 0.000
24 	 27 	 0.01247 	 0.000
24 	 29 	 0.01841 	 0.000
24 	 31 	 0.02406 	 0.000
24 	 33 	 0.02910 	 0.000
24 	 35 	 0.03415 	 0.000
24 	 37 	 0.03653 	 0.000
24 	 39 	 0.04039 	 0.000
24 	 41 	 0.04306 	 0.000
24 	 43 	 0.04455 	 0.000
24 	 45 	 0.04663 	 0.000
24 	 47 	 0.04930 	 0.000
24 	 49 	 0.05108 	 0.000
28 	 3 	 0.05078 	 0.000
28 	 5 	 0.04781 	 0.000
28 	 7 	 0.04574 	 0.000
28 	 9 	 0.04425 	 0.000
28 	 11 	 0.04217 	 0.000
28 	 13 	 0.03950 	 0.000
28 	 15 	 0.03712 	 0.000
28 	 17 	 0.03475 	 0.000
28 	 19 	 0.02970 	 0.000
28 	 21 	 0.02406 	 0.000
28 	 23 	 0.01812 	 0.000
28 	 25 	 0.01039 	 0.000
28 	 27 	 0.00653 	 0.000
28 	 1062 	 0.00000 	 0.000
28 	 29 	 0.00624 	 0.000
28 	 31 	 0.01336 	 0.000
28 	 33 	 0.01782 	 0.000
28 	 35 	 0.02346 	 0.000
28 	 37 	 0.02970 	 0.000
28 	 39 	 0.03564 	 0.000
28 	 41 	 0.03801 	 0.000
28 	 43 	 0.04069 	 0.000
28 	 45 	 0.04306 	 0.000
28 	 47 	 0.04514 	 0.000
28 	 49 	 0.04663 	 0.000
32 	 3 	 0.05435 	 0.000
32 	 5 	 0.05227 	 0.000
32 	 7 	 0.05019 	 0.000
32 	 9 	 0.04871 	 0.000
32 	 11 	 0.04692 	 0.000
32 	 13 	 0.04514 	 0.000
32 	 15 	 0.04069 	 0.000
32 	 17 	 0.03950 	 0.000
32 	 19 	 0.03772 	 0.000
32 	 21 	 0.03475 	 0.000
32 	 23 	 0.02940 	 0.000
32 	 25 	 0.02346 	 0.000
32 	 27 	 0.01841 	 0.000
32 	 29 	 0.01277 	 0.000
32 	 31 	 0.00624 	 0.000
32 	 1072 	 0.00000 	 0.000
32 	 33 	 0.00624 	 0.000
32 	 35 	 0.01218 	 0.000
32 	 37 	 0.01841 	 0.000
32 	 39 	 0.02376 	 0.000
32 	 41 	 0.02881 	 0.000
32 	 43 	 0.03415 	 0.000
32 	 45 	 0.03772 	 0.000
32 	 47 	 0.04009 	 0.000
32 	 49 	 0.04247 	 0.000
36 	 3 	 0.05851 	 0.000
36 	 5 	 0.05702 	 0.000
36 	 7 	 0.05435 	 0.000
36 	 9 	 0.05346 	 0.000
36 	 11 	 0.05197 	 0.000
36 	 13 	 0.04930 	 0.000
36 	 15 	 0.04603 	 0.000
36 	 17 	 0.04395 	 0.000
36 	 19 	 0.04247 	 0.000
36 	 21 	 0.03890 	 0.000
36 	 23 	 0.03742 	 0.000
36 	 25 	 0.03445 	 0.000
36 	 27 	 0.02940 	 0.000
36 	 29 	 0.02406 	 0.000
36 	 31 	 0.01841 	 0.000
36 	 33 	 0.01277 	 0.000
36 	 35 	 0.00624 	 0.000
36 	 1082 	 0.00000 	 0.000
36 	 37 	 0.00624 	 0.000
36 	 39 	 0.01247 	 0.000
36 	 41 	 0.01752 	 0.000
36 	 43 	 0.02376 	 0.000
36 	 45 	 0.02881 	 0.000
36 	 47 	 0.03297 	 0.000
36 	 49 	 0.03712 	 0.000
38 	 37 	 0.00683 	 0.000
38 	 1087 	 0.00000 	 0.000
38 	 39 	 0.00475 	 0.000
38 	 41 	 0.01218 	 0.000
38 	 43 	 0.01723 	 0.000
38 	 45 	 0.02346 	 0.000
38 	 47 	 0.02703 	 0.000
38 	 49 	 0.03267 	 0.000
38 	 51 	 0.03742 	 0.000
38 	 53 	 0.04039 	 0.000
38 	 55 	 0.04247 	 0.000
38 	 57 	 0.04574 	 0.000
38 	 59 	 0.04811 	 0.000
38 	 61 	 0.04960 	 0.000
38 	 63 	 0.05227 	 0.000
38 	 65 	 0.05494 	 0.000
38 	 67 	 0.05672 	 0.000
38 	 69 	 0.06029 	 0.000
38 	 71 	 0.06207 	 0.000
38 	 73 	 0.06504 	 0.000
38 	 75 	 0.06742 	 0.000
38 	 77 	 0.06979 	 0.000
38 	 79 	 0.07217 	 0.000
38 	 81 	 0.07454 	 0.000
38 	 83 	 0.07573 	 0.000
40 	 3 	 0.06296 	 0.000
40 	 5 	 0.06177 	 0.000
40 	 7 	 0.06029 	 0.000
40 	 9 	 0.05732 	 0.000
40 	 11 	 0.05554 	 0.000
40 	 13 	 0.05316 	 0.000
40 	 15 	 0.05019 	 0.000
40 	 17 	 0.04871 	 0.000
40 	 19 	 0.04722 	 0.000
40 	 21 	 0.04455 	 0.000
40 	 23 	 0.04277 	 0.000
40 	 25 	 0.03920 	 0.000
40 	 27 	 0.03653 	 0.000
40 	 29 	 0.03475 	 0.000
40 	 31 	 0.02821 	 0.000
40 	 33 	 0.02346 	 0.000
40 	 35 	 0.01693 	 0.000
40 	 37 	 0.01218 	 0.000
40 	 39 	 0.00505 	 0.000
40 	 1092 	 0.00000 	 0.000
40 	 41 	 0.00624 	 0.000
40 	 43 	 0.01158 	 0.000
40 	 45 	 0.01812 	 0.000
40 	 47 	 0.02346 	 0.000
40 	 49 	 0.02821 	 0.000
42 	 37 	 0.01752 	 0.000
42 	 39 	 0.01218 	 0.000
42 	 41 	 0.00535 	 0.000
42 	 1097 	 0.00000 	 0.000
42 	 43 	 0.00505 	 0.000
42 	 45 	 0.01158 	 0.000
42 	 47 	 0.01693 	 0.000
42 	 49 	 0.02287 	 0.000
42 	 51 	 0.02762 	 0.000
42 	 53 	 0.03118 	 0.000
42 	 55 	 0.03890 	 0.000
42 	 57 	 0.04128 	 0.000
42 	 59 	 0.04247 	 0.000
42 	 61 	 0.04484 	 0.000
42 	 63 	 0.04722 	 0.000
42 	 65 	 0.04960 	 0.000
42 	 67 	 0.05316 	 0.000
42 	 69 	 0.05524 	 0.000
42 	 71 	 0.05702 	 0.000
42 	 73 	 0.06029 	 0.000
42 	 75 	 0.06177 	 0.000
42 	 77 	 0.06326 	 0.000
42 	 79 	 0.06682 	 0.000
42 	 81 	 0.06979 	 0.000
42 	 83 	 0.07128 	 0.000
44 	 3 	 0.06771 	 0.000
44 	 5 	 0.06445 	 0.000
44 	 7 	 0.06207 	 0.000
44 	 9 	 0.06118 	 0.000
44 	 11 	 0.05851 	 0.000
44 	 13 	 0.05702 	 0.000
44 	 15 	 0.05435 	 0.000
44 	 17 	 0.05286 	 0.000
44 	 19 	 0.05078 	 0.000
44 	 21 	 0.04841 	 0.000
44 	 23 	 0.04633 	 0.000
44 	 25 	 0.04336 	 0.000
44 	 27 	 0.04069 	 0.000
44 	 29 	 0.03801 	 0.000
44 	 31 	 0.03594 	 0.000
44 	 33 	 0.03356 	 0.000
44 	 35 	 0.02821 	 0.000
44 	 37 	 0.02168 	 0.000
44 	 39 	 0.01663 	 0.000
44 	 41 	 0.01188 	 0.000
44 	 43 	 0.00505 	 0.000
44 	 1102 	 0.00000 	 0.000
44 	 45 	 0.00416 	 0.000
44 	 47 	 0.01129 	 0.000
44 	 49 	 0.01633 	 0.000
46 	 37 	 0.02910 	 0.000
46 	 39 	 0.02227 	 0.000
46 	 41 	 0.01723 	 0.000
46 	 43 	 0.01158 	 0.000
46 	 45 	 0.00653 	 0.000
46 	 1107 	 0.00000 	 0.000
46 	 47 	 0.00505 	 0.000
46 	 49 	 0.01218 	 0.000
46 	 51 	 0.01723 	 0.000
46 	 53 	 0.02287 	 0.000
46 	 55 	 0.02821 	 0.000
46 	 57 	 0.03297 	 0.000
46 	 59 	 0.03653 	 0.000
46 	 61 	 0.04009 	 0.000
46 	 63 	 0.04306 	 0.000
46 	 65 	 0.04544 	 0.000
46 	 67 	 0.04752 	 0.000
46 	 69 	 0.05019 	 0.000
46 	 71 	 0.05346 	 0.000
46 	 73 	 0.05554 	 0.000
46 	 75 	 0.05791 	 0.000
46 	 77 	 0.05999 	 0.000
46 	 79 	 0.06237 	 0.000
46 	 81 	 0.06504 	 0.000
46 	 83 	 0.06801 	 0.000
48 	 3 	 0.07335 	 0.000
48 	 5 	 0.07128 	 0.000
48 	 7 	 0.06801 	 0.000
48 	 9 	 0.06652 	 0.000
48 	 11 	 0.06355 	 0.000
48 	 13 	 0.06207 	 0.000
48 	 15 	 0.05940 	 0.000
48 	 17 	 0.05761 	 0.000
48 	 19 	 0.05494 	 0.000
48 	 21 	 0.05405 	 0.000
48 	 23 	 0.05108 	 0.000
48 	 25 	 0.04841 	 0.000
48 	 27 	 0.04722 	 0.000
48 	 29 	 0.04514 	 0.000
48 	 31 	 0.04247 	 0.000
48 	 33 	 0.04098 	 0.000
48 	 35 	 0.03594 	 0.000
48 	 37 	 0.03297 	 0.000
48 	 39 	 0.02821 	 0.000
48 	 41 	 0.02346 	 0.000
48 	 43 	 0.01752 	 0.000
48 	 45 	 0.01277 	 0.000
48 	 47 	 0.00624 	 0.000
48 	 1112 	 0.00000 	 0.000
48 	 49 	 0.00475 	 0.000
50 	 37 	 0.03683 	 0.000
50 	 39 	 0.03297 	 0.000
50 	 41 	 0.02821 	 0.000
50 	 43 	 0.02168 	 0.000
50 	 45 	 0.01752 	 0.000
50 	 47 	 0.01366 	 0.000
50 	 49 	 0.00624 	 0.000
50 	 1117 	 0.00000 	 0.000
50 	 51 	 0.00505 	 0.000
50 	 53 	 0.01158 	 0.000
50 	 55 	 0.01871 	 0.000
50 	 57 	 0.02198 	 0.000
50 	 59 	 0.02792 	 0.000
50 	 61 	 0.03356 	 0.000
50 	 63 	 0.03712 	 0.000
50 	 65 	 0.04069 	 0.000
50 	 67 	 0.04484 	 0.000
50 	 69 	 0.04633 	 0.000
50 	 71 	 0.04841 	 0.000
50 	 73 	 0.05138 	 0.000
50 	 75 	 0.05435 	 0.000
50 	 77 	 0.05554 	 0.000
50 	 79 	 0.05791 	 0.000
50 	 81 	 0.06029 	 0.000
50 	 83 	 0.06266 	 0.000
54 	 37 	 0.04247 	 0.000
54 	 39 	 0.04098 	 0.000
54 	 41 	 0.03653 	 0.000
54 	 43 	 0.03267 	 0.000
54 	 45 	 0.02792 	 0.000
54 	 47 	 0.02376 	 0.000
54 	 49 	 0.01812 	 0.000
54 	 51 	 0.01039 	 0.000
54 	 53 	 0.00445 	 0.000
54 	 1127 	 0.00000 	 0.000
54 	 55 	 0.00624 	 0.000
54 	 57 	 0.01099 	 0.000
54 	 59 	 0.01633 	 0.000
54 	 61 	 0.02079 	 0.000
54 	 63 	 0.02821 	 0.000
54 	 65 	 0.03326 	 0.000
54 	 67 	 0.03594 	 0.000
54 	 69 	 0.04009 	 0.000
54 	 71 	 0.04455 	 0.000
54 	 73 	 0.04722 	 0.000
54 	 75 	 0.04900 	 0.000
54 	 77 	 0.05138 	 0.000
54 	 79 	 0.05465 	 0.000
54 	 81 	 0.05672 	 0.000
54 	 83 	 0.05851 	 0.000
58 	 37 	 0.04781 	 0.000
58 	 39 	 0.04544 	 0.000
58 	 41 	 0.04366 	 0.000
58 	 43 	 0.03980 	 0.000
58 	 45 	 0.03712 	 0.000
58 	 47 	 0.03297 	 0.000
58 	 49 	 0.02851 	 0.000
58 	 51 	 0.02287 	 0.000
58 	 53 	 0.01633 	 0.000
58 	 55 	 0.01158 	 0.000
58 	 57 	 0.00564 	 0.000
58 	 1137 	 0.00000 	 0.000
58 	 59 	 0.00564 	 0.000
58 	 61 	 0.01188 	 0.000
58 	 63 	 0.01693 	 0.000
58 	 65 	 0.02257 	 0.000
58 	 67 	 0.02821 	 0.000
58 	 69 	 0.03326 	 0.000
58 	 71 	 0.03772 	 0.000
58 	 73 	 0.04277 	 0.000
58 	 75 	 0.04514 	 0.000
58 	 77 	 0.04722 	 0.000
58 	 79 	 0.04960 	 0.000
58 	 81 	 0.05316 	 0.000
58 	 83 	 0.05435 	 0.000
62 	 37 	 0.05316 	 0.000
62 	 39 	 0.05049 	 0.000
62 	 41 	 0.04781 	 0.000
62 	 43 	 0.04544 	 0.000
62 	 45 	 0.04336 	 0.000
62 	 47 	 0.04187 	 0.000
62 	 49 	 0.03861 	 0.000
62 	 51 	 0.03386 	 0.000
62 	 53 	 0.02821 	 0.000
62 	 55 	 0.02406 	 0.000
62 	 57 	 0.01752 	 0.000
62 	 59 	 0.01247 	 0.000
62 	 61 	 0.00564 	 0.000
62 	 1147 	 0.00000 	 0.000
62 	 63 	 0.00683 	 0.000
62 	 65 	 0.01247 	 0.000
62 	 67 	 0.01693 	 0.000
62 	 69 	 0.02168 	 0.000
62 	 71 	 0.02673 	 0.000
62 	 73 	 0.03237 	 0.000
62 	 75 	 0.03653 	 0.000
62 	 77 	 0.04158 	 0.000
62 	 79 	 0.04633 	 0.000
62 	 81 	 0.04900 	 0.000
62 	 83 	 0.05138 	 0.000
66 	 37 	 0.05732 	 0.000
66 	 39 	 0.05524 	 0.000
66 	 41 	 0.05197 	 0.000
66 	 43 	 0.04900 	 0.000
66 	 45 	 0.04781 	 0.000
66 	 47 	 0.04544 	 0.000
66 	 49 	 0.04366 	 0.000
66 	 51 	 0.04128 	 0.000
66 	 53 	 0.03623 	 0.000
66 	 55 	 0.03297 	 0.000
66 	 57 	 0.02703 	 0.000
66 	 59 	 0.02109 	 0.000
66 	 61 	 0.01633 	 0.000
66 	 63 	 0.01099 	 0.000
66 	 65 	 0.00505 	 0.000
66 	 1157 	 0.00000 	 0.000
66 	 67 	 0.00505 	 0.000
66 	 69 	 0.01129 	 0.000
66 	 71 	 0.01723 	 0.000
66 	 73 	 0.02316 	 0.000
66 	 75 	 0.02821 	 0.000
66 	 77 	 0.03207 	 0.000
66 	 79 	 0.03742 	 0.000
66 	 81 	 0.04187 	 0.000
66 	 83 	 0.04574 	 0.000
70 	 37 	 0.06118 	 0.000
70 	 39 	 0.05940 	 0.000
70 	 41 	 0.05702 	 0.000
70 	 43 	 0.05405 	 0.000
70 	 45 	 0.05138 	 0.000
70 	 47 	 0.05019 	 0.000
70 	 49 	 0.04841 	 0.000
70 	 51 	 0.04603 	 0.000
70 	 53 	 0.04455 	 0.000
70 	 55 	 0.04217 	 0.000
70 	 57 	 0.03653 	 0.000
70 	 59 	 0.03237 	 0.000
70 	 61 	 0.02643 	 0.000
70 	 63 	 0.02138 	 0.000
70 	 65 	 0.01633 	 0.000
70 	 67 	 0.01158 	 0.000
70 	 69 	 0.00564 	 0.000
70 	 1167 	 0.00000 	 0.000
70 	 71 	 0.00445 	 0.000
70 	 73 	 0.01010 	 0.000
70 	 75 	 0.01544 	 0.000
70 	 77 	 0.02109 	 0.000
70 	 79 	 0.02762 	 0.000
70 	 81 	 0.03267 	 0.000
70 	 83 	 0.03742 	 0.000
74 	 37 	 0.06742 	 0.000
74 	 39 	 0.06563 	 0.000
74 	 41 	 0.06148 	 0.000
74 	 43 	 0.05969 	 0.000
74 	 45 	 0.05821 	 0.000
74 	 47 	 0.05465 	 0.000
74 	 49 	 0.05405 	 0.000
74 	 51 	 0.05138 	 0.000
74 	 53 	 0.04841 	 0.000
74 	 55 	 0.04663 	 0.000
74 	 57 	 0.04484 	 0.000
74 	 59 	 0.04069 	 0.000
74 	 61 	 0.03772 	 0.000
74 	 63 	 0.03237 	 0.000
74 	 65 	 0.02703 	 0.000
74 	 67 	 0.02257 	 0.000
74 	 69 	 0.01663 	 0.000
74 	 71 	 0.00921 	 0.000
74 	 73 	 0.00416 	 0.000
74 	 1177 	 0.00000 	 0.000
74 	 75 	 0.00535 	 0.000
74 	 77 	 0.00980 	 0.000
74 	 79 	 0.01544 	 0.000
74 	 81 	 0.02198 	 0.000
74 	 83 	 0.02762 	 0.000
78 	 37 	 0.07187 	 0.000
78 	 39 	 0.06920 	 0.000
78 	 41 	 0.06652 	 0.000
78 	 43 	 0.06445 	 0.000
78 	 45 	 0.06207 	 0.000
78 	 47 	 0.05999 	 0.000
78 	 49 	 0.05851 	 0.000
78 	 51 	 0.05524 	 0.000
78 	 53 	 0.05405 	 0.000
78 	 55 	 0.05257 	 0.000
78 	 57 	 0.04960 	 0.000
78 	 59 	 0.04663 	 0.000
78 	 61 	 0.04484 	 0.000
78 	 63 	 0.04098 	 0.000
78 	 65 	 0.03653 	 0.000
78 	 67 	 0.03178 	 0.000
78 	 69 	 0.02703 	 0.000
78 	 71 	 0.02198 	 0.000
78 	 73 	 0.01574 	 0.000
78 	 75 	 0.01039 	 0.000
78 	 77 	 0.00356 	 0.000
78 	 1187 	 0.00000 	 0.000
78 	 79 	 0.00564 	 0.000
78 	 81 	 0.01218 	 0.000
78 	 83 	 0.01812 	 0.000
