49 	 # Number of sensors 
# x z 
54.80 -13.49 
57.30 -13.24 
59.80 -12.99 
62.30 -12.81 
64.80 -12.62 
67.30 -12.46 
69.80 -12.30 
72.25 -12.00 
74.70 -11.69 
77.20 -11.42 
79.70 -11.15 
82.20 -10.99 
84.70 -10.83 
87.20 -10.60 
89.70 -10.37 
92.15 -9.91 
94.60 -9.45 
97.10 -9.25 
99.60 -9.05 
102.05 -8.76 
104.50 -8.46 
107.00 -8.15 
109.50 -7.84 
111.95 -7.36 
114.40 -6.88 
116.90 -6.56 
119.40 -6.25 
121.85 -5.89 
124.30 -5.53 
126.80 -5.33 
129.30 -5.14 
131.80 -4.88 
134.30 -4.62 
136.75 -4.31 
139.20 -4.00 
141.70 -3.75 
144.20 -3.49 
146.70 -3.14 
149.20 -2.80 
151.65 -2.56 
154.10 -2.31 
156.60 -2.02 
159.10 -1.73 
161.60 -1.46 
164.10 -1.19 
166.55 -0.90 
169.00 -0.61 
171.50 -0.30 
174.00 0.00 
136 	 # Number of measurements 
# s g t err
1 	 995 	 0.00000 	 0.000
1 	 3 	 0.01327 	 0.000
1 	 5 	 0.01391 	 0.000
1 	 7 	 0.01694 	 0.000
1 	 9 	 0.01960 	 0.000
1 	 13 	 0.02058 	 0.000
1 	 15 	 0.02188 	 0.000
1 	 17 	 0.02301 	 0.000
1 	 19 	 0.02339 	 0.000
1 	 21 	 0.02630 	 0.000
1 	 23 	 0.02668 	 0.000
1 	 25 	 0.02895 	 0.000
1 	 27 	 0.03177 	 0.000
1 	 29 	 0.03306 	 0.000
1 	 31 	 0.03501 	 0.000
1 	 33 	 0.03776 	 0.000
1 	 35 	 0.03679 	 0.000
1 	 37 	 0.03841 	 0.000
1 	 39 	 0.03938 	 0.000
1 	 41 	 0.03971 	 0.000
1 	 43 	 0.04263 	 0.000
1 	 45 	 0.04295 	 0.000
1 	 47 	 0.04295 	 0.000
1 	 49 	 0.04376 	 0.000
4 	 3 	 0.00834 	 0.000
4 	 1002 	 0.00000 	 0.000
4 	 5 	 0.00885 	 0.000
4 	 9 	 0.01618 	 0.000
4 	 11 	 0.01871 	 0.000
4 	 13 	 0.01960 	 0.000
4 	 15 	 0.01945 	 0.000
4 	 17 	 0.02107 	 0.000
4 	 19 	 0.02212 	 0.000
4 	 21 	 0.02314 	 0.000
4 	 23 	 0.02427 	 0.000
4 	 25 	 0.02743 	 0.000
4 	 27 	 0.02984 	 0.000
4 	 29 	 0.03097 	 0.000
4 	 31 	 0.03236 	 0.000
4 	 33 	 0.03350 	 0.000
4 	 35 	 0.03502 	 0.000
4 	 37 	 0.03527 	 0.000
4 	 39 	 0.03729 	 0.000
4 	 41 	 0.03818 	 0.000
4 	 43 	 0.03957 	 0.000
4 	 45 	 0.03982 	 0.000
4 	 47 	 0.04096 	 0.000
4 	 49 	 0.04159 	 0.000
10 	 3 	 0.01985 	 0.000
10 	 5 	 0.01719 	 0.000
10 	 7 	 0.01479 	 0.000
10 	 9 	 0.00645 	 0.000
10 	 1017 	 0.00000 	 0.000
10 	 11 	 0.00746 	 0.000
10 	 17 	 0.01997 	 0.000
10 	 19 	 0.01972 	 0.000
10 	 21 	 0.02111 	 0.000
10 	 23 	 0.02276 	 0.000
10 	 25 	 0.02491 	 0.000
10 	 27 	 0.02756 	 0.000
10 	 29 	 0.02958 	 0.000
10 	 31 	 0.03034 	 0.000
10 	 33 	 0.03177 	 0.000
10 	 35 	 0.03241 	 0.000
10 	 37 	 0.03350 	 0.000
10 	 39 	 0.03533 	 0.000
10 	 41 	 0.03654 	 0.000
10 	 43 	 0.03742 	 0.000
10 	 45 	 0.03890 	 0.000
10 	 47 	 0.04033 	 0.000
10 	 49 	 0.04165 	 0.000
16 	 5 	 0.02211 	 0.000
16 	 7 	 0.02098 	 0.000
16 	 9 	 0.01896 	 0.000
16 	 15 	 0.00885 	 0.000
16 	 1032 	 0.00000 	 0.000
16 	 17 	 0.00695 	 0.000
16 	 21 	 0.01643 	 0.000
16 	 23 	 0.01922 	 0.000
16 	 25 	 0.02402 	 0.000
16 	 27 	 0.02541 	 0.000
16 	 29 	 0.02642 	 0.000
16 	 31 	 0.02743 	 0.000
16 	 33 	 0.02920 	 0.000
16 	 35 	 0.03047 	 0.000
16 	 37 	 0.03135 	 0.000
16 	 41 	 0.03489 	 0.000
16 	 47 	 0.03755 	 0.000
22 	 3 	 0.02447 	 0.000
22 	 5 	 0.02350 	 0.000
22 	 7 	 0.02123 	 0.000
22 	 9 	 0.02123 	 0.000
22 	 11 	 0.02042 	 0.000
22 	 13 	 0.01848 	 0.000
22 	 15 	 0.01517 	 0.000
22 	 17 	 0.01327 	 0.000
22 	 19 	 0.01163 	 0.000
22 	 21 	 0.00607 	 0.000
22 	 1047 	 0.00000 	 0.000
22 	 23 	 0.00721 	 0.000
22 	 27 	 0.01734 	 0.000
22 	 29 	 0.01960 	 0.000
22 	 31 	 0.02124 	 0.000
22 	 33 	 0.02124 	 0.000
22 	 35 	 0.02374 	 0.000
22 	 37 	 0.02472 	 0.000
22 	 39 	 0.02520 	 0.000
22 	 41 	 0.02667 	 0.000
22 	 43 	 0.02748 	 0.000
22 	 45 	 0.02878 	 0.000
22 	 47 	 0.02996 	 0.000
22 	 49 	 0.03085 	 0.000
28 	 3 	 0.03300 	 0.000
28 	 5 	 0.03112 	 0.000
28 	 9 	 0.02836 	 0.000
28 	 11 	 0.02705 	 0.000
28 	 13 	 0.02503 	 0.000
28 	 15 	 0.02604 	 0.000
28 	 17 	 0.02440 	 0.000
28 	 19 	 0.02172 	 0.000
28 	 21 	 0.01909 	 0.000
28 	 23 	 0.01896 	 0.000
28 	 25 	 0.02075 	 0.000
28 	 27 	 0.00670 	 0.000
28 	 1062 	 0.00000 	 0.000
28 	 29 	 0.00948 	 0.000
28 	 31 	 0.01732 	 0.000
28 	 33 	 0.02061 	 0.000
28 	 35 	 0.02238 	 0.000
28 	 37 	 0.02389 	 0.000
28 	 39 	 0.02541 	 0.000
28 	 41 	 0.02617 	 0.000
28 	 43 	 0.02705 	 0.000
28 	 45 	 0.02832 	 0.000
28 	 47 	 0.02832 	 0.000
28 	 49 	 0.03009 	 0.000
